
                        S T E P       1


                                INCREMENT     1


 displacements (vx,vy,vz) for set NALL and time  0.1000000E+01

         1  0.000000E+00 -4.135903E-26 -3.308722E-25
         2 -6.617445E-25 -6.617445E-25  0.000000E+00
         3  0.000000E+00  1.323489E-24  1.105113E-22
         4  0.000000E+00  6.617445E-25  2.160596E-22
         5  4.335587E-04 -8.940361E-06 -5.447357E-04
         6  4.339427E-04  6.727353E-06  5.299502E-04
         7 -4.494123E-04  2.091540E-06 -5.449112E-04
         8 -4.501406E-04 -1.654617E-06  5.303436E-04
         9  7.792400E-04 -1.685981E-05 -1.144098E-03
        10  7.796833E-04  1.737349E-05  1.134399E-03
        11 -8.918186E-04  1.106091E-05 -1.144297E-03
        12 -8.918897E-04 -7.464843E-06  1.134280E-03
        13  1.502862E-03 -2.201714E-05 -2.115602E-03
        14  1.502830E-03  1.811791E-05  2.178508E-03
        15 -1.589374E-03  1.209076E-05 -2.116322E-03
        16 -1.589664E-03 -1.190461E-05  2.179313E-03
        17  4.109305E-03 -2.306376E-05 -4.899395E-03
        18  4.108556E-03  7.381118E-07  4.921004E-03
        19 -4.148722E-03  1.341806E-05 -4.897610E-03
        20 -4.150788E-03 -9.088100E-06  4.919885E-03
        21  5.000000E-03 -2.117582E-23 -6.000000E-03
        22  5.000000E-03  0.000000E+00  6.000000E-03
        23 -5.000000E-03 -5.378659E-21 -6.000000E-03
        24 -5.000000E-03  4.235165E-22  6.000000E-03
        25  2.061460E-04 -1.488227E-05 -2.813509E-04
        26  2.017530E-04 -6.240185E-06  2.395351E-04
        27 -1.760133E-04 -5.068436E-06 -2.742239E-04
        28 -2.096278E-04 -8.221689E-06  2.433905E-04
        29  7.725986E-04 -2.095026E-05 -7.557233E-04
        30  5.958179E-04  4.622363E-06  7.302655E-04
        31 -6.166693E-04 -4.442575E-06 -7.566308E-04
        32 -6.959531E-04 -1.331405E-05  7.372248E-04
        33  1.924391E-03 -3.292816E-05 -2.348258E-03
        34  2.463809E-03 -4.659987E-05 -2.696428E-03
        35  3.044338E-03 -5.749567E-05 -3.109481E-03
        36  3.578931E-03 -6.156095E-05 -3.540190E-03
        37  3.990473E-03 -5.794443E-05 -3.953763E-03
        38  4.220132E-03 -4.813317E-05 -4.332762E-03
        39  4.228024E-03 -3.556091E-05 -4.668254E-03
        40  1.635945E-03  7.582251E-06  2.407107E-03
        41  1.798147E-03 -8.074650E-06  2.799225E-03
        42  2.017314E-03 -2.088717E-05  3.283606E-03
        43  2.319004E-03 -2.559224E-05  3.770494E-03
        44  2.713596E-03 -2.192002E-05  4.193146E-03
        45  3.189892E-03 -1.408830E-05  4.510450E-03
        46  3.707348E-03 -5.450972E-06  4.720124E-03
        47 -1.688190E-03  2.379911E-06 -2.327698E-03
        48 -1.911254E-03 -1.006011E-05 -2.642954E-03
        49 -2.244373E-03 -2.025483E-05 -3.036386E-03
        50 -2.652271E-03 -2.425844E-05 -3.472173E-03
        51 -3.093278E-03 -2.020045E-05 -3.912358E-03
        52 -3.516563E-03 -9.829963E-06 -4.316492E-03
        53 -3.857251E-03  3.813015E-06 -4.652546E-03
        54 -1.927886E-03 -2.034350E-05  2.380765E-03
        55 -2.434223E-03 -3.273052E-05  2.691949E-03
        56 -3.014511E-03 -4.301359E-05  3.087785E-03
        57 -3.576468E-03 -4.705631E-05  3.524069E-03
        58 -4.032327E-03 -4.312497E-05  3.956102E-03
        59 -4.305038E-03 -3.313827E-05  4.344383E-03
        60 -4.338548E-03 -2.057774E-05  4.660279E-03
        61 -9.914920E-07 -1.941570E-09 -6.872331E-07
        62 -1.190874E-06 -2.073958E-10 -8.245726E-07
        63  1.038580E-07 -1.924597E-08  1.177841E-07
        64 -3.711018E-08 -2.065237E-08 -3.405581E-08
        65  4.336082E-04 -2.911765E-06  6.200849E-05
        66 -4.505681E-04  5.770895E-06 -1.323524E-05
        67 -5.345870E-05 -5.608207E-06 -5.444249E-04
        68  9.432899E-06  1.795013E-06  5.303248E-04
        69  7.798930E-04  2.333295E-06 -6.611463E-04
        70  7.800182E-04  4.921968E-06 -2.142513E-05
        71  7.799925E-04  4.835741E-06  6.264092E-04
        72 -8.922237E-04  1.422767E-05 -6.593408E-04
        73 -8.919381E-04  3.862570E-07  1.079635E-05
        74 -8.922837E-04 -1.324892E-05  6.736049E-04
        75  4.034988E-04 -7.327169E-07 -1.144929E-03
        76 -6.401062E-05 -4.979597E-06 -1.144842E-03
        77 -5.281512E-04 -8.100008E-06 -1.144878E-03
        78  3.840710E-04 -7.975300E-06  1.133460E-03
        79 -9.104899E-05  1.459778E-06  1.133574E-03
        80 -5.483983E-04  1.365227E-05  1.133285E-03
        81  1.504961E-03 -5.668768E-06  4.589932E-05
        82 -1.589297E-03  2.095553E-06  4.098130E-05
        83 -4.806390E-05 -4.421753E-06 -2.115552E-03
        84 -4.835339E-05  5.647166E-06  2.178516E-03
        85  4.113372E-03 -3.752854E-05  6.381234E-05
        86 -4.150374E-03  2.096019E-05  1.515645E-04
        87  3.458360E-06 -1.485275E-05 -4.896517E-03
        88 -7.710673E-05 -3.847526E-06  4.919744E-03
        89  5.004397E-03  2.655409E-05 -9.407102E-07
        90 -4.999619E-03 -1.980566E-05 -1.441686E-04
        91 -6.449252E-05  1.164768E-05 -5.997819E-03
        92  4.921594E-05 -2.457597E-06  5.998503E-03
        93 -8.189353E-05 -1.273498E-05 -2.772650E-04
        94  3.319633E-05 -2.314622E-07 -2.854827E-04
        95 -7.194734E-05  1.153339E-05  2.428188E-04
        96  1.397920E-04 -5.039446E-06  2.419718E-04
        97  2.057791E-04  6.741129E-06  1.807225E-04
        98  1.980394E-04 -6.685823E-06 -1.900387E-04
        99 -2.012895E-04  1.049010E-05  1.662402E-04
       100 -1.791449E-04 -3.013560E-06 -1.905554E-04
       101 -7.166731E-05 -3.129711E-05 -7.493243E-04
       102  1.426105E-05  2.311367E-05 -7.684012E-04
       103 -6.467288E-05  2.768153E-05  7.368990E-04
       104  7.692830E-05 -2.143975E-05  7.314057E-04
       105  6.779275E-04 -1.543199E-05  2.316353E-04
       106  6.849913E-04  1.316294E-05 -1.842389E-04
       107 -6.559395E-04  5.409380E-06  1.833654E-04
       108 -6.437438E-04 -6.533109E-07 -1.958410E-04
       109  5.273419E-04  4.876919E-05 -1.756028E-03
       110  4.591347E-04  1.557262E-04 -2.493348E-03
       111 -2.132395E-04  9.107821E-05 -2.329272E-03
       112 -7.993960E-04 -3.888937E-05 -1.684837E-03
       113 -7.874453E-04 -1.181451E-04 -2.275496E-03
       114 -4.183751E-05 -6.419403E-05 -2.184237E-03
       115  4.181836E-04 -6.805825E-05  1.872171E-03
       116  1.272185E-04 -1.958834E-04  2.726326E-03
       117 -4.670184E-04 -1.177919E-04  2.499138E-03
       118 -7.715907E-04  7.446015E-05  1.865979E-03
       119 -5.814464E-04  1.909351E-04  2.663814E-03
       120  1.565915E-04  1.117625E-04  2.444611E-03
       121  1.582633E-04  1.912646E-04 -7.773421E-04
       122 -2.298734E-04  3.202412E-04 -2.607874E-05
       123  6.116013E-04  1.627496E-04  1.096684E-03
       124  1.796186E-04 -1.854204E-04  8.419395E-04
       125 -2.327062E-04 -3.218374E-04  1.653397E-04
       126  5.859031E-04 -1.705090E-04 -9.582042E-04
       127 -4.729886E-04 -1.396834E-04 -9.496995E-04
       128 -2.010414E-04 -2.407537E-04 -2.353585E-04
       129 -9.214064E-04 -1.112389E-04  9.963493E-04
       130 -5.368960E-04  1.246063E-04  1.024475E-03
       131 -2.630986E-04  2.267179E-04  3.509333E-04
       132 -9.191419E-04  1.112212E-04 -9.029345E-04
       133  1.485554E-03  6.812429E-05 -2.833876E-03
       134  2.011808E-03  4.606070E-04 -5.373180E-03
       135  2.805414E-03  1.027359E-03 -8.737804E-03
       136  2.759357E-03  1.320761E-03 -1.035477E-02
       137  1.471581E-03  1.098719E-03 -9.366650E-03
       138 -6.826934E-04  4.897040E-04 -6.750455E-03
       139 -2.654977E-03  5.890816E-05 -5.037983E-03
       140 -1.326720E-03 -7.312385E-05 -2.824437E-03
       141 -4.755427E-04 -4.588356E-04 -5.317291E-03
       142  7.840622E-04 -1.010584E-03 -8.602127E-03
       143  1.600299E-03 -1.295626E-03 -1.017900E-02
       144  1.772658E-03 -1.084040E-03 -9.244924E-03
       145  1.771170E-03 -5.010639E-04 -6.746978E-03
       146  2.592854E-03 -8.065802E-05 -5.080389E-03
       147  1.237232E-03 -7.775363E-05  2.932688E-03
       148  1.976263E-04 -4.771685E-04  5.512664E-03
       149 -1.391298E-03 -1.036857E-03  8.834517E-03
       150 -2.501026E-03 -1.320062E-03  1.039623E-02
       151 -2.783025E-03 -1.092981E-03  9.382023E-03
       152 -2.627333E-03 -4.834700E-04  6.763512E-03
       153 -3.052231E-03 -5.249689E-05  5.043445E-03
       154 -1.379663E-03  8.267542E-05  2.934447E-03
       155 -1.641120E-03  4.824248E-04  5.525153E-03
       156 -2.174771E-03  1.044683E-03  8.870903E-03
       157 -1.976251E-03  1.327748E-03  1.043967E-02
       158 -7.226016E-04  1.098849E-03  9.424629E-03
       159  1.206426E-03  4.900291E-04  6.814325E-03
       160  2.848987E-03  5.147608E-05  5.074897E-03
       161  1.387761E-03  2.551231E-05 -1.576462E-03
       162 -9.922044E-04  7.108925E-04 -6.077203E-04
       163 -4.852628E-03  1.758408E-03  7.940030E-04
       164 -6.447844E-03  2.170268E-03  1.992957E-03
       165 -4.328610E-03  1.695611E-03  2.692500E-03
       166  2.472295E-04  7.366380E-04  3.066994E-03
       167  3.463381E-03  1.097262E-04  3.770514E-03
       168  1.367081E-03 -3.528068E-05  1.640439E-03
       169 -9.393068E-04 -7.009345E-04  1.616822E-03
       170 -4.717054E-03 -1.726875E-03  2.002694E-03
       171 -6.449261E-03 -2.173666E-03  1.709690E-03
       172 -4.655584E-03 -1.774604E-03  3.182489E-04
       173 -3.238679E-04 -8.683828E-04 -1.828357E-03
       174  3.122065E-03 -1.953385E-04 -3.660340E-03
       175 -1.408932E-03 -5.355417E-05 -1.704145E-03
       176  9.419091E-04 -7.311852E-04 -1.523445E-03
       177  4.704281E-03 -1.752268E-03 -1.460038E-03
       178  6.197805E-03 -2.138717E-03 -9.358772E-04
       179  4.020977E-03 -1.650732E-03  2.978265E-04
       180 -5.302284E-04 -6.969637E-04  2.042208E-03
       181 -3.624001E-03 -9.435658E-05  3.642736E-03
       182 -1.429153E-03  4.752826E-05  1.743267E-03
       183  7.866944E-04  6.884655E-04  5.845659E-04
       184  4.418239E-03  1.675126E-03 -1.303131E-03
       185  6.002347E-03  2.085054E-03 -2.765955E-03
       186  4.118066E-03  1.665126E-03 -3.326036E-03
       187 -1.769750E-04  7.669362E-04 -3.295715E-03
       188 -3.386875E-03  1.403768E-04 -3.734316E-03
       189  2.754962E-03  7.716153E-05 -5.736099E-03
       190  1.131703E-03  2.432299E-04 -6.799085E-03
       191 -1.618995E-03  1.573870E-04 -6.549788E-03
       192 -2.443841E-03 -1.280206E-04 -5.975621E-03
       193 -5.436705E-04 -3.132671E-04 -7.125502E-03
       194  1.922358E-03 -1.794886E-04 -6.633929E-03
       195  2.561735E-03 -1.324114E-04  5.950703E-03
       196  8.265513E-04 -3.265706E-04  7.160393E-03
       197 -1.675499E-03 -2.161149E-04  6.774059E-03
       198 -2.586572E-03  1.167623E-04  5.913189E-03
       199 -1.051507E-03  2.853763E-04  6.984855E-03
       200  1.504391E-03  1.778574E-04  6.635880E-03
       201  3.006096E-03  3.155692E-04 -1.920969E-03
       202  2.348909E-03  5.096132E-04  9.856385E-04
       203  3.871900E-03  1.961092E-04  3.611111E-03
       204  3.584627E-03 -1.812147E-04  2.374515E-03
       205  3.163262E-03 -3.225335E-04 -4.237097E-04
       206  4.104296E-03 -1.436027E-04 -3.367932E-03
       207 -3.398540E-03 -2.263123E-04 -2.203581E-03
       208 -2.839613E-03 -3.973005E-04  5.833060E-04
       209 -3.907754E-03 -1.864908E-04  3.414455E-03
       210 -3.603965E-03  1.776580E-04  2.589040E-03
       211 -3.206302E-03  3.117180E-04 -3.704395E-04
       212 -4.068973E-03  1.489530E-04 -3.511534E-03

 forces (fx,fy,fz) for set RIGHT and time  0.1000000E+01

        21  1.708200E+03  6.093245E+02 -1.130381E+03
        22  8.902188E+02 -1.115476E+03  6.601671E+02
        23 -1.385179E+03 -2.820487E+02 -1.319015E+03
        24 -1.220552E+03  3.913969E+02  1.787237E+03

 internal energy (element, energy) for set ALL and time  0.1000000E+01

         1  6.048547E-03
         2  7.160633E-03
         3  5.408155E-03
         4  7.845871E-03
         5  6.686306E-03
         6  1.030051E-02
         7  4.102173E-03
         8  3.677231E-03
         9  1.933994E-03
        10  3.482151E-03
        11  5.997825E-03
        12  1.754970E-03
        13  8.930376E-03
        14  3.333094E-03
        15  2.917356E-03
        16  3.372200E-03
        17  1.580828E-02
        18  9.491124E-03
        19  1.157821E-02
        20  9.641898E-03
        21  3.681948E-03
        22  3.494936E-03
        23  3.040554E-03
        24  3.009775E-03
        25  3.124198E-03
        26  3.330899E-03
        27  4.000299E-03
        28  1.355497E-02
        29  4.717070E-03
        30  4.318126E-03
        31  3.386682E-03
        32  3.364639E-03
        33  3.522149E-03
        34  3.958648E-03
        35  4.381115E-03
        36  1.477091E-02
        37  4.960382E-03
        38  4.734452E-03
        39  4.072751E-03
        40  3.851778E-03
        41  3.978447E-03
        42  4.427278E-03
        43  5.645046E-03
        44  5.200798E-03
        45  4.561220E-03
        46  3.311600E-03
        47  2.671574E-03
        48  2.532841E-03
        49  2.613223E-03
        50  2.990454E-03
        51  3.549332E-03
        52  2.531671E-03
        53  2.485722E-02
        54  3.595358E-02
        55  6.325604E-02
        56  7.701855E-02
        57  1.013106E-03
        58  1.320587E-03
        59  1.699031E-03
        60  1.643260E-03
        61  7.153466E-04
        62  1.152698E-03
        63  9.855124E-04
        64  1.123971E-03
        65  2.973965E-04
        66  2.964848E-03
        67  3.755451E-03
        68  1.895139E-03
        69  7.214740E-04
        70  2.060266E-03
        71  4.035448E-03
        72  1.920469E-03
        73  1.440105E-02
        74  2.248752E-03
        75  1.655300E-03
        76  1.260676E-02
        77  2.123892E-02
        78  2.736779E-03
        79  3.499098E-03
        80  2.362158E-02
        81  9.322028E-03
        82  1.201383E-03
        83  1.493425E-03
        84  1.042867E-02
        85  5.494153E-03
        86  4.887778E-04
        87  1.671107E-03
        88  8.818132E-03
        89  1.373315E-02
        90  1.522488E-02
        91  4.036478E-03
        92  4.442169E-03
        93  8.609874E-03
        94  9.878980E-03
        95  1.047443E-02
        96  1.039067E-02
        97  3.144149E-02
        98  2.507359E-02
        99  1.693002E-02
       100  2.307594E-03
       101  2.889658E-02
       102  2.485985E-02
       103  1.713929E-02
       104  9.347801E-03
       105  3.124380E-02
       106  4.379141E-02
       107  2.709756E-02
       108  8.785728E-03
       109  3.507738E-02
       110  4.792099E-02
       111  1.812016E-02
       112  4.694422E-03
       113  1.785358E-01
       114  1.170689E-01
       115  1.297025E-01
       116  1.350598E-01
       117  1.353742E-01
       118  1.347046E-01
       119  1.078279E-01
       120  1.476593E-01
       121  1.908700E-01
       122  1.174624E-01
       123  1.765622E-01
       124  1.324069E-01
       125  1.182186E-01
       126  2.122262E-01
       127  1.091800E-01
       128  1.893228E-01
       129  1.632354E-01
       130  1.164064E-01
       131  1.798541E-01
       132  1.137610E-01
       133  1.570181E-01
       134  1.535908E-01
       135  1.465057E-01
       136  1.446567E-01
       137  1.696133E-01
       138  1.541534E-01
       139  1.951564E-01
       140  1.357087E-01
       141  1.378906E-01
       142  1.878342E-01
       143  1.448190E-01
       144  1.957287E-01
       145  1.221280E-01
       146  1.064560E-01
       147  1.188916E-01
       148  1.338387E-01
       149  1.412464E-01
       150  1.131630E-01
       151  1.464435E-01
       152  1.228258E-01
       153  1.310534E-01
       154  9.356806E-02
       155  1.127496E-01
       156  1.509964E-01
       157  1.449854E-01
       158  1.020936E-01
       159  1.213864E-01
       160  1.620826E-01
       161  1.576937E-01
       162  1.098093E-01
       163  1.007456E-01
       164  1.287709E-01
       165  1.671505E-01
       166  1.126284E-01
       167  1.064637E-01
       168  1.339981E-01
       169  1.558433E-01
       170  1.264842E-01
       171  1.142815E-01
       172  1.311858E-01
       173  1.461373E-01
       174  1.330232E-01
       175  1.176491E-01
       176  1.323537E-01
       177  2.174678E-01
       178  2.714937E-01
       179  8.884357E-02
       180  2.506058E-01
       181  2.519916E-01
       182  7.979183E-02
       183  2.806144E-01
       184  1.183044E-01
       185  2.355537E-01
       186  2.781572E-01
       187  9.462658E-02
       188  2.575556E-01
       189  2.594813E-01
       190  8.371147E-02
       191  2.853113E-01
       192  1.252409E-01
       193  2.424310E-01
       194  2.420738E-01
       195  7.514921E-02
       196  2.318794E-01
       197  2.299551E-01
       198  6.379400E-02
       199  2.595395E-01
       200  1.538095E-01
       201  2.656927E-01
       202  2.731006E-01
       203  8.730739E-02
       204  2.611950E-01
       205  2.590099E-01
       206  7.218326E-02
       207  2.955356E-01
       208  1.648882E-01
       209  1.489974E-01
       210  3.475269E-01
       211  6.852516E-02
       212  2.798921E-01
       213  2.814904E-01
       214  7.238768E-02
       215  3.583361E-01
       216  2.084619E-01
       217  1.629960E-01
       218  3.646961E-01
       219  6.599509E-02
       220  2.795425E-01
       221  3.008145E-01
       222  9.088284E-02
       223  3.002209E-01
       224  2.793692E-01
       225  1.235189E-01
       226  3.327682E-01
       227  7.537125E-02
       228  2.854175E-01
       229  2.822374E-01
       230  7.707504E-02
       231  3.707720E-01
       232  1.914856E-01
       233  1.169318E-01
       234  3.589351E-01
       235  8.076974E-02
       236  2.921266E-01
       237  3.040598E-01
       238  9.776797E-02
       239  3.342380E-01
       240  2.411513E-01
       241  1.400822E-01
       242  1.039282E-01
       243  1.337819E-01
       244  1.354935E-01
       245  1.307607E-01
       246  8.507960E-02
       247  1.158701E-01
       248  1.550617E-01
       249  1.349022E-01
       250  9.377866E-02
       251  1.239927E-01
       252  1.636442E-01
       253  1.299864E-01
       254  8.890984E-02
       255  1.389985E-01
       256  1.190940E-01
       257  1.893296E-01
       258  1.255947E-01
       259  8.729953E-02
       260  1.282354E-01
       261  1.864603E-01
       262  1.354357E-01
       263  1.185295E-01
       264  1.690712E-01
       265  1.581822E-01
       266  1.123328E-01
       267  9.647410E-02
       268  1.153745E-01
       269  1.516210E-01
       270  1.369744E-01
       271  1.157339E-01
       272  1.538688E-01

 total internal energy for set ALL and time  0.1000000E+01

        2.770077E+01
