
                        S T E P       1


                                INCREMENT     1


 displacements (vx,vy,vz) for set NALL and time  0.1000000E+01

         1 -6.617445E-25 -1.406207E-24  6.617445E-25
         2  0.000000E+00 -1.323489E-24  0.000000E+00
         3  0.000000E+00  4.135903E-26  2.276401E-22
         4  0.000000E+00  0.000000E+00  4.301339E-22
         5  8.346434E-04 -9.721144E-06 -1.031963E-03
         6  8.355624E-04  8.647118E-06  9.906076E-04
         7 -8.293996E-04  5.845989E-06 -1.032459E-03
         8 -8.308968E-04  5.982237E-07  9.912622E-04
         9  1.574458E-03 -4.014924E-06 -2.088766E-03
        10  1.575903E-03  1.128267E-05  2.027243E-03
        11 -1.698613E-03  1.175268E-05 -2.088759E-03
        12 -1.698755E-03  3.911910E-06  2.027601E-03
        13  3.208588E-03 -1.014518E-07 -3.890854E-03
        14  3.209060E-03 -1.474328E-06  3.961074E-03
        15 -3.100834E-03  1.621502E-06 -3.891018E-03
        16 -3.101440E-03  1.381311E-06  3.962106E-03
        17  4.098455E-03  4.430597E-06 -4.936423E-03
        18  4.098558E-03  4.134915E-07  4.941503E-03
        19 -3.993581E-03 -3.059267E-07 -4.936014E-03
        20 -3.993581E-03  4.541053E-06  4.941237E-03
        21  5.000000E-03  4.235165E-23 -6.000000E-03
        22  5.000000E-03  0.000000E+00  6.000000E-03
        23 -5.000000E-03  7.453890E-21 -6.000000E-03
        24 -5.000000E-03 -1.778769E-21  6.000000E-03
        25  3.885173E-04 -2.468991E-05 -5.427178E-04
        26  3.779917E-04 -1.399393E-05  4.470989E-04
        27 -3.372827E-04 -8.876551E-06 -5.277271E-04
        28 -3.896011E-04 -1.288723E-05  4.717266E-04
        29  1.623139E-03 -2.519126E-05 -1.444394E-03
        30  1.250361E-03 -7.335076E-08  1.383099E-03
        31 -1.164319E-03 -9.306553E-06 -1.420554E-03
        32 -1.342527E-03 -1.299276E-05  1.342523E-03
        33  2.330726E-03 -3.840648E-05 -3.092738E-03
        34  1.621590E-03 -2.247518E-05  3.254377E-03
        35 -2.021375E-03 -2.407628E-05 -3.116830E-03
        36 -2.752217E-03 -1.848705E-05  3.258008E-03
        37  4.424531E-03 -1.256520E-05 -4.422036E-03
        38  3.261558E-03 -1.813412E-05  4.365426E-03
        39 -3.006672E-03 -1.591630E-05 -4.415023E-03
        40 -4.054035E-03 -8.091375E-06  4.397080E-03
        41  5.160741E-03 -1.250877E-05 -5.585988E-03
        42  3.809848E-03 -1.381170E-05  5.685486E-03
        43 -3.560742E-03 -1.932356E-05 -5.569013E-03
        44 -4.799536E-03 -1.193800E-05  5.477011E-03
        45 -1.913135E-06 -1.927465E-09 -1.325317E-06
        46 -2.380683E-06 -9.305508E-10 -1.648616E-06
        47  2.086286E-07 -3.887710E-08  2.366660E-07
        48 -1.214192E-07 -3.961475E-08 -1.195809E-07
        49  8.346855E-04 -2.873980E-06  1.001101E-04
        50 -8.315693E-04  1.153118E-05 -4.602702E-05
        51 -8.102634E-05 -6.332642E-06 -1.031402E-03
        52  4.085392E-05 -7.627572E-08  9.914822E-04
        53  1.576841E-03  3.913641E-05 -1.184270E-03
        54  1.576318E-03  1.528847E-05 -4.235090E-05
        55  1.576958E-03 -1.437657E-05  1.104794E-03
        56 -1.699618E-03  1.788622E-05 -1.178473E-03
        57 -1.699190E-03  4.956838E-06  1.987121E-05
        58 -1.699553E-03 -6.227911E-06  1.193381E-03
        59  8.349050E-04  1.075628E-05 -2.089012E-03
        60 -7.728881E-05 -3.272259E-06 -2.089013E-03
        61 -9.822671E-04 -1.462096E-05 -2.089137E-03
        62  8.130742E-04 -1.659627E-05  2.026036E-03
        63 -1.271107E-04  9.736532E-06  2.026539E-03
        64 -1.033474E-03  3.614216E-05  2.025966E-03
        65  3.206855E-03 -4.634137E-05 -1.807612E-03
        66  3.207719E-03  1.882316E-06  4.915868E-05
        67  3.206871E-03  4.898940E-05  1.899413E-03
        68 -3.102370E-03  2.077373E-05 -1.827742E-03
        69 -3.101929E-03  1.264962E-05  4.707995E-05
        70 -3.102384E-03 -4.162729E-07  1.915463E-03
        71  1.505301E-03 -4.763194E-06 -3.890559E-03
        72  3.235100E-05 -5.296390E-06 -3.890675E-03
        73 -1.428712E-03 -2.169522E-06 -3.890498E-03
        74  1.512680E-03  1.551189E-05  3.961871E-03
        75  3.511429E-05  4.359792E-06  3.961720E-03
        76 -1.434062E-03 -9.144908E-06  3.961818E-03
        77  4.097669E-03 -7.623680E-06 -2.444915E-03
        78  4.097888E-03  1.820397E-06  2.908619E-05
        79  4.097457E-03  1.313248E-05  2.489218E-03
        80 -3.994659E-03  1.053906E-05 -2.454475E-03
        81 -3.994220E-03 -7.943062E-07  6.372052E-05
        82 -3.994427E-03 -9.107486E-06  2.550744E-03
        83  2.043093E-03 -3.939303E-06 -4.936155E-03
        84  2.980709E-05 -7.138254E-06 -4.935991E-03
        85 -1.972483E-03 -4.117753E-06 -4.935708E-03
        86  2.049441E-03 -7.667177E-07  4.941858E-03
        87  8.966164E-07 -3.170982E-06  4.941577E-03
        88 -2.022089E-03 -1.047329E-06  4.941409E-03
        89  4.999719E-03 -3.699892E-06 -5.830050E-05
        90 -4.999931E-03 -1.708619E-05  1.426069E-04
        91  1.367347E-04 -6.169109E-06 -5.999890E-03
        92 -2.656884E-05  3.653012E-05  5.999487E-03
        93 -1.600236E-04 -2.160284E-05 -5.332243E-04
        94  7.468839E-05  1.074696E-06 -5.504396E-04
        95 -1.125332E-04  2.004291E-05  4.703935E-04
        96  2.583897E-04 -1.161035E-05  4.513868E-04
        97  3.869755E-04  1.367355E-05  3.314672E-04
        98  3.758456E-04 -1.021485E-05 -3.741474E-04
        99 -3.741307E-04  2.292396E-05  3.199482E-04
       100 -3.417148E-04 -7.817395E-06 -3.732129E-04
       101 -1.291580E-04 -5.316154E-05 -1.404954E-03
       102  1.822861E-04  4.072138E-05 -1.469893E-03
       103 -1.396436E-04  5.118212E-05  1.360058E-03
       104  2.598015E-04 -3.386266E-05  1.368845E-03
       105  1.399320E-03 -5.232563E-05  4.532146E-04
       106  1.436148E-03  5.646494E-05 -3.792656E-04
       107 -1.251854E-03  2.598246E-05  3.274729E-04
       108 -1.228555E-03 -8.898399E-06 -3.928370E-04
       109  9.115566E-04  1.227659E-04 -3.277141E-03
       110  6.738839E-04  4.040269E-04 -5.118524E-03
       111 -5.721212E-04  2.935160E-04 -4.868486E-03
       112 -1.429774E-03 -9.501995E-05 -3.201764E-03
       113 -1.132398E-03 -3.229378E-04 -4.756111E-03
       114  4.213098E-04 -2.288060E-04 -4.617198E-03
       115  7.614813E-04 -1.595706E-04  3.485284E-03
       116  5.334236E-05 -4.751479E-04  5.512025E-03
       117 -1.098799E-03 -3.391226E-04  5.133765E-03
       118 -1.363496E-03  1.728649E-04  3.508726E-03
       119 -8.373860E-04  4.774907E-04  5.493512E-03
       120  6.593464E-04  3.360814E-04  5.115759E-03
       121  2.569463E-04  4.311140E-04 -1.229150E-03
       122 -1.858423E-04  5.999308E-04  3.421957E-04
       123  1.734181E-03  2.304652E-04  2.337983E-03
       124  3.225209E-04 -4.080972E-04  1.358246E-03
       125 -1.342229E-04 -5.835084E-04 -7.579464E-05
       126  1.748518E-03 -2.256213E-04 -2.113366E-03
       127 -8.883336E-04 -2.788466E-04 -1.600745E-03
       128 -6.389588E-04 -4.018667E-04 -1.037292E-04
       129 -2.160491E-03 -1.227275E-04  2.135410E-03
       130 -1.032531E-03  2.509830E-04  1.736729E-03
       131 -7.665880E-04  3.776775E-04  3.609377E-04
       132 -2.121290E-03  1.335135E-04 -1.921873E-03
       133  5.852637E-04 -2.318275E-05 -4.406204E-03
       134 -3.870042E-04  1.533274E-05 -4.452357E-03
       135  5.548328E-04  3.112430E-05  4.372575E-03
       136 -2.708623E-04 -2.221808E-05  4.387948E-03
       137  3.825710E-03 -4.750350E-05  1.062965E-03
       138  3.847037E-03  5.307435E-05 -1.092917E-03
       139 -3.565329E-03  2.986436E-05  1.029938E-03
       140 -3.512776E-03 -1.512882E-05 -9.887282E-04
       141  7.647152E-04  1.069534E-06 -5.554542E-03
       142 -4.478946E-04 -1.099584E-05 -5.625536E-03
       143  7.513554E-04  1.301614E-05  5.480500E-03
       144 -4.943133E-04  2.615858E-05  5.679304E-03
       145  4.494309E-03  1.469120E-05  1.286143E-03
       146  4.481563E-03 -1.376118E-05 -1.222186E-03
       147 -4.187234E-03 -5.206657E-05  1.049597E-03
       148 -4.249808E-03  4.053247E-05 -9.142472E-04

 forces (fx,fy,fz) for set RIGHT and time  0.1000000E+01

        21  2.533772E+03  8.614831E+01 -2.445685E+03
        22  2.528712E+03  3.646708E+02  3.150837E+03
        23 -2.318665E+03  8.184758E+02 -2.095018E+03
        24 -2.710434E+03 -7.502544E+02  1.345017E+03

 internal energy (element, energy) for set ALL and time  0.1000000E+01

         1  1.868427E-02
         2  2.643735E-02
         3  1.969392E-02
         4  3.056691E-02
         5  2.556942E-02
         6  3.401612E-02
         7  1.495849E-02
         8  1.357451E-02
         9  2.570348E-03
        10  5.373650E-03
        11  2.618136E-02
        12  7.392786E-03
        13  2.581775E-02
        14  1.436757E-02
        15  3.114047E-03
        16  4.271593E-03
        17  2.916355E-02
        18  3.789790E-02
        19  1.549649E-02
        20  1.578850E-02
        21  2.586038E-02
        22  2.826751E-02
        23  3.435860E-02
        24  3.043737E-02
        25  2.197927E-03
        26  3.061604E-03
        27  4.121033E-03
        28  1.349755E-02
        29  1.335739E-02
        30  1.121772E-02
        31  1.302248E-02
        32  4.381346E-03
        33  2.158978E-02
        34  3.298557E-02
        35  4.278060E-02
        36  5.335913E-02
        37  2.970036E-02
        38  3.926111E-02
        39  9.903192E-03
        40  2.347367E-02
        41  4.015936E-03
        42  4.627363E-03
        43  6.886118E-03
        44  6.474975E-03
        45  2.922766E-03
        46  4.697883E-03
        47  3.435208E-03
        48  4.361645E-03
        49  1.137336E-03
        50  1.023537E-02
        51  1.189070E-02
        52  4.518670E-03
        53  2.273458E-03
        54  6.713683E-03
        55  1.251816E-02
        56  4.451551E-03
        57  3.209051E-02
        58  4.549432E-03
        59  4.039207E-03
        60  2.950909E-02
        61  5.500810E-02
        62  6.391821E-03
        63  1.057318E-02
        64  6.629424E-02
        65  3.192911E-02
        66  4.154720E-03
        67  5.329029E-03
        68  3.680838E-02
        69  2.589433E-02
        70  2.206376E-03
        71  7.385195E-03
        72  3.999480E-02
        73  2.767454E-02
        74  3.955610E-03
        75  3.287238E-03
        76  2.540182E-02
        77  2.629433E-02
        78  3.798044E-03
        79  2.792273E-03
        80  2.399230E-02
        81  4.530018E-02
        82  7.477218E-03
        83  4.910192E-03
        84  4.093093E-02
        85  3.531025E-02
        86  5.186548E-03
        87  4.341355E-03
        88  3.363158E-02
        89  4.037034E-04
        90  8.207475E-05
        91  1.672768E-04
        92  1.636241E-03
        93  2.726233E-03
        94  1.394273E-04
        95  1.133897E-03
        96  4.334792E-03
        97  1.570876E-03
        98  4.412525E-04
        99  1.664197E-04
       100  1.748808E-03
       101  1.190980E-03
       102  2.131090E-04
       103  7.449199E-04
       104  1.874214E-03
       105  7.225085E-02
       106  5.228256E-02
       107  1.503262E-02
       108  3.124915E-02
       109  3.433087E-02
       110  9.526109E-03
       111  5.039563E-02
       112  5.362169E-02
       113  6.273046E-01
       114  4.112637E-01
       115  4.975222E-01
       116  5.173081E-01
       117  4.865592E-01
       118  4.864452E-01
       119  3.940430E-01
       120  5.353098E-01
       121  6.910748E-01
       122  4.122879E-01
       123  6.094181E-01
       124  4.518876E-01
       125  3.943837E-01
       126  7.236726E-01
       127  3.815408E-01
       128  6.686307E-01
       129  5.726419E-01
       130  4.199924E-01
       131  6.127135E-01
       132  4.863196E-01
       133  5.542931E-01
       134  5.465385E-01
       135  4.941275E-01
       136  5.594749E-01
       137  5.824921E-01
       138  5.424875E-01
       139  6.920819E-01
       140  4.802823E-01
       141  4.466096E-01
       142  6.505899E-01
       143  4.850022E-01
       144  6.867803E-01
       145  5.015194E-01
       146  4.235835E-01
       147  4.632238E-01
       148  4.811870E-01
       149  5.610777E-01
       150  4.366963E-01
       151  5.301464E-01
       152  4.286324E-01
       153  5.310056E-01
       154  3.564826E-01
       155  4.062813E-01
       156  5.137108E-01
       157  5.885891E-01
       158  3.970385E-01
       159  4.406478E-01
       160  5.663446E-01
       161  5.531909E-01
       162  4.001900E-01
       163  3.822463E-01
       164  5.030310E-01
       165  6.126329E-01
       166  4.201938E-01
       167  4.189057E-01
       168  5.481619E-01
       169  5.465250E-01
       170  4.700609E-01
       171  4.322243E-01
       172  5.006219E-01
       173  4.808621E-01
       174  4.697691E-01
       175  4.230220E-01
       176  4.801237E-01
       177  6.319172E-01
       178  5.037505E-01
       179  5.907478E-01
       180  5.139113E-01
       181  5.641001E-01
       182  5.513739E-01
       183  4.739084E-01
       184  5.540179E-01
       185  6.766851E-01
       186  5.345245E-01
       187  6.753722E-01
       188  5.064230E-01
       189  4.443643E-01
       190  6.229813E-01
       191  4.365526E-01
       192  6.446362E-01
       193  5.916652E-01
       194  5.572790E-01
       195  5.681675E-01
       196  4.759384E-01
       197  5.408895E-01
       198  5.781137E-01
       199  5.577282E-01
       200  5.196471E-01
       201  6.709737E-01
       202  4.529733E-01
       203  6.713927E-01
       204  4.598042E-01
       205  5.401777E-01
       206  7.040906E-01
       207  5.643283E-01
       208  6.985456E-01

 total internal energy for set ALL and time  0.1000000E+01

        5.233863E+01
