
                        S T E P       1


                                INCREMENT     1


 displacements (vx,vy,vz) for set NALL and time  0.1000000E+01

         1 -3.308722E-25  0.000000E+00  0.000000E+00
         2  1.323489E-24  0.000000E+00  0.000000E+00
         3  6.617445E-25  0.000000E+00  1.042248E-22
         4 -6.617445E-25  1.323489E-24  2.187066E-22
         5  2.062930E-03 -5.482741E-05 -2.509102E-03
         6  2.060481E-03  5.405929E-05  2.455421E-03
         7 -2.077493E-03  5.657463E-05 -2.504702E-03
         8 -2.082134E-03 -3.114030E-05  2.454439E-03
         9  4.048736E-03  7.463565E-06 -4.945926E-03
        10  4.049000E-03  1.646425E-05  4.780842E-03
        11 -4.021341E-03  1.397017E-05 -4.945755E-03
        12 -4.021686E-03 -1.212242E-06  4.781318E-03
        13  4.359987E-03  1.011176E-05 -5.261988E-03
        14  4.360034E-03  8.826488E-06  5.138995E-03
        15 -4.306042E-03  6.493213E-06 -5.262700E-03
        16 -4.305897E-03  1.663517E-06  5.139776E-03
        17  4.679860E-03  6.042572E-06 -5.621316E-03
        18  4.680216E-03  1.056351E-05  5.562037E-03
        19 -4.642015E-03 -8.701416E-07 -5.621325E-03
        20 -4.641935E-03  1.355123E-07  5.562555E-03
        21  5.000000E-03 -1.058791E-23 -6.000000E-03
        22  5.000000E-03  0.000000E+00  6.000000E-03
        23 -5.000000E-03  5.293956E-24 -6.000000E-03
        24 -5.000000E-03  0.000000E+00  6.000000E-03
        25  7.844404E-05 -8.212890E-06 -1.566548E-04
        26  3.878058E-04 -2.943647E-05 -6.649126E-04
        27  9.015261E-04 -4.959967E-05 -1.386390E-03
        28  1.430179E-03 -5.678045E-05 -2.025196E-03
        29  1.839010E-03 -5.462472E-05 -2.413544E-03
        30  2.060183E-03 -5.237844E-05 -2.546651E-03
        31  2.086911E-03 -5.424135E-05 -2.550708E-03
        32  4.673730E-05  1.750812E-06 -1.321627E-05
        33  2.374407E-04  2.011922E-06 -9.355145E-06
        34  5.634251E-04 -3.754015E-07  1.213910E-04
        35  9.301616E-04 -2.697589E-06  4.660297E-04
        36  1.281740E-03  3.230523E-06  1.013160E-03
        37  1.598509E-03  2.044555E-05  1.648139E-03
        38  1.881132E-03  4.283051E-05  2.179704E-03
        39 -1.065925E-04  1.131814E-06  2.023725E-05
        40 -3.964581E-04  1.961955E-06  2.101731E-05
        41 -7.856858E-04 -8.153537E-07 -1.134116E-04
        42 -1.178569E-03 -3.163618E-06 -4.479515E-04
        43 -1.512481E-03  2.425687E-06 -9.761642E-04
        44 -1.755015E-03  1.924392E-05 -1.601430E-03
        45 -1.898841E-03  4.261347E-05 -2.163591E-03
        46 -1.066198E-04 -4.383135E-06  1.009221E-04
        47 -4.451325E-04 -2.035610E-05  4.764551E-04
        48 -9.516585E-04 -3.682278E-05  1.076479E-03
        49 -1.476178E-03 -4.317197E-05  1.668356E-03
        50 -1.900299E-03 -4.014270E-05  2.099414E-03
        51 -2.151866E-03 -3.509128E-05  2.329933E-03
        52 -2.207467E-03 -3.256470E-05  2.417911E-03
        53  2.569928E-03 -4.856397E-05 -2.414978E-03
        54  3.189253E-03 -5.354143E-05 -2.876309E-03
        55  3.909521E-03 -2.912831E-05 -4.126028E-03
        56  1.943651E-03  2.125980E-05  3.168366E-03
        57  2.299702E-03  3.523170E-06  4.122114E-03
        58  3.176163E-03  1.193820E-05  4.605370E-03
        59 -2.318812E-03  2.325726E-05 -3.187032E-03
        60 -2.742030E-03  2.040743E-06 -4.196385E-03
        61 -3.319429E-03  9.753879E-06 -4.804709E-03
        62 -2.630806E-03 -3.616324E-05  2.679814E-03
        63 -3.526751E-03 -4.532811E-05  3.246687E-03
        64 -4.074677E-03 -2.598636E-05  4.162587E-03
        65  4.896961E-03  5.029243E-06 -5.157873E-03
        66  3.610465E-03  6.207073E-06  5.014793E-03
        67 -3.579658E-03  5.441608E-06 -5.157120E-03
        68 -4.859170E-03 -4.842849E-06  5.013145E-03
        69  4.918146E-03  6.502210E-06 -5.350234E-03
        70  5.252657E-03  3.904409E-06 -5.503004E-03
        71  5.139382E-03  6.011344E-06 -5.602197E-03
        72  3.973202E-03  6.279843E-06  5.203200E-03
        73  3.932508E-03  3.423342E-06  5.336753E-03
        74  4.202702E-03  5.252116E-06  5.485672E-03
        75 -3.841036E-03  1.875813E-06 -5.367305E-03
        76 -3.681050E-03 -9.675310E-07 -5.532314E-03
        77 -4.024407E-03  1.044822E-06 -5.611190E-03
        78 -4.822378E-03 -2.085004E-06  5.235313E-03
        79 -5.125365E-03 -4.787417E-06  5.376209E-03
        80 -5.035912E-03 -2.776075E-06  5.491315E-03
        81  5.162444E-03  1.878909E-06 -5.715338E-03
        82  5.410431E-03 -1.018412E-06 -5.931419E-03
        83  5.363059E-03  2.378421E-06 -6.046953E-03
        84  4.191572E-03  8.230845E-06  5.683865E-03
        85  4.068905E-03  1.947965E-06  5.960581E-03
        86  4.438507E-03  4.846025E-06  6.114431E-03
        87 -4.281731E-03 -5.256548E-06 -5.676529E-03
        88 -4.228309E-03 -6.347311E-06 -5.786939E-03
        89 -4.480291E-03 -4.363854E-06 -5.896978E-03
        90 -5.289630E-03 -4.628056E-06  5.654442E-03
        91 -5.708224E-03 -7.141483E-06  5.749682E-03
        92 -5.540757E-03 -7.091731E-06  5.832738E-03
        93  1.495840E-06  1.197690E-08  1.040468E-06
        94 -1.171610E-06  6.028815E-10 -8.109079E-07
        95  7.376934E-07 -2.009786E-09  7.973185E-07
        96 -1.142405E-06  8.012213E-09 -1.236171E-06
        97  2.062667E-03 -7.794652E-05 -1.877067E-03
        98  2.062443E-03 -7.957580E-05 -1.252170E-03
        99  2.062915E-03 -6.509310E-05 -6.324751E-04
       100  2.063164E-03 -4.054714E-05 -1.582419E-05
       101  2.062950E-03 -1.137365E-05  5.996847E-04
       102  2.062215E-03  1.729210E-05  1.215759E-03
       103  2.061458E-03  4.050786E-05  1.833938E-03
       104 -2.079169E-03  8.128668E-05 -1.893283E-03
       105 -2.079414E-03  9.011837E-05 -1.277201E-03
       106 -2.079364E-03  8.540432E-05 -6.572645E-04
       107 -2.079247E-03  6.993715E-05 -3.456503E-05
       108 -2.079504E-03  4.692780E-05  5.895257E-04
       109 -2.080213E-03  1.990040E-05  1.213462E-03
       110 -2.081426E-03 -7.430995E-06  1.835629E-03
       111  1.535435E-03 -6.465137E-05 -2.507992E-03
       112  1.011291E-03 -6.767172E-05 -2.508017E-03
       113  4.901558E-04 -6.370144E-05 -2.508048E-03
       114 -2.828497E-05 -5.270312E-05 -2.508137E-03
       115 -5.441523E-04 -3.484802E-05 -2.507936E-03
       116 -1.057531E-03 -1.042738E-05 -2.507306E-03
       117 -1.568562E-03  2.023819E-05 -2.505972E-03
       118  1.541954E-03  3.212109E-05  2.454128E-03
       119  1.022599E-03  1.559889E-05  2.453618E-03
       120  5.029928E-04  3.246853E-06  2.453317E-03
       121 -1.631289E-05 -6.124909E-06  2.453284E-03
       122 -5.348099E-04 -1.354052E-05  2.453388E-03
       123 -1.052096E-03 -1.981852E-05  2.453620E-03
       124 -1.567915E-03 -2.552823E-05  2.453796E-03
       125  4.049653E-03  6.415619E-06 -6.472574E-05
       126 -4.021220E-03  8.218579E-06 -1.001714E-04
       127 -2.754177E-06  1.044285E-05 -4.945445E-03
       128  2.636157E-05  1.131325E-05  4.780840E-03
       129  4.679557E-03  6.655807E-06 -2.838133E-03
       130  4.679734E-03  6.971318E-06 -2.480027E-05
       131  4.679533E-03  8.200027E-06  2.785908E-03
       132 -4.642791E-03  1.217123E-06 -2.814278E-03
       133 -4.642391E-03 -5.650300E-06  1.787589E-05
       134 -4.642419E-03 -7.447749E-06  2.825451E-03
       135  2.365001E-03  2.046431E-06 -5.621313E-03
       136  2.898138E-05 -1.741326E-06 -5.621097E-03
       137 -2.312941E-03 -1.529099E-06 -5.620829E-03
       138  2.356249E-03  8.576083E-06  5.562536E-03
       139 -5.712762E-06  6.808019E-06  5.562310E-03
       140 -2.355273E-03  5.422520E-06  5.562318E-03
       141  3.512037E-05  8.663248E-05 -6.634345E-04
       142  5.766036E-04  4.428311E-04 -2.963990E-03
       143  1.503029E-03  9.232731E-04 -5.813242E-03
       144  1.839636E-03  1.161388E-03 -7.126628E-03
       145  1.225264E-03  9.647808E-04 -6.247245E-03
       146 -7.943862E-05  4.483184E-04 -4.027041E-03
       147 -1.257036E-03  8.858190E-05 -2.596430E-03
       148  1.963373E-04 -1.098856E-04 -8.073060E-04
       149  7.841189E-04 -4.766610E-04 -3.169735E-03
       150  1.458864E-03 -9.267573E-04 -5.838397E-03
       151  1.704988E-03 -1.147794E-03 -7.057840E-03
       152  1.416916E-03 -9.761720E-04 -6.293768E-03
       153  1.005120E-03 -5.104847E-04 -4.293444E-03
       154  1.253138E-03 -1.489355E-04 -2.850249E-03
       155 -2.612622E-04 -1.064011E-04  7.898213E-04
       156 -1.115582E-03 -4.826173E-04  3.206721E-03
       157 -2.137966E-03 -9.573565E-04  6.017905E-03
       158 -2.619404E-03 -1.191350E-03  7.304506E-03
       159 -2.353516E-03 -1.004079E-03  6.464730E-03
       160 -1.729249E-03 -4.980746E-04  4.287339E-03
       161 -1.615426E-03 -1.135770E-04  2.745111E-03
       162  2.931066E-05  9.380268E-05  7.073496E-04
       163 -3.528635E-04  4.448514E-04  2.977035E-03
       164 -9.978789E-04  8.986221E-04  5.671812E-03
       165 -1.114487E-03  1.119450E-03  6.894636E-03
       166 -4.714070E-04  9.349538E-04  6.073145E-03
       167  6.463825E-04  4.531110E-04  4.005567E-03
       168  1.507212E-03  1.045577E-04  2.620031E-03
       169 -4.608899E-04  1.436753E-04  8.863319E-05
       170 -2.669145E-03  7.777868E-04  4.915763E-04
       171 -5.700630E-03  1.600218E-03  1.188153E-03
       172 -6.757849E-03  1.874803E-03  1.712412E-03
       173 -4.822933E-03  1.439662E-03  1.844793E-03
       174 -1.003526E-03  6.384640E-04  1.737370E-03
       175  1.595719E-03  1.315514E-04  1.913267E-03
       176 -3.805453E-04 -1.189569E-04  5.160458E-06
       177 -2.400957E-03 -7.014914E-04  4.075510E-04
       178 -5.345962E-03 -1.500790E-03  1.041215E-03
       179 -6.587083E-03 -1.821712E-03  1.102790E-03
       180 -5.044082E-03 -1.477086E-03  3.135118E-04
       181 -1.537022E-03 -7.427904E-04 -1.020907E-03
       182  1.239893E-03 -1.997960E-04 -2.028102E-03
       183  3.952318E-04 -1.235435E-04 -7.641231E-05
       184  2.502425E-03 -7.298697E-04 -3.598261E-04
       185  5.482103E-03 -1.538382E-03 -6.987244E-04
       186  6.517652E-03 -1.807684E-03 -6.416517E-04
       187  4.586181E-03 -1.373394E-03 -1.211007E-05
       188  8.015394E-04 -5.797800E-04  1.009500E-03
       189 -1.707069E-03 -9.061204E-05  1.873876E-03
       190  4.035108E-04  1.257201E-04  1.927787E-05
       191  2.472789E-03  7.223088E-04 -5.011731E-04
       192  5.442726E-03  1.528668E-03 -1.555794E-03
       193  6.643268E-03  1.839814E-03 -2.273803E-03
       194  5.000459E-03  1.472518E-03 -2.296288E-03
       195  1.402495E-03  7.194078E-04 -1.887162E-03
       196 -1.331083E-03  1.848730E-04 -1.896273E-03
       197  1.906732E-03 -8.503075E-06 -2.919277E-03
       198  2.212656E-03  3.031385E-04 -4.931052E-03
       199  2.671911E-03  7.790474E-04 -7.755066E-03
       200  2.409299E-03  1.047970E-03 -9.228703E-03
       201  1.125926E-03  9.030598E-04 -8.594898E-03
       202 -8.448626E-04  4.317603E-04 -6.573553E-03
       203 -2.625255E-03  7.695060E-05 -5.158369E-03
       204 -1.640932E-03 -7.933184E-05 -3.477708E-03
       205 -7.319524E-04 -4.520203E-04 -5.879294E-03
       206  4.166434E-04 -8.814088E-04 -8.429080E-03
       207  1.241184E-03 -1.063216E-03 -9.443580E-03
       208  1.587566E-03 -8.489249E-04 -8.476824E-03
       209  1.813036E-03 -3.619292E-04 -6.383258E-03
       210  2.661453E-03 -3.342946E-05 -5.079318E-03
       211  1.536189E-03 -2.451111E-05  3.062007E-03
       212  5.333021E-04 -3.391127E-04  5.091761E-03
       213 -7.777388E-04 -7.822019E-04  7.718891E-03
       214 -1.687651E-03 -1.017269E-03  9.009937E-03
       215 -1.998699E-03 -8.608682E-04  8.316347E-03
       216 -2.072967E-03 -4.024774E-04  6.347792E-03
       217 -2.740005E-03 -6.102002E-05  4.982007E-03
       218 -1.605042E-03  3.691470E-05  3.004515E-03
       219 -1.564832E-03  3.525310E-04  5.047257E-03
       220 -1.814227E-03  7.997570E-04  7.706591E-03
       221 -1.531262E-03  1.034100E-03  9.000738E-03
       222 -4.276243E-04  8.725574E-04  8.289494E-03
       223  1.243547E-03  4.117020E-04  6.315049E-03
       224  2.767326E-03  7.332944E-05  4.971654E-03
       225  1.532057E-03  1.074220E-04 -1.564058E-03
       226 -7.855376E-04  7.725594E-04 -3.444482E-04
       227 -3.724973E-03  1.569488E-03  1.033161E-03
       228 -4.703441E-03  1.823833E-03  2.138514E-03
       229 -2.789646E-03  1.392943E-03  2.791077E-03
       230  9.345705E-04  6.113055E-04  3.165557E-03
       231  3.511499E-03  1.084021E-04  3.795301E-03
       232  1.743285E-03 -4.920949E-05  1.792801E-03
       233 -1.706049E-04 -6.013065E-04  1.519724E-03
       234 -3.047744E-03 -1.383173E-03  1.532840E-03
       235 -4.195584E-03 -1.681212E-03  1.000786E-03
       236 -2.552810E-03 -1.314144E-03 -3.776301E-04
       237  9.528021E-04 -5.804424E-04 -2.291633E-03
       238  3.474892E-03 -8.958604E-05 -3.863117E-03
       239 -1.808186E-03 -3.042555E-05 -2.028060E-03
       240  2.289028E-04 -6.170470E-04 -1.717478E-03
       241  3.240877E-03 -1.433953E-03 -1.425149E-03
       242  4.405956E-03 -1.735416E-03 -7.306685E-04
       243  2.652571E-03 -1.341961E-03  5.231453E-04
       244 -9.874004E-04 -5.788531E-04  2.150926E-03
       245 -3.510351E-03 -8.684452E-05  3.615080E-03
       246 -1.766434E-03  7.068592E-05  1.762304E-03
       247  8.536607E-05  6.057861E-04  5.323924E-04
       248  2.903505E-03  1.371711E-03 -1.211390E-03
       249  4.013557E-03  1.660347E-03 -2.570773E-03
       250  2.368724E-03  1.292753E-03 -3.187171E-03
       251 -1.092579E-03  5.686017E-04 -3.335614E-03
       252 -3.515506E-03  9.698698E-05 -3.881989E-03
       253  6.443774E-04 -1.749251E-06 -5.457955E-03
       254 -5.688822E-04  1.386778E-05 -5.455801E-03
       255  5.832359E-04  1.090290E-05  5.335552E-03
       256 -5.206048E-04  4.408929E-06  5.369725E-03
       257  4.540076E-03  9.521527E-06  7.302424E-04
       258  4.516221E-03  1.726953E-06 -8.318218E-04
       259 -4.444847E-03  7.808391E-06  7.385398E-04
       260 -4.441087E-03 -3.846597E-06 -7.987538E-04
       261  6.702460E-04 -1.287532E-05 -5.763858E-03
       262 -6.962340E-04 -2.768522E-06 -5.858614E-03
       263  6.417514E-04  3.090147E-05  5.675900E-03
       264 -6.652488E-04  1.953180E-05  5.915976E-03
       265  4.887933E-03 -2.770433E-06  8.664746E-04
       266  4.795240E-03 -9.099377E-06 -8.850664E-04
       267 -4.828538E-03  1.277730E-05  7.162422E-04
       268 -4.847314E-03 -1.833131E-05 -6.553805E-04

 forces (fx,fy,fz) for set RIGHT and time  0.1000000E+01

        21  1.200570E+03 -4.032315E+02 -2.090316E+03
        22  8.999033E+02 -6.245839E+01  1.931975E+03
        23 -1.400944E+03  6.237962E+02  2.536274E+02
        24 -7.391408E+02 -1.037106E+03 -1.043541E+02

 internal energy (element, energy) for set ALL and time  0.1000000E+01

         1  1.023015E-02
         2  9.010863E-03
         3  2.552193E-03
         4  3.521898E-03
         5  4.839476E-03
         6  3.756086E-03
         7  3.590392E-03
         8  1.514330E-02
         9  2.700337E-03
        10  4.198156E-03
        11  4.324244E-03
        12  4.397617E-03
        13  3.558712E-03
        14  2.826669E-03
        15  5.623958E-03
        16  1.198001E-02
        17  3.057690E-03
        18  4.092648E-03
        19  4.058507E-03
        20  4.198885E-03
        21  3.669763E-03
        22  3.105984E-03
        23  5.572048E-03
        24  1.158765E-02
        25  6.381623E-03
        26  7.808642E-03
        27  2.682661E-03
        28  2.610792E-03
        29  3.511348E-03
        30  3.520861E-03
        31  3.000835E-03
        32  5.722136E-03
        33  5.650408E-03
        34  1.153412E-02
        35  7.515613E-03
        36  1.729512E-02
        37  1.396463E-02
        38  7.816345E-03
        39  6.582468E-03
        40  6.502712E-03
        41  1.464974E-02
        42  1.153092E-02
        43  1.468886E-02
        44  8.082749E-03
        45  1.724128E-02
        46  1.018559E-02
        47  9.007121E-03
        48  9.530744E-03
        49  1.006074E-03
        50  4.199348E-04
        51  7.670565E-04
        52  4.255416E-04
        53  5.673108E-04
        54  7.365479E-04
        55  7.168197E-04
        56  4.990100E-04
        57  1.396271E-04
        58  2.320794E-05
        59  1.301821E-04
        60  1.481012E-03
        61  3.729714E-04
        62  1.031622E-04
        63  3.473917E-04
        64  6.388170E-03
        65  3.310232E-04
        66  6.709794E-05
        67  3.620472E-04
        68  6.905445E-03
        69  2.598289E-04
        70  4.683172E-05
        71  2.284408E-05
        72  6.824685E-05
        73  1.654039E-03
        74  4.125062E-04
        75  1.128151E-03
        76  1.726872E-03
        77  9.942716E-03
        78  1.487218E-03
        79  9.154375E-04
        80  2.348840E-03
        81  7.046186E-03
        82  8.038987E-04
        83  2.941874E-04
        84  1.036464E-03
        85  6.139426E-04
        86  3.985420E-04
        87  9.335567E-04
        88  1.026818E-03
        89  1.552019E-03
        90  4.326625E-03
        91  1.572322E-03
        92  1.663241E-03
        93  8.687863E-04
        94  1.162387E-03
        95  3.510253E-03
        96  1.631260E-03
        97  4.719334E-03
        98  8.520466E-04
        99  2.840802E-04
       100  9.048534E-05
       101  1.286006E-05
       102  2.217249E-05
       103  1.835450E-04
       104  1.206522E-03
       105  2.198561E-03
       106  5.161725E-04
       107  3.091857E-04
       108  1.963801E-04
       109  1.214779E-04
       110  7.895688E-05
       111  1.608390E-04
       112  1.230887E-03
       113  3.560594E-03
       114  6.374560E-04
       115  4.200493E-04
       116  3.840870E-04
       117  3.611333E-04
       118  3.351566E-04
       119  4.133012E-04
       120  1.647616E-03
       121  9.858731E-04
       122  1.804374E-04
       123  7.740205E-05
       124  5.070725E-05
       125  3.717795E-05
       126  3.735384E-05
       127  8.848449E-05
       128  9.683992E-04
       129  8.686456E-03
       130  6.711410E-03
       131  7.927913E-03
       132  1.017913E-02
       133  9.006270E-03
       134  6.736528E-03
       135  9.357436E-03
       136  1.184367E-02
       137  9.460474E-03
       138  2.744670E-03
       139  1.229547E-02
       140  8.158598E-03
       141  9.985956E-04
       142  1.095788E-04
       143  2.418457E-04
       144  2.567746E-03
       145  2.546349E-03
       146  1.654958E-04
       147  6.313293E-04
       148  2.288339E-03
       149  6.579693E-04
       150  1.168093E-04
       151  1.604839E-04
       152  1.780816E-03
       153  3.008661E-03
       154  2.095225E-04
       155  6.070694E-04
       156  2.838085E-03
       157  4.513510E-03
       158  5.780597E-03
       159  9.265667E-03
       160  8.074994E-03
       161  1.895901E-01
       162  1.786244E-01
       163  6.356026E-02
       164  1.768906E-01
       165  1.721394E-01
       166  5.199194E-02
       167  2.000069E-01
       168  8.353042E-02
       169  2.185249E-01
       170  1.340769E-01
       171  5.692465E-02
       172  1.561164E-01
       173  1.499574E-01
       174  4.511818E-02
       175  1.511946E-01
       176  7.534253E-02
       177  2.023339E-01
       178  1.443781E-01
       179  5.488408E-02
       180  1.573065E-01
       181  1.526684E-01
       182  4.267234E-02
       183  1.575694E-01
       184  1.034383E-01
       185  2.068142E-01
       186  1.549821E-01
       187  5.712353E-02
       188  1.646582E-01
       189  1.573363E-01
       190  4.270930E-02
       191  1.758553E-01
       192  9.827333E-02
       193  1.254498E-01
       194  1.819851E-01
       195  4.934053E-02
       196  1.864959E-01
       197  1.745471E-01
       198  4.153967E-02
       199  2.450095E-01
       200  1.357887E-01
       201  1.093939E-01
       202  1.970667E-01
       203  4.206224E-02
       204  1.768378E-01
       205  1.821330E-01
       206  5.339620E-02
       207  1.884174E-01
       208  1.697346E-01
       209  9.938186E-02
       210  1.876756E-01
       211  5.463834E-02
       212  1.920130E-01
       213  1.803239E-01
       214  4.855035E-02
       215  2.556011E-01
       216  1.225307E-01
       217  1.064419E-01
       218  2.053028E-01
       219  5.593356E-02
       220  1.974260E-01
       221  1.985308E-01
       222  6.279095E-02
       223  2.162706E-01
       224  1.540463E-01
       225  1.441099E-01
       226  2.055169E-01
       227  5.356344E-02
       228  1.574325E-01
       229  1.661452E-01
       230  5.327649E-02
       231  1.598553E-01
       232  8.451004E-02
       233  2.001834E-01
       234  1.171148E-01
       235  6.615885E-02
       236  1.641782E-01
       237  1.452286E-01
       238  4.015693E-02
       239  1.819720E-01
       240  6.259122E-02
       241  1.391050E-01
       242  1.476899E-01
       243  4.281525E-02
       244  1.354338E-01
       245  1.379749E-01
       246  4.036163E-02
       247  1.413671E-01
       248  8.858777E-02
       249  1.680730E-01
       250  1.721827E-01
       251  5.194312E-02
       252  1.560169E-01
       253  1.568351E-01
       254  4.427585E-02
       255  1.646467E-01
       256  9.245294E-02
       257  1.544414E-01
       258  1.581195E-01
       259  4.687289E-02
       260  1.748297E-01
       261  1.599926E-01
       262  3.729061E-02
       263  2.198666E-01
       264  1.280903E-01
       265  9.860455E-02
       266  2.020297E-01
       267  4.552863E-02
       268  1.822758E-01
       269  1.823775E-01
       270  4.840178E-02
       271  2.228410E-01
       272  1.492244E-01
       273  1.005732E-01
       274  1.996470E-01
       275  5.193291E-02
       276  1.839164E-01
       277  1.788709E-01
       278  5.040912E-02
       279  2.263024E-01
       280  1.189917E-01
       281  7.150784E-02
       282  2.046768E-01
       283  5.331293E-02
       284  1.883397E-01
       285  1.867633E-01
       286  5.534608E-02
       287  2.300766E-01
       288  1.276744E-01
       289  1.233777E-01
       290  1.218834E-01
       291  1.032578E-01
       292  1.363098E-01
       293  1.479597E-01
       294  1.751112E-01
       295  1.751999E-01
       296  1.623096E-01
       297  1.032872E-01
       298  7.061507E-02
       299  8.156757E-02
       300  5.002015E-02
       301  6.322128E-02
       302  8.410277E-02
       303  6.556318E-02
       304  7.359493E-02
       305  1.212596E-01
       306  5.740138E-02
       307  1.285808E-01
       308  5.695394E-02
       309  6.879255E-02
       310  1.166456E-01
       311  5.628430E-02
       312  1.038808E-01
       313  9.219693E-02
       314  8.571455E-02
       315  7.572157E-02
       316  6.398613E-02
       317  7.939639E-02
       318  9.465249E-02
       319  8.736371E-02
       320  8.517315E-02
       321  1.280461E-01
       322  6.484025E-02
       323  1.348983E-01
       324  6.788835E-02
       325  7.209665E-02
       326  1.230174E-01
       327  8.040704E-02
       328  1.367132E-01

 total internal energy for set ALL and time  0.1000000E+01

        2.159432E+01
