
                        S T E P       1


                                INCREMENT     1


 displacements (vx,vy,vz) for set NALL and time  0.1000000E+01

         1  0.000000E+00  0.000000E+00  8.271806E-26
         2  0.000000E+00  0.000000E+00  0.000000E+00
         3  0.000000E+00  0.000000E+00  0.000000E+00
         4  0.000000E+00  7.237830E-26  4.963084E-25
         5  2.091767E-04 -1.348752E-05 -2.483944E-04
         6  2.092660E-04  9.614666E-06  2.313692E-04
         7 -2.140435E-04  2.056070E-06 -2.480054E-04
         8 -2.140098E-04 -3.567699E-06  2.309885E-04
         9  3.345304E-04 -2.178716E-05 -7.030103E-04
        10  3.349007E-04  1.659903E-05  6.829448E-04
        11 -4.466881E-04  1.018810E-05 -7.030105E-04
        12 -4.468125E-04 -1.479374E-05  6.833420E-04
        13  1.851528E-03 -3.408459E-05 -2.503354E-03
        14  1.850392E-03  2.562448E-05  2.499866E-03
        15 -1.976314E-03  2.761042E-05 -2.499463E-03
        16 -1.979610E-03 -2.927042E-05  2.499134E-03
        17  3.453854E-03 -1.103631E-05 -4.305349E-03
        18  3.453711E-03  1.318440E-05  4.324081E-03
        19 -3.396580E-03  2.732501E-05 -4.303046E-03
        20 -3.396506E-03 -1.934912E-05  4.325680E-03
        21  5.000000E-03  2.117582E-23 -6.000000E-03
        22  5.000000E-03  0.000000E+00  6.000000E-03
        23 -5.000000E-03 -4.150461E-21 -6.000000E-03
        24 -5.000000E-03 -3.134022E-21  6.000000E-03
        25  1.231328E-03 -6.578134E-05 -1.697008E-03
        26  9.561361E-04 -2.502934E-06  1.522895E-03
        27 -9.255928E-04 -9.760075E-06 -1.426627E-03
        28 -1.414033E-03 -4.337863E-05  1.597700E-03
        29  2.879225E-03 -6.076084E-05 -3.141362E-03
        30  1.929454E-03 -2.057445E-06  3.346169E-03
        31 -2.331050E-03 -3.533311E-06 -3.275510E-03
        32 -2.952991E-03 -4.424924E-05  3.136697E-03
        33  2.097816E-04 -1.955815E-06  3.481510E-05
        34 -2.135433E-04 -7.725145E-07 -4.455883E-05
        35 -3.507673E-05 -4.930003E-06 -2.482361E-04
        36  3.134766E-05  2.191421E-06  2.313361E-04
        37  3.348893E-04 -1.665117E-05 -5.899513E-04
        38  3.351005E-04 -1.121171E-05 -4.292843E-04
        39  3.352723E-04 -5.858360E-06 -2.355213E-04
        40  3.353414E-04 -8.686682E-07 -2.446940E-05
        41  3.353261E-04  3.716375E-06  1.883325E-04
        42  3.352378E-04  8.003444E-06  3.874046E-04
        43  3.351090E-04  1.219354E-05  5.570880E-04
        44 -4.467682E-04  1.035023E-05 -5.828216E-04
        45 -4.466639E-04  8.058718E-06 -4.076411E-04
        46 -4.465637E-04  3.874225E-06 -1.962666E-04
        47 -4.465171E-04 -1.489250E-06  3.075266E-05
        48 -4.465727E-04 -7.106823E-06  2.529017E-04
        49 -4.467008E-04 -1.191997E-05  4.494782E-04
        50 -4.468210E-04 -1.482374E-05  5.993764E-04
        51  2.549846E-04 -1.339527E-05 -7.033177E-04
        52  1.609428E-04 -8.807553E-06 -7.035245E-04
        53  5.677905E-05 -6.826147E-06 -7.035757E-04
        54 -5.270502E-05 -6.120202E-06 -7.035897E-04
        55 -1.626950E-04 -5.392036E-06 -7.035875E-04
        56 -2.682992E-04 -3.327578E-06 -7.035440E-04
        57 -3.645082E-04  1.442446E-06 -7.033488E-04
        58  2.422962E-04  8.068779E-06  6.825609E-04
        59  1.340173E-04  4.039111E-06  6.824475E-04
        60  1.703862E-05  2.854076E-06  6.824505E-04
        61 -1.012562E-04  2.818283E-06  6.824864E-04
        62 -2.136879E-04  2.367929E-06  6.825259E-04
        63 -3.132503E-04  8.363634E-08  6.826213E-04
        64 -3.930035E-04 -5.297192E-06  6.828645E-04
        65  1.851975E-03 -3.810736E-05 -1.260204E-03
        66  1.852115E-03 -2.393899E-05  1.206643E-05
        67  1.851910E-03 -4.532377E-07  1.277703E-03
        68 -1.978065E-03  5.903864E-05 -1.278629E-03
        69 -1.977725E-03  4.190483E-05 -7.300535E-06
        70 -1.978669E-03  1.682478E-06  1.268489E-03
        71  8.652255E-04 -4.998724E-05 -2.502243E-03
        72 -7.710694E-05 -5.741325E-05 -2.502289E-03
        73 -1.011500E-03 -3.781102E-05 -2.501893E-03
        74  8.814955E-04 -6.828935E-06  2.498172E-03
        75 -6.072453E-05 -1.538220E-05  2.498216E-03
        76 -1.004937E-03 -1.756905E-05  2.498190E-03
        77  3.452912E-03 -5.769725E-05 -2.213999E-03
        78  3.453680E-03 -3.134047E-06 -1.096393E-04
        79  3.453062E-03  5.250977E-05  2.055494E-03
        80 -3.396757E-03  2.692246E-05 -1.975616E-03
        81 -3.396292E-03 -3.619526E-06  2.103443E-04
        82 -3.396910E-03 -3.156152E-05  2.296127E-03
        83  1.779167E-03  2.122198E-05 -4.305959E-03
        84  1.665626E-04 -1.886127E-05 -4.305471E-03
        85 -1.514974E-03 -4.553209E-05 -4.305936E-03
        86  1.603655E-03 -1.116732E-05  4.322281E-03
        87 -1.006434E-04  2.686998E-05  4.323220E-03
        88 -1.739657E-03  4.889521E-05  4.322778E-03
        89  5.004466E-03  6.450198E-06  1.527347E-04
        90 -4.997650E-03  7.735722E-06 -1.410023E-04
        91 -1.602761E-04  2.975657E-05 -5.998059E-03
        92  8.536261E-05 -2.952272E-05  5.999643E-03
        93 -1.962844E-05 -1.899040E-05 -6.748920E-05
        94 -3.340771E-05  8.850683E-06 -6.516351E-05
        95  1.224510E-05  1.205266E-05  5.858584E-05
        96  3.790194E-05 -1.205371E-05  5.760074E-05
        97  5.651828E-05  1.815898E-05  4.244499E-05
        98  5.718771E-05 -1.916204E-05 -2.600035E-05
        99 -4.739659E-05 -5.870424E-06  1.543328E-05
       100 -4.984614E-05  8.751710E-06 -3.876369E-05
       101  5.421493E-06 -7.989365E-06 -4.851917E-04
       102 -6.426292E-05 -2.787223E-06 -4.842862E-04
       103 -3.355521E-05  3.515084E-06  4.554791E-04
       104 -3.166141E-05  1.629747E-06  4.570449E-04
       105  3.486305E-04 -1.637986E-05  1.159808E-04
       106  3.472932E-04  8.334013E-06 -1.010381E-04
       107 -3.690070E-04  1.199480E-05  8.943998E-05
       108 -3.708364E-04 -1.524320E-05 -1.265267E-04
       109  3.167062E-04  2.836063E-05 -1.109566E-03
       110  6.890883E-04  2.659196E-04 -2.646361E-03
       111  1.299457E-03  6.102913E-04 -4.691190E-03
       112  1.451178E-03  7.887201E-04 -5.674738E-03
       113  8.778099E-04  6.547093E-04 -5.078735E-03
       114 -2.153165E-04  2.876722E-04 -3.503121E-03
       115 -1.214542E-03  3.565922E-05 -2.501178E-03
       116 -3.545672E-04 -3.572482E-05 -1.094848E-03
       117  9.496979E-05 -2.681138E-04 -2.596718E-03
       118  7.924905E-04 -6.090098E-04 -4.624846E-03
       119  1.200271E-03 -7.945833E-04 -5.647513E-03
       120  1.176461E-03 -6.820596E-04 -5.156310E-03
       121  9.842021E-04 -3.415933E-04 -3.698195E-03
       122  1.212650E-03 -8.771728E-05 -2.693623E-03
       123  1.686866E-04 -3.892646E-05  1.120724E-03
       124 -3.896699E-04 -2.811270E-04  2.683777E-03
       125 -1.196551E-03 -6.267644E-04  4.732626E-03
       126 -1.673612E-03 -8.140931E-04  5.760126E-03
       127 -1.642626E-03 -6.989167E-04  5.251366E-03
       128 -1.362209E-03 -3.477049E-04  3.743201E-03
       129 -1.457829E-03 -8.002261E-05  2.672830E-03
       130 -4.097935E-04  3.904886E-05  1.120270E-03
       131 -6.542113E-04  2.817953E-04  2.693165E-03
       132 -1.066728E-03  6.274096E-04  4.749048E-03
       133 -1.053091E-03  8.068736E-04  5.741383E-03
       134 -4.292967E-04  6.774874E-04  5.170778E-03
       135  5.648056E-04  3.168393E-04  3.625707E-03
       136  1.337082E-03  5.690474E-05  2.595069E-03
       137  1.010012E-04  5.464656E-05 -5.998076E-04
       138 -1.466224E-03  5.054453E-04 -1.931463E-04
       139 -3.844683E-03  1.150871E-03  5.353797E-04
       140 -4.757474E-03  1.387191E-03  1.174263E-03
       141 -3.352151E-03  1.071861E-03  1.517828E-03
       142 -4.562226E-04  4.647452E-04  1.650964E-03
       143  1.520738E-03  7.961283E-05  1.953565E-03
       144  9.509222E-05 -6.194874E-05  5.735577E-04
       145 -1.428440E-03 -5.013222E-04  7.317997E-04
       146 -3.735690E-03 -1.128399E-03  1.060832E-03
       147 -4.659721E-03 -1.368301E-03  9.141963E-04
       148 -3.351643E-03 -1.076105E-03  8.100467E-05
       149 -5.583964E-04 -4.916016E-04 -1.156409E-03
       150  1.428109E-03 -1.050863E-04 -2.052647E-03
       151 -2.584148E-04 -5.270155E-05 -6.746963E-04
       152  1.272153E-03 -4.935457E-04 -7.494664E-04
       153  3.657801E-03 -1.140946E-03 -8.378927E-04
       154  4.588244E-03 -1.381799E-03 -6.002086E-04
       155  3.193117E-03 -1.068903E-03  9.064328E-05
       156  3.010447E-04 -4.627886E-04  1.078091E-03
       157 -1.655523E-03 -8.153249E-05  1.913799E-03
       158 -2.741251E-04  4.358391E-05  6.991956E-04
       159  1.183082E-03  4.647418E-04  2.359606E-04
       160  3.496113E-03  1.093333E-03 -7.265715E-04
       161  4.463811E-03  1.344236E-03 -1.457800E-03
       162  3.208323E-03  1.064189E-03 -1.660952E-03
       163  4.581935E-04  4.890170E-04 -1.547152E-03
       164 -1.505627E-03  1.067315E-04 -1.800878E-03
       165  1.550675E-03  4.459943E-06 -2.834970E-03
       166  1.657578E-03  2.367066E-04 -4.338910E-03
       167  2.009605E-03  5.788937E-04 -6.372494E-03
       168  1.865600E-03  7.539459E-04 -7.339327E-03
       169  9.326093E-04  6.149854E-04 -6.720669E-03
       170 -5.943691E-04  2.464805E-04 -5.139500E-03
       171 -2.094474E-03  7.623245E-06 -4.193128E-03
       172 -1.679675E-03 -4.302748E-05 -3.053915E-03
       173 -9.930567E-04 -2.898780E-04 -4.650450E-03
       174 -1.589559E-05 -6.260089E-04 -6.653985E-03
       175  7.122672E-04 -7.837113E-04 -7.533203E-03
       176  1.062901E-03 -6.269777E-04 -6.833630E-03
       177  1.331034E-03 -2.503394E-04 -5.218576E-03
       178  2.149254E-03 -8.308236E-06 -4.266446E-03
       179  1.332483E-03 -3.962447E-05  3.005771E-03
       180  4.230134E-04 -2.921802E-04  4.638015E-03
       181 -7.207113E-04 -6.400137E-04  6.704373E-03
       182 -1.502846E-03 -8.071338E-04  7.629947E-03
       183 -1.760173E-03 -6.498557E-04  6.924070E-03
       184 -1.803601E-03 -2.594382E-04  5.247015E-03
       185 -2.341058E-03 -6.545424E-06  4.241629E-03
       186 -1.578631E-03  2.678054E-05  2.948093E-03
       187 -1.563033E-03  2.723588E-04  4.538372E-03
       188 -1.814943E-03  6.171412E-04  6.589399E-03
       189 -1.641639E-03  7.932391E-04  7.563963E-03
       190 -7.693203E-04  6.596678E-04  6.973361E-03
       191  6.492861E-04  2.962293E-04  5.415752E-03
       192  2.098989E-03  3.594349E-05  4.384313E-03
       193  1.652244E-03  3.240524E-05 -1.698303E-03
       194  6.241733E-05  4.896698E-04 -6.995204E-04
       195 -2.415335E-03  1.161577E-03  4.700154E-04
       196 -3.461425E-03  1.431126E-03  1.451276E-03
       197 -2.163803E-03  1.140531E-03  2.097810E-03
       198  7.199662E-04  5.359580E-04  2.556670E-03
       199  2.854389E-03  1.192423E-04  3.276097E-03
       200  1.573896E-03 -6.312930E-05  1.879097E-03
       201  5.594480E-05 -5.006178E-04  1.562530E-03
       202 -2.221451E-03 -1.119220E-03  1.471569E-03
       203 -3.167322E-03 -1.364156E-03  9.575840E-04
       204 -1.940740E-03 -1.090294E-03 -2.225539E-04
       205  7.777139E-04 -5.212782E-04 -1.845047E-03
       206  2.831167E-03 -1.208567E-04 -3.249845E-03
       207 -1.908517E-03 -1.054457E-07 -2.039917E-03
       208 -4.921640E-04 -4.084173E-04 -1.689835E-03
       209  1.837024E-03 -1.040282E-03 -1.366938E-03
       210  2.832732E-03 -1.297035E-03 -7.330305E-04
       211  1.613780E-03 -1.024334E-03  3.557631E-04
       212 -1.077420E-03 -4.604738E-04  1.777885E-03
       213 -2.976620E-03 -9.043193E-05  3.141150E-03
       214 -1.764541E-03  4.120953E-05  1.861084E-03
       215 -3.191481E-04  4.590002E-04  8.561991E-04
       216  1.912900E-03  1.065666E-03 -4.887575E-04
       217  2.807803E-03  1.298211E-03 -1.520677E-03
       218  1.534332E-03  1.013830E-03 -2.018723E-03
       219 -1.163969E-03  4.494771E-04 -2.264572E-03
       220 -3.026191E-03  8.727757E-05 -3.009238E-03
       221  3.082854E-03  6.896873E-05 -4.898920E-03
       222  2.999594E-03  3.237899E-04 -6.539593E-03
       223  2.996394E-03  6.639525E-04 -8.556407E-03
       224  2.409308E-03  8.344190E-04 -9.494770E-03
       225  9.891469E-04  6.979484E-04 -8.884352E-03
       226 -1.062705E-03  3.297967E-04 -7.299709E-03
       227 -3.159503E-03  5.059822E-05 -6.186800E-03
       228 -2.649693E-03 -5.562965E-05 -4.925169E-03
       229 -1.632115E-03 -2.897043E-04 -6.434065E-03
       230 -4.258803E-04 -6.026013E-04 -8.294052E-03
       231  5.642787E-04 -7.600209E-04 -9.164026E-03
       232  1.271775E-03 -6.363137E-04 -8.614693E-03
       233  1.990448E-03 -2.996216E-04 -7.169098E-03
       234  3.270782E-03 -3.727528E-05 -6.124197E-03
       235  2.866208E-03 -5.914121E-05  4.863273E-03
       236  1.894097E-03 -3.033782E-04  6.435427E-03
       237  6.162184E-04 -6.398860E-04  8.428620E-03
       238 -4.730068E-04 -8.199794E-04  9.415520E-03
       239 -1.242127E-03 -7.051080E-04  8.905666E-03
       240 -1.966552E-03 -3.541403E-04  7.396783E-03
       241 -3.235123E-03 -6.586629E-05  6.236848E-03
       242 -2.843684E-03  7.110315E-05  4.991876E-03
       243 -2.556410E-03  3.163599E-04  6.574781E-03
       244 -2.389086E-03  6.287293E-04  8.431751E-03
       245 -1.748244E-03  7.742765E-04  9.240250E-03
       246 -4.158297E-04  6.321328E-04  8.603803E-03
       247  1.440736E-03  2.816103E-04  7.097113E-03
       248  3.327164E-03  2.353709E-05  6.073807E-03
       249  3.489533E-03 -1.357761E-05 -3.227754E-03
       250  2.180018E-03  3.638344E-04 -1.869710E-03
       251 -9.583690E-05  9.806246E-04 -2.037545E-04
       252 -1.202426E-03  1.264298E-03  1.372260E-03
       253 -2.288395E-04  1.047318E-03  2.642642E-03
       254  2.267898E-03  5.241145E-04  3.659491E-03
       255  4.329159E-03  1.204645E-04  4.731742E-03
       256  3.450588E-03  4.082253E-06  3.094267E-03
       257  2.160328E-03 -3.688013E-04  2.194887E-03
       258 -3.603752E-05 -9.649760E-04  1.585621E-03
       259 -1.109007E-03 -1.240996E-03  6.488456E-04
       260 -1.683898E-04 -1.032322E-03 -8.679786E-04
       261  2.273754E-03 -5.214217E-04 -2.798863E-03
       262  4.325828E-03 -1.203247E-04 -4.558173E-03
       263 -3.254220E-03 -2.132021E-05 -3.230527E-03
       264 -1.814524E-03 -4.353849E-04 -2.251856E-03
       265  5.235133E-04 -1.068992E-03 -1.307814E-03
       266  1.606620E-03 -1.346923E-03 -1.245377E-04
       267  5.399266E-04 -1.108662E-03  1.397857E-03
       268 -2.076866E-03 -5.599417E-04  3.128615E-03
       269 -4.225477E-03 -1.395641E-04  4.678358E-03
       270 -3.307528E-03  1.405542E-05  3.441099E-03
       271 -1.959719E-03  4.033193E-04  1.984266E-03
       272  2.933692E-04  1.014950E-03 -1.067492E-04
       273  1.369898E-03  1.292116E-03 -2.025876E-03
       274  3.739732E-04  1.070909E-03 -3.359957E-03
       275 -2.147035E-03  5.436589E-04 -4.170985E-03
       276 -4.228067E-03  1.364428E-04 -4.952798E-03

 forces (fx,fy,fz) for set RIGHT and time  0.1000000E+01

        21  8.869859E+02  1.323422E+03 -7.998040E+02
        22  6.766198E+02 -1.597177E+03 -3.007726E+02
        23 -1.098456E+03 -9.651151E+02 -7.986463E+02
        24 -4.766470E+02  5.446183E+02  1.879340E+03

 internal energy (element, energy) for set ALL and time  0.1000000E+01

         1  1.075599E-02
         2  1.204543E-02
         3  1.237992E-02
         4  6.445769E-03
         5  7.826270E-03
         6  2.323346E-03
         7  4.873593E-03
         8  4.104556E-03
         9  3.620477E-02
        10  2.967117E-02
        11  1.136268E-02
        12  1.148816E-02
        13  7.031275E-03
        14  1.031341E-02
        15  1.421822E-02
        16  2.268060E-02
        17  2.743511E-02
        18  4.444134E-02
        19  1.329875E-02
        20  3.866138E-02
        21  1.462917E-02
        22  1.230058E-02
        23  1.481629E-02
        24  1.968017E-02
        25  2.716310E-02
        26  1.852445E-02
        27  9.980428E-02
        28  8.944194E-02
        29  2.003322E-04
        30  9.216535E-05
        31  4.239297E-04
        32  1.038779E-04
        33  8.611612E-04
        34  2.920863E-03
        35  1.542518E-03
        36  6.316803E-04
        37  9.565837E-04
        38  2.805143E-03
        39  2.163477E-03
        40  7.360513E-04
        41  6.859355E-03
        42  3.841149E-03
        43  1.429914E-03
        44  2.282530E-04
        45  1.157126E-04
        46  1.081769E-03
        47  3.214543E-03
        48  5.936395E-03
        49  9.171551E-03
        50  4.775199E-03
        51  1.461980E-03
        52  9.239728E-05
        53  5.388574E-04
        54  2.815793E-03
        55  7.134011E-03
        56  1.231741E-02
        57  1.173407E-03
        58  6.379865E-04
        59  2.362968E-04
        60  3.590116E-05
        61  1.845140E-05
        62  1.890904E-04
        63  5.694990E-04
        64  1.079875E-03
        65  9.514368E-04
        66  4.013048E-04
        67  6.705404E-05
        68  2.314469E-05
        69  2.494601E-04
        70  7.329863E-04
        71  1.493101E-03
        72  2.331493E-03
        73  1.969636E-03
        74  2.317419E-04
        75  2.730485E-04
        76  1.838723E-03
        77  2.025338E-03
        78  5.457384E-04
        79  4.442836E-04
        80  2.072983E-03
        81  2.395826E-03
        82  7.392830E-04
        83  7.532776E-04
        84  2.077498E-03
        85  2.217953E-03
        86  3.174536E-04
        87  2.145385E-04
        88  1.806135E-03
        89  8.166708E-03
        90  2.300261E-03
        91  2.591480E-03
        92  9.348384E-03
        93  1.106218E-02
        94  6.102719E-03
        95  2.600930E-03
        96  1.776807E-03
        97  1.089212E-02
        98  1.290847E-03
        99  6.832889E-03
       100  2.546061E-02
       101  2.631576E-02
       102  6.002770E-03
       103  1.762366E-03
       104  1.200751E-02
       105  2.288638E-02
       106  4.507416E-02
       107  3.840375E-02
       108  2.084070E-02
       109  2.077661E-02
       110  3.582920E-02
       111  2.798486E-02
       112  9.658237E-03
       113  4.813437E-02
       114  2.707422E-02
       115  2.179977E-02
       116  2.388389E-02
       117  2.518785E-02
       118  3.093503E-02
       119  2.391901E-02
       120  1.829482E-02
       121  5.710758E-02
       122  3.114624E-02
       123  6.393603E-02
       124  4.308224E-02
       125  3.268512E-02
       126  5.993185E-02
       127  2.545729E-02
       128  3.822464E-02
       129  6.013399E-02
       130  4.939334E-02
       131  6.388083E-02
       132  4.849538E-02
       133  5.801077E-02
       134  5.910517E-02
       135  5.627823E-02
       136  6.662985E-02
       137  6.583288E-02
       138  4.780139E-02
       139  8.882819E-02
       140  4.498571E-02
       141  6.783451E-02
       142  9.568231E-02
       143  5.697211E-02
       144  8.611643E-02
       145  8.207796E-02
       146  1.023191E-01
       147  3.317721E-02
       148  9.273533E-02
       149  9.279383E-02
       150  3.000891E-02
       151  1.071012E-01
       152  5.351099E-02
       153  8.839233E-02
       154  1.070869E-01
       155  3.332892E-02
       156  9.235689E-02
       157  9.536598E-02
       158  3.035613E-02
       159  9.822463E-02
       160  3.195984E-02
       161  9.003856E-02
       162  9.021863E-02
       163  2.501562E-02
       164  8.046685E-02
       165  8.305401E-02
       166  2.412186E-02
       167  8.250561E-02
       168  5.328803E-02
       169  1.036184E-01
       170  1.032541E-01
       171  3.156474E-02
       172  9.526869E-02
       173  9.535452E-02
       174  2.692926E-02
       175  1.050258E-01
       176  5.940095E-02
       177  5.500500E-02
       178  1.235931E-01
       179  2.847549E-02
       180  1.108753E-01
       181  1.076122E-01
       182  2.642762E-02
       183  1.467350E-01
       184  8.378290E-02
       185  6.349853E-02
       186  1.305233E-01
       187  2.944835E-02
       188  1.168131E-01
       189  1.167873E-01
       190  3.101508E-02
       191  1.460542E-01
       192  9.107667E-02
       193  4.747466E-02
       194  1.294694E-01
       195  3.150123E-02
       196  1.157684E-01
       197  1.132956E-01
       198  3.105274E-02
       199  1.502043E-01
       200  7.476797E-02
       201  4.756566E-02
       202  1.416949E-01
       203  3.459884E-02
       204  1.219978E-01
       205  1.238513E-01
       206  3.785405E-02
       207  1.441634E-01
       208  7.671441E-02
       209  8.533273E-02
       210  1.094728E-01
       211  3.541377E-02
       212  9.572303E-02
       213  9.498839E-02
       214  3.175680E-02
       215  1.183321E-01
       216  5.868583E-02
       217  8.480718E-02
       218  9.827631E-02
       219  3.933953E-02
       220  1.042248E-01
       221  9.935103E-02
       222  2.968483E-02
       223  1.328512E-01
       224  4.145168E-02
       225  9.153267E-02
       226  9.439946E-02
       227  3.157157E-02
       228  9.495134E-02
       229  9.124418E-02
       230  2.517491E-02
       231  1.187886E-01
       232  6.740355E-02
       233  1.011166E-01
       234  1.025175E-01
       235  3.241678E-02
       236  9.587439E-02
       237  9.526956E-02
       238  2.708419E-02
       239  1.104824E-01
       240  6.518795E-02
       241  5.838772E-02
       242  1.315727E-01
       243  2.650744E-02
       244  1.103801E-01
       245  1.126187E-01
       246  3.069608E-02
       247  1.298850E-01
       248  7.829189E-02
       249  5.834440E-02
       250  1.214734E-01
       251  2.668897E-02
       252  1.088410E-01
       253  1.111927E-01
       254  3.078392E-02
       255  1.224120E-01
       256  8.072158E-02
       257  4.643208E-02
       258  1.280175E-01
       259  2.682076E-02
       260  1.026363E-01
       261  1.042725E-01
       262  2.933917E-02
       263  1.247030E-01
       264  6.679177E-02
       265  4.532775E-02
       266  1.304055E-01
       267  3.372195E-02
       268  1.181848E-01
       269  1.182170E-01
       270  3.731430E-02
       271  1.483861E-01
       272  7.366209E-02
       273  7.444372E-02
       274  8.061795E-02
       275  2.929993E-02
       276  8.483243E-02
       277  8.458227E-02
       278  2.442652E-02
       279  9.276235E-02
       280  4.642840E-02
       281  6.220725E-02
       282  7.262860E-02
       283  2.884294E-02
       284  8.022801E-02
       285  8.065953E-02
       286  2.600406E-02
       287  8.731999E-02
       288  5.897497E-02
       289  7.034327E-02
       290  7.851408E-02
       291  2.360727E-02
       292  7.568048E-02
       293  7.908752E-02
       294  2.537094E-02
       295  7.219761E-02
       296  6.727402E-02
       297  7.760299E-02
       298  6.692966E-02
       299  2.922247E-02
       300  8.222634E-02
       301  7.875257E-02
       302  2.113492E-02
       303  9.968704E-02
       304  5.107539E-02
       305  4.867181E-02
       306  1.227534E-01
       307  1.968271E-02
       308  8.344476E-02
       309  9.185111E-02
       310  2.823384E-02
       311  8.535156E-02
       312  8.146175E-02
       313  5.615601E-02
       314  1.279006E-01
       315  2.053022E-02
       316  8.933862E-02
       317  9.981280E-02
       318  3.220252E-02
       319  8.986445E-02
       320  9.447608E-02
       321  4.197513E-02
       322  1.171502E-01
       323  2.254116E-02
       324  9.151621E-02
       325  9.870615E-02
       326  3.002642E-02
       327  8.860025E-02
       328  7.874828E-02
       329  4.343517E-02
       330  1.350164E-01
       331  2.746946E-02
       332  9.915000E-02
       333  1.078341E-01
       334  3.545555E-02
       335  9.498623E-02
       336  8.192197E-02

 total internal energy for set ALL and time  0.1000000E+01

        1.737783E+01
