
                        S T E P       1


                                INCREMENT     1


 displacements (vx,vy,vz) for set NALL and time  0.1000000E+01

         1  0.000000E+00 -4.135903E-26  3.308722E-25
         2  0.000000E+00  0.000000E+00  0.000000E+00
         3  0.000000E+00 -2.067952E-26  1.029013E-22
         4  6.617445E-25  0.000000E+00  2.101039E-22
         5  4.146792E-04 -4.414419E-06 -5.092080E-04
         6  4.149196E-04  6.974021E-06  4.931084E-04
         7 -4.160649E-04  3.936107E-06 -5.095071E-04
         8 -4.169694E-04  9.938177E-07  4.933925E-04
         9  7.582756E-04 -6.490328E-06 -1.044790E-03
        10  7.584230E-04  1.678930E-05  1.033614E-03
        11 -8.396383E-04  1.178585E-05 -1.045410E-03
        12 -8.398401E-04 -1.332209E-07  1.033629E-03
        13  1.498687E-03 -5.586560E-06 -1.902060E-03
        14  1.498454E-03  1.856119E-05  1.972889E-03
        15 -1.520610E-03  1.214729E-05 -1.902762E-03
        16 -1.520960E-03  6.949735E-07  1.973488E-03
        17  3.841700E-03 -2.331702E-05 -4.540268E-03
        18  3.837525E-03  4.662134E-05  4.608573E-03
        19 -3.901744E-03  3.688385E-05 -4.539809E-03
        20 -3.902551E-03 -6.758443E-06  4.607997E-03
        21  5.000000E-03 -1.694066E-22 -6.000000E-03
        22  5.000000E-03  0.000000E+00  6.000000E-03
        23 -5.000000E-03 -2.219226E-20 -6.000000E-03
        24 -5.000000E-03 -3.726945E-21  6.000000E-03
        25  1.947887E-04 -1.197418E-05 -2.645917E-04
        26  1.879399E-04 -5.598023E-06  2.234923E-04
        27 -1.629343E-04 -3.641933E-06 -2.551516E-04
        28 -1.984163E-04 -6.358835E-06  2.291906E-04
        29  7.497264E-04 -1.273148E-05 -6.962568E-04
        30  5.845221E-04  5.553090E-06  6.678995E-04
        31 -5.637266E-04 -2.136358E-06 -7.020036E-04
        32 -6.412173E-04 -7.414727E-06  6.710502E-04
        33  1.923116E-03 -1.701093E-05 -2.146334E-03
        34  2.470029E-03 -3.302541E-05 -2.548852E-03
        35  3.047804E-03 -4.556330E-05 -3.019833E-03
        36  3.561381E-03 -5.003990E-05 -3.478676E-03
        37  3.931401E-03 -4.675188E-05 -3.871983E-03
        38  4.102090E-03 -3.893282E-05 -4.180793E-03
        39  4.042351E-03 -3.049769E-05 -4.412425E-03
        40  1.716348E-03  1.324172E-05  2.095014E-03
        41  2.073824E-03  7.590408E-06  2.255209E-03
        42  2.515705E-03  1.448056E-06  2.509686E-03
        43  2.970821E-03 -1.546059E-06  2.890530E-03
        44  3.379304E-03  3.457286E-06  3.380900E-03
        45  3.695517E-03  1.741421E-05  3.903345E-03
        46  3.876804E-03  3.547714E-05  4.340169E-03
        47 -1.662498E-03  6.087366E-06 -2.040713E-03
        48 -2.002356E-03  1.317701E-07 -2.208276E-03
        49 -2.469114E-03 -5.990412E-06 -2.465377E-03
        50 -2.963682E-03 -8.991997E-06 -2.852775E-03
        51 -3.401008E-03 -3.793949E-06 -3.355861E-03
        52 -3.714554E-03  1.048414E-05 -3.890449E-03
        53 -3.850837E-03  2.876648E-05 -4.325401E-03
        54 -1.854454E-03 -7.579992E-06  2.171387E-03
        55 -2.376068E-03 -2.084125E-05  2.504895E-03
        56 -2.980637E-03 -3.203466E-05  2.935827E-03
        57 -3.562353E-03 -3.637537E-05  3.404914E-03
        58 -4.019613E-03 -3.229953E-05  3.852181E-03
        59 -4.260196E-03 -2.279214E-05  4.222194E-03
        60 -4.215123E-03 -1.276600E-05  4.471959E-03
        61  4.068188E-03 -2.131819E-05 -4.666571E-03
        62  3.959019E-03 -2.518518E-05 -5.248227E-03
        63  4.285515E-03 -1.252484E-06 -6.025919E-03
        64  2.753087E-03  2.481088E-05  5.158045E-03
        65  2.215181E-03  1.095167E-05  6.122424E-03
        66  3.039442E-03  2.423461E-05  6.682283E-03
        67 -3.217980E-03  2.253844E-05 -4.894886E-03
        68 -2.624397E-03  6.960206E-06 -5.810007E-03
        69 -3.075250E-03  2.143661E-05 -6.531368E-03
        70 -3.796589E-03 -1.108713E-05  4.865954E-03
        71 -3.719061E-03 -1.823071E-05  5.416071E-03
        72 -4.220162E-03 -1.482956E-06  6.010522E-03
        73 -9.777025E-07 -2.007833E-09 -6.777128E-07
        74 -1.139872E-06  2.008903E-10 -7.890969E-07
        75  8.530023E-08 -1.845122E-08  9.750922E-08
        76 -2.949294E-08 -2.026089E-08 -2.594316E-08
        77  4.145963E-04  3.178492E-07  5.894523E-05
        78 -4.173259E-04  8.524931E-06 -1.459671E-05
        79 -4.537786E-05 -2.900596E-06 -5.089209E-04
        80  1.562553E-05  2.912717E-06  4.934610E-04
        81  7.580557E-04  8.973070E-06 -1.963485E-05
        82 -8.398356E-04  2.406330E-06  1.430603E-05
        83 -4.687075E-05  2.409399E-06 -1.045003E-03
        84 -7.223315E-05  5.959223E-06  1.033784E-03
        85  1.500439E-03  3.582710E-06  4.801184E-05
        86 -1.520787E-03  8.573102E-06  4.196688E-05
        87 -1.481648E-05  3.859303E-06 -1.901799E-03
        88 -1.469382E-05  1.135998E-05  1.972966E-03
        89  3.841866E-03 -8.736539E-05  5.569440E-05
        90 -3.904036E-03  2.205499E-05  1.579016E-05
        91 -2.566527E-05  3.119636E-06 -4.539007E-03
        92  2.168820E-06  2.014152E-06  4.606821E-03
        93  5.005093E-03  2.576728E-05 -6.249552E-05
        94 -4.998447E-03  4.871716E-05 -3.818517E-05
        95 -7.319756E-05  6.743311E-05 -6.000035E-03
        96 -9.630145E-05  8.590526E-05  5.996969E-03
        97 -7.311907E-05 -1.139022E-05 -2.580322E-04
        98  2.865402E-05  1.382266E-06 -2.685402E-04
        99 -6.468133E-05  1.149731E-05  2.286634E-04
       100  1.278407E-04 -4.221110E-06  2.256926E-04
       101  1.918987E-04  8.147538E-06  1.664279E-04
       102  1.881722E-04 -4.847465E-06 -1.763540E-04
       103 -1.902763E-04  1.224378E-05  1.551421E-04
       104 -1.658368E-04 -1.970742E-06 -1.750246E-04
       105 -4.268432E-05 -2.581147E-05 -6.925970E-04
       106  2.195139E-05  2.581760E-05 -7.109671E-04
       107 -3.560777E-05  2.918017E-05  6.724321E-04
       108  9.101979E-05 -1.819311E-05  6.668222E-04
       109  6.607347E-04 -1.379273E-05  2.048951E-04
       110  6.676093E-04  1.870603E-05 -1.614461E-04
       111 -6.036668E-04  7.699946E-06  1.523842E-04
       112 -5.893224E-04  3.815101E-06 -1.747850E-04
       113  4.999593E-04  5.324079E-05 -1.603934E-03
       114  4.052420E-04  1.502440E-04 -2.274843E-03
       115 -2.389214E-04  8.782068E-05 -2.110643E-03
       116 -7.516565E-04 -3.397219E-05 -1.547661E-03
       117 -7.181133E-04 -1.077206E-04 -2.100284E-03
       118  1.789702E-05 -5.223910E-05 -1.993963E-03
       119  3.952100E-04 -6.352502E-05  1.729379E-03
       120  9.499827E-05 -1.836369E-04  2.533713E-03
       121 -4.734292E-04 -1.058203E-04  2.301480E-03
       122 -7.325649E-04  7.590093E-05  1.710561E-03
       123 -5.375436E-04  1.825293E-04  2.441261E-03
       124  1.945212E-04  1.075841E-04  2.229702E-03
       125  1.583714E-04  1.944813E-04 -6.708583E-04
       126 -2.132510E-04  3.182201E-04  2.020486E-06
       127  6.122826E-04  1.632498E-04  9.899087E-04
       128  1.927591E-04 -1.738620E-04  7.425450E-04
       129 -1.824707E-04 -2.985081E-04  1.445809E-04
       130  6.074086E-04 -1.513243E-04 -8.470850E-04
       131 -4.726957E-04 -1.217475E-04 -8.241378E-04
       132 -2.354244E-04 -2.114592E-04 -1.871470E-04
       133 -9.047626E-04 -9.089218E-05  8.966357E-04
       134 -5.190360E-04  1.205372E-04  9.145118E-04
       135 -2.714038E-04  2.141747E-04  3.212910E-04
       136 -8.939424E-04  1.044977E-04 -7.920678E-04
       137  1.480226E-03  7.791864E-05 -2.565678E-03
       138  1.873874E-03  4.421309E-04 -4.920792E-03
       139  2.420912E-03  9.698077E-04 -8.051838E-03
       140  2.181081E-03  1.249455E-03 -9.589922E-03
       141  8.557613E-04  1.056342E-03 -8.733604E-03
       142 -1.143778E-03  5.027235E-04 -6.355783E-03
       143 -2.797938E-03  9.962635E-05 -4.751085E-03
       144 -1.264690E-03 -6.666490E-05 -2.557975E-03
       145 -4.202838E-04 -4.281960E-04 -4.893529E-03
       146  8.503362E-04 -9.494171E-04 -7.994752E-03
       147  1.718078E-03 -1.226241E-03 -9.522438E-03
       148  1.957261E-03 -1.040965E-03 -8.708261E-03
       149  1.961674E-03 -5.028760E-04 -6.402783E-03
       150  2.616556E-03 -9.894775E-05 -4.798650E-03
       151  1.263951E-03 -7.110707E-05  2.678012E-03
       152  2.688207E-04 -4.508489E-04  5.129357E-03
       153 -1.284793E-03 -9.888818E-04  8.320079E-03
       154 -2.408044E-03 -1.272768E-03  9.880206E-03
       155 -2.745630E-03 -1.077033E-03  9.010864E-03
       156 -2.629409E-03 -5.107521E-04  6.578081E-03
       157 -2.976914E-03 -8.474361E-05  4.874275E-03
       158 -1.297249E-03  8.607711E-05  2.654951E-03
       159 -1.393443E-03  4.483264E-04  5.002009E-03
       160 -1.622910E-03  9.585844E-04  8.037668E-03
       161 -1.176302E-03  1.218958E-03  9.479090E-03
       162  1.427594E-04  1.019772E-03  8.598082E-03
       163  1.895710E-03  4.790286E-04  6.280785E-03
       164  3.124583E-03  9.264752E-05  4.748849E-03
       165  1.391641E-03  3.973402E-05 -1.382304E-03
       166 -9.411122E-04  7.120393E-04 -4.247839E-04
       167 -4.693004E-03  1.730665E-03  9.659334E-04
       168 -6.147289E-03  2.107510E-03  2.136784E-03
       169 -3.915112E-03  1.607022E-03  2.778252E-03
       170  6.504189E-04  6.503813E-04  3.057293E-03
       171  3.613980E-03  7.419384E-05  3.624611E-03
       172  1.398307E-03 -2.348047E-05  1.458644E-03
       173 -7.049951E-04 -6.307923E-04  1.402107E-03
       174 -4.164114E-03 -1.570379E-03  1.703233E-03
       175 -5.732108E-03 -1.975143E-03  1.375233E-03
       176 -4.053071E-03 -1.601478E-03  5.317971E-05
       177 -6.230316E-05 -7.666740E-04 -1.921228E-03
       178  3.046521E-03 -1.598917E-04 -3.529026E-03
       179 -1.347965E-03 -5.055786E-05 -1.509184E-03
       180  8.614862E-04 -6.875942E-04 -1.324618E-03
       181  4.379229E-03 -1.642501E-03 -1.239728E-03
       182  5.733587E-03 -1.993534E-03 -7.199698E-04
       183  3.621528E-03 -1.519800E-03  4.546712E-04
       184 -6.976556E-04 -6.147041E-04  2.079341E-03
       185 -3.549396E-03 -5.952797E-05  3.513730E-03
       186 -1.358277E-03  6.044929E-05  1.550878E-03
       187  7.774752E-04  6.782828E-04  4.152469E-04
       188  4.255594E-03  1.623446E-03 -1.436051E-03
       189  5.739124E-03  2.007829E-03 -2.866180E-03
       190  3.874857E-03  1.592091E-03 -3.393889E-03
       191 -2.864575E-04  7.218918E-04 -3.303594E-03
       192 -3.323936E-03  1.292812E-04 -3.604828E-03
       193  2.691203E-03  9.010655E-05 -5.461885E-03
       194  2.053338E-03  4.556176E-04 -7.629955E-03
       195 -4.183080E-04  4.587620E-04 -7.770075E-03
       196 -2.247721E-03 -1.279370E-04 -5.791235E-03
       197 -1.260238E-03 -4.141252E-04 -7.506695E-03
       198  8.855625E-04 -3.122922E-04 -7.167508E-03
       199  1.843300E-03 -8.767407E-05  5.654798E-03
       200  7.987501E-04 -3.387679E-04  7.181702E-03
       201 -1.120250E-03 -2.770075E-04  7.019700E-03
       202 -2.276707E-03  1.208480E-04  5.623831E-03
       203 -1.742489E-03  4.687590E-04  7.697390E-03
       204  3.711701E-04  4.502946E-04  7.740200E-03
       205  2.440188E-03  4.003531E-04 -1.546860E-03
       206  1.321517E-03  7.135021E-04  1.893686E-03
       207  2.949166E-03  3.763208E-04  4.564813E-03
       208  2.420778E-03 -3.913920E-04  2.206182E-03
       209  1.540082E-03 -6.516191E-04 -8.261867E-04
       210  3.028261E-03 -3.526530E-04 -3.890728E-03
       211 -2.674752E-03 -3.418575E-04 -2.016092E-03
       212 -1.727937E-03 -6.169212E-04  8.994349E-04
       213 -3.098313E-03 -3.415084E-04  3.809516E-03
       214 -3.074300E-03  2.566091E-04  2.011695E-03
       215 -2.120608E-03  5.326644E-04 -1.475916E-03
       216 -2.965602E-03  3.687711E-04 -4.585691E-03

 forces (fx,fy,fz) for set RIGHT and time  0.1000000E+01

        21  1.713756E+03  2.678565E+02 -2.192993E+03
        22  7.322447E+02  1.318310E+02  2.443554E+03
        23 -1.883570E+03  3.840966E+02 -1.226694E+02
        24 -5.444997E+02  1.200282E+02 -1.402692E+02

 internal energy (element, energy) for set ALL and time  0.1000000E+01

         1  4.502414E-03
         2  6.534778E-03
         3  5.013838E-03
         4  7.869525E-03
         5  6.391560E-03
         6  9.655552E-03
         7  3.611396E-03
         8  3.161365E-03
         9  5.901786E-04
        10  1.451143E-03
        11  6.203600E-03
        12  1.626684E-03
        13  8.276859E-03
        14  3.141173E-03
        15  1.703493E-03
        16  2.077770E-03
        17  1.222026E-02
        18  7.879206E-03
        19  9.541344E-03
        20  7.465443E-03
        21  3.599970E-03
        22  2.735356E-03
        23  2.152553E-03
        24  2.229990E-03
        25  2.474228E-03
        26  2.667376E-03
        27  3.117851E-03
        28  8.392852E-03
        29  2.915507E-03
        30  3.111062E-03
        31  3.005383E-03
        32  3.051962E-03
        33  2.972829E-03
        34  3.354412E-03
        35  5.350923E-03
        36  8.821313E-03
        37  4.208009E-03
        38  3.684525E-03
        39  3.312499E-03
        40  3.299282E-03
        41  3.340602E-03
        42  3.957531E-03
        43  7.267190E-03
        44  9.785494E-03
        45  4.872286E-03
        46  3.451422E-03
        47  2.647570E-03
        48  2.485841E-03
        49  2.677284E-03
        50  3.328388E-03
        51  4.265281E-03
        52  3.505806E-03
        53  1.140511E-02
        54  1.310828E-02
        55  3.826287E-02
        56  3.206527E-02
        57  8.527539E-03
        58  8.701462E-03
        59  1.835059E-02
        60  1.972174E-02
        61  7.338542E-03
        62  5.423313E-03
        63  1.984452E-02
        64  2.575782E-02
        65  8.364040E-03
        66  5.755870E-03
        67  1.680022E-02
        68  2.054214E-02
        69  9.789251E-04
        70  1.291890E-03
        71  1.521538E-03
        72  1.540221E-03
        73  6.801037E-04
        74  1.027036E-03
        75  9.623523E-04
        76  1.066266E-03
        77  4.803975E-04
        78  2.349895E-03
        79  3.069012E-03
        80  1.358483E-03
        81  9.037933E-04
        82  1.811145E-03
        83  3.353127E-03
        84  1.461867E-03
        85  1.407679E-02
        86  1.211833E-02
        87  2.083766E-02
        88  2.480784E-02
        89  1.104168E-02
        90  1.240244E-02
        91  7.544005E-03
        92  1.193051E-02
        93  1.053194E-02
        94  1.140686E-02
        95  2.546731E-03
        96  2.601893E-03
        97  4.725498E-03
        98  6.166036E-03
        99  5.298853E-03
       100  5.429483E-03
       101  7.433705E-03
       102  8.669406E-03
       103  1.035382E-02
       104  8.888642E-03
       105  8.225353E-03
       106  5.388511E-03
       107  6.391573E-03
       108  4.099219E-03
       109  8.321821E-02
       110  8.024551E-02
       111  8.358643E-02
       112  6.730079E-02
       113  3.923933E-02
       114  6.300360E-02
       115  6.928950E-02
       116  5.188394E-02
       117  1.525879E-01
       118  9.826996E-02
       119  1.226181E-01
       120  1.276626E-01
       121  1.232337E-01
       122  1.219905E-01
       123  9.188170E-02
       124  1.262447E-01
       125  1.772262E-01
       126  1.071930E-01
       127  1.523860E-01
       128  1.112091E-01
       129  9.791604E-02
       130  1.794746E-01
       131  9.729789E-02
       132  1.693127E-01
       133  1.389200E-01
       134  9.513261E-02
       135  1.620483E-01
       136  1.033208E-01
       137  1.387674E-01
       138  1.404643E-01
       139  1.194546E-01
       140  1.217992E-01
       141  1.568421E-01
       142  1.405639E-01
       143  1.667729E-01
       144  1.111149E-01
       145  1.118843E-01
       146  1.608207E-01
       147  1.243908E-01
       148  1.767033E-01
       149  1.037388E-01
       150  9.023029E-02
       151  1.007159E-01
       152  1.141506E-01
       153  1.273146E-01
       154  1.012230E-01
       155  1.312368E-01
       156  1.110474E-01
       157  1.183996E-01
       158  8.473320E-02
       159  1.019083E-01
       160  1.361546E-01
       161  1.220974E-01
       162  8.615135E-02
       163  1.024252E-01
       164  1.368037E-01
       165  1.460022E-01
       166  1.011507E-01
       167  9.361321E-02
       168  1.190726E-01
       169  1.427957E-01
       170  9.642813E-02
       171  9.156010E-02
       172  1.153362E-01
       173  1.325319E-01
       174  1.065231E-01
       175  9.680812E-02
       176  1.117119E-01
       177  1.311869E-01
       178  1.175706E-01
       179  1.046174E-01
       180  1.181628E-01
       181  1.875490E-01
       182  2.311851E-01
       183  7.221754E-02
       184  2.081329E-01
       185  2.117406E-01
       186  6.640787E-02
       187  2.234370E-01
       188  9.409421E-02
       189  2.050362E-01
       190  2.447411E-01
       191  7.949388E-02
       192  2.205110E-01
       193  2.255262E-01
       194  7.211284E-02
       195  2.311632E-01
       196  1.093745E-01
       197  2.174432E-01
       198  2.205165E-01
       199  6.421519E-02
       200  2.026425E-01
       201  2.062433E-01
       202  5.822505E-02
       203  2.099871E-01
       204  1.337001E-01
       205  2.195010E-01
       206  2.240038E-01
       207  7.052093E-02
       208  2.111321E-01
       209  2.098077E-01
       210  5.959077E-02
       211  2.359280E-01
       212  1.253285E-01
       213  1.462971E-01
       214  3.381847E-01
       215  7.042150E-02
       216  2.812289E-01
       217  2.730568E-01
       218  6.593522E-02
       219  4.040406E-01
       220  2.234830E-01
       221  1.386349E-01
       222  3.111642E-01
       223  5.664196E-02
       224  2.384560E-01
       225  2.544498E-01
       226  7.537425E-02
       227  2.662763E-01
       228  2.416454E-01
       229  1.098449E-01
       230  2.947931E-01
       231  6.907029E-02
       232  2.573231E-01
       233  2.509105E-01
       234  6.785357E-02
       235  3.496639E-01
       236  1.747981E-01
       237  1.102772E-01
       238  3.302987E-01
       239  7.446561E-02
       240  2.718275E-01
       241  2.792966E-01
       242  8.668199E-02
       243  3.261293E-01
       244  2.388831E-01
       245  1.974291E-01
       246  1.451698E-01
       247  1.947624E-01
       248  1.026086E-01
       249  2.172449E-01
       250  1.244965E-01
       251  1.711294E-01
       252  1.365905E-01
       253  1.756524E-01
       254  1.208729E-01
       255  1.707169E-01
       256  1.409570E-01
       257  2.128685E-01
       258  1.544409E-01
       259  1.914257E-01
       260  1.070122E-01
       261  2.116552E-01
       262  1.300214E-01
       263  8.802604E-02
       264  1.129064E-01
       265  2.039958E-01
       266  1.471617E-01
       267  1.448705E-01
       268  1.806199E-01
       269  2.009404E-01
       270  1.500960E-01
       271  1.380318E-01
       272  1.402614E-01
       273  1.328105E-01
       274  1.320614E-01
       275  1.189767E-01
       276  1.189088E-01

 total internal energy for set ALL and time  0.1000000E+01

        2.604202E+01
