
                        S T E P       1


                                INCREMENT     1


 displacements (vx,vy,vz) for set NALL and time  0.1000000E+01

         1  6.617445E-25  1.323489E-24  6.617445E-25
         2 -1.323489E-24  0.000000E+00  1.323489E-24
         3  0.000000E+00  6.617445E-25  1.164670E-22
         4  0.000000E+00 -6.617445E-25  4.830735E-23
         5  3.081761E-03  5.055461E-06 -3.605968E-03
         6  3.087983E-03  2.092532E-05  3.611314E-03
         7 -2.931942E-03  3.168164E-05 -3.595938E-03
         8 -2.925653E-03 -5.345562E-06  3.611681E-03
         9  3.623535E-03 -1.525065E-05 -4.315194E-03
        10  3.623693E-03  1.220268E-05  4.333754E-03
        11 -3.533577E-03 -3.903811E-06 -4.314320E-03
        12 -3.533896E-03 -8.932190E-08  4.333832E-03
        13  4.287880E-03 -2.050579E-07 -5.151139E-03
        14  4.286511E-03  4.385759E-06  5.155194E-03
        15 -4.305428E-03 -3.091990E-06 -5.151623E-03
        16 -4.306164E-03  6.155576E-06  5.156189E-03
        17  4.580048E-03 -2.226013E-06 -5.500260E-03
        18  4.581607E-03  1.146352E-06  5.492897E-03
        19 -4.580582E-03  6.560106E-07 -5.501817E-03
        20 -4.580943E-03 -1.923089E-06  5.494908E-03
        21  5.000000E-03  0.000000E+00 -6.000000E-03
        22  5.000000E-03  0.000000E+00  6.000000E-03
        23 -5.000000E-03  2.117582E-23 -6.000000E-03
        24 -5.000000E-03 -1.694066E-21  6.000000E-03
        25  2.261391E-04 -2.148981E-05 -4.466642E-04
        26  1.452746E-03 -4.439577E-05 -1.634957E-03
        27  2.846132E-03 -2.329558E-05 -2.968876E-03
        28  1.626633E-04 -1.465773E-05  3.658593E-04
        29  8.627904E-04 -3.528296E-05  1.424602E-03
        30  2.147619E-03 -8.812728E-06  2.844232E-03
        31 -4.050795E-04 -1.121001E-05 -2.455842E-04
        32 -1.328454E-03 -2.974843E-05 -1.262252E-03
        33 -2.286017E-03 -7.552591E-07 -2.798149E-03
        34 -4.154542E-04 -2.026474E-05  4.934749E-04
        35 -1.591526E-03 -4.656448E-05  1.730979E-03
        36 -2.722489E-03 -2.328638E-05  3.020601E-03
        37  4.214886E-03 -1.727294E-05 -4.443196E-03
        38  4.581599E-03 -1.918669E-05 -4.545883E-03
        39  4.591679E-03 -1.304281E-05 -4.864162E-03
        40  3.411758E-03  1.415725E-07  4.603322E-03
        41  3.397067E-03 -3.825344E-06  4.847434E-03
        42  3.709824E-03 -3.668310E-07  5.021484E-03
        43 -3.350851E-03 -1.067283E-05 -4.527070E-03
        44 -3.362003E-03 -1.507573E-05 -4.729153E-03
        45 -3.718923E-03 -1.124086E-05 -4.963411E-03
        46 -4.142188E-03 -7.602307E-06  4.496505E-03
        47 -4.518496E-03 -9.218695E-06  4.641179E-03
        48 -4.588764E-03 -3.304522E-06  4.921369E-03
        49  5.414174E-03 -8.556399E-06 -5.664760E-03
        50  4.027820E-03 -6.949060E-06  5.658169E-03
        51 -4.027689E-03 -6.796170E-06 -5.667312E-03
        52 -5.419133E-03 -8.431417E-06  5.662280E-03
        53  2.370954E-06  1.422971E-08  1.647254E-06
        54 -1.171467E-06 -1.921180E-09 -8.118288E-07
        55  1.050816E-06  3.907638E-09  1.133775E-06
        56 -1.445811E-06  1.808945E-08 -1.566798E-06
        57  3.625616E-03  5.407529E-07  1.251358E-05
        58 -3.532064E-03 -2.197850E-06 -9.894218E-06
        59  3.485619E-05 -9.855702E-06 -4.314280E-03
        60  5.481138E-05  5.705961E-06  4.334303E-03
        61  4.287728E-03  1.952102E-06  1.871162E-05
        62 -4.305545E-03  2.337935E-06 -1.461561E-05
        63 -2.204213E-05 -2.774468E-06 -5.151053E-03
        64  4.636484E-06  6.075240E-06  5.155984E-03
        65  4.999591E-03 -1.586982E-05 -3.052505E-03
        66  4.999789E-03 -7.585529E-07  2.199230E-05
        67  4.999557E-03  1.511183E-05  3.084966E-03
        68 -5.000434E-03  1.604302E-05 -3.086968E-03
        69 -5.000203E-03  1.973755E-08 -2.165690E-05
        70 -5.000399E-03 -1.574978E-05  3.054942E-03
        71  2.546040E-03  1.693612E-05 -6.000538E-03
        72 -1.687110E-05  2.260077E-06 -6.000350E-03
        73 -2.571638E-03 -1.438029E-05 -6.000723E-03
        74  2.569716E-03 -1.638826E-05  5.999255E-03
        75  1.565396E-05  1.548916E-08  5.999654E-03
        76 -2.545371E-03  1.587812E-05  5.999488E-03
        77  4.284507E-05  1.329713E-04 -1.015410E-03
        78  8.213219E-04  6.764945E-04 -4.523737E-03
        79  2.160773E-03  1.409925E-03 -8.871670E-03
        80  2.620094E-03  1.778133E-03 -1.089985E-02
        81  1.680985E-03  1.486731E-03 -9.597558E-03
        82 -2.408991E-04  7.003519E-04 -6.216380E-03
        83 -1.894572E-03  1.297889E-04 -3.940384E-03
        84  3.483495E-04 -1.769339E-04 -1.306920E-03
        85  1.400559E-03 -7.698275E-04 -5.130584E-03
        86  2.624798E-03 -1.489392E-03 -9.402496E-03
        87  3.109138E-03 -1.818311E-03 -1.122867E-02
        88  2.637002E-03 -1.493059E-03 -9.768788E-03
        89  1.855101E-03 -6.941074E-04 -6.335743E-03
        90  2.048571E-03 -1.095613E-04 -4.004760E-03
        91 -3.991135E-04 -1.642716E-04  1.223359E-03
        92 -1.688480E-03 -7.483514E-04  4.977068E-03
        93 -3.194511E-03 -1.483749E-03  9.333743E-03
        94 -3.830062E-03 -1.837790E-03  1.128423E-02
        95 -3.302920E-03 -1.529518E-03  9.898089E-03
        96 -2.259534E-03 -7.251795E-04  6.436734E-03
        97 -2.105169E-03 -1.267123E-04  4.036060E-03
        98  5.678517E-05  1.476481E-04  1.115546E-03
        99 -5.353242E-04  7.024964E-04  4.702743E-03
       100 -1.562693E-03  1.420787E-03  8.968004E-03
       101 -1.772831E-03  1.770654E-03  1.090494E-02
       102 -7.951927E-04  1.477031E-03  9.596724E-03
       103  9.276376E-04  7.060639E-04  6.287340E-03
       104  2.246687E-03  1.337338E-04  4.008118E-03
       105 -6.342834E-04  1.978177E-04  1.329476E-04
       106 -3.671517E-03  1.070094E-03  7.378407E-04
       107 -7.831718E-03  2.198820E-03  1.789817E-03
       108 -9.258268E-03  2.569662E-03  2.616809E-03
       109 -6.549108E-03  1.960209E-03  2.884067E-03
       110 -1.240248E-03  8.464015E-04  2.771742E-03
       111  2.388075E-03  1.389200E-04  2.967724E-03
       112 -5.155518E-04 -1.613598E-04  1.454783E-05
       113 -3.215561E-03 -9.401658E-04  5.881788E-04
       114 -7.103915E-03 -1.995961E-03  1.489550E-03
       115 -8.645790E-03 -2.395973E-03  1.605784E-03
       116 -6.418661E-03 -1.897681E-03  5.371826E-04
       117 -1.591275E-03 -8.867644E-04 -1.317037E-03
       118  2.116866E-03 -1.620551E-04 -2.790670E-03
       119  5.159777E-04 -1.612392E-04 -1.001837E-04
       120  3.287290E-03 -9.586729E-04 -4.638583E-04
       121  7.216778E-03 -2.024862E-03 -8.843204E-04
       122  8.589913E-03 -2.381835E-03 -7.688393E-04
       123  6.049012E-03 -1.810516E-03  1.143984E-04
       124  1.048424E-03 -7.617967E-04  1.527803E-03
       125 -2.318504E-03 -1.052105E-04  2.753603E-03
       126  5.304332E-04  1.656850E-04  1.330973E-05
       127  3.284629E-03  9.603033E-04 -7.610068E-04
       128  7.217341E-03  2.028646E-03 -2.317804E-03
       129  8.712081E-03  2.417515E-03 -3.421457E-03
       130  6.352966E-03  1.889413E-03 -3.539487E-03
       131  1.427983E-03  8.585350E-04 -2.999733E-03
       132 -2.137936E-03  1.623363E-04 -2.930225E-03
       133  2.568944E-03  3.832520E-05 -3.855751E-03
       134  2.227242E-03  1.594119E-04 -4.635565E-03
       135  1.938793E-03  3.175841E-04 -5.575883E-03
       136  1.358517E-03  3.869540E-04 -5.962193E-03
       137  3.563944E-04  3.042582E-04 -5.588083E-03
       138 -9.640330E-04  1.146010E-04 -4.772523E-03
       139 -2.293867E-03 -6.268330E-06 -4.290565E-03
       140 -2.303572E-03  6.158577E-06 -3.790235E-03
       141 -1.538711E-03 -7.611742E-05 -4.321962E-03
       142 -7.302739E-04 -1.790778E-04 -4.934144E-03
       143  1.714337E-05 -2.264887E-04 -5.197990E-03
       144  7.017992E-04 -1.807515E-04 -4.993713E-03
       145  1.439331E-03 -7.190231E-05 -4.526924E-03
       146  2.430436E-03 -4.935654E-06 -4.264404E-03
       147  2.513468E-03 -2.926989E-06  3.797330E-03
       148  1.763464E-03 -1.001150E-04  4.425792E-03
       149  8.710935E-04 -2.360148E-04  5.233006E-03
       150  4.972860E-05 -3.027347E-04  5.602051E-03
       151 -6.480819E-04 -2.437425E-04  5.337884E-03
       152 -1.346642E-03 -9.348748E-05  4.692747E-03
       153 -2.316273E-03  4.467020E-06  4.302968E-03
       154 -2.359472E-03  2.145974E-05  3.820544E-03
       155 -1.921794E-03  1.221344E-04  4.472167E-03
       156 -1.537922E-03  2.559152E-04  5.269351E-03
       157 -9.250010E-04  3.165110E-04  5.608005E-03
       158  2.036968E-05  2.511407E-04  5.315227E-03
       159  1.220137E-03  9.889568E-05  4.662470E-03
       160  2.439886E-03  4.105447E-06  4.288815E-03
       161  2.933164E-03  5.041443E-05 -2.528375E-03
       162  2.362287E-03  2.143667E-04 -1.413813E-03
       163  1.668262E-03  4.023501E-04 -2.911974E-04
       164  1.433468E-03  4.632689E-04  7.400795E-04
       165  1.878083E-03  3.631058E-04  1.641567E-03
       166  2.761007E-03  1.776879E-04  2.465297E-03
       167  3.415578E-03  4.967106E-05  3.353685E-03
       168  3.018363E-03 -2.755140E-06  2.582581E-03
       169  2.427814E-03 -1.730761E-04  1.706507E-03
       170  1.496762E-03 -4.258803E-04  9.723674E-04
       171  1.074394E-03 -5.348357E-04  1.206539E-04
       172  1.513744E-03 -4.370854E-04 -9.546463E-04
       173  2.562468E-03 -2.177112E-04 -2.180978E-03
       174  3.375488E-03 -5.908179E-05 -3.317502E-03
       175 -2.823390E-03 -2.345890E-06 -2.613593E-03
       176 -2.149165E-03 -1.959644E-04 -1.724516E-03
       177 -1.151725E-03 -4.663966E-04 -8.937342E-04
       178 -7.404688E-04 -5.723870E-04  1.444641E-05
       179 -1.266011E-03 -4.546224E-04  1.060849E-03
       180 -2.418812E-03 -2.128955E-04  2.206286E-03
       181 -3.272074E-03 -4.634756E-05  3.309082E-03
       182 -2.869620E-03  1.381910E-05  2.568730E-03
       183 -2.361168E-03  1.608302E-04  1.410564E-03
       184 -1.551760E-03  3.807047E-04  1.601888E-04
       185 -1.202991E-03  4.709777E-04 -9.361449E-04
       186 -1.627080E-03  3.764414E-04 -1.790056E-03
       187 -2.581586E-03  1.767207E-04 -2.498264E-03
       188 -3.298869E-03  3.711905E-05 -3.328268E-03

 forces (fx,fy,fz) for set RIGHT and time  0.1000000E+01

        21  1.600386E+03  1.831644E+02 -1.368657E+03
        22  1.571178E+03 -5.164365E+02  1.276036E+03
        23 -1.601483E+03 -1.246280E+02 -1.352119E+03
        24 -1.563607E+03 -3.030600E+02  1.429085E+03

 internal energy (element, energy) for set ALL and time  0.1000000E+01

         1  2.223346E-02
         2  2.127350E-02
         3  1.569665E-02
         4  4.304697E-02
         5  1.457049E-02
         6  2.627029E-02
         7  1.216390E-02
         8  2.657694E-02
         9  1.716878E-02
        10  2.068740E-02
        11  2.252966E-02
        12  2.240353E-02
        13  3.525620E-02
        14  4.230242E-02
        15  2.316195E-02
        16  2.264428E-02
        17  1.307274E-01
        18  7.367949E-02
        19  1.726908E-01
        20  5.872126E-02
        21  7.140878E-03
        22  1.212812E-03
        23  1.147793E-03
        24  1.282668E-03
        25  8.181690E-04
        26  8.630210E-04
        27  8.759205E-04
        28  9.818465E-04
        29  4.545801E-03
        30  1.176260E-03
        31  1.098127E-03
        32  9.172166E-04
        33  1.961039E-03
        34  1.010899E-03
        35  1.013411E-03
        36  1.346758E-03
        37  3.126630E-02
        38  2.274390E-02
        39  2.808951E-02
        40  3.692249E-02
        41  2.499478E-04
        42  1.034201E-03
        43  7.890781E-04
        44  8.182298E-04
        45  5.302230E-04
        46  1.060958E-03
        47  2.988237E-04
        48  7.098321E-04
        49  4.433276E-03
        50  9.675902E-03
        51  1.806632E-03
        52  1.444337E-03
        53  2.524098E-03
        54  1.630519E-03
        55  7.386487E-03
        56  1.958771E-03
        57  2.381123E-01
        58  1.630993E-01
        59  1.391515E-01
        60  7.910847E-02
        61  6.210548E-03
        62  3.470050E-03
        63  6.295873E-03
        64  5.057166E-03
        65  6.191572E-03
        66  4.567321E-03
        67  5.312071E-03
        68  6.065076E-03
        69  7.949555E-03
        70  6.578856E-03
        71  7.837074E-03
        72  1.023864E-02
        73  6.938541E-03
        74  5.471399E-03
        75  8.502604E-03
        76  1.074707E-02
        77  1.728273E-02
        78  2.179722E-02
        79  1.537469E-02
        80  1.653783E-02
        81  1.339134E-02
        82  1.650052E-03
        83  2.626791E-03
        84  1.592871E-02
        85  1.263186E-02
        86  2.096769E-03
        87  1.232335E-03
        88  1.040157E-02
        89  1.419766E-02
        90  1.829414E-03
        91  2.509001E-03
        92  1.659446E-02
        93  1.111903E-02
        94  1.743297E-03
        95  1.197403E-03
        96  9.166025E-03
        97  4.373625E-01
        98  4.107849E-01
        99  1.449452E-01
       100  4.053644E-01
       101  3.985492E-01
       102  1.213502E-01
       103  4.226323E-01
       104  1.939320E-01
       105  5.869420E-01
       106  3.573060E-01
       107  1.627575E-01
       108  4.358189E-01
       109  4.053116E-01
       110  1.163488E-01
       111  4.514798E-01
       112  2.180310E-01
       113  4.933628E-01
       114  3.524061E-01
       115  1.363984E-01
       116  3.894264E-01
       117  3.743467E-01
       118  1.043934E-01
       119  3.977961E-01
       120  2.506573E-01
       121  5.173520E-01
       122  3.868155E-01
       123  1.419133E-01
       124  4.125195E-01
       125  3.967411E-01
       126  1.078447E-01
       127  4.222685E-01
       128  2.415962E-01
       129  2.380099E-01
       130  3.462140E-01
       131  9.503520E-02
       132  3.562995E-01
       133  3.328409E-01
       134  7.820394E-02
       135  4.636340E-01
       136  2.602670E-01
       137  1.988426E-01
       138  3.512288E-01
       139  7.961100E-02
       140  3.281950E-01
       141  3.306843E-01
       142  9.343879E-02
       143  3.699645E-01
       144  3.280684E-01
       145  1.699446E-01
       146  3.284297E-01
       147  9.736290E-02
       148  3.359271E-01
       149  3.175542E-01
       150  8.784579E-02
       151  4.329363E-01
       152  2.097550E-01
       153  1.893365E-01
       154  3.769819E-01
       155  1.109874E-01
       156  3.720036E-01
       157  3.646007E-01
       158  1.121559E-01
       159  4.309854E-01
       160  3.117888E-01
       161  2.172154E-02
       162  2.050773E-02
       163  8.026441E-03
       164  2.141140E-02
       165  1.988681E-02
       166  5.789539E-03
       167  2.653849E-02
       168  1.438104E-02
       169  1.393481E-02
       170  7.839646E-03
       171  3.438927E-03
       172  9.132585E-03
       173  8.367093E-03
       174  2.497966E-03
       175  1.237745E-02
       176  4.897023E-03
       177  1.371196E-02
       178  1.480178E-02
       179  4.699465E-03
       180  1.430261E-02
       181  1.391390E-02
       182  4.022586E-03
       183  1.769838E-02
       184  1.096866E-02
       185  1.596610E-02
       186  1.510489E-02
       187  5.889367E-03
       188  1.622931E-02
       189  1.506779E-02
       190  4.136757E-03
       191  2.112279E-02
       192  1.027346E-02
       193  1.249761E-02
       194  9.325512E-03
       195  2.638891E-03
       196  9.671044E-03
       197  8.968576E-03
       198  2.346464E-03
       199  1.085485E-02
       200  6.537873E-03
       201  9.876079E-03
       202  2.113855E-02
       203  4.063041E-03
       204  1.691411E-02
       205  1.785734E-02
       206  5.296188E-03
       207  1.865617E-02
       208  1.365244E-02
       209  1.149754E-02
       210  2.002134E-02
       211  5.353148E-03
       212  1.877302E-02
       213  1.888432E-02
       214  5.705980E-03
       215  2.043713E-02
       216  1.156716E-02
       217  6.099157E-03
       218  1.721622E-02
       219  3.911086E-03
       220  1.446981E-02
       221  1.508932E-02
       222  4.774387E-03
       223  1.565750E-02
       224  1.040411E-02
       225  7.920460E-01
       226  8.532888E-01
       227  7.352060E-01
       228  8.599326E-01
       229  8.619012E-01
       230  8.643188E-01
       231  9.646688E-01
       232  9.153411E-01
       233  1.408348E-01
       234  1.480779E-01
       235  1.284012E-01
       236  1.467737E-01
       237  1.464860E-01
       238  1.594461E-01
       239  1.226561E-01
       240  1.135670E-01
       241  2.957092E-01
       242  3.410692E-01
       243  3.111351E-01
       244  3.238381E-01
       245  3.207132E-01
       246  3.218540E-01
       247  3.398300E-01
       248  3.267442E-01

 total internal energy for set ALL and time  0.1000000E+01

        3.211933E+01
