
                        S T E P       1


                                INCREMENT     1


 displacements (vx,vy,vz) for set NALL and time  0.1000000E+01

         1  0.000000E+00 -1.406207E-24  0.000000E+00
         2  0.000000E+00  1.323489E-24  0.000000E+00
         3  0.000000E+00 -1.323489E-24  2.236696E-22
         4  0.000000E+00 -1.323489E-24  4.281487E-22
         5  8.375373E-04 -9.452710E-06 -1.033037E-03
         6  8.384579E-04  8.356069E-06  9.916994E-04
         7 -8.327015E-04  5.605528E-06 -1.033536E-03
         8 -8.342051E-04  8.733880E-07  9.923592E-04
         9  1.582724E-03 -3.519203E-06 -2.088780E-03
        10  1.584163E-03  1.061887E-05  2.026643E-03
        11 -1.707440E-03  1.135948E-05 -2.088795E-03
        12 -1.707573E-03  4.386036E-06  2.027030E-03
        13  3.226214E-03  8.439928E-08 -3.891589E-03
        14  3.226695E-03 -1.953644E-06  3.960961E-03
        15 -3.111939E-03  1.802136E-06 -3.891914E-03
        16 -3.112477E-03  1.121369E-06  3.962421E-03
        17  4.105020E-03  3.750545E-06 -4.933026E-03
        18  4.105132E-03  1.272305E-06  4.935148E-03
        19 -3.995634E-03  2.394941E-07 -4.932634E-03
        20 -3.995654E-03  3.783695E-06  4.934851E-03
        21  5.000000E-03  0.000000E+00 -6.000000E-03
        22  5.000000E-03  2.117582E-23  6.000000E-03
        23 -5.000000E-03  7.115077E-21 -6.000000E-03
        24 -5.000000E-03 -1.609363E-21  6.000000E-03
        25  3.897601E-04 -2.457294E-05 -5.434700E-04
        26  3.795135E-04 -1.416580E-05  4.476990E-04
        27 -3.385862E-04 -9.008361E-06 -5.282897E-04
        28 -3.913990E-04 -1.276268E-05  4.723215E-04
        29  1.629204E-03 -2.472657E-05 -1.446051E-03
        30  1.256783E-03 -5.411890E-07  1.384228E-03
        31 -1.170363E-03 -9.611514E-06 -1.422606E-03
        32 -1.348697E-03 -1.261250E-05  1.342521E-03
        33  2.337634E-03 -3.758559E-05 -3.091641E-03
        34  1.637972E-03 -2.356003E-05  3.260694E-03
        35 -2.046754E-03 -2.417376E-05 -3.116467E-03
        36 -2.770605E-03 -1.833893E-05  3.263606E-03
        37  4.432837E-03 -1.308558E-05 -4.421677E-03
        38  3.287216E-03 -1.755135E-05  4.351510E-03
        39 -3.007012E-03 -1.517041E-05 -4.413770E-03
        40 -4.038770E-03 -8.786735E-06  4.386872E-03
        41  5.160322E-03 -1.293281E-05 -5.582355E-03
        42  3.814654E-03 -1.333257E-05  5.687659E-03
        43 -3.563203E-03 -1.928904E-05 -5.562669E-03
        44 -4.795095E-03 -1.235609E-05  5.470990E-03
        45 -1.916585E-06 -1.941596E-09 -1.327711E-06
        46 -2.385490E-06 -9.725597E-10 -1.651960E-06
        47  2.100042E-07 -3.896448E-08  2.381772E-07
        48 -1.209964E-07 -3.967861E-08 -1.191056E-07
        49  8.375705E-04 -2.927646E-06  1.002438E-04
        50 -8.348887E-04  1.161415E-05 -4.636304E-05
        51 -8.128777E-05 -6.351528E-06 -1.032465E-03
        52  4.097864E-05 -8.711403E-08  9.925851E-04
        53  1.585094E-03  3.958280E-05 -1.183714E-03
        54  1.584565E-03  1.516495E-05 -4.265948E-05
        55  1.585216E-03 -1.509287E-05  1.103638E-03
        56 -1.708452E-03  1.759492E-05 -1.177452E-03
        57 -1.708027E-03  4.947088E-06  2.018590E-05
        58 -1.708385E-03 -5.915963E-06  1.192666E-03
        59  8.401368E-04  1.092510E-05 -2.089024E-03
        60 -7.732856E-05 -3.164723E-06 -2.089024E-03
        61 -9.877087E-04 -1.461374E-05 -2.089152E-03
        62  8.181665E-04 -1.685208E-05  2.025457E-03
        63 -1.276277E-04  9.881929E-06  2.025968E-03
        64 -1.039464E-03  3.656508E-05  2.025391E-03
        65  3.227768E-03  1.135976E-06  5.446036E-05
        66 -3.113908E-03  1.535995E-05  4.726871E-05
        67  3.699303E-05 -6.488439E-06 -3.890956E-03
        68  3.415551E-05  6.647438E-06  3.960755E-03
        69  4.104267E-03 -7.192673E-06 -2.449498E-03
        70  4.104482E-03  1.867240E-06  2.723909E-05
        71  4.104044E-03  1.289841E-05  2.490238E-03
        72 -3.996772E-03  1.132317E-05 -2.459303E-03
        73 -3.996302E-03 -9.108272E-07  6.309435E-05
        74 -3.996530E-03 -1.004836E-05  2.553885E-03
        75  2.053477E-03 -4.605594E-06 -4.932763E-03
        76  3.146932E-05 -7.332229E-06 -4.932604E-03
        77 -1.979336E-03 -3.724720E-06 -4.932296E-03
        78  2.059182E-03 -8.874147E-07  4.935482E-03
        79  1.377652E-06 -3.689623E-06  4.935180E-03
        80 -2.029955E-03 -1.535042E-06  4.935002E-03
        81  4.999646E-03 -3.825116E-06 -5.878654E-05
        82 -4.999953E-03 -1.731461E-05  1.476671E-04
        83  1.379619E-04 -6.688818E-06 -5.999878E-03
        84 -2.980930E-05  3.782081E-05  5.999502E-03
        85 -1.610067E-04 -2.175192E-05 -5.337902E-04
        86  7.562728E-05  1.169734E-06 -5.511958E-04
        87 -1.132691E-04  2.018320E-05  4.709788E-04
        88  2.596794E-04 -1.173344E-05  4.519947E-04
        89  3.884485E-04  1.350117E-05  3.318663E-04
        90  3.771419E-04 -1.008155E-05 -3.746602E-04
        91 -3.757009E-04  2.314908E-05  3.200663E-04
        92 -3.430463E-04 -7.938737E-06 -3.734622E-04
        93 -1.311717E-04 -5.294007E-05 -1.406814E-03
        94  1.840219E-04  4.060352E-05 -1.471780E-03
        95 -1.422128E-04  5.127284E-05  1.360014E-03
        96  2.630105E-04 -3.381003E-05  1.370021E-03
        97  1.406068E-03 -5.288971E-05  4.534398E-04
        98  1.442203E-03  5.677519E-05 -3.797149E-04
        99 -1.258064E-03  2.622585E-05  3.264524E-04
       100 -1.234669E-03 -9.095774E-06 -3.939684E-04
       101  9.065835E-04  1.234519E-04 -3.278698E-03
       102  6.194952E-04  4.052023E-04 -5.123131E-03
       103 -6.387217E-04  2.943204E-04 -4.871525E-03
       104 -1.430194E-03 -9.530117E-05 -3.202101E-03
       105 -1.099659E-03 -3.235315E-04 -4.759072E-03
       106  4.677584E-04 -2.291022E-04 -4.619348E-03
       107  7.536992E-04 -1.598982E-04  3.483164E-03
       108 -1.166510E-05 -4.765773E-04  5.516430E-03
       109 -1.175979E-03 -3.414544E-04  5.142554E-03
       110 -1.362868E-03  1.736203E-04  3.511124E-03
       111 -7.963388E-04  4.790455E-04  5.500971E-03
       112  7.143829E-04  3.377776E-04  5.124381E-03
       113  2.631373E-04  4.323616E-04 -1.220685E-03
       114 -1.795445E-04  6.013530E-04  3.779972E-04
       115  1.746336E-03  2.308269E-04  2.378612E-03
       116  3.265347E-04 -4.101822E-04  1.352082E-03
       117 -1.276155E-04 -5.851507E-04 -9.725787E-05
       118  1.763683E-03 -2.256436E-04 -2.136855E-03
       119 -8.935496E-04 -2.805377E-04 -1.592965E-03
       120 -6.555710E-04 -4.008067E-04 -7.066579E-05
       121 -2.188174E-03 -1.195089E-04  2.173497E-03
       122 -1.039441E-03  2.522212E-04  1.733026E-03
       123 -7.824679E-04  3.767507E-04  3.400673E-04
       124 -2.145905E-03  1.308794E-04 -1.947635E-03
       125  5.940523E-04 -2.323647E-05 -4.405896E-03
       126 -3.755149E-04  1.566706E-05 -4.451082E-03
       127  5.699263E-04  3.205461E-05  4.359696E-03
       128 -2.616831E-04 -2.339728E-05  4.376360E-03
       129  3.842032E-03 -4.684061E-05  1.041198E-03
       130  3.865069E-03  5.267184E-05 -1.080478E-03
       131 -3.558439E-03  2.724385E-05  1.009971E-03
       132 -3.504101E-03 -1.229258E-05 -9.726965E-04
       133  7.690423E-04 -2.320155E-07 -5.548288E-03
       134 -4.526176E-04 -1.036461E-05 -5.622035E-03
       135  7.524275E-04  1.368901E-05  5.475985E-03
       136 -4.957631E-04  2.650479E-05  5.679831E-03
       137  4.497275E-03  1.484490E-05  1.280876E-03
       138  4.484461E-03 -1.383758E-05 -1.212626E-03
       139 -4.186997E-03 -5.184499E-05  1.040712E-03
       140 -4.249601E-03  4.010853E-05 -8.988825E-04

 forces (fx,fy,fz) for set RIGHT and time  0.1000000E+01

        21  2.531310E+03  1.728263E+02 -2.458390E+03
        22  2.533480E+03  2.644177E+02  3.186939E+03
        23 -2.321618E+03  7.885172E+02 -2.099472E+03
        24 -2.712408E+03 -7.035031E+02  1.326647E+03

 internal energy (element, energy) for set ALL and time  0.1000000E+01

         1  1.864201E-02
         2  2.652256E-02
         3  1.982468E-02
         4  3.062989E-02
         5  2.556043E-02
         6  3.411597E-02
         7  1.500673E-02
         8  1.358485E-02
         9  2.460612E-03
        10  5.171310E-03
        11  2.626695E-02
        12  7.552427E-03
        13  2.594820E-02
        14  1.447502E-02
        15  3.102139E-03
        16  4.294221E-03
        17  2.707905E-02
        18  3.518057E-02
        19  1.455627E-02
        20  1.603852E-02
        21  2.526864E-02
        22  2.753334E-02
        23  3.372396E-02
        24  2.902764E-02
        25  1.904117E-03
        26  3.214168E-03
        27  4.764535E-03
        28  1.472080E-02
        29  1.323288E-02
        30  1.292575E-02
        31  1.160900E-02
        32  4.498033E-03
        33  2.228061E-02
        34  3.358632E-02
        35  4.473230E-02
        36  5.446093E-02
        37  3.199980E-02
        38  3.990892E-02
        39  1.014134E-02
        40  2.369331E-02
        41  4.028960E-03
        42  4.645723E-03
        43  6.921487E-03
        44  6.494009E-03
        45  2.932933E-03
        46  4.723423E-03
        47  3.448589E-03
        48  4.372871E-03
        49  1.143455E-03
        50  1.021836E-02
        51  1.188373E-02
        52  4.468538E-03
        53  2.210799E-03
        54  6.806434E-03
        55  1.266662E-02
        56  4.518259E-03
        57  3.163701E-02
        58  4.488658E-03
        59  3.981290E-03
        60  2.911117E-02
        61  5.444094E-02
        62  6.304891E-03
        63  1.051902E-02
        64  6.580676E-02
        65  3.255149E-02
        66  4.247557E-03
        67  5.409558E-03
        68  3.746067E-02
        69  2.658605E-02
        70  2.272076E-03
        71  7.540573E-03
        72  4.091776E-02
        73  3.866457E-02
        74  3.376263E-02
        75  3.134439E-02
        76  2.706375E-02
        77  5.768119E-02
        78  5.058135E-02
        79  4.071379E-02
        80  3.945274E-02
        81  3.784436E-04
        82  5.218047E-05
        83  2.269018E-04
        84  1.955473E-03
        85  3.692758E-03
        86  1.827794E-04
        87  1.406279E-03
        88  5.769718E-03
        89  8.625402E-04
        90  3.032312E-04
        91  1.736330E-04
        92  1.578590E-03
        93  1.639640E-03
        94  1.905246E-04
        95  1.032866E-03
        96  3.092183E-03
        97  7.379354E-02
        98  5.354069E-02
        99  1.561619E-02
       100  3.331957E-02
       101  3.540126E-02
       102  9.863744E-03
       103  5.249410E-02
       104  5.676885E-02
       105  6.300214E-01
       106  4.131124E-01
       107  4.999436E-01
       108  5.198065E-01
       109  4.888829E-01
       110  4.888670E-01
       111  3.960721E-01
       112  5.381772E-01
       113  6.937076E-01
       114  4.139397E-01
       115  6.117491E-01
       116  4.537205E-01
       117  3.964706E-01
       118  7.276355E-01
       119  3.835879E-01
       120  6.719517E-01
       121  5.746601E-01
       122  4.217119E-01
       123  6.157602E-01
       124  4.883361E-01
       125  5.565061E-01
       126  5.492734E-01
       127  4.967002E-01
       128  5.628959E-01
       129  5.848515E-01
       130  5.451847E-01
       131  6.949005E-01
       132  4.831907E-01
       133  4.492730E-01
       134  6.541482E-01
       135  4.876325E-01
       136  6.909967E-01
       137  5.032700E-01
       138  4.224986E-01
       139  4.618659E-01
       140  4.823489E-01
       141  5.639261E-01
       142  4.379794E-01
       143  5.299820E-01
       144  4.327730E-01
       145  5.315869E-01
       146  3.573450E-01
       147  4.052079E-01
       148  5.130056E-01
       149  5.915326E-01
       150  3.992892E-01
       151  4.415956E-01
       152  5.665859E-01
       153  5.554446E-01
       154  4.028908E-01
       155  3.843615E-01
       156  5.058798E-01
       157  6.160314E-01
       158  4.232276E-01
       159  4.221037E-01
       160  5.518749E-01
       161  5.511273E-01
       162  4.726522E-01
       163  4.346789E-01
       164  5.063129E-01
       165  4.841568E-01
       166  4.716833E-01
       167  4.246284E-01
       168  4.851770E-01
       169  6.372229E-01
       170  4.929105E-01
       171  5.884261E-01
       172  4.981510E-01
       173  5.635349E-01
       174  5.505151E-01
       175  4.645228E-01
       176  5.438942E-01
       177  6.794772E-01
       178  5.178194E-01
       179  6.773674E-01
       180  4.872715E-01
       181  4.295812E-01
       182  6.253403E-01
       183  4.206382E-01
       184  6.455721E-01
       185  5.934314E-01
       186  5.590078E-01
       187  5.701728E-01
       188  4.773951E-01
       189  5.420430E-01
       190  5.813411E-01
       191  5.605807E-01
       192  5.226090E-01
       193  6.731118E-01
       194  4.503258E-01
       195  6.745646E-01
       196  4.561014E-01
       197  5.408464E-01
       198  7.101027E-01
       199  5.665944E-01
       200  7.076221E-01

 total internal energy for set ALL and time  0.1000000E+01

        5.246138E+01
