
                        S T E P       1


                                INCREMENT     1


 displacements (vx,vy,vz) for set TIP_TOP and time  0.1000000E+01

      4823  1.060298E-01 -2.276177E-03 -3.756078E+00
      4824  1.059969E-01 -2.165973E-03 -3.753122E+00
      4827  1.057587E-01 -2.086281E-03 -3.750310E+00
      4830  1.055091E-01 -1.717811E-03 -3.747530E+00
      4832  1.053383E-01 -8.443210E-04 -3.745608E+00
      4834  1.052974E-01 -2.095246E-11 -3.745275E+00
      4836  1.053383E-01  8.443209E-04 -3.745608E+00
      4839  1.055091E-01  1.717811E-03 -3.747530E+00
      4842  1.057587E-01  2.086281E-03 -3.750310E+00
      4845  1.059969E-01  2.165973E-03 -3.753122E+00
      4848  1.060298E-01  2.276177E-03 -3.756078E+00

 forces (fx,fy,fz) for set CLAMP and time  0.1000000E+01

         1  5.820726E+03  3.167874E+03  1.712500E+03
         4  1.035323E+04  1.408869E-08  3.414318E+03
         5  7.934414E+03  4.710361E+03  3.736011E+02
         8  1.377078E+04  2.418560E-08  7.868339E+02
         9  5.488188E+03  3.190252E+03 -6.577773E+01
        12  9.446745E+03  1.908815E-08 -9.585503E+01
        13  3.307060E+03  1.906038E+03 -3.251251E+02
        16  5.680870E+03  1.306614E-08 -6.118090E+02
        17  1.166087E+03  6.572387E+02 -3.963388E+02
        20  1.988663E+03  6.168762E-09 -7.579080E+02
        21 -1.161394E+03 -1.644398E+02 -8.612190E+02
        24 -6.671782E+02 -7.712039E-10 -4.585138E+02
        26  5.820726E+03 -3.167874E+03  1.712500E+03
        28  7.934414E+03 -4.710361E+03  3.736011E+02
        30  5.488188E+03 -3.190252E+03 -6.577773E+01
        32  3.307060E+03 -1.906038E+03 -3.251251E+02
        34  1.166087E+03 -6.572387E+02 -3.963388E+02
        36 -1.161394E+03  1.644398E+02 -8.612190E+02
        37 -1.257918E+03 -4.793403E+02 -7.967993E+02
        40 -1.575320E+03 -4.419709E+02 -1.192385E+03
        41 -2.943112E+03 -1.111442E+03 -3.446539E+02
        44 -4.561864E+03 -9.709949E+02 -6.811347E+02
        45 -2.074505E+03 -6.364095E+02  1.017776E+03
        48 -3.713013E+03 -5.281785E+02  1.874553E+03
        50 -1.393074E+03 -3.417429E+02 -1.103783E+03
        52 -4.508598E+03 -7.023159E+02 -7.453672E+02
        54 -3.864833E+03 -3.622385E+02  1.902561E+03
        56 -1.510255E+03 -2.298283E+02 -1.176866E+03
        58 -4.734168E+03 -4.508323E+02 -7.700801E+02
        60 -4.011231E+03 -2.230614E+02  1.978006E+03
        62 -3.066058E+03 -1.450371E+02 -4.620260E+02
        64 -2.545682E+03 -6.683259E+01  1.266453E+03
        66 -1.186244E+03  4.419973E-10 -1.749702E+02
        68 -9.777573E+02  1.017445E-09  4.901151E+02
        70 -3.066058E+03  1.450371E+02 -4.620260E+02
        72 -2.545682E+03  6.683259E+01  1.266453E+03
        74 -1.510255E+03  2.298283E+02 -1.176866E+03
        76 -4.734168E+03  4.508323E+02 -7.700801E+02
        78 -4.011231E+03  2.230614E+02  1.978006E+03
        80 -1.393074E+03  3.417429E+02 -1.103783E+03
        82 -4.508598E+03  7.023159E+02 -7.453672E+02
        84 -3.864833E+03  3.622385E+02  1.902561E+03
        86 -1.575320E+03  4.419709E+02 -1.192385E+03
        88 -4.561864E+03  9.709949E+02 -6.811347E+02
        90 -3.713013E+03  5.281785E+02  1.874553E+03
        92 -1.257918E+03  4.793403E+02 -7.967993E+02
        94 -2.943112E+03  1.111442E+03 -3.446539E+02
        96 -2.074505E+03  6.364095E+02  1.017776E+03

 internal energy (element, energy) for set EALL and time  0.1000000E+01

         1  5.396390E+01
         2  2.337165E+01
         3  1.016574E+01
         4  2.749404E+00
         5  2.754380E-01
         6  5.396390E+01
         7  2.337165E+01
         8  1.016574E+01
         9  2.749404E+00
        10  2.754380E-01
        11  2.382438E+00
        12  4.693726E+00
        13  1.469507E+00
        14  3.852666E+00
        15  1.470520E+00
        16  4.077247E+00
        17  1.642327E+00
        18  4.365023E+00
        19  4.167929E-01
        20  1.075592E+00
        21  4.167929E-01
        22  1.075592E+00
        23  1.642327E+00
        24  4.365023E+00
        25  1.470520E+00
        26  4.077247E+00
        27  1.469507E+00
        28  3.852666E+00
        29  2.382438E+00
        30  4.693726E+00
        31  5.443670E+01
        32  3.026810E+01
        33  1.256201E+01
        34  3.331189E+00
        35  3.475104E-01
        36  5.443670E+01
        37  3.026810E+01
        38  1.256201E+01
        39  3.331189E+00
        40  3.475104E-01
        41  2.056600E+00
        42  4.587202E+00
        43  1.880933E+00
        44  4.472293E+00
        45  1.812574E+00
        46  4.556556E+00
        47  2.066583E+00
        48  5.002805E+00
        49  5.434721E-01
        50  1.259216E+00
        51  5.434721E-01
        52  1.259216E+00
        53  2.066583E+00
        54  5.002805E+00
        55  1.812574E+00
        56  4.556556E+00
        57  1.880933E+00
        58  4.472293E+00
        59  2.056600E+00
        60  4.587202E+00
        61  5.033555E+01
        62  2.975106E+01
        63  1.315116E+01
        64  3.523178E+00
        65  4.259991E-01
        66  5.033555E+01
        67  2.975106E+01
        68  1.315116E+01
        69  3.523178E+00
        70  4.259991E-01
        71  1.688546E+00
        72  4.219412E+00
        73  1.821739E+00
        74  4.455619E+00
        75  1.826325E+00
        76  4.591731E+00
        77  2.050934E+00
        78  5.054306E+00
        79  5.367444E-01
        80  1.286600E+00
        81  5.367444E-01
        82  1.286600E+00
        83  2.050934E+00
        84  5.054306E+00
        85  1.826325E+00
        86  4.591731E+00
        87  1.821739E+00
        88  4.455619E+00
        89  1.688546E+00
        90  4.219412E+00
        91  4.942627E+01
        92  2.922250E+01
        93  1.338414E+01
        94  3.725882E+00
        95  4.949066E-01
        96  4.942627E+01
        97  2.922250E+01
        98  1.338414E+01
        99  3.725882E+00
       100  4.949066E-01
       101  1.581847E+00
       102  4.095303E+00
       103  1.821287E+00
       104  4.480128E+00
       105  1.907036E+00
       106  4.695501E+00
       107  2.113184E+00
       108  5.091968E+00
       109  5.457231E-01
       110  1.282157E+00
       111  5.457231E-01
       112  1.282157E+00
       113  2.113184E+00
       114  5.091968E+00
       115  1.907036E+00
       116  4.695501E+00
       117  1.821287E+00
       118  4.480128E+00
       119  1.581847E+00
       120  4.095303E+00
       121  4.865092E+01
       122  2.849300E+01
       123  1.321947E+01
       124  3.771905E+00
       125  5.394751E-01
       126  4.865092E+01
       127  2.849300E+01
       128  1.321947E+01
       129  3.771905E+00
       130  5.394751E-01
       131  1.529309E+00
       132  4.032821E+00
       133  1.804929E+00
       134  4.466074E+00
       135  1.945763E+00
       136  4.725789E+00
       137  2.134321E+00
       138  5.030111E+00
       139  5.437075E-01
       140  1.250770E+00
       141  5.437075E-01
       142  1.250770E+00
       143  2.134321E+00
       144  5.030111E+00
       145  1.945763E+00
       146  4.725789E+00
       147  1.804929E+00
       148  4.466074E+00
       149  1.529309E+00
       150  4.032821E+00
       151  4.795176E+01
       152  2.780535E+01
       153  1.291939E+01
       154  3.721174E+00
       155  5.520716E-01
       156  4.795176E+01
       157  2.780535E+01
       158  1.291939E+01
       159  3.721174E+00
       160  5.520716E-01
       161  1.514688E+00
       162  4.006464E+00
       163  1.789734E+00
       164  4.428862E+00
       165  1.960594E+00
       166  4.696779E+00
       167  2.131027E+00
       168  4.922072E+00
       169  5.369661E-01
       170  1.214294E+00
       171  5.369661E-01
       172  1.214294E+00
       173  2.131027E+00
       174  4.922072E+00
       175  1.960594E+00
       176  4.696779E+00
       177  1.789734E+00
       178  4.428862E+00
       179  1.514688E+00
       180  4.006464E+00
       181  4.723097E+01
       182  2.717459E+01
       183  1.258506E+01
       184  3.624833E+00
       185  5.454954E-01
       186  4.723097E+01
       187  2.717459E+01
       188  1.258506E+01
       189  3.624833E+00
       190  5.454954E-01
       191  1.520495E+00
       192  3.996550E+00
       193  1.775853E+00
       194  4.374505E+00
       195  1.955976E+00
       196  4.627248E+00
       197  2.108782E+00
       198  4.795127E+00
       199  5.279636E-01
       200  1.179882E+00
       201  5.279636E-01
       202  1.179882E+00
       203  2.108782E+00
       204  4.795127E+00
       205  1.955976E+00
       206  4.627248E+00
       207  1.775853E+00
       208  4.374505E+00
       209  1.520495E+00
       210  3.996550E+00
       211  4.645772E+01
       212  2.658064E+01
       213  1.225403E+01
       214  3.514731E+00
       215  5.306531E-01
       216  4.645772E+01
       217  2.658064E+01
       218  1.225403E+01
       219  3.514731E+00
       220  5.306531E-01
       221  1.536724E+00
       222  3.990100E+00
       223  1.762499E+00
       224  4.308866E+00
       225  1.937076E+00
       226  4.534397E+00
       227  2.073839E+00
       228  4.664032E+00
       229  5.181214E-01
       230  1.149551E+00
       231  5.181214E-01
       232  1.149551E+00
       233  2.073839E+00
       234  4.664032E+00
       235  1.937076E+00
       236  4.534397E+00
       237  1.762499E+00
       238  4.308866E+00
       239  1.536724E+00
       240  3.990100E+00
       241  4.563431E+01
       242  2.600950E+01
       243  1.193943E+01
       244  3.406730E+00
       245  5.142485E-01
       246  4.563431E+01
       247  2.600950E+01
       248  1.193943E+01
       249  3.406730E+00
       250  5.142485E-01
       251  1.557126E+00
       252  3.979765E+00
       253  1.749273E+00
       254  4.236839E+00
       255  1.909191E+00
       256  4.430766E+00
       257  2.031650E+00
       258  4.535288E+00
       259  5.081653E-01
       260  1.122782E+00
       261  5.081653E-01
       262  1.122782E+00
       263  2.031650E+00
       264  4.535288E+00
       265  1.909191E+00
       266  4.430766E+00
       267  1.749273E+00
       268  4.236839E+00
       269  1.557126E+00
       270  3.979765E+00
       271  4.477131E+01
       272  2.545232E+01
       273  1.164305E+01
       274  3.306619E+00
       275  4.992858E-01
       276  4.477131E+01
       277  2.545232E+01
       278  1.164305E+01
       279  3.306619E+00
       280  4.992858E-01
       281  1.577485E+00
       282  3.961840E+00
       283  1.735852E+00
       284  4.161777E+00
       285  1.876493E+00
       286  4.324123E+00
       287  1.986127E+00
       288  4.411366E+00
       289  4.984031E-01
       290  1.098596E+00
       291  4.984031E-01
       292  1.098596E+00
       293  1.986127E+00
       294  4.411366E+00
       295  1.876493E+00
       296  4.324123E+00
       297  1.735852E+00
       298  4.161777E+00
       299  1.577485E+00
       300  3.961840E+00
       301  4.388150E+01
       302  2.490459E+01
       303  1.136272E+01
       304  3.215162E+00
       305  4.866717E-01
       306  4.388150E+01
       307  2.490459E+01
       308  1.136272E+01
       309  3.215162E+00
       310  4.866717E-01
       311  1.595104E+00
       312  3.934978E+00
       313  1.722024E+00
       314  4.085659E+00
       315  1.841939E+00
       316  4.218758E+00
       317  1.939910E+00
       318  4.292997E+00
       319  4.889803E-01
       320  1.076183E+00
       321  4.889803E-01
       322  1.076183E+00
       323  1.939910E+00
       324  4.292997E+00
       325  1.841939E+00
       326  4.218758E+00
       327  1.722024E+00
       328  4.085659E+00
       329  1.595104E+00
       330  3.934978E+00
       331  4.297628E+01
       332  2.436414E+01
       333  1.109517E+01
       334  3.131075E+00
       335  4.763408E-01
       336  4.297628E+01
       337  2.436414E+01
       338  1.109517E+01
       339  3.131075E+00
       340  4.763408E-01
       341  1.608379E+00
       342  3.899245E+00
       343  1.707582E+00
       344  4.009506E+00
       345  1.807342E+00
       346  4.116759E+00
       347  1.894616E+00
       348  4.180255E+00
       349  4.799792E-01
       350  1.055046E+00
       351  4.799792E-01
       352  1.055046E+00
       353  1.894616E+00
       354  4.180255E+00
       355  1.807342E+00
       356  4.116759E+00
       357  1.707582E+00
       358  4.009506E+00
       359  1.608379E+00
       360  3.899245E+00
       361  4.206466E+01
       362  2.382997E+01
       363  1.083726E+01
       364  3.052545E+00
       365  4.678800E-01
       366  4.206466E+01
       367  2.382997E+01
       368  1.083726E+01
       369  3.052545E+00
       370  4.678800E-01
       371  1.616526E+00
       372  3.855466E+00
       373  1.692318E+00
       374  3.933768E+00
       375  1.773653E+00
       376  4.018924E+00
       377  1.851125E+00
       378  4.072970E+00
       379  4.714521E-01
       380  1.034928E+00
       381  4.714521E-01
       382  1.034928E+00
       383  1.851125E+00
       384  4.072970E+00
       385  1.773653E+00
       386  4.018924E+00
       387  1.692318E+00
       388  3.933768E+00
       389  1.616526E+00
       390  3.855466E+00
       391  4.115313E+01
       392  2.330163E+01
       393  1.058648E+01
       394  2.977905E+00
       395  4.608186E-01
       396  4.115313E+01
       397  2.330163E+01
       398  1.058648E+01
       399  2.977905E+00
       400  4.608186E-01
       401  1.619345E+00
       402  3.804803E+00
       403  1.676038E+00
       404  3.858594E+00
       405  1.741236E+00
       406  3.925342E+00
       407  1.809817E+00
       408  3.970860E+00
       409  4.634278E-01
       410  1.015716E+00
       411  4.634278E-01
       412  1.015716E+00
       413  1.809817E+00
       414  3.970860E+00
       415  1.741236E+00
       416  3.925342E+00
       417  1.676038E+00
       418  3.858594E+00
       419  1.619345E+00
       420  3.804803E+00
       421  4.024613E+01
       422  2.277894E+01
       423  1.034098E+01
       424  2.905854E+00
       425  4.547432E-01
       426  4.024613E+01
       427  2.277894E+01
       428  1.034098E+01
       429  2.905854E+00
       430  4.547432E-01
       431  1.617038E+00
       432  3.748510E+00
       433  1.658600E+00
       434  3.784002E+00
       435  1.710114E+00
       436  3.835750E+00
       437  1.770753E+00
       438  3.873568E+00
       439  4.559118E-01
       440  9.973560E-01
       441  4.559118E-01
       442  9.973560E-01
       443  1.770753E+00
       444  3.873568E+00
       445  1.710114E+00
       446  3.835750E+00
       447  1.658600E+00
       448  3.784002E+00
       449  1.617038E+00
       450  3.748510E+00
       451  3.934646E+01
       452  2.226186E+01
       453  1.009949E+01
       454  2.835478E+00
       455  4.493304E-01
       456  3.934646E+01
       457  2.226186E+01
       458  1.009949E+01
       459  2.835478E+00
       460  4.493304E-01
       461  1.610046E+00
       462  3.687791E+00
       463  1.639925E+00
       464  3.709967E+00
       465  1.680132E+00
       466  3.749728E+00
       467  1.733806E+00
       468  3.780687E+00
       469  4.488882E-01
       470  9.798089E-01
       471  4.488882E-01
       472  9.798089E-01
       473  1.733806E+00
       474  3.780687E+00
       475  1.680132E+00
       476  3.749728E+00
       477  1.639925E+00
       478  3.709967E+00
       479  1.610046E+00
       480  3.687791E+00
       481  3.845583E+01
       482  2.175038E+01
       483  9.861233E+00
       484  2.766193E+00
       485  4.443442E-01
       486  3.845583E+01
       487  2.175038E+01
       488  9.861233E+00
       489  2.766193E+00
       490  4.443442E-01
       491  1.598937E+00
       492  3.623724E+00
       493  1.620002E+00
       494  3.636457E+00
       495  1.651068E+00
       496  3.666808E+00
       497  1.698753E+00
       498  3.691770E+00
       499  4.423232E-01
       500  9.630279E-01
       501  4.423232E-01
       502  9.630279E-01
       503  1.698753E+00
       504  3.691770E+00
       505  1.651068E+00
       506  3.666808E+00
       507  1.620002E+00
       508  3.636457E+00
       509  1.598937E+00
       510  3.623724E+00
       511  3.757518E+01
       512  2.124455E+01
       513  9.625745E+00
       514  2.697658E+00
       515  4.396222E-01
       516  3.757518E+01
       517  2.124455E+01
       518  9.625745E+00
       519  2.697658E+00
       520  4.396222E-01
       521  1.584322E+00
       522  3.557232E+00
       523  1.598880E+00
       524  3.563453E+00
       525  1.622697E+00
       526  3.586540E+00
       527  1.665331E+00
       528  3.606363E+00
       529  4.361704E-01
       530  9.469511E-01
       531  4.361704E-01
       532  9.469511E-01
       533  1.665331E+00
       534  3.606363E+00
       535  1.622697E+00
       536  3.586540E+00
       537  1.598880E+00
       538  3.563453E+00
       539  1.584322E+00
       540  3.557232E+00
       541  3.670499E+01
       542  2.074440E+01
       543  9.392795E+00
       544  2.629706E+00
       545  4.350575E-01
       546  3.670499E+01
       547  2.074440E+01
       548  9.392795E+00
       549  2.629706E+00
       550  4.350575E-01
       551  1.566794E+00
       552  3.489075E+00
       553  1.576653E+00
       554  3.490948E+00
       555  1.594822E+00
       556  3.508515E+00
       557  1.633274E+00
       558  3.524016E+00
       559  4.303761E-01
       560  9.315040E-01
       561  4.303761E-01
       562  9.315040E-01
       563  1.633274E+00
       564  3.524016E+00
       565  1.594822E+00
       566  3.508515E+00
       567  1.576653E+00
       568  3.490948E+00
       569  1.566794E+00
       570  3.489075E+00
       571  3.584544E+01
       572  2.024997E+01
       573  9.162295E+00
       574  2.562279E+00
       575  4.305844E-01
       576  3.584544E+01
       577  2.024997E+01
       578  9.162295E+00
       579  2.562279E+00
       580  4.305844E-01
       581  1.546904E+00
       582  3.419862E+00
       583  1.553442E+00
       584  3.418945E+00
       585  1.567286E+00
       586  3.432378E+00
       587  1.602338E+00
       588  3.444310E+00
       589  4.248839E-01
       590  9.166043E-01
       591  4.248839E-01
       592  9.166043E-01
       593  1.602338E+00
       594  3.444310E+00
       595  1.567286E+00
       596  3.432378E+00
       597  1.553442E+00
       598  3.418945E+00
       599  1.546904E+00
       600  3.419862E+00
       601  3.499653E+01
       602  1.976128E+01
       603  8.934240E+00
       604  2.495391E+00
       605  4.261650E-01
       606  3.499653E+01
       607  1.976128E+01
       608  8.934240E+00
       609  2.495391E+00
       610  4.261650E-01
       611  1.525135E+00
       612  3.350068E+00
       613  1.529386E+00
       614  3.347449E+00
       615  1.539969E+00
       616  3.357833E+00
       617  1.572306E+00
       618  3.366863E+00
       619  4.196385E-01
       620  9.021679E-01
       621  4.196385E-01
       622  9.021679E-01
       623  1.572306E+00
       624  3.366863E+00
       625  1.539969E+00
       626  3.357833E+00
       627  1.529386E+00
       628  3.347449E+00
       629  1.525135E+00
       630  3.350068E+00
       631  3.415820E+01
       632  1.927838E+01
       633  8.708676E+00
       634  2.429090E+00
       635  4.217803E-01
       636  3.415820E+01
       637  1.927838E+01
       638  8.708676E+00
       639  2.429090E+00
       640  4.217803E-01
       641  1.501904E+00
       642  3.280050E+00
       643  1.504624E+00
       644  3.276471E+00
       645  1.512792E+00
       646  3.284634E+00
       647  1.542995E+00
       648  3.291339E+00
       649  4.145882E-01
       650  8.881136E-01
       651  4.145882E-01
       652  8.881136E-01
       653  1.542995E+00
       654  3.291339E+00
       655  1.512792E+00
       656  3.284634E+00
       657  1.504624E+00
       658  3.276471E+00
       659  1.501904E+00
       660  3.280050E+00
       661  3.333032E+01
       662  1.880127E+01
       663  8.485669E+00
       664  2.363445E+00
       665  4.174233E-01
       666  3.333032E+01
       667  1.880127E+01
       668  8.485669E+00
       669  2.363445E+00
       670  4.174233E-01
       671  1.477558E+00
       672  3.210073E+00
       673  1.479289E+00
       674  3.206020E+00
       675  1.485701E+00
       676  3.212587E+00
       677  1.514254E+00
       678  3.217453E+00
       679  4.096863E-01
       680  8.743666E-01
       681  4.096863E-01
       682  8.743666E-01
       683  1.514254E+00
       684  3.217453E+00
       685  1.485701E+00
       686  3.212587E+00
       687  1.479289E+00
       688  3.206020E+00
       689  1.477558E+00
       690  3.210073E+00
       691  3.251278E+01
       692  1.832998E+01
       693  8.265291E+00
       694  2.298527E+00
       695  4.130943E-01
       696  3.251278E+01
       697  1.832998E+01
       698  8.265291E+00
       699  2.298527E+00
       700  4.130943E-01
       701  1.452381E+00
       702  3.140327E+00
       703  1.453506E+00
       704  3.136106E+00
       705  1.458664E+00
       706  3.141539E+00
       707  1.485962E+00
       708  3.144967E+00
       709  4.048924E-01
       710  8.608604E-01
       711  4.048924E-01
       712  8.608604E-01
       713  1.485962E+00
       714  3.144967E+00
       715  1.458664E+00
       716  3.141539E+00
       717  1.453506E+00
       718  3.136106E+00
       719  1.452381E+00
       720  3.140327E+00
       721  3.170545E+01
       722  1.786451E+01
       723  8.047616E+00
       724  2.234405E+00
       725  4.087973E-01
       726  3.170545E+01
       727  1.786451E+01
       728  8.047616E+00
       729  2.234405E+00
       730  4.087973E-01
       731  1.426602E+00
       732  3.070945E+00
       733  1.427382E+00
       734  3.066734E+00
       735  1.431664E+00
       736  3.071372E+00
       737  1.458022E+00
       738  3.073687E+00
       739  4.001720E-01
       740  8.475379E-01
       741  4.001720E-01
       742  8.475379E-01
       743  1.458022E+00
       744  3.073687E+00
       745  1.431664E+00
       746  3.071372E+00
       747  1.427382E+00
       748  3.066734E+00
       749  1.426602E+00
       750  3.070945E+00
       751  3.090821E+01
       752  1.740490E+01
       753  7.832709E+00
       754  2.171142E+00
       755  4.045381E-01
       756  3.090821E+01
       757  1.740490E+01
       758  7.832709E+00
       759  2.171142E+00
       760  4.045381E-01
       761  1.400402E+00
       762  3.002016E+00
       763  1.401011E+00
       764  2.997912E+00
       765  1.404697E+00
       766  3.001997E+00
       767  1.430362E+00
       768  3.003459E+00
       769  3.954963E-01
       770  8.343509E-01
       771  3.954963E-01
       772  8.343509E-01
       773  1.430362E+00
       774  3.003459E+00
       775  1.404697E+00
       776  3.001997E+00
       777  1.401011E+00
       778  2.997912E+00
       779  1.400402E+00
       780  3.002016E+00
       781  3.012097E+01
       782  1.695113E+01
       783  7.620627E+00
       784  2.108792E+00
       785  4.003232E-01
       786  3.012097E+01
       787  1.695113E+01
       788  7.620627E+00
       789  2.108792E+00
       790  4.003232E-01
       791  1.373920E+00
       792  2.933599E+00
       793  1.374470E+00
       794  2.929645E+00
       795  1.377765E+00
       796  2.933350E+00
       797  1.402925E+00
       798  2.934163E+00
       799  3.908420E-01
       800  8.212603E-01
       801  3.908420E-01
       802  8.212603E-01
       803  1.402925E+00
       804  2.934163E+00
       805  1.377765E+00
       806  2.933350E+00
       807  1.374470E+00
       808  2.929645E+00
       809  1.373920E+00
       810  2.933599E+00
       811  2.934364E+01
       812  1.650322E+01
       813  7.411420E+00
       814  2.047400E+00
       815  3.961584E-01
       816  2.934364E+01
       817  1.650322E+01
       818  7.411420E+00
       819  2.047400E+00
       820  3.961584E-01
       821  1.347266E+00
       822  2.865731E+00
       823  1.347825E+00
       824  2.861938E+00
       825  1.350871E+00
       826  2.865384E+00
       827  1.375671E+00
       828  2.865706E+00
       829  3.861906E-01
       830  8.082346E-01
       831  3.861906E-01
       832  8.082346E-01
       833  1.375671E+00
       834  2.865706E+00
       835  1.350871E+00
       836  2.865384E+00
       837  1.347825E+00
       838  2.861938E+00
       839  1.347266E+00
       840  2.865731E+00
       841  2.857617E+01
       842  1.606118E+01
       843  7.205126E+00
       844  1.987003E+00
       845  3.920490E-01
       846  2.857617E+01
       847  1.606118E+01
       848  7.205126E+00
       849  1.987003E+00
       850  3.920490E-01
       851  1.320520E+00
       852  2.798435E+00
       853  1.321126E+00
       854  2.794797E+00
       855  1.324025E+00
       856  2.798066E+00
       857  1.348569E+00
       858  2.798022E+00
       859  3.815272E-01
       860  7.952490E-01
       861  3.815272E-01
       862  7.952490E-01
       863  1.348569E+00
       864  2.798022E+00
       865  1.324025E+00
       866  2.798066E+00
       867  1.321126E+00
       868  2.794797E+00
       869  1.320520E+00
       870  2.798435E+00
       871  2.781849E+01
       872  1.562501E+01
       873  7.001779E+00
       874  1.927630E+00
       875  3.879991E-01
       876  2.781849E+01
       877  1.562501E+01
       878  7.001779E+00
       879  1.927630E+00
       880  3.879991E-01
       881  1.293744E+00
       882  2.731726E+00
       883  1.294415E+00
       884  2.728226E+00
       885  1.297234E+00
       886  2.731377E+00
       887  1.321600E+00
       888  2.731059E+00
       889  3.768407E-01
       890  7.822844E-01
       891  3.768407E-01
       892  7.822844E-01
       893  1.321600E+00
       894  2.731059E+00
       895  1.297234E+00
       896  2.731377E+00
       897  1.294415E+00
       898  2.728226E+00
       899  1.293744E+00
       900  2.731726E+00
       901  2.707057E+01
       902  1.519472E+01
       903  6.801403E+00
       904  1.869303E+00
       905  3.840117E-01
       906  2.707057E+01
       907  1.519472E+01
       908  6.801403E+00
       909  1.869303E+00
       910  3.840117E-01
       911  1.266982E+00
       912  2.665610E+00
       913  1.267724E+00
       914  2.662232E+00
       915  1.270507E+00
       916  2.665304E+00
       917  1.294749E+00
       918  2.664784E+00
       919  3.721224E-01
       920  7.693265E-01
       921  3.721224E-01
       922  7.693265E-01
       923  1.294749E+00
       924  2.664784E+00
       925  1.270507E+00
       926  2.665304E+00
       927  1.267724E+00
       928  2.662232E+00
       929  1.266982E+00
       930  2.665610E+00
       931  2.633238E+01
       932  1.477031E+01
       933  6.604019E+00
       934  1.812039E+00
       935  3.800887E-01
       936  2.633238E+01
       937  1.477031E+01
       938  6.604019E+00
       939  1.812039E+00
       940  3.800887E-01
       941  1.240267E+00
       942  2.600095E+00
       943  1.241078E+00
       944  2.596820E+00
       945  1.243853E+00
       946  2.599841E+00
       947  1.268009E+00
       948  2.599171E+00
       949  3.673657E-01
       950  7.563645E-01
       951  3.673657E-01
       952  7.563645E-01
       953  1.268009E+00
       954  2.599171E+00
       955  1.243853E+00
       956  2.599841E+00
       957  1.241078E+00
       958  2.596820E+00
       959  1.240267E+00
       960  2.600095E+00
       961  2.560389E+01
       962  1.435178E+01
       963  6.409641E+00
       964  1.755850E+00
       965  3.762312E-01
       966  2.560389E+01
       967  1.435178E+01
       968  6.409641E+00
       969  1.755850E+00
       970  3.762312E-01
       971  1.213623E+00
       972  2.535185E+00
       973  1.214496E+00
       974  2.531998E+00
       975  1.217279E+00
       976  2.534985E+00
       977  1.241373E+00
       978  2.534207E+00
       979  3.625661E-01
       980  7.433908E-01
       981  3.625661E-01
       982  7.433908E-01
       983  1.241373E+00
       984  2.534207E+00
       985  1.217279E+00
       986  2.534985E+00
       987  1.214496E+00
       988  2.531998E+00
       989  1.213623E+00
       990  2.535185E+00
       991  2.488510E+01
       992  1.393914E+01
       993  6.218280E+00
       994  1.700743E+00
       995  3.724393E-01
       996  2.488510E+01
       997  1.393914E+01
       998  6.218280E+00
       999  1.700743E+00
      1000  3.724393E-01
      1001  1.187065E+00
      1002  2.470882E+00
      1003  1.187994E+00
      1004  2.467772E+00
      1005  1.190792E+00
      1006  2.470738E+00
      1007  1.214840E+00
      1008  2.469881E+00
      1009  3.577200E-01
      1010  7.304001E-01
      1011  3.577200E-01
      1012  7.304001E-01
      1013  1.214840E+00
      1014  2.469881E+00
      1015  1.190792E+00
      1016  2.470738E+00
      1017  1.187994E+00
      1018  2.467772E+00
      1019  1.187065E+00
      1020  2.470882E+00
      1021  2.417599E+01
      1022  1.353239E+01
      1023  6.029944E+00
      1024  1.646723E+00
      1025  3.687123E-01
      1026  2.417599E+01
      1027  1.353239E+01
      1028  6.029944E+00
      1029  1.646723E+00
      1030  3.687123E-01
      1031  1.160607E+00
      1032  2.407192E+00
      1033  1.161582E+00
      1034  2.404149E+00
      1035  1.164399E+00
      1036  2.407104E+00
      1037  1.188411E+00
      1038  2.406190E+00
      1039  3.528250E-01
      1040  7.173888E-01
      1041  3.528250E-01
      1042  7.173888E-01
      1043  1.188411E+00
      1044  2.406190E+00
      1045  1.164399E+00
      1046  2.407104E+00
      1047  1.161582E+00
      1048  2.404149E+00
      1049  1.160607E+00
      1050  2.407192E+00
      1051  2.347656E+01
      1052  1.313154E+01
      1053  5.844637E+00
      1054  1.593793E+00
      1055  3.650489E-01
      1056  2.347656E+01
      1057  1.313154E+01
      1058  5.844637E+00
      1059  1.593793E+00
      1060  3.650489E-01
      1061  1.134257E+00
      1062  2.344120E+00
      1063  1.135269E+00
      1064  2.341137E+00
      1065  1.138106E+00
      1066  2.344087E+00
      1067  1.162086E+00
      1068  2.343134E+00
      1069  3.478794E-01
      1070  7.043547E-01
      1071  3.478794E-01
      1072  7.043547E-01
      1073  1.162086E+00
      1074  2.343134E+00
      1075  1.138106E+00
      1076  2.344087E+00
      1077  1.135269E+00
      1078  2.341137E+00
      1079  1.134257E+00
      1080  2.344120E+00
      1081  2.278682E+01
      1082  1.273658E+01
      1083  5.662363E+00
      1084  1.541952E+00
      1085  3.614475E-01
      1086  2.278682E+01
      1087  1.273658E+01
      1088  5.662363E+00
      1089  1.541952E+00
      1090  3.614475E-01
      1091  1.108021E+00
      1092  2.281670E+00
      1093  1.109064E+00
      1094  2.278744E+00
      1095  1.111918E+00
      1096  2.281694E+00
      1097  1.135869E+00
      1098  2.280712E+00
      1099  3.428821E-01
      1100  6.912965E-01
      1101  3.428821E-01
      1102  6.912965E-01
      1103  1.135869E+00
      1104  2.280712E+00
      1105  1.111918E+00
      1106  2.281694E+00
      1107  1.109064E+00
      1108  2.278744E+00
      1109  1.108021E+00
      1110  2.281670E+00
      1111  2.210678E+01
      1112  1.234754E+01
      1113  5.483123E+00
      1114  1.491200E+00
      1115  3.579057E-01
      1116  2.210678E+01
      1117  1.234754E+01
      1118  5.483123E+00
      1119  1.491200E+00
      1120  3.579057E-01
      1121  1.081905E+00
      1122  2.219849E+00
      1123  1.082972E+00
      1124  2.216978E+00
      1125  1.085841E+00
      1126  2.219931E+00
      1127  1.109762E+00
      1128  2.218930E+00
      1129  3.378324E-01
      1130  6.782139E-01
      1131  3.378324E-01
      1132  6.782139E-01
      1133  1.109762E+00
      1134  2.218930E+00
      1135  1.085841E+00
      1136  2.219931E+00
      1137  1.082972E+00
      1138  2.216978E+00
      1139  1.081905E+00
      1140  2.219849E+00
      1141  2.143644E+01
      1142  1.196439E+01
      1143  5.306919E+00
      1144  1.441534E+00
      1145  3.544211E-01
      1146  2.143644E+01
      1147  1.196439E+01
      1148  5.306919E+00
      1149  1.441534E+00
      1150  3.544211E-01
      1151  1.055912E+00
      1152  2.158663E+00
      1153  1.056998E+00
      1154  2.155845E+00
      1155  1.059879E+00
      1156  2.158805E+00
      1157  1.083769E+00
      1158  2.157791E+00
      1159  3.327300E-01
      1160  6.651071E-01
      1161  3.327300E-01
      1162  6.651071E-01
      1163  1.083769E+00
      1164  2.157791E+00
      1165  1.059879E+00
      1166  2.158805E+00
      1167  1.056998E+00
      1168  2.155845E+00
      1169  1.055912E+00
      1170  2.158663E+00
      1171  2.077582E+01
      1172  1.158716E+01
      1173  5.133749E+00
      1174  1.392951E+00
      1175  3.509908E-01
      1176  2.077582E+01
      1177  1.158716E+01
      1178  5.133749E+00
      1179  1.392951E+00
      1180  3.509908E-01
      1181  1.030047E+00
      1182  2.098119E+00
      1183  1.031147E+00
      1184  2.095354E+00
      1185  1.034037E+00
      1186  2.098322E+00
      1187  1.057895E+00
      1188  2.097301E+00
      1189  3.275745E-01
      1190  6.519765E-01
      1191  3.275745E-01
      1192  6.519765E-01
      1193  1.057895E+00
      1194  2.097301E+00
      1195  1.034037E+00
      1196  2.098322E+00
      1197  1.031147E+00
      1198  2.095354E+00
      1199  1.030047E+00
      1200  2.098119E+00
      1201  2.012493E+01
      1202  1.121585E+01
      1203  4.963612E+00
      1204  1.345447E+00
      1205  3.476120E-01
      1206  2.012493E+01
      1207  1.121585E+01
      1208  4.963612E+00
      1209  1.345447E+00
      1210  3.476120E-01
      1211  1.004313E+00
      1212  2.038223E+00
      1213  1.005424E+00
      1214  2.035512E+00
      1215  1.008321E+00
      1216  2.038490E+00
      1217  1.032145E+00
      1218  2.037464E+00
      1219  3.223661E-01
      1220  6.388231E-01
      1221  3.223661E-01
      1222  6.388231E-01
      1223  1.032145E+00
      1224  2.037464E+00
      1225  1.008321E+00
      1226  2.038490E+00
      1227  1.005424E+00
      1228  2.035512E+00
      1229  1.004313E+00
      1230  2.038223E+00
      1231  1.948379E+01
      1232  1.085046E+01
      1233  4.796508E+00
      1234  1.299017E+00
      1235  3.442813E-01
      1236  1.948379E+01
      1237  1.085046E+01
      1238  4.796508E+00
      1239  1.299017E+00
      1240  3.442813E-01
      1241  9.787135E-01
      1242  1.978984E+00
      1243  9.798328E-01
      1244  1.976327E+00
      1245  9.827357E-01
      1246  1.979316E+00
      1247  1.006522E+00
      1248  1.978289E+00
      1249  3.171049E-01
      1250  6.256481E-01
      1251  3.171049E-01
      1252  6.256481E-01
      1253  1.006522E+00
      1254  1.978289E+00
      1255  9.827357E-01
      1256  1.979316E+00
      1257  9.798328E-01
      1258  1.976327E+00
      1259  9.787135E-01
      1260  1.978984E+00
      1261  1.885240E+01
      1262  1.049100E+01
      1263  4.632434E+00
      1264  1.253658E+00
      1265  3.409957E-01
      1266  1.885240E+01
      1267  1.049100E+01
      1268  4.632434E+00
      1269  1.253658E+00
      1270  3.409957E-01
      1271  9.532534E-01
      1272  1.920408E+00
      1273  9.543792E-01
      1274  1.917806E+00
      1275  9.572855E-01
      1276  1.920807E+00
      1277  9.810326E-01
      1278  1.919780E+00
      1279  3.117912E-01
      1280  6.124528E-01
      1281  3.117912E-01
      1282  6.124528E-01
      1283  9.810326E-01
      1284  1.919780E+00
      1285  9.572855E-01
      1286  1.920807E+00
      1287  9.543792E-01
      1288  1.917806E+00
      1289  9.532534E-01
      1290  1.920408E+00
      1291  1.823080E+01
      1292  1.013748E+01
      1293  4.471387E+00
      1294  1.209362E+00
      1295  3.377518E-01
      1296  1.823080E+01
      1297  1.013748E+01
      1298  4.471387E+00
      1299  1.209362E+00
      1300  3.377518E-01
      1301  9.279367E-01
      1302  1.862502E+00
      1303  9.290674E-01
      1304  1.859956E+00
      1305  9.319760E-01
      1306  1.862970E+00
      1307  9.556815E-01
      1308  1.861945E+00
      1309  3.064252E-01
      1310  5.992387E-01
      1311  3.064252E-01
      1312  5.992387E-01
      1313  9.556815E-01
      1314  1.861945E+00
      1315  9.319760E-01
      1316  1.862970E+00
      1317  9.290674E-01
      1318  1.859956E+00
      1319  9.279367E-01
      1320  1.862502E+00
      1321  1.761900E+01
      1322  9.789892E+00
      1323  4.313367E+00
      1324  1.166126E+00
      1325  3.345461E-01
      1326  1.761900E+01
      1327  9.789892E+00
      1328  4.313367E+00
      1329  1.166126E+00
      1330  3.345461E-01
      1331  9.027678E-01
      1332  1.805275E+00
      1333  9.039024E-01
      1334  1.802785E+00
      1335  9.068125E-01
      1336  1.805812E+00
      1337  9.304741E-01
      1338  1.804790E+00
      1339  3.010074E-01
      1340  5.860075E-01
      1341  3.010074E-01
      1342  5.860075E-01
      1343  9.304741E-01
      1344  1.804790E+00
      1345  9.068125E-01
      1346  1.805812E+00
      1347  9.039024E-01
      1348  1.802785E+00
      1349  9.027678E-01
      1350  1.805275E+00
      1351  1.701702E+01
      1352  9.448250E+00
      1353  4.158369E+00
      1354  1.123942E+00
      1355  3.313753E-01
      1356  1.701702E+01
      1357  9.448250E+00
      1358  4.158369E+00
      1359  1.123942E+00
      1360  3.313753E-01
      1361  8.777515E-01
      1362  1.748732E+00
      1363  8.788895E-01
      1364  1.746300E+00
      1365  8.818004E-01
      1366  1.749340E+00
      1367  9.054162E-01
      1368  1.748323E+00
      1369  2.955383E-01
      1370  5.727611E-01
      1371  2.955383E-01
      1372  5.727611E-01
      1373  9.054162E-01
      1374  1.748323E+00
      1375  8.818004E-01
      1376  1.749340E+00
      1377  8.788895E-01
      1378  1.746300E+00
      1379  8.777515E-01
      1380  1.748732E+00
      1381  1.642489E+01
      1382  9.112561E+00
      1383  4.006392E+00
      1384  1.082806E+00
      1385  3.282360E-01
      1386  1.642489E+01
      1387  9.112561E+00
      1388  4.006392E+00
      1389  1.082806E+00
      1390  3.282360E-01
      1391  8.528932E-01
      1392  1.692883E+00
      1393  8.540341E-01
      1394  1.690509E+00
      1395  8.569455E-01
      1396  1.693562E+00
      1397  8.805134E-01
      1398  1.692550E+00
      1399  2.900184E-01
      1400  5.595013E-01
      1401  2.900184E-01
      1402  5.595013E-01
      1403  8.805134E-01
      1404  1.692550E+00
      1405  8.569455E-01
      1406  1.693562E+00
      1407  8.540341E-01
      1408  1.690509E+00
      1409  8.528932E-01
      1410  1.692883E+00
      1411  1.584261E+01
      1412  8.782830E+00
      1413  3.857433E+00
      1414  1.042711E+00
      1415  3.251246E-01
      1416  1.584261E+01
      1417  8.782830E+00
      1418  3.857433E+00
      1419  1.042711E+00
      1420  3.251246E-01
      1421  8.281981E-01
      1422  1.637733E+00
      1423  8.293419E-01
      1424  1.635418E+00
      1425  8.322536E-01
      1426  1.638485E+00
      1427  8.557716E-01
      1428  1.637479E+00
      1429  2.844485E-01
      1430  5.462303E-01
      1431  2.844485E-01
      1432  5.462303E-01
      1433  8.557716E-01
      1434  1.637479E+00
      1435  8.322536E-01
      1436  1.638485E+00
      1437  8.293419E-01
      1438  1.635418E+00
      1439  8.281981E-01
      1440  1.637733E+00
      1441  1.527022E+01
      1442  8.459063E+00
      1443  3.711488E+00
      1444  1.003651E+00
      1445  3.220378E-01
      1446  1.527022E+01
      1447  8.459063E+00
      1448  3.711488E+00
      1449  1.003651E+00
      1450  3.220378E-01
      1451  8.036722E-01
      1452  1.583292E+00
      1453  8.048188E-01
      1454  1.581036E+00
      1455  8.077309E-01
      1456  1.584117E+00
      1457  8.311972E-01
      1458  1.583116E+00
      1459  2.788292E-01
      1460  5.329503E-01
      1461  2.788292E-01
      1462  5.329503E-01
      1463  8.311972E-01
      1464  1.583116E+00
      1465  8.077309E-01
      1466  1.584117E+00
      1467  8.048188E-01
      1468  1.581036E+00
      1469  8.036722E-01
      1470  1.583292E+00
      1471  1.470774E+01
      1472  8.141267E+00
      1473  3.568554E+00
      1474  9.656195E-01
      1475  3.189722E-01
      1476  1.470774E+01
      1477  8.141267E+00
      1478  3.568554E+00
      1479  9.656195E-01
      1480  3.189722E-01
      1481  7.793214E-01
      1482  1.529565E+00
      1483  7.804710E-01
      1484  1.527370E+00
      1485  7.833835E-01
      1486  1.530464E+00
      1487  8.067962E-01
      1488  1.529471E+00
      1489  2.731614E-01
      1490  5.196637E-01
      1491  2.731614E-01
      1492  5.196637E-01
      1493  8.067962E-01
      1494  1.529471E+00
      1495  7.833835E-01
      1496  1.530464E+00
      1497  7.804710E-01
      1498  1.527370E+00
      1499  7.793214E-01
      1500  1.529565E+00
      1501  1.415519E+01
      1502  7.829450E+00
      1503  3.428629E+00
      1504  9.286095E-01
      1505  3.159242E-01
      1506  1.415519E+01
      1507  7.829450E+00
      1508  3.428629E+00
      1509  9.286095E-01
      1510  3.159242E-01
      1511  7.551521E-01
      1512  1.476562E+00
      1513  7.563048E-01
      1514  1.474427E+00
      1515  7.592180E-01
      1516  1.477535E+00
      1517  7.825754E-01
      1518  1.476550E+00
      1519  2.674460E-01
      1520  5.063730E-01
      1521  2.674460E-01
      1522  5.063730E-01
      1523  7.825754E-01
      1524  1.476550E+00
      1525  7.592180E-01
      1526  1.477535E+00
      1527  7.563048E-01
      1528  1.474427E+00
      1529  7.551521E-01
      1530  1.476562E+00
      1531  1.361259E+01
      1532  7.523617E+00
      1533  3.291709E+00
      1534  8.926143E-01
      1535  3.128905E-01
      1536  1.361259E+01
      1537  7.523617E+00
      1538  3.291709E+00
      1539  8.926143E-01
      1540  3.128905E-01
      1541  7.311708E-01
      1542  1.424290E+00
      1543  7.323268E-01
      1544  1.422217E+00
      1545  7.352410E-01
      1546  1.425338E+00
      1547  7.585412E-01
      1548  1.424361E+00
      1549  2.616839E-01
      1550  4.930808E-01
      1551  2.616839E-01
      1552  4.930808E-01
      1553  7.585412E-01
      1554  1.424361E+00
      1555  7.352410E-01
      1556  1.425338E+00
      1557  7.323268E-01
      1558  1.422217E+00
      1559  7.311708E-01
      1560  1.424290E+00
      1561  1.307998E+01
      1562  7.223777E+00
      1563  3.157789E+00
      1564  8.576270E-01
      1565  3.098677E-01
      1566  1.307998E+01
      1567  7.223777E+00
      1568  3.157789E+00
      1569  8.576270E-01
      1570  3.098677E-01
      1571  7.073842E-01
      1572  1.372758E+00
      1573  7.085440E-01
      1574  1.370746E+00
      1575  7.114595E-01
      1576  1.373880E+00
      1577  7.347006E-01
      1578  1.372913E+00
      1579  2.558764E-01
      1580  4.797902E-01
      1581  2.558764E-01
      1582  4.797902E-01
      1583  7.347006E-01
      1584  1.372913E+00
      1585  7.114595E-01
      1586  1.373880E+00
      1587  7.085440E-01
      1588  1.370746E+00
      1589  7.073842E-01
      1590  1.372758E+00
      1591  1.255737E+01
      1592  6.929935E+00
      1593  3.026868E+00
      1594  8.236403E-01
      1595  3.068525E-01
      1596  1.255737E+01
      1597  6.929935E+00
      1598  3.026868E+00
      1599  8.236403E-01
      1600  3.068525E-01
      1601  6.837995E-01
      1602  1.321973E+00
      1603  6.849633E-01
      1604  1.320023E+00
      1605  6.878805E-01
      1606  1.323170E+00
      1607  7.110608E-01
      1608  1.322213E+00
      1609  2.500246E-01
      1610  4.665040E-01
      1611  2.500246E-01
      1612  4.665040E-01
      1613  7.110608E-01
      1614  1.322213E+00
      1615  6.878805E-01
      1616  1.323170E+00
      1617  6.849633E-01
      1618  1.320023E+00
      1619  6.837995E-01
      1620  1.321973E+00
      1621  1.204480E+01
      1622  6.642100E+00
      1623  2.898940E+00
      1624  7.906469E-01
      1625  3.038416E-01
      1626  1.204480E+01
      1627  6.642100E+00
      1628  2.898940E+00
      1629  7.906469E-01
      1630  3.038416E-01
      1631  6.604239E-01
      1632  1.271945E+00
      1633  6.615922E-01
      1634  1.270058E+00
      1635  6.645115E-01
      1636  1.273217E+00
      1637  6.876289E-01
      1638  1.272271E+00
      1639  2.441299E-01
      1640  4.532257E-01
      1641  2.441299E-01
      1642  4.532257E-01
      1643  6.876289E-01
      1644  1.272271E+00
      1645  6.645115E-01
      1646  1.273217E+00
      1647  6.615922E-01
      1648  1.270058E+00
      1649  6.604239E-01
      1650  1.271945E+00
      1651  1.154228E+01
      1652  6.360279E+00
      1653  2.774001E+00
      1654  7.586393E-01
      1655  3.008318E-01
      1656  1.154228E+01
      1657  6.360279E+00
      1658  2.774001E+00
      1659  7.586393E-01
      1660  3.008318E-01
      1661  6.372650E-01
      1662  1.222681E+00
      1663  6.384380E-01
      1664  1.220857E+00
      1665  6.413599E-01
      1666  1.224029E+00
      1667  6.644126E-01
      1668  1.223095E+00
      1669  2.381938E-01
      1670  4.399587E-01
      1671  2.381938E-01
      1672  4.399587E-01
      1673  6.644126E-01
      1674  1.223095E+00
      1675  6.413599E-01
      1676  1.224029E+00
      1677  6.384380E-01
      1678  1.220857E+00
      1679  6.372650E-01
      1680  1.222681E+00
      1681  1.104985E+01
      1682  6.084479E+00
      1683  2.652049E+00
      1684  7.276095E-01
      1685  2.978198E-01
      1686  1.104985E+01
      1687  6.084479E+00
      1688  2.652049E+00
      1689  7.276095E-01
      1690  2.978198E-01
      1691  6.143305E-01
      1692  1.174191E+00
      1693  6.155087E-01
      1694  1.172431E+00
      1695  6.184335E-01
      1696  1.175615E+00
      1697  6.414194E-01
      1698  1.174694E+00
      1699  2.322179E-01
      1700  4.267066E-01
      1701  2.322179E-01
      1702  4.267066E-01
      1703  6.414194E-01
      1704  1.174694E+00
      1705  6.184335E-01
      1706  1.175615E+00
      1707  6.155087E-01
      1708  1.172431E+00
      1709  6.143305E-01
      1710  1.174191E+00
      1711  1.056754E+01
      1712  5.814709E+00
      1713  2.533077E+00
      1714  6.975496E-01
      1715  2.948025E-01
      1716  1.056754E+01
      1717  5.814709E+00
      1718  2.533077E+00
      1719  6.975496E-01
      1720  2.948025E-01
      1721  5.916283E-01
      1722  1.126484E+00
      1723  5.928121E-01
      1724  1.124789E+00
      1725  5.957404E-01
      1726  1.127985E+00
      1727  6.186575E-01
      1728  1.127078E+00
      1729  2.262040E-01
      1730  4.134735E-01
      1731  2.262040E-01
      1732  4.134735E-01
      1733  6.186575E-01
      1734  1.127078E+00
      1735  5.957404E-01
      1736  1.127985E+00
      1737  5.928121E-01
      1738  1.124789E+00
      1739  5.916283E-01
      1740  1.126484E+00
      1741  1.009537E+01
      1742  5.550976E+00
      1743  2.417081E+00
      1744  6.684514E-01
      1745  2.917770E-01
      1746  1.009537E+01
      1747  5.550976E+00
      1748  2.417081E+00
      1749  6.684514E-01
      1750  2.917770E-01
      1751  5.691668E-01
      1752  1.079570E+00
      1753  5.703566E-01
      1754  1.077939E+00
      1755  5.732887E-01
      1756  1.081147E+00
      1757  5.961349E-01
      1758  1.080255E+00
      1759  2.201542E-01
      1760  4.002635E-01
      1761  2.201542E-01
      1762  4.002635E-01
      1763  5.961349E-01
      1764  1.080255E+00
      1765  5.732887E-01
      1766  1.081147E+00
      1767  5.703566E-01
      1768  1.077939E+00
      1769  5.691668E-01
      1770  1.079570E+00
      1771  9.633371E+00
      1772  5.293287E+00
      1773  2.304058E+00
      1774  6.403064E-01
      1775  2.887402E-01
      1776  9.633371E+00
      1777  5.293287E+00
      1778  2.304058E+00
      1779  6.403064E-01
      1780  2.887402E-01
      1781  5.469543E-01
      1782  1.033458E+00
      1783  5.481505E-01
      1784  1.031893E+00
      1785  5.510871E-01
      1786  1.035112E+00
      1787  5.738602E-01
      1788  1.034236E+00
      1789  2.140703E-01
      1790  3.870811E-01
      1791  2.140703E-01
      1792  3.870811E-01
      1793  5.738602E-01
      1794  1.034236E+00
      1795  5.510871E-01
      1796  1.035112E+00
      1797  5.481505E-01
      1798  1.031893E+00
      1799  5.469543E-01
      1800  1.033458E+00
      1801  9.181581E+00
      1802  5.041652E+00
      1803  2.194000E+00
      1804  6.131059E-01
      1805  2.856892E-01
      1806  9.181581E+00
      1807  5.041652E+00
      1808  2.194000E+00
      1809  6.131059E-01
      1810  2.856892E-01
      1811  5.249997E-01
      1812  9.881586E-01
      1813  5.262028E-01
      1814  9.866588E-01
      1815  5.291442E-01
      1816  9.898898E-01
      1817  5.518420E-01
      1818  9.890310E-01
      1819  2.079549E-01
      1820  3.739311E-01
      1821  2.079549E-01
      1822  3.739311E-01
      1823  5.518420E-01
      1824  9.890310E-01
      1825  5.291442E-01
      1826  9.898898E-01
      1827  5.262028E-01
      1828  9.866588E-01
      1829  5.249997E-01
      1830  9.881586E-01
      1831  8.740028E+00
      1832  4.796079E+00
      1833  2.086905E+00
      1834  5.868411E-01
      1835  2.826215E-01
      1836  8.740028E+00
      1837  4.796079E+00
      1838  2.086905E+00
      1839  5.868411E-01
      1840  2.826215E-01
      1841  5.033119E-01
      1842  9.436815E-01
      1843  5.045223E-01
      1844  9.422481E-01
      1845  5.074691E-01
      1846  9.454904E-01
      1847  5.300892E-01
      1848  9.446498E-01
      1849  2.018104E-01
      1850  3.608185E-01
      1851  2.018104E-01
      1852  3.608185E-01
      1853  5.300892E-01
      1854  9.446498E-01
      1855  5.074691E-01
      1856  9.454904E-01
      1857  5.045223E-01
      1858  9.422481E-01
      1859  5.033119E-01
      1860  9.436815E-01
      1861  8.308746E+00
      1862  4.556575E+00
      1863  1.982765E+00
      1864  5.615028E-01
      1865  2.795343E-01
      1866  8.308746E+00
      1867  4.556575E+00
      1868  1.982765E+00
      1869  5.615028E-01
      1870  2.795343E-01
      1871  4.819001E-01
      1872  9.000376E-01
      1873  4.831183E-01
      1874  8.986710E-01
      1875  4.860710E-01
      1876  9.019244E-01
      1877  5.086112E-01
      1878  9.011031E-01
      1879  1.956395E-01
      1880  3.477489E-01
      1881  1.956395E-01
      1882  3.477489E-01
      1883  5.086112E-01
      1884  9.011031E-01
      1885  4.860710E-01
      1886  9.019244E-01
      1887  4.831183E-01
      1888  8.986710E-01
      1889  4.819001E-01
      1890  9.000376E-01
      1891  7.887767E+00
      1892  4.323151E+00
      1893  1.881575E+00
      1894  5.370815E-01
      1895  2.764251E-01
      1896  7.887767E+00
      1897  4.323151E+00
      1898  1.881575E+00
      1899  5.370815E-01
      1900  2.764251E-01
      1901  4.607740E-01
      1902  8.572377E-01
      1903  4.620005E-01
      1904  8.559385E-01
      1905  4.649595E-01
      1906  8.592027E-01
      1907  4.874172E-01
      1908  8.584020E-01
      1909  1.894453E-01
      1910  3.347280E-01
      1911  1.894453E-01
      1912  3.347280E-01
      1913  4.874172E-01
      1914  8.584020E-01
      1915  4.649595E-01
      1916  8.592027E-01
      1917  4.620005E-01
      1918  8.559385E-01
      1919  4.607740E-01
      1920  8.572377E-01
      1921  7.477128E+00
      1922  4.095814E+00
      1923  1.783330E+00
      1924  5.135676E-01
      1925  2.732917E-01
      1926  7.477128E+00
      1927  4.095814E+00
      1928  1.783330E+00
      1929  5.135676E-01
      1930  2.732917E-01
      1931  4.399434E-01
      1932  8.152930E-01
      1933  4.411785E-01
      1934  8.140618E-01
      1935  4.441444E-01
      1936  8.173366E-01
      1937  4.665172E-01
      1938  8.165576E-01
      1939  1.832308E-01
      1940  3.217619E-01
      1941  1.832308E-01
      1942  3.217619E-01
      1943  4.665172E-01
      1944  8.165576E-01
      1945  4.441444E-01
      1946  8.173366E-01
      1947  4.411785E-01
      1948  8.140618E-01
      1949  4.399434E-01
      1950  8.152930E-01
      1951  7.076863E+00
      1952  3.874574E+00
      1953  1.688023E+00
      1954  4.909512E-01
      1955  2.701320E-01
      1956  7.076863E+00
      1957  3.874574E+00
      1958  1.688023E+00
      1959  4.909512E-01
      1960  2.701320E-01
      1961  4.194183E-01
      1962  7.742150E-01
      1963  4.206626E-01
      1964  7.730523E-01
      1965  4.236360E-01
      1966  7.763374E-01
      1967  4.459212E-01
      1968  7.755815E-01
      1969  1.769995E-01
      1970  3.088572E-01
      1971  1.769995E-01
      1972  3.088572E-01
      1973  4.459212E-01
      1974  7.755815E-01
      1975  4.236360E-01
      1976  7.763374E-01
      1977  4.206626E-01
      1978  7.730523E-01
      1979  4.194183E-01
      1980  7.742150E-01
      1981  6.687009E+00
      1982  3.659440E+00
      1983  1.595647E+00
      1984  4.692221E-01
      1985  2.669439E-01
      1986  6.687009E+00
      1987  3.659440E+00
      1988  1.595647E+00
      1989  4.692221E-01
      1990  2.669439E-01
      1991  3.992091E-01
      1992  7.340156E-01
      1993  4.004633E-01
      1994  7.329218E-01
      1995  4.034445E-01
      1996  7.362171E-01
      1997  4.256396E-01
      1998  7.354854E-01
      1999  1.707553E-01
      2000  2.960210E-01
      2001  1.707553E-01
      2002  2.960210E-01
      2003  4.256396E-01
      2004  7.354854E-01
      2005  4.034445E-01
      2006  7.362171E-01
      2007  4.004633E-01
      2008  7.329218E-01
      2009  3.992091E-01
      2010  7.340156E-01
      2011  6.307606E+00
      2012  3.450421E+00
      2013  1.506197E+00
      2014  4.483697E-01
      2015  2.637258E-01
      2016  6.307606E+00
      2017  3.450421E+00
      2018  1.506197E+00
      2019  4.483697E-01
      2020  2.637258E-01
      2021  3.793266E-01
      2022  6.947069E-01
      2023  3.805911E-01
      2024  6.936826E-01
      2025  3.835809E-01
      2026  6.969877E-01
      2027  4.056831E-01
      2028  6.962816E-01
      2029  1.645021E-01
      2030  2.832605E-01
      2031  1.645021E-01
      2032  2.832605E-01
      2033  4.056831E-01
      2034  6.962816E-01
      2035  3.835809E-01
      2036  6.969877E-01
      2037  3.805911E-01
      2038  6.936826E-01
      2039  3.793266E-01
      2040  6.947069E-01
      2041  5.938692E+00
      2042  3.247528E+00
      2043  1.419664E+00
      2044  4.283834E-01
      2045  2.604761E-01
      2046  5.938692E+00
      2047  3.247528E+00
      2048  1.419664E+00
      2049  4.283834E-01
      2050  2.604761E-01
      2051  3.597819E-01
      2052  6.563015E-01
      2053  3.610573E-01
      2054  6.553471E-01
      2055  3.640562E-01
      2056  6.586618E-01
      2057  3.860626E-01
      2058  6.579826E-01
      2059  1.582443E-01
      2060  2.705839E-01
      2061  1.582443E-01
      2062  2.705839E-01
      2063  3.860626E-01
      2064  6.579826E-01
      2065  3.640562E-01
      2066  6.586618E-01
      2067  3.610573E-01
      2068  6.553471E-01
      2069  3.597819E-01
      2070  6.563015E-01
      2071  5.580308E+00
      2072  3.050771E+00
      2073  1.336042E+00
      2074  4.092520E-01
      2075  2.571937E-01
      2076  5.580308E+00
      2077  3.050771E+00
      2078  1.336042E+00
      2079  4.092520E-01
      2080  2.571937E-01
      2081  3.405864E-01
      2082  6.188120E-01
      2083  3.418733E-01
      2084  6.179281E-01
      2085  3.448818E-01
      2086  6.212522E-01
      2087  3.667896E-01
      2088  6.206014E-01
      2089  1.519867E-01
      2090  2.579997E-01
      2091  1.519867E-01
      2092  2.579997E-01
      2093  3.667896E-01
      2094  6.206014E-01
      2095  3.448818E-01
      2096  6.212522E-01
      2097  3.418733E-01
      2098  6.179281E-01
      2099  3.405864E-01
      2100  6.188120E-01
      2101  5.232496E+00
      2102  2.860158E+00
      2103  1.255323E+00
      2104  3.909642E-01
      2105  2.538777E-01
      2106  5.232496E+00
      2107  2.860158E+00
      2108  1.255323E+00
      2109  3.909642E-01
      2110  2.538777E-01
      2111  3.217518E-01
      2112  5.822515E-01
      2113  3.230508E-01
      2114  5.814388E-01
      2115  3.260696E-01
      2116  5.847722E-01
      2117  3.478757E-01
      2118  5.841512E-01
      2119  1.457344E-01
      2120  2.455167E-01
      2121  1.457344E-01
      2122  2.455167E-01
      2123  3.478757E-01
      2124  5.841512E-01
      2125  3.260696E-01
      2126  5.847722E-01
      2127  3.230508E-01
      2128  5.814388E-01
      2129  3.217518E-01
      2130  5.822515E-01
      2131  4.895300E+00
      2132  2.675702E+00
      2133  1.177499E+00
      2134  3.735081E-01
      2135  2.505275E-01
      2136  4.895300E+00
      2137  2.675702E+00
      2138  1.177499E+00
      2139  3.735081E-01
      2140  2.505275E-01
      2141  3.032905E-01
      2142  5.466333E-01
      2143  3.046021E-01
      2144  5.458925E-01
      2145  3.076317E-01
      2146  5.492351E-01
      2147  3.293330E-01
      2148  5.486456E-01
      2149  1.394928E-01
      2150  2.331449E-01
      2151  1.394928E-01
      2152  2.331449E-01
      2153  3.293330E-01
      2154  5.486456E-01
      2155  3.076317E-01
      2156  5.492351E-01
      2157  3.046021E-01
      2158  5.458925E-01
      2159  3.032905E-01
      2160  5.466333E-01
      2161  4.568766E+00
      2162  2.497413E+00
      2163  1.102561E+00
      2164  3.568716E-01
      2165  2.471430E-01
      2166  4.568766E+00
      2167  2.497413E+00
      2168  1.102561E+00
      2169  3.568716E-01
      2170  2.471430E-01
      2171  2.852150E-01
      2172  5.119709E-01
      2173  2.865397E-01
      2174  5.113029E-01
      2175  2.895806E-01
      2176  5.146549E-01
      2177  3.111741E-01
      2178  5.140988E-01
      2179  1.332680E-01
      2180  2.208943E-01
      2181  1.332680E-01
      2182  2.208943E-01
      2183  3.111741E-01
      2184  5.140988E-01
      2185  2.895806E-01
      2186  5.146549E-01
      2187  2.865397E-01
      2188  5.113029E-01
      2189  2.852150E-01
      2190  5.119709E-01
      2191  4.252941E+00
      2192  2.325301E+00
      2193  1.030500E+00
      2194  3.410420E-01
      2195  2.437246E-01
      2196  4.252941E+00
      2197  2.325301E+00
      2198  1.030500E+00
      2199  3.410420E-01
      2200  2.437246E-01
      2201  2.675387E-01
      2202  4.782777E-01
      2203  2.688769E-01
      2204  4.776838E-01
      2205  2.719294E-01
      2206  4.810458E-01
      2207  2.934116E-01
      2208  4.805250E-01
      2209  1.270664E-01
      2210  2.087761E-01
      2211  1.270664E-01
      2212  2.087761E-01
      2213  2.934116E-01
      2214  4.805250E-01
      2215  2.719294E-01
      2216  4.810458E-01
      2217  2.688769E-01
      2218  4.776838E-01
      2219  2.675387E-01
      2220  4.782777E-01
      2221  3.947875E+00
      2222  2.159378E+00
      2223  9.613043E-01
      2224  3.260059E-01
      2225  2.402735E-01
      2226  3.947875E+00
      2227  2.159378E+00
      2228  9.613043E-01
      2229  3.260059E-01
      2230  2.402735E-01
      2231  2.502754E-01
      2232  4.455672E-01
      2233  2.516272E-01
      2234  4.450490E-01
      2235  2.546913E-01
      2236  4.484220E-01
      2237  2.760588E-01
      2238  4.479391E-01
      2239  1.208949E-01
      2240  1.968019E-01
      2241  1.208949E-01
      2242  1.968019E-01
      2243  2.760588E-01
      2244  4.479391E-01
      2245  2.546913E-01
      2246  4.484220E-01
      2247  2.516272E-01
      2248  4.450490E-01
      2249  2.502754E-01
      2250  4.455672E-01
      2251  3.653623E+00
      2252  1.999655E+00
      2253  8.949633E-01
      2254  3.117496E-01
      2255  2.367915E-01
      2256  3.653623E+00
      2257  1.999655E+00
      2258  8.949633E-01
      2259  3.117496E-01
      2260  2.367915E-01
      2261  2.334398E-01
      2262  4.138526E-01
      2263  2.348047E-01
      2264  4.134126E-01
      2265  2.378800E-01
      2266  4.167981E-01
      2267  2.591294E-01
      2268  4.163558E-01
      2269  1.147610E-01
      2270  1.849840E-01
      2271  1.147610E-01
      2272  1.849840E-01
      2273  2.591294E-01
      2274  4.163558E-01
      2275  2.378800E-01
      2276  4.167981E-01
      2277  2.348047E-01
      2278  4.134126E-01
      2279  2.334398E-01
      2280  4.138526E-01
      2281  3.370241E+00
      2282  1.846143E+00
      2283  8.314631E-01
      2284  2.982584E-01
      2285  2.332817E-01
      2286  3.370241E+00
      2287  1.846143E+00
      2288  8.314631E-01
      2289  2.982584E-01
      2290  2.332817E-01
      2291  2.170476E-01
      2292  3.831470E-01
      2293  2.184244E-01
      2294  3.827881E-01
      2295  2.215097E-01
      2296  3.861886E-01
      2297  2.426371E-01
      2298  3.857902E-01
      2299  1.086730E-01
      2300  1.733356E-01
      2301  1.086730E-01
      2302  1.733356E-01
      2303  2.426371E-01
      2304  3.857902E-01
      2305  2.215097E-01
      2306  3.861886E-01
      2307  2.184244E-01
      2308  3.827881E-01
      2309  2.170476E-01
      2310  3.831470E-01
      2311  3.097794E+00
      2312  1.698852E+00
      2313  7.707885E-01
      2314  2.855168E-01
      2315  2.297482E-01
      2316  3.097794E+00
      2317  1.698852E+00
      2318  7.707885E-01
      2319  2.855168E-01
      2320  2.297482E-01
      2321  2.011154E-01
      2322  3.534629E-01
      2323  2.025017E-01
      2324  3.531890E-01
      2325  2.055949E-01
      2326  3.566079E-01
      2327  2.265963E-01
      2328  3.562571E-01
      2329  1.026395E-01
      2330  1.618701E-01
      2331  1.026395E-01
      2332  1.618701E-01
      2333  2.265963E-01
      2334  3.562571E-01
      2335  2.055949E-01
      2336  3.566079E-01
      2337  2.025017E-01
      2338  3.531890E-01
      2339  2.011154E-01
      2340  3.534629E-01
      2341  2.836352E+00
      2342  1.557795E+00
      2343  7.129221E-01
      2344  2.735087E-01
      2345  2.261968E-01
      2346  2.836352E+00
      2347  1.557795E+00
      2348  7.129221E-01
      2349  2.735087E-01
      2350  2.261968E-01
      2351  1.856610E-01
      2352  3.248127E-01
      2353  1.870528E-01
      2354  3.246286E-01
      2355  1.901503E-01
      2356  3.280702E-01
      2357  2.110212E-01
      2358  3.277713E-01
      2359  9.667011E-02
      2360  1.506017E-01
      2361  9.667011E-02
      2362  1.506017E-01
      2363  2.110212E-01
      2364  3.277713E-01
      2365  1.901503E-01
      2366  3.280702E-01
      2367  1.870528E-01
      2368  3.246286E-01
      2369  1.856610E-01
      2370  3.248127E-01
      2371  2.585990E+00
      2372  1.422980E+00
      2373  6.578449E-01
      2374  2.622171E-01
      2375  2.226343E-01
      2376  2.585990E+00
      2377  1.422980E+00
      2378  6.578449E-01
      2379  2.622171E-01
      2380  2.226343E-01
      2381  1.707034E-01
      2382  2.972085E-01
      2383  1.720946E-01
      2384  2.971201E-01
      2385  1.751909E-01
      2386  3.005896E-01
      2387  1.959263E-01
      2388  3.003469E-01
      2389  9.077508E-02
      2390  1.395451E-01
      2391  9.077508E-02
      2392  1.395451E-01
      2393  1.959263E-01
      2394  3.003469E-01
      2395  1.751909E-01
      2396  3.005896E-01
      2397  1.720946E-01
      2398  2.971201E-01
      2399  1.707034E-01
      2400  2.972085E-01
      2401  2.346795E+00
      2402  1.294418E+00
      2403  6.055375E-01
      2404  2.516247E-01
      2405  2.190688E-01
      2406  2.346795E+00
      2407  1.294418E+00
      2408  6.055375E-01
      2409  2.516247E-01
      2410  2.190688E-01
      2411  1.562624E-01
      2412  2.706637E-01
      2413  1.576443E-01
      2414  2.706770E-01
      2415  1.607319E-01
      2416  2.741802E-01
      2417  1.813260E-01
      2418  2.739974E-01
      2419  8.496543E-02
      2420  1.287149E-01
      2421  8.496543E-02
      2422  1.287149E-01
      2423  1.813260E-01
      2424  2.739974E-01
      2425  1.607319E-01
      2426  2.741802E-01
      2427  1.576443E-01
      2428  2.706770E-01
      2429  1.562624E-01
      2430  2.706637E-01
      2431  2.118854E+00
      2432  1.172124E+00
      2433  5.559829E-01
      2434  2.417147E-01
      2435  2.155079E-01
      2436  2.118854E+00
      2437  1.172124E+00
      2438  5.559829E-01
      2439  2.417147E-01
      2440  2.155079E-01
      2441  1.423582E-01
      2442  2.451937E-01
      2443  1.437194E-01
      2444  2.453145E-01
      2445  1.467885E-01
      2446  2.488566E-01
      2447  1.672343E-01
      2448  2.487363E-01
      2449  7.925298E-02
      2450  1.181266E-01
      2451  7.925298E-02
      2452  1.181266E-01
      2453  1.672343E-01
      2454  2.487363E-01
      2455  1.467885E-01
      2456  2.488566E-01
      2457  1.437194E-01
      2458  2.453145E-01
      2459  1.423582E-01
      2460  2.451937E-01
      2461  1.902259E+00
      2462  1.056112E+00
      2463  5.091717E-01
      2464  2.324719E-01
      2465  2.119569E-01
      2466  1.902259E+00
      2467  1.056112E+00
      2468  5.091717E-01
      2469  2.324719E-01
      2470  2.119569E-01
      2471  1.290094E-01
      2472  2.208186E-01
      2473  1.303364E-01
      2474  2.210510E-01
      2475  1.333757E-01
      2476  2.246353E-01
      2477  1.536651E-01
      2478  2.245774E-01
      2479  7.365032E-02
      2480  1.077959E-01
      2481  7.365032E-02
      2482  1.077959E-01
      2483  1.536651E-01
      2484  2.245774E-01
      2485  1.333757E-01
      2486  2.246353E-01
      2487  1.303364E-01
      2488  2.210510E-01
      2489  1.290094E-01
      2490  2.208186E-01
      2491  1.697090E+00
      2492  9.464085E-01
      2493  4.651107E-01
      2494  2.238843E-01
      2495  2.084140E-01
      2496  1.697090E+00
      2497  9.464085E-01
      2498  4.651107E-01
      2499  2.238843E-01
      2500  2.084140E-01
      2501  1.162312E-01
      2502  1.975671E-01
      2503  1.175098E-01
      2504  1.979113E-01
      2505  1.205086E-01
      2506  2.015369E-01
      2507  1.406320E-01
      2508  2.015364E-01
      2509  6.817069E-02
      2510  9.774049E-02
      2511  6.817069E-02
      2512  9.774049E-02
      2513  1.406320E-01
      2514  2.015364E-01
      2515  1.205086E-01
      2516  2.015369E-01
      2517  1.175098E-01
      2518  1.979113E-01
      2519  1.162312E-01
      2520  1.975671E-01
      2521  1.503404E+00
      2522  8.430512E-01
      2523  4.238349E-01
      2524  2.159459E-01
      2525  2.048643E-01
      2526  1.503404E+00
      2527  8.430512E-01
      2528  4.238349E-01
      2529  2.159459E-01
      2530  2.048643E-01
      2531  1.040308E-01
      2532  1.754816E-01
      2533  1.052505E-01
      2534  1.759305E-01
      2535  1.082024E-01
      2536  1.795890E-01
      2537  1.281490E-01
      2538  1.796346E-01
      2539  6.282772E-02
      2540  8.798113E-02
      2541  6.282772E-02
      2542  8.798113E-02
      2543  1.281490E-01
      2544  1.796346E-01
      2545  1.082024E-01
      2546  1.795890E-01
      2547  1.052505E-01
      2548  1.759305E-01
      2549  1.040308E-01
      2550  1.754816E-01
      2551  1.321208E+00
      2552  7.461039E-01
      2553  3.854246E-01
      2554  2.086599E-01
      2555  2.012707E-01
      2556  1.321208E+00
      2557  7.461039E-01
      2558  3.854246E-01
      2559  2.086599E-01
      2560  2.012707E-01
      2561  9.240177E-02
      2562  1.546249E-01
      2563  9.356287E-02
      2564  1.551602E-01
      2565  9.647290E-02
      2566  1.588311E-01
      2567  1.162316E-01
      2568  1.589030E-01
      2569  5.763492E-02
      2570  7.854502E-02
      2571  5.763492E-02
      2572  7.854502E-02
      2573  1.162316E-01
      2574  1.589030E-01
      2575  9.647290E-02
      2576  1.588311E-01
      2577  9.356287E-02
      2578  1.551602E-01
      2579  9.240177E-02
      2580  1.546249E-01
      2581  1.150431E+00
      2582  6.556664E-01
      2583  3.500253E-01
      2584  2.020444E-01
      2585  1.975631E-01
      2586  1.150431E+00
      2587  6.556664E-01
      2588  3.500253E-01
      2589  2.020444E-01
      2590  1.975631E-01
      2591  8.131602E-02
      2592  1.350870E-01
      2593  8.244142E-02
      2594  1.356738E-01
      2595  8.533748E-02
      2596  1.393201E-01
      2597  1.048991E-01
      2598  1.393887E-01
      2599  5.260465E-02
      2600  6.947020E-02
      2601  5.260465E-02
      2602  6.947020E-02
      2603  1.048991E-01
      2604  1.393887E-01
      2605  8.533748E-02
      2606  1.393201E-01
      2607  8.244142E-02
      2608  1.356738E-01
      2609  8.131602E-02
      2610  1.350870E-01
      2611  9.908901E-01
      2612  5.718896E-01
      2613  3.178679E-01
      2614  1.961399E-01
      2615  1.936300E-01
      2616  9.908901E-01
      2617  5.718896E-01
      2618  3.178679E-01
      2619  1.961399E-01
      2620  1.936300E-01
      2621  7.071473E-02
      2622  1.169923E-01
      2623  7.186833E-02
      2624  1.175721E-01
      2625  7.481717E-02
      2626  1.211344E-01
      2627  9.417827E-02
      2628  1.211619E-01
      2629  4.774637E-02
      2630  6.081133E-02
      2631  4.774637E-02
      2632  6.081133E-02
      2633  9.417827E-02
      2634  1.211619E-01
      2635  7.481717E-02
      2636  1.211344E-01
      2637  7.186833E-02
      2638  1.175721E-01
      2639  7.071473E-02
      2640  1.169923E-01
      2641  8.422703E-01
      2642  4.949872E-01
      2643  2.892835E-01
      2644  1.910233E-01
      2645  1.893188E-01
      2646  8.422703E-01
      2647  4.949872E-01
      2648  2.892835E-01
      2649  1.910233E-01
      2650  1.893188E-01
      2651  6.050217E-02
      2652  1.005032E-01
      2653  6.181365E-02
      2654  1.009860E-01
      2655  6.494084E-02
      2656  1.043760E-01
      2657  8.410785E-02
      2658  1.043205E-01
      2659  4.306373E-02
      2660  5.264548E-02
      2661  4.306373E-02
      2662  5.264548E-02
      2663  8.410785E-02
      2664  1.043205E-01
      2665  6.494084E-02
      2666  1.043760E-01
      2667  6.181365E-02
      2668  1.009860E-01
      2669  6.050217E-02
      2670  1.005032E-01
      2671  7.041309E-01
      2672  4.252383E-01
      2673  2.647004E-01
      2674  1.868339E-01
      2675  1.844587E-01
      2676  7.041309E-01
      2677  4.252383E-01
      2678  2.647004E-01
      2679  1.868339E-01
      2680  1.844587E-01
      2681  5.055236E-02
      2682  8.582016E-02
      2683  5.224796E-02
      2684  8.607442E-02
      2685  5.575580E-02
      2686  8.916592E-02
      2687  7.474534E-02
      2688  8.898808E-02
      2689  3.855061E-02
      2690  4.507464E-02
      2691  3.855061E-02
      2692  4.507464E-02
      2693  7.474534E-02
      2694  8.898808E-02
      2695  5.575580E-02
      2696  8.916592E-02
      2697  5.224796E-02
      2698  8.607442E-02
      2699  5.055236E-02
      2700  8.582016E-02
      2701  5.759840E-01
      2702  3.629614E-01
      2703  2.446072E-01
      2704  1.838176E-01
      2705  1.789254E-01
      2706  5.759840E-01
      2707  3.629614E-01
      2708  2.446072E-01
      2709  1.838176E-01
      2710  1.789254E-01
      2711  4.075316E-02
      2712  7.318242E-02
      2713  4.318907E-02
      2714  7.302408E-02
      2715  4.735721E-02
      2716  7.563476E-02
      2717  6.617861E-02
      2718  7.530068E-02
      2719  3.418712E-02
      2720  3.822051E-02
      2721  3.418712E-02
      2722  3.822051E-02
      2723  6.617861E-02
      2724  7.530068E-02
      2725  4.735721E-02
      2726  7.563476E-02
      2727  4.318907E-02
      2728  7.302408E-02
      2729  4.075316E-02
      2730  7.318242E-02
      2731  4.574841E-01
      2732  3.084273E-01
      2733  2.294482E-01
      2734  1.823940E-01
      2735  1.727714E-01
      2736  4.574841E-01
      2737  3.084273E-01
      2738  2.294482E-01
      2739  1.823940E-01
      2740  1.727714E-01
      2741  3.113839E-02
      2742  6.288234E-02
      2743  3.483130E-02
      2744  6.206930E-02
      2745  3.996841E-02
      2746  6.392307E-02
      2747  5.856037E-02
      2748  6.338900E-02
      2749  2.993948E-02
      2750  3.220950E-02
      2751  2.993948E-02
      2752  3.220950E-02
      2753  5.856037E-02
      2754  6.338900E-02
      2755  3.996841E-02
      2756  6.392307E-02
      2757  3.483130E-02
      2758  6.206930E-02
      2759  3.113839E-02
      2760  6.288234E-02
      2761  3.487643E-01
      2762  2.616443E-01
      2763  2.193967E-01
      2764  1.832333E-01
      2765  1.664438E-01
      2766  3.487643E-01
      2767  2.616443E-01
      2768  2.193967E-01
      2769  1.832333E-01
      2770  1.664438E-01
      2771  2.219423E-02
      2772  5.532666E-02
      2773  2.784505E-02
      2774  5.358384E-02
      2775  3.414248E-02
      2776  5.424466E-02
      2777  5.222641E-02
      2778  5.339945E-02
      2779  2.577315E-02
      2780  2.716524E-02
      2781  2.577315E-02
      2782  2.716524E-02
      2783  5.222641E-02
      2784  5.339945E-02
      2785  3.414248E-02
      2786  5.424466E-02
      2787  2.784505E-02
      2788  5.358384E-02
      2789  2.219423E-02
      2790  5.532666E-02
      2791  2.508749E-01
      2792  2.219376E-01
      2793  2.139262E-01
      2794  1.872944E-01
      2795  1.611119E-01
      2796  2.508749E-01
      2797  2.219376E-01
      2798  2.139262E-01
      2799  1.872944E-01
      2800  1.611119E-01
      2801  1.542968E-02
      2802  5.118985E-02
      2803  2.394737E-02
      2804  4.833289E-02
      2805  3.120084E-02
      2806  4.714117E-02
      2807  4.806196E-02
      2808  4.570581E-02
      2809  2.169628E-02
      2810  2.329738E-02
      2811  2.169628E-02
      2812  2.329738E-02
      2813  4.806196E-02
      2814  4.570581E-02
      2815  3.120084E-02
      2816  4.714117E-02
      2817  2.394737E-02
      2818  4.833289E-02
      2819  1.542968E-02
      2820  5.118985E-02
      2821  1.660971E-01
      2822  1.873208E-01
      2823  2.111068E-01
      2824  1.957520E-01
      2825  1.591689E-01
      2826  1.660971E-01
      2827  1.873208E-01
      2828  2.111068E-01
      2829  1.957520E-01
      2830  1.591689E-01
      2831  1.414244E-02
      2832  5.160903E-02
      2833  2.670349E-02
      2834  4.792366E-02
      2835  3.401084E-02
      2836  4.413688E-02
      2837  4.850254E-02
      2838  4.167448E-02
      2839  1.785812E-02
      2840  2.135408E-02
      2841  1.785812E-02
      2842  2.135408E-02
      2843  4.850254E-02
      2844  4.167448E-02
      2845  3.401084E-02
      2846  4.413688E-02
      2847  2.670349E-02
      2848  4.792366E-02
      2849  1.414244E-02
      2850  5.160903E-02
      2851  9.765399E-02
      2852  1.540338E-01
      2853  2.067965E-01
      2854  2.096835E-01
      2855  1.653525E-01
      2856  9.765399E-02
      2857  1.540338E-01
      2858  2.067965E-01
      2859  2.096835E-01
      2860  1.653525E-01
      2861  2.367132E-02
      2862  5.815572E-02
      2863  4.174963E-02
      2864  5.520437E-02
      2865  4.783919E-02
      2866  4.897534E-02
      2867  5.982084E-02
      2868  4.574882E-02
      2869  1.472577E-02
      2870  2.417856E-02
      2871  1.472577E-02
      2872  2.417856E-02
      2873  5.982084E-02
      2874  4.574882E-02
      2875  4.783919E-02
      2876  4.897534E-02
      2877  4.174963E-02
      2878  5.520437E-02
      2879  2.367132E-02
      2880  5.815572E-02
      2881  4.831872E-02
      2882  1.175167E-01
      2883  1.942303E-01
      2884  2.298143E-01
      2885  1.892922E-01
      2886  4.831872E-02
      2887  1.175167E-01
      2888  1.942303E-01
      2889  2.298143E-01
      2890  1.892922E-01
      2891  4.826791E-02
      2892  7.136491E-02
      2893  7.369099E-02
      2894  7.308993E-02
      2895  7.963325E-02
      2896  6.868852E-02
      2897  9.674375E-02
      2898  6.961865E-02
      2899  1.325751E-02
      2900  4.069496E-02
      2901  1.325751E-02
      2902  4.069496E-02
      2903  9.674375E-02
      2904  6.961865E-02
      2905  7.963325E-02
      2906  6.868852E-02
      2907  7.369099E-02
      2908  7.308993E-02
      2909  4.826791E-02
      2910  7.136491E-02
      2911  1.826444E-02
      2912  7.637153E-02
      2913  1.656307E-01
      2914  2.542949E-01
      2915  2.563639E-01
      2916  1.826444E-02
      2917  7.637153E-02
      2918  1.656307E-01
      2919  2.542949E-01
      2920  2.563639E-01
      2921  8.452772E-02
      2922  8.843132E-02
      2923  1.179914E-01
      2924  9.888413E-02
      2925  1.317045E-01
      2926  1.108904E-01
      2927  1.898225E-01
      2928  1.380860E-01
      2929  1.528084E-02
      2930  9.483763E-02
      2931  1.528084E-02
      2932  9.483763E-02
      2933  1.898225E-01
      2934  1.380860E-01
      2935  1.317045E-01
      2936  1.108904E-01
      2937  1.179914E-01
      2938  9.888413E-02
      2939  8.452772E-02
      2940  8.843132E-02
      2941  4.085351E-03
      2942  3.697993E-02
      2943  1.179465E-01
      2944  2.719813E-01
      2945  4.429231E-01
      2946  4.085351E-03
      2947  3.697993E-02
      2948  1.179465E-01
      2949  2.719813E-01
      2950  4.429231E-01
      2951  1.175725E-01
      2952  9.905803E-02
      2953  1.427200E-01
      2954  1.271943E-01
      2955  1.864735E-01
      2956  1.683312E-01
      2957  3.984258E-01
      2958  2.878259E-01
      2959  2.897550E-02
      2960  2.428627E-01
      2961  2.897550E-02
      2962  2.428627E-01
      2963  3.984258E-01
      2964  2.878259E-01
      2965  1.864735E-01
      2966  1.683312E-01
      2967  1.427200E-01
      2968  1.271943E-01
      2969  1.175725E-01
      2970  9.905803E-02
      2971  2.484566E-04
      2972  9.374878E-03
      2973  6.216437E-02
      2974  2.757286E-01
      2975  7.522398E-01
      2976  2.484566E-04
      2977  9.374878E-03
      2978  6.216437E-02
      2979  2.757286E-01
      2980  7.522398E-01
      2981  8.846901E-02
      2982  2.000395E-01
      2983  1.221156E-01
      2984  1.491785E-01
      2985  2.221822E-01
      2986  3.053461E-01
      2987  8.334756E-01
      2988  6.447841E-01
      2989  1.498420E-01
      2990  6.118715E-01
      2991  1.498420E-01
      2992  6.118715E-01
      2993  8.334756E-01
      2994  6.447841E-01
      2995  2.221822E-01
      2996  3.053461E-01
      2997  1.221156E-01
      2998  1.491785E-01
      2999  8.846901E-02
      3000  2.000395E-01
