
                        S T E P       1


                                INCREMENT     1


 displacements (vx,vy,vz) for set NALL and time  0.1000000E+01

         1  1.323489E-24  1.323489E-24  6.617445E-25
         2  0.000000E+00  0.000000E+00  0.000000E+00
         3  6.617445E-25  6.617445E-25 -6.617445E-25
         4  0.000000E+00 -6.617445E-25 -6.849055E-23
         5  1.600466E-03 -4.305965E-06 -1.870662E-03
         6  1.601780E-03  1.021904E-05  1.911341E-03
         7 -1.489931E-03  1.681182E-05 -1.870326E-03
         8 -1.491077E-03 -1.723957E-06  1.912387E-03
         9  2.321326E-03 -7.348734E-06 -2.942400E-03
        10  2.321433E-03  1.438946E-05  2.896847E-03
        11 -2.215047E-03  1.615072E-05 -2.942358E-03
        12 -2.214940E-03 -1.924203E-06  2.896884E-03
        13  3.111878E-03 -2.118732E-06 -3.943540E-03
        14  3.112172E-03  1.125913E-05  3.898038E-03
        15 -3.123586E-03  2.046949E-06 -3.943784E-03
        16 -3.123352E-03  6.373039E-06  3.898465E-03
        17  4.252434E-03  7.075105E-06 -5.298151E-03
        18  4.253746E-03 -8.062148E-06  5.319809E-03
        19 -4.285179E-03 -1.319120E-05 -5.298368E-03
        20 -4.285214E-03  1.795733E-05  5.320443E-03
        21  5.000000E-03 -1.058791E-23 -6.000000E-03
        22  5.000000E-03  2.117582E-23  6.000000E-03
        23 -5.000000E-03  2.117582E-23 -6.000000E-03
        24 -5.000000E-03 -1.376429E-21  6.000000E-03
        25  7.552361E-05 -1.165441E-05 -2.490543E-04
        26  4.876056E-04 -2.485357E-05 -9.269763E-04
        27  1.164298E-03 -1.390953E-05 -1.633067E-03
        28  8.012713E-05 -7.933105E-06  1.961012E-04
        29  3.612650E-04 -1.919161E-05  7.588117E-04
        30  8.948504E-04 -3.504921E-06  1.563630E-03
        31 -1.747873E-04 -5.263474E-06 -1.149469E-04
        32 -5.586481E-04 -1.451704E-05 -6.353792E-04
        33 -1.022660E-03  6.574848E-07 -1.459133E-03
        34 -2.403960E-04 -9.304935E-06  2.434252E-04
        35 -8.331263E-04 -2.323998E-05  9.008697E-04
        36 -1.381873E-03 -9.349494E-06  1.660196E-03
        37  2.513825E-03 -2.096390E-05 -2.394637E-03
        38  1.865051E-03 -3.542564E-06  2.347529E-03
        39 -1.636968E-03 -1.960751E-06 -2.417097E-03
        40 -2.150173E-03 -1.411571E-05  2.359667E-03
        41  5.032652E-03 -1.705874E-06 -5.509191E-03
        42  5.542141E-03 -6.763059E-06 -5.736309E-03
        43  5.457110E-03 -5.565289E-06 -5.859379E-03
        44  4.023927E-03 -1.221326E-05  5.418968E-03
        45  4.050698E-03 -1.416219E-05  5.548574E-03
        46  4.402332E-03 -1.022307E-05  5.764796E-03
        47 -3.955597E-03 -1.532573E-05 -5.369244E-03
        48 -3.917681E-03 -1.676976E-05 -5.487174E-03
        49 -4.294946E-03 -1.108874E-05 -5.759537E-03
        50 -4.967537E-03  5.662477E-06  5.587178E-03
        51 -5.372147E-03 -7.396837E-07  5.884789E-03
        52 -5.324776E-03 -1.080138E-06  5.943858E-03
        53  1.035602E-06  4.256112E-07 -1.034545E-07
        54  8.536138E-07  5.204695E-06 -1.659758E-06
        55  1.424194E-06  4.803708E-06 -1.467627E-06
        56 -5.174787E-07 -8.079376E-07  2.302722E-07
        57 -3.661531E-07  2.598874E-07 -1.055834E-07
        58 -5.378024E-07  1.065435E-06 -3.735895E-07
        59 -4.498146E-07  1.237226E-06  6.749820E-07
        60 -5.271949E-07  1.337243E-06  4.066402E-07
        61 -2.489242E-08  1.120024E-07  5.077186E-07
        62 -1.228354E-06  2.836740E-06 -1.175401E-06
        63 -1.630755E-06  3.926818E-06 -6.355841E-07
        64 -4.818974E-07  1.104701E-06 -6.746476E-07
        65  1.602926E-03  9.417260E-06  2.401495E-05
        66 -1.491779E-03  2.604551E-05  3.257276E-05
        67  4.371747E-05 -3.326038E-06 -1.869832E-03
        68  2.845107E-05  6.428208E-06  1.910758E-03
        69  2.321277E-03  7.843556E-06  5.796334E-05
        70 -2.215563E-03  7.388622E-06  3.236115E-05
        71 -1.206754E-05  1.128793E-06 -2.942560E-03
        72  7.987406E-06  3.208305E-06  2.896501E-03
        73  3.110838E-03 -3.654877E-05 -2.205360E-03
        74  3.111537E-03  1.268987E-06 -7.547273E-05
        75  3.110952E-03  4.031709E-05  2.080393E-03
        76 -3.125535E-03  4.424138E-05 -2.165666E-03
        77 -3.124665E-03  1.915272E-06 -6.081505E-05
        78 -3.125439E-03 -3.864694E-05  2.064017E-03
        79  1.712651E-03  4.470683E-05 -3.945248E-03
        80  3.887591E-05  3.002840E-06 -3.944577E-03
        81 -1.658868E-03 -4.058582E-05 -3.945316E-03
        82  1.667278E-03 -3.548876E-05  3.896116E-03
        83  2.153894E-05  1.019724E-05  3.897028E-03
        84 -1.637029E-03  5.575412E-05  3.896213E-03
        85  4.253795E-03  3.341443E-06  6.512030E-06
        86 -4.285365E-03  3.979722E-06 -9.412320E-06
        87  9.167308E-06 -7.078535E-06 -5.297444E-03
        88  2.155594E-05  4.447495E-06  5.320768E-03
        89  4.999872E-03 -6.652029E-06 -3.035048E-03
        90  4.999929E-03  1.883275E-06  3.773245E-05
        91  4.999793E-03  1.022971E-05  3.090932E-03
        92 -5.000648E-03  2.079980E-05 -3.092137E-03
        93 -5.000305E-03  9.191078E-07 -3.494359E-05
        94 -5.000541E-03 -1.859780E-05  3.040061E-03
        95  2.530788E-03  1.557961E-05 -6.000513E-03
        96 -3.087871E-05  2.540491E-06 -6.000316E-03
        97 -2.577327E-03 -1.229790E-05 -6.000625E-03
        98  2.574208E-03 -1.920617E-05  5.999214E-03
        99  2.677605E-05 -4.376704E-06  5.999673E-03
       100 -2.533027E-03  1.138792E-05  5.999599E-03
       101  7.487785E-05  1.465523E-04 -1.294331E-03
       102  4.620675E-04  4.521560E-04 -3.258292E-03
       103  3.492075E-05  3.194872E-04 -2.897940E-03
       104  4.636609E-06 -1.935997E-04 -1.606222E-03
       105 -5.200861E-04 -4.680334E-04 -3.396352E-03
       106 -1.599151E-04 -2.665325E-04 -2.744173E-03
       107 -2.705657E-04 -1.805997E-04  1.523842E-03
       108 -3.733074E-04 -5.260810E-04  3.687734E-03
       109 -5.469901E-04 -3.588345E-04  3.157542E-03
       110  1.113635E-05  1.693640E-04  1.442033E-03
       111 -2.956917E-04  4.854745E-04  3.469955E-03
       112  8.241136E-05  3.328616E-04  3.023502E-03
       113 -1.570832E-03  5.008033E-04  2.143909E-04
       114 -2.112739E-03  6.905702E-04  5.879816E-04
       115  1.391241E-04  2.441555E-04  1.197180E-03
       116 -1.355833E-03 -4.399657E-04  4.755159E-05
       117 -1.838109E-03 -6.194061E-04 -2.219621E-04
       118  2.111210E-04 -2.203369E-04 -1.019900E-03
       119  1.354758E-03 -4.379584E-04 -1.932042E-04
       120  1.593978E-03 -5.516695E-04  1.097609E-04
       121 -5.037750E-04 -1.404915E-04  1.037376E-03
       122  1.395100E-03  4.502335E-04  1.484315E-05
       123  1.719946E-03  5.875470E-04 -1.798094E-04
       124 -3.788641E-04  1.773046E-04 -8.614642E-04
       125  3.177272E-04 -1.817547E-05 -2.394951E-03
       126 -2.029874E-04  2.040848E-05 -2.436058E-03
       127  3.137029E-04  2.790477E-05  2.358299E-03
       128 -4.431316E-05 -1.500176E-05  2.349699E-03
       129  2.146122E-03 -4.348996E-05  8.496574E-04
       130  2.199443E-03  5.944802E-05 -8.460491E-04
       131 -1.945760E-03  5.019954E-05  8.109821E-04
       132 -1.868708E-03 -1.976512E-05 -8.135985E-04
       133  2.599453E-04 -8.633017E-05 -3.158871E-03
       134 -1.734731E-04  9.103079E-05 -3.155361E-03
       135  3.059278E-04  9.925770E-05  3.055664E-03
       136 -1.376982E-04 -8.241295E-05  3.058995E-03
       137  2.578498E-03  3.077289E-05  5.923776E-04
       138  2.575086E-03 -2.708518E-05 -6.101834E-04
       139 -2.422521E-03 -2.627490E-05  4.310815E-04
       140 -2.429797E-03  3.750277E-05 -4.923208E-04
       141  2.507698E-03  1.410534E-04 -5.156637E-03
       142  1.252552E-03  3.115480E-04 -6.321517E-03
       143 -1.207548E-03  1.728538E-04 -5.889580E-03
       144 -2.489016E-03 -1.145050E-04 -5.018070E-03
       145 -1.196377E-03 -2.691770E-04 -6.097658E-03
       146  1.225054E-03 -1.563215E-04 -5.805681E-03
       147  2.270146E-03 -1.519369E-04  5.219197E-03
       148  7.709302E-04 -3.573652E-04  6.570970E-03
       149 -1.505161E-03 -2.083587E-04  6.077353E-03
       150 -2.386755E-03  1.628129E-04  5.212082E-03
       151 -9.080428E-04  3.385071E-04  6.417006E-03
       152  1.433402E-03  1.850241E-04  5.932204E-03
       153  2.692732E-03  1.648730E-04 -2.611908E-03
       154  2.282059E-03  3.150967E-04 -1.897221E-04
       155  3.309644E-03  1.313510E-04  2.880157E-03
       156  2.623376E-03 -1.768949E-04  2.490663E-03
       157  2.245875E-03 -3.203978E-04  9.612921E-05
       158  3.339873E-03 -1.239805E-04 -2.889345E-03
       159 -2.815472E-03 -1.338245E-04 -2.682002E-03
       160 -2.538095E-03 -2.533618E-04 -3.620043E-04
       161 -3.506430E-03 -8.575118E-05  2.723853E-03
       162 -2.902257E-03  1.171207E-04  2.612655E-03
       163 -2.625262E-03  2.376737E-04  3.181735E-04
       164 -3.507683E-03  8.900743E-05 -2.727175E-03

 forces (fx,fy,fz) for set RIGHT and time  0.1000000E+01

        21  2.628054E+03 -1.236043E+02 -2.139240E+03
        22  2.363000E+03 -3.053899E+02  1.860805E+03
        23 -2.520973E+03  9.293900E+02 -1.818655E+03
        24 -2.510397E+03 -1.269413E+03  2.076341E+03

 internal energy (element, energy) for set ALL and time  0.1000000E+01

         1  1.204902E-02
         2  6.987185E-03
         3  5.171409E-03
         4  5.106847E-03
         5  1.303272E-02
         6  9.664461E-03
         7  3.994881E-03
         8  8.084342E-03
         9  4.985556E-03
        10  6.070454E-03
        11  5.949164E-03
        12  1.690267E-02
        13  1.267135E-02
        14  1.372776E-02
        15  8.274629E-03
        16  1.087267E-02
        17  3.735893E-03
        18  2.087399E-03
        19  4.331817E-03
        20  6.680593E-03
        21  1.454728E-02
        22  6.495960E-03
        23  1.006968E-02
        24  4.316819E-03
        25  6.811288E-03
        26  1.160955E-02
        27  2.478142E-02
        28  1.253401E-02
        29  2.823519E-02
        30  3.699496E-02
        31  3.489277E-02
        32  2.883770E-02
        33  1.156587E-03
        34  3.695896E-04
        35  3.101901E-04
        36  7.160263E-04
        37  6.053572E-05
        38  7.880170E-05
        39  8.084436E-05
        40  1.545349E-04
        41  1.644953E-04
        42  2.500297E-04
        43  2.323722E-04
        44  4.917765E-04
        45  6.938940E-04
        46  4.666691E-04
        47  5.922470E-04
        48  9.014436E-04
        49  2.830668E-03
        50  2.196820E-04
        51  7.523070E-04
        52  9.419572E-03
        53  9.658120E-04
        54  7.480951E-05
        55  8.653863E-05
        56  1.110567E-03
        57  2.294732E-03
        58  1.839541E-04
        59  6.064845E-05
        60  8.188833E-04
        61  7.829314E-03
        62  6.507774E-04
        63  7.847191E-05
        64  9.813363E-04
        65  4.287632E-02
        66  4.019539E-02
        67  3.898033E-02
        68  3.274637E-02
        69  4.688416E-02
        70  4.298699E-02
        71  3.608136E-02
        72  3.330779E-02
        73  7.072082E-04
        74  2.624989E-03
        75  1.047583E-02
        76  1.889241E-02
        77  1.193279E-02
        78  3.783819E-03
        79  1.470637E-03
        80  4.877372E-03
        81  1.089246E-01
        82  1.769717E-02
        83  1.149074E-02
        84  9.049168E-02
        85  5.742269E-02
        86  9.579158E-03
        87  6.148671E-03
        88  4.860228E-02
        89  8.547835E-02
        90  1.424978E-02
        91  8.356041E-03
        92  7.118732E-02
        93  3.060170E-02
        94  5.034082E-03
        95  3.523425E-03
        96  2.595934E-02
        97  3.460501E-03
        98  3.149741E-03
        99  1.161265E-02
       100  1.471181E-02
       101  1.520726E-02
       102  2.002798E-02
       103  2.440952E-02
       104  3.475974E-02
       105  9.397597E-03
       106  9.900315E-04
       107  2.550464E-03
       108  1.366131E-02
       109  1.152288E-02
       110  2.081498E-03
       111  8.507662E-04
       112  8.204374E-03
       113  1.095248E-02
       114  1.228236E-03
       115  2.485387E-03
       116  1.481051E-02
       117  1.041479E-02
       118  1.766947E-03
       119  8.825454E-04
       120  7.333720E-03
       121  5.137424E-01
       122  4.044351E-01
       123  4.240073E-01
       124  4.764511E-01
       125  6.158691E-01
       126  3.985513E-01
       127  4.393817E-01
       128  4.491548E-01
       129  5.618855E-01
       130  3.450240E-01
       131  3.916649E-01
       132  5.203688E-01
       133  5.623794E-01
       134  3.855886E-01
       135  3.891461E-01
       136  4.995009E-01
       137  5.914213E-01
       138  3.969043E-01
       139  3.377790E-01
       140  4.416153E-01
       141  5.687523E-01
       142  4.227705E-01
       143  3.623658E-01
       144  4.803324E-01
       145  5.136544E-01
       146  4.416319E-01
       147  3.811825E-01
       148  4.518672E-01
       149  5.316502E-01
       150  4.721499E-01
       151  4.087824E-01
       152  4.737897E-01
       153  5.556693E-01
       154  4.305062E-01
       155  5.005669E-01
       156  4.096875E-01
       157  4.832633E-01
       158  4.560377E-01
       159  4.053395E-01
       160  4.730668E-01
       161  5.581858E-01
       162  4.298453E-01
       163  6.262316E-01
       164  4.373455E-01
       165  3.839605E-01
       166  5.640046E-01
       167  3.546901E-01
       168  5.755082E-01
       169  6.790353E-01
       170  4.585399E-01
       171  6.296795E-01
       172  4.235318E-01
       173  6.375464E-01
       174  5.383078E-01
       175  5.973825E-01
       176  5.088592E-01
       177  5.583875E-01
       178  4.508502E-01
       179  5.952990E-01
       180  4.055306E-01
       181  4.906634E-01
       182  6.679733E-01
       183  4.763438E-01
       184  5.970006E-01
       185  2.829893E-01
       186  2.618419E-01
       187  2.775954E-01
       188  3.032102E-01
       189  3.095734E-01
       190  2.540921E-01
       191  3.075589E-01
       192  2.736510E-01
       193  2.838285E-01
       194  2.090656E-01
       195  2.334042E-01
       196  3.346844E-01
       197  3.286915E-01
       198  2.364597E-01
       199  2.737440E-01
       200  3.546601E-01
       201  3.775943E-01
       202  2.812019E-01
       203  2.358824E-01
       204  3.080670E-01
       205  4.084863E-01
       206  2.792222E-01
       207  2.507619E-01
       208  3.246083E-01
       209  3.733574E-01
       210  3.252895E-01
       211  2.877826E-01
       212  3.182707E-01
       213  3.500885E-01
       214  3.329376E-01
       215  2.918573E-01
       216  3.293857E-01
       217  7.801994E-01
       218  8.351663E-01
       219  7.584766E-01
       220  7.456260E-01
       221  8.913767E-01
       222  9.511985E-01
       223  8.331851E-01
       224  7.278407E-01

 total internal energy for set ALL and time  0.1000000E+01

        4.874118E+01
