
                        S T E P       1


                                INCREMENT     1


 displacements (vx,vy,vz) for set TIP_TOP and time  0.1000000E+01

       887  7.783495E-02 -2.067035E-03 -1.781229E+00
       888  7.771570E-02 -1.980086E-03 -1.777949E+00
       891  7.762151E-02 -1.629725E-03 -1.774598E+00
       894  7.750839E-02 -1.261097E-03 -1.772170E+00
       896  7.750031E-02 -3.830085E-04 -1.770711E+00
       898  7.750039E-02 -9.118928E-12 -1.770601E+00
       900  7.750031E-02  3.830085E-04 -1.770711E+00
       903  7.750839E-02  1.261097E-03 -1.772170E+00
       906  7.762151E-02  1.629725E-03 -1.774598E+00
       909  7.771570E-02  1.980086E-03 -1.777949E+00
       912  7.783495E-02  2.067035E-03 -1.781229E+00
      1452  7.784796E-02 -2.020512E-03 -1.779566E+00
      1485  7.784796E-02  2.020512E-03 -1.779566E+00
      2187  7.758130E-02 -1.893438E-03 -1.776304E+00
      2210  7.737510E-02 -8.906856E-04 -1.771364E+00
      2233  7.737510E-02  8.906856E-04 -1.771364E+00
      2258  7.758130E-02  1.893438E-03 -1.776304E+00

 forces (fx,fy,fz) for set CLAMP and time  0.1000000E+01

         1  4.068276E+03  6.542612E+03  2.582973E+03
         4  7.595954E+03 -4.906939E-08  5.188675E+03
         5  5.444898E+03  1.064673E+04 -1.277125E+02
         8  9.952123E+03 -8.800472E-08 -1.801013E+02
         9  3.618329E+03  7.035949E+03 -4.789596E+02
        12  6.589254E+03 -8.120569E-08 -9.205913E+02
        13  1.740695E+03  3.316839E+03 -6.153223E+02
        16  3.162330E+03 -6.030053E-08 -1.197674E+03
        17 -1.501028E+02 -4.179049E+02 -6.729416E+02
        20 -2.840815E+02 -3.820173E-08 -1.320690E+03
        21 -5.483573E+02 -1.537199E+03 -2.507843E+03
        24 -1.873468E+03 -1.340357E-08 -8.166520E+02
        26  4.068276E+03 -6.542612E+03  2.582973E+03
        28  5.444898E+03 -1.064673E+04 -1.277125E+02
        30  3.618329E+03 -7.035949E+03 -4.789596E+02
        32  1.740695E+03 -3.316839E+03 -6.153223E+02
        34 -1.501028E+02  4.179049E+02 -6.729416E+02
        36 -5.483573E+02  1.537199E+03 -2.507843E+03
        37  2.888140E+01 -6.462772E+02 -2.205616E+03
        40  6.276726E+02 -1.585547E+02 -4.157304E+03
        41 -1.740673E+03 -1.455135E+03 -4.869164E+02
        44 -2.659064E+03 -3.355042E+02 -9.342441E+02
        45 -1.932501E+03 -8.096384E+02  2.607991E+03
        48 -3.620564E+03 -1.769762E+02  5.066604E+03
        50  8.030275E+02 -1.440603E+02 -4.043506E+03
        52 -2.613419E+03 -3.009093E+02 -9.488590E+02
        54 -3.765529E+03 -1.565038E+02  5.013336E+03
        56  8.720903E+02 -1.144343E+02 -4.094882E+03
        58 -2.664850E+03 -2.294749E+02 -9.503803E+02
        60 -3.898797E+03 -1.160852E+02  5.102636E+03
        62 -1.941654E+03 -1.031532E+02 -6.418721E+02
        64 -2.826457E+03 -4.949929E+01  3.700944E+03
        66 -1.153118E+03 -6.194173E-09 -3.655283E+02
        68 -1.672795E+03 -3.979789E-09  2.196312E+03
        70 -1.941654E+03  1.031532E+02 -6.418721E+02
        72 -2.826457E+03  4.949929E+01  3.700944E+03
        74  8.720903E+02  1.144343E+02 -4.094882E+03
        76 -2.664850E+03  2.294749E+02 -9.503803E+02
        78 -3.898797E+03  1.160852E+02  5.102636E+03
        80  8.030275E+02  1.440603E+02 -4.043506E+03
        82 -2.613419E+03  3.009093E+02 -9.488590E+02
        84 -3.765529E+03  1.565038E+02  5.013336E+03
        86  6.276726E+02  1.585547E+02 -4.157304E+03
        88 -2.659064E+03  3.355042E+02 -9.342441E+02
        90 -3.620564E+03  1.769762E+02  5.066604E+03
        92  2.888140E+01  6.462772E+02 -2.205616E+03
        94 -1.740673E+03  1.455135E+03 -4.869164E+02
        96 -1.932501E+03  8.096384E+02  2.607991E+03

 internal energy (element, energy) for set EALL and time  0.1000000E+01

         1  5.913665E+01
         2  2.949292E+01
         3  1.093605E+01
         4  2.265593E+00
         5  3.326456E+00
         6  5.913665E+01
         7  2.949292E+01
         8  1.093605E+01
         9  2.265593E+00
        10  3.326456E+00
        11  5.121910E+00
        12  7.153782E+00
        13  4.850980E+00
        14  6.902441E+00
        15  4.858990E+00
        16  6.972295E+00
        17  5.028070E+00
        18  7.193566E+00
        19  2.130347E+00
        20  3.043537E+00
        21  2.130347E+00
        22  3.043537E+00
        23  5.028070E+00
        24  7.193566E+00
        25  4.858990E+00
        26  6.972295E+00
        27  4.850980E+00
        28  6.902441E+00
        29  5.121910E+00
        30  7.153782E+00
        31  9.158233E+00
        32  7.238583E+00
        33  9.248140E+00
        34  7.287935E+00
        35  9.050372E+00
        36  6.946666E+00
        37  8.998232E+00
        38  6.933407E+00
        39  3.533728E+01
        40  1.389155E+01
        41  3.246993E+00
        42  4.137319E+00
        43  9.248140E+00
        44  7.287935E+00
        45  9.158233E+00
        46  7.238583E+00
        47  8.998232E+00
        48  6.933407E+00
        49  9.050372E+00
        50  6.946666E+00
        51  3.533728E+01
        52  1.389155E+01
        53  3.246993E+00
        54  4.137319E+00
        55  5.266584E+00
        56  7.387930E+00
        57  5.722132E+00
        58  7.930155E+00
        59  5.907836E+00
        60  8.147462E+00
        61  6.020564E+00
        62  8.269956E+00
        63  2.496915E+00
        64  3.425062E+00
        65  2.496915E+00
        66  3.425062E+00
        67  6.020564E+00
        68  8.269956E+00
        69  5.907836E+00
        70  8.147462E+00
        71  5.722132E+00
        72  7.930155E+00
        73  5.266584E+00
        74  7.387930E+00
        75  9.270035E+00
        76  7.106745E+00
        77  9.280160E+00
        78  7.111826E+00
        79  9.068750E+00
        80  6.734422E+00
        81  9.079834E+00
        82  6.734226E+00
        83  3.336889E+01
        84  1.318154E+01
        85  3.157318E+00
        86  3.640121E+00
        87  9.280160E+00
        88  7.111826E+00
        89  9.270035E+00
        90  7.106745E+00
        91  9.079834E+00
        92  6.734226E+00
        93  9.068750E+00
        94  6.734422E+00
        95  3.336889E+01
        96  1.318154E+01
        97  3.157318E+00
        98  3.640121E+00
        99  5.285016E+00
       100  7.553165E+00
       101  5.405060E+00
       102  7.689222E+00
       103  5.549566E+00
       104  7.858816E+00
       105  5.629950E+00
       106  7.947381E+00
       107  2.314295E+00
       108  3.268376E+00
       109  2.314295E+00
       110  3.268376E+00
       111  5.629950E+00
       112  7.947381E+00
       113  5.549566E+00
       114  7.858816E+00
       115  5.405060E+00
       116  7.689222E+00
       117  5.285016E+00
       118  7.553165E+00
       119  6.417772E+01
       120  3.414416E+01
       121  1.345517E+01
       122  3.316189E+00
       123  3.402059E+00
       124  6.417772E+01
       125  3.414416E+01
       126  1.345517E+01
       127  3.316189E+00
       128  3.402059E+00
       129  5.384982E+00
       130  7.730591E+00
       131  5.382570E+00
       132  7.721025E+00
       133  5.401910E+00
       134  7.734109E+00
       135  5.439005E+00
       136  7.756866E+00
       137  2.223847E+00
       138  3.169849E+00
       139  2.223847E+00
       140  3.169849E+00
       141  5.439005E+00
       142  7.756866E+00
       143  5.401910E+00
       144  7.734109E+00
       145  5.382570E+00
       146  7.721025E+00
       147  5.384982E+00
       148  7.730591E+00
       149  9.082086E+00
       150  6.919151E+00
       151  9.094093E+00
       152  6.923274E+00
       153  8.661993E+00
       154  6.585887E+00
       155  8.655892E+00
       156  6.582065E+00
       157  3.299219E+01
       158  1.347907E+01
       159  3.487706E+00
       160  3.215686E+00
       161  9.094093E+00
       162  6.923274E+00
       163  9.082086E+00
       164  6.919151E+00
       165  8.655892E+00
       166  6.582065E+00
       167  8.661993E+00
       168  6.585887E+00
       169  3.299219E+01
       170  1.347907E+01
       171  3.487706E+00
       172  3.215686E+00
       173  5.247680E+00
       174  7.635549E+00
       175  5.251381E+00
       176  7.634277E+00
       177  5.264467E+00
       178  7.645882E+00
       179  5.293835E+00
       180  7.667616E+00
       181  2.149785E+00
       182  3.116176E+00
       183  2.149785E+00
       184  3.116176E+00
       185  5.293835E+00
       186  7.667616E+00
       187  5.264467E+00
       188  7.645882E+00
       189  5.251381E+00
       190  7.634277E+00
       191  5.247680E+00
       192  7.635549E+00
       193  8.772313E+00
       194  6.794680E+00
       195  8.773553E+00
       196  6.795211E+00
       197  8.426156E+00
       198  6.442326E+00
       199  8.426279E+00
       200  6.441996E+00
       201  3.279392E+01
       202  1.353007E+01
       203  3.657044E+00
       204  3.065742E+00
       205  8.773553E+00
       206  6.795211E+00
       207  8.772313E+00
       208  6.794680E+00
       209  8.426279E+00
       210  6.441996E+00
       211  8.426156E+00
       212  6.442326E+00
       213  3.279392E+01
       214  1.353007E+01
       215  3.657044E+00
       216  3.065742E+00
       217  5.085130E+00
       218  7.495899E+00
       219  5.094490E+00
       220  7.506315E+00
       221  5.112945E+00
       222  7.529099E+00
       223  5.147147E+00
       224  7.555178E+00
       225  2.076664E+00
       226  3.050937E+00
       227  2.076664E+00
       228  3.050937E+00
       229  5.147147E+00
       230  7.555178E+00
       231  5.112945E+00
       232  7.529099E+00
       233  5.094490E+00
       234  7.506315E+00
       235  5.085130E+00
       236  7.495899E+00
       237  8.467818E+00
       238  6.585225E+00
       239  8.466648E+00
       240  6.584684E+00
       241  8.142734E+00
       242  6.214660E+00
       243  8.144626E+00
       244  6.215713E+00
       245  3.181034E+01
       246  1.345556E+01
       247  3.853161E+00
       248  2.912958E+00
       249  8.466648E+00
       250  6.584684E+00
       251  8.467818E+00
       252  6.585225E+00
       253  8.144626E+00
       254  6.215713E+00
       255  8.142734E+00
       256  6.214660E+00
       257  3.181034E+01
       258  1.345556E+01
       259  3.853161E+00
       260  2.912958E+00
       261  4.897115E+00
       262  7.326523E+00
       263  4.905450E+00
       264  7.334887E+00
       265  4.920617E+00
       266  7.352791E+00
       267  4.951180E+00
       268  7.368708E+00
       269  1.982550E+00
       270  2.953048E+00
       271  1.982550E+00
       272  2.953048E+00
       273  4.951180E+00
       274  7.368708E+00
       275  4.920617E+00
       276  7.352791E+00
       277  4.905450E+00
       278  7.334887E+00
       279  4.897115E+00
       280  7.326523E+00
       281  8.150606E+00
       282  6.378943E+00
       283  8.148426E+00
       284  6.375911E+00
       285  7.472681E+00
       286  5.876334E+00
       287  7.474607E+00
       288  5.876645E+00
       289  3.120226E+01
       290  1.356182E+01
       291  3.997599E+00
       292  2.759482E+00
       293  8.148426E+00
       294  6.375911E+00
       295  8.150606E+00
       296  6.378943E+00
       297  7.474607E+00
       298  5.876645E+00
       299  7.472681E+00
       300  5.876334E+00
       301  3.120226E+01
       302  1.356182E+01
       303  3.997599E+00
       304  2.759482E+00
       305  4.683675E+00
       306  7.115053E+00
       307  4.691512E+00
       308  7.121781E+00
       309  4.706978E+00
       310  7.139246E+00
       311  4.740362E+00
       312  7.155959E+00
       313  1.884012E+00
       314  2.847634E+00
       315  1.884012E+00
       316  2.847634E+00
       317  4.740362E+00
       318  7.155959E+00
       319  4.706978E+00
       320  7.139246E+00
       321  4.691512E+00
       322  7.121781E+00
       323  4.683675E+00
       324  7.115053E+00
       325  7.850348E+00
       326  5.932859E+00
       327  7.847756E+00
       328  5.932708E+00
       329  7.197023E+00
       330  5.511793E+00
       331  7.199289E+00
       332  5.511863E+00
       333  4.346099E+00
       334  3.193401E+00
       335  4.353429E+00
       336  3.193795E+00
       337  4.067712E+00
       338  2.885997E+00
       339  4.066362E+00
       340  2.881531E+00
       341  1.275929E+01
       342  4.023266E+00
       343  2.621631E+00
       344  7.847756E+00
       345  5.932708E+00
       346  7.850348E+00
       347  5.932859E+00
       348  7.199289E+00
       349  5.511863E+00
       350  7.197023E+00
       351  5.511793E+00
       352  4.353429E+00
       353  3.193795E+00
       354  4.346099E+00
       355  3.193401E+00
       356  4.066362E+00
       357  2.881531E+00
       358  4.067712E+00
       359  2.885997E+00
       360  1.275929E+01
       361  4.023266E+00
       362  2.621631E+00
       363  4.434159E+00
       364  6.838981E+00
       365  4.448674E+00
       366  6.857309E+00
       367  4.473033E+00
       368  6.889720E+00
       369  4.517225E+00
       370  6.917144E+00
       371  1.781627E+00
       372  2.732291E+00
       373  1.781627E+00
       374  2.732291E+00
       375  4.517225E+00
       376  6.917144E+00
       377  4.473033E+00
       378  6.889720E+00
       379  4.448674E+00
       380  6.857309E+00
       381  4.434159E+00
       382  6.838981E+00
       383  7.037742E+00
       384  5.455468E+00
       385  7.035664E+00
       386  5.452407E+00
       387  6.656858E+00
       388  5.089763E+00
       389  6.657508E+00
       390  5.089870E+00
       391  4.126590E+00
       392  3.091392E+00
       393  4.129085E+00
       394  3.090105E+00
       395  3.763899E+00
       396  2.713509E+00
       397  3.766093E+00
       398  2.711201E+00
       399  1.253516E+01
       400  4.129683E+00
       401  4.141194E-01
       402  5.382981E-01
       403  4.085117E-01
       404  5.195861E-01
       405  9.283501E-02
       406  2.055700E-01
       407  9.140107E-02
       408  2.156007E-01
       409  7.035664E+00
       410  5.452407E+00
       411  7.037742E+00
       412  5.455468E+00
       413  6.657508E+00
       414  5.089870E+00
       415  6.656858E+00
       416  5.089763E+00
       417  4.129085E+00
       418  3.090105E+00
       419  4.126590E+00
       420  3.091392E+00
       421  3.766093E+00
       422  2.711201E+00
       423  3.763899E+00
       424  2.713509E+00
       425  1.253516E+01
       426  4.129683E+00
       427  4.085117E-01
       428  5.195861E-01
       429  4.141194E-01
       430  5.382981E-01
       431  9.140107E-02
       432  2.156007E-01
       433  9.283501E-02
       434  2.055700E-01
       435  4.136187E+00
       436  6.472547E+00
       437  4.152828E+00
       438  6.494195E+00
       439  4.184078E+00
       440  6.537909E+00
       441  4.249555E+00
       442  6.585074E+00
       443  1.663448E+00
       444  2.582037E+00
       445  1.663448E+00
       446  2.582037E+00
       447  4.249555E+00
       448  6.585074E+00
       449  4.184078E+00
       450  6.537909E+00
       451  4.152828E+00
       452  6.494195E+00
       453  4.136187E+00
       454  6.472547E+00
       455  6.395034E+00
       456  4.973278E+00
       457  6.394047E+00
       458  4.970870E+00
       459  5.972080E+00
       460  4.569360E+00
       461  5.972868E+00
       462  4.569859E+00
       463  3.788805E+00
       464  2.871508E+00
       465  3.790502E+00
       466  2.868710E+00
       467  3.389882E+00
       468  2.463547E+00
       469  3.393254E+00
       470  2.461988E+00
       471  1.168895E+01
       472  4.093263E+00
       473  4.201179E-01
       474  5.128333E-01
       475  4.253547E-01
       476  4.807833E-01
       477  7.899102E-02
       478  1.599171E-01
       479  7.834431E-02
       480  1.677639E-01
       481  6.394047E+00
       482  4.970870E+00
       483  6.395034E+00
       484  4.973278E+00
       485  5.972868E+00
       486  4.569859E+00
       487  5.972080E+00
       488  4.569360E+00
       489  3.790502E+00
       490  2.868710E+00
       491  3.788805E+00
       492  2.871508E+00
       493  3.393254E+00
       494  2.461988E+00
       495  3.389882E+00
       496  2.463547E+00
       497  1.168895E+01
       498  4.093263E+00
       499  4.253547E-01
       500  4.807833E-01
       501  4.201179E-01
       502  5.128333E-01
       503  7.834431E-02
       504  1.677639E-01
       505  7.899102E-02
       506  1.599171E-01
       507  3.799683E+00
       508  6.028753E+00
       509  3.794676E+00
       510  6.011359E+00
       511  3.800756E+00
       512  6.011712E+00
       513  3.847514E+00
       514  6.012935E+00
       515  1.495462E+00
       516  2.325188E+00
       517  1.495462E+00
       518  2.325188E+00
       519  3.847514E+00
       520  6.012935E+00
       521  3.800756E+00
       522  6.011712E+00
       523  3.794676E+00
       524  6.011359E+00
       525  3.799683E+00
       526  6.028753E+00
       527  5.578809E+00
       528  4.389969E+00
       529  5.576852E+00
       530  4.385882E+00
       531  4.943509E+00
       532  3.873745E+00
       533  4.943691E+00
       534  3.875439E+00
       535  3.410635E+00
       536  2.623626E+00
       537  3.409923E+00
       538  2.619908E+00
       539  2.894992E+00
       540  2.121015E+00
       541  2.900333E+00
       542  2.122344E+00
       543  1.082603E+01
       544  4.159788E+00
       545  4.284664E-01
       546  4.749628E-01
       547  4.336380E-01
       548  4.406623E-01
       549  8.471299E-02
       550  1.506723E-01
       551  8.496822E-02
       552  1.568744E-01
       553  5.576852E+00
       554  4.385882E+00
       555  5.578809E+00
       556  4.389969E+00
       557  4.943691E+00
       558  3.875439E+00
       559  4.943509E+00
       560  3.873745E+00
       561  3.409923E+00
       562  2.619908E+00
       563  3.410635E+00
       564  2.623626E+00
       565  2.900333E+00
       566  2.122344E+00
       567  2.894992E+00
       568  2.121015E+00
       569  1.082603E+01
       570  4.159788E+00
       571  4.336380E-01
       572  4.406623E-01
       573  4.284664E-01
       574  4.749628E-01
       575  8.496822E-02
       576  1.568744E-01
       577  8.471299E-02
       578  1.506723E-01
       579  3.434500E+00
       580  5.514180E+00
       581  3.433995E+00
       582  5.500389E+00
       583  3.417897E+00
       584  5.466421E+00
       585  3.440233E+00
       586  5.421677E+00
       587  1.320564E+00
       588  2.066490E+00
       589  1.320564E+00
       590  2.066490E+00
       591  3.440233E+00
       592  5.421677E+00
       593  3.417897E+00
       594  5.466421E+00
       595  3.433995E+00
       596  5.500389E+00
       597  3.434500E+00
       598  5.514180E+00
       599  5.099756E+00
       600  3.913457E+00
       601  5.099557E+00
       602  3.911361E+00
       603  4.501607E+00
       604  3.473727E+00
       605  4.502441E+00
       606  3.475037E+00
       607  2.961125E+00
       608  2.162625E+00
       609  2.958236E+00
       610  2.159027E+00
       611  2.576034E+00
       612  1.827534E+00
       613  2.577969E+00
       614  1.829045E+00
       615  1.434366E+00
       616  9.082270E-01
       617  1.434223E+00
       618  9.079079E-01
       619  1.230935E+00
       620  7.619838E-01
       621  1.230848E+00
       622  7.618357E-01
       623  5.399694E-01
       624  3.486904E-01
       625  5.391589E-01
       626  3.470337E-01
       627  4.103945E-01
       628  1.867047E-01
       629  4.102820E-01
       630  1.861062E-01
       631  3.176115E-01
       632  4.535412E-01
       633  3.226195E-01
       634  4.249217E-01
       635  9.596803E-02
       636  1.803317E-01
       637  9.952832E-02
       638  1.800128E-01
       639  5.099557E+00
       640  3.911361E+00
       641  5.099756E+00
       642  3.913457E+00
       643  4.502441E+00
       644  3.475037E+00
       645  4.501607E+00
       646  3.473727E+00
       647  2.958236E+00
       648  2.159027E+00
       649  2.961125E+00
       650  2.162625E+00
       651  2.577969E+00
       652  1.829045E+00
       653  2.576034E+00
       654  1.827534E+00
       655  1.434223E+00
       656  9.079079E-01
       657  1.434366E+00
       658  9.082270E-01
       659  1.230848E+00
       660  7.618357E-01
       661  1.230935E+00
       662  7.619838E-01
       663  5.391589E-01
       664  3.470337E-01
       665  5.399694E-01
       666  3.486904E-01
       667  4.102820E-01
       668  1.861062E-01
       669  4.103945E-01
       670  1.867047E-01
       671  3.226195E-01
       672  4.249217E-01
       673  3.176115E-01
       674  4.535412E-01
       675  9.952832E-02
       676  1.800128E-01
       677  9.596803E-02
       678  1.803317E-01
       679  3.026893E+00
       680  4.898932E+00
       681  3.024246E+00
       682  4.879579E+00
       683  3.080127E+00
       684  4.957430E+00
       685  3.167859E+00
       686  5.041151E+00
       687  1.198719E+00
       688  1.922349E+00
       689  1.198719E+00
       690  1.922349E+00
       691  3.167859E+00
       692  5.041151E+00
       693  3.080127E+00
       694  4.957430E+00
       695  3.024246E+00
       696  4.879579E+00
       697  3.026893E+00
       698  4.898932E+00
       699  3.948367E+00
       700  3.082591E+00
       701  3.947769E+00
       702  3.081874E+00
       703  3.445773E+00
       704  2.685790E+00
       705  3.445880E+00
       706  2.685876E+00
       707  2.334366E+00
       708  1.701894E+00
       709  2.333443E+00
       710  1.700949E+00
       711  2.030527E+00
       712  1.474179E+00
       713  2.030669E+00
       714  1.474318E+00
       715  1.180145E+00
       716  7.764252E-01
       717  1.179738E+00
       718  7.758141E-01
       719  1.013610E+00
       720  6.447301E-01
       721  1.013589E+00
       722  6.447506E-01
       723  4.937183E-01
       724  3.384937E-01
       725  4.926193E-01
       726  3.354129E-01
       727  3.656630E-01
       728  1.796533E-01
       729  3.657276E-01
       730  1.792506E-01
       731  3.202383E-01
       732  4.852110E-01
       733  3.274069E-01
       734  4.458072E-01
       735  9.478402E-02
       736  1.349353E-01
       737  9.868158E-02
       738  1.299736E-01
       739  3.947769E+00
       740  3.081874E+00
       741  3.948367E+00
       742  3.082591E+00
       743  3.445880E+00
       744  2.685876E+00
       745  3.445773E+00
       746  2.685790E+00
       747  2.333443E+00
       748  1.700949E+00
       749  2.334366E+00
       750  1.701894E+00
       751  2.030669E+00
       752  1.474318E+00
       753  2.030527E+00
       754  1.474179E+00
       755  1.179738E+00
       756  7.758141E-01
       757  1.180145E+00
       758  7.764252E-01
       759  1.013589E+00
       760  6.447506E-01
       761  1.013610E+00
       762  6.447301E-01
       763  4.926193E-01
       764  3.354129E-01
       765  4.937183E-01
       766  3.384937E-01
       767  3.657276E-01
       768  1.792506E-01
       769  3.656630E-01
       770  1.796533E-01
       771  3.274069E-01
       772  4.458072E-01
       773  3.202383E-01
       774  4.852110E-01
       775  9.868158E-02
       776  1.299736E-01
       777  9.478402E-02
       778  1.349353E-01
       779  2.407149E+00
       780  3.904123E+00
       781  2.513916E+00
       782  4.089554E+00
       783  2.580551E+00
       784  4.191744E+00
       785  2.706648E+00
       786  4.243973E+00
       787  1.035134E+00
       788  1.587921E+00
       789  1.035134E+00
       790  1.587921E+00
       791  2.706648E+00
       792  4.243973E+00
       793  2.580551E+00
       794  4.191744E+00
       795  2.513916E+00
       796  4.089554E+00
       797  2.407149E+00
       798  3.904123E+00
       799  2.923740E+00
       800  2.289870E+00
       801  2.923639E+00
       802  2.289687E+00
       803  2.381117E+00
       804  1.864150E+00
       805  2.381061E+00
       806  1.864080E+00
       807  1.746068E+00
       808  1.289966E+00
       809  1.745801E+00
       810  1.289586E+00
       811  1.420134E+00
       812  1.044351E+00
       813  1.420084E+00
       814  1.044325E+00
       815  9.191244E-01
       816  6.331404E-01
       817  9.186627E-01
       818  6.324695E-01
       819  7.328564E-01
       820  4.823537E-01
       821  7.328609E-01
       822  4.824001E-01
       823  4.335153E-01
       824  3.259824E-01
       825  4.324824E-01
       826  3.230679E-01
       827  2.907252E-01
       828  1.588281E-01
       829  2.908464E-01
       830  1.584260E-01
       831  3.185013E-01
       832  4.546548E-01
       833  3.260093E-01
       834  4.127675E-01
       835  9.062916E-02
       836  1.060277E-01
       837  9.465765E-02
       838  9.756203E-02
       839  2.923639E+00
       840  2.289687E+00
       841  2.923740E+00
       842  2.289870E+00
       843  2.381061E+00
       844  1.864080E+00
       845  2.381117E+00
       846  1.864150E+00
       847  1.745801E+00
       848  1.289586E+00
       849  1.746068E+00
       850  1.289966E+00
       851  1.420084E+00
       852  1.044325E+00
       853  1.420134E+00
       854  1.044351E+00
       855  9.186627E-01
       856  6.324695E-01
       857  9.191244E-01
       858  6.331404E-01
       859  7.328609E-01
       860  4.824001E-01
       861  7.328564E-01
       862  4.823537E-01
       863  4.324824E-01
       864  3.230679E-01
       865  4.335153E-01
       866  3.259824E-01
       867  2.908464E-01
       868  1.584260E-01
       869  2.907252E-01
       870  1.588281E-01
       871  3.260093E-01
       872  4.127675E-01
       873  3.185013E-01
       874  4.546548E-01
       875  9.465765E-02
       876  9.756203E-02
       877  9.062916E-02
       878  1.060277E-01
       879  1.621147E-01
       880  2.305972E-01
       881  2.311066E-01
       882  2.891714E-01
       883  1.179027E-01
       884  1.678967E-01
       885  2.092292E-01
       886  2.549055E-01
       887  3.264991E-01
       888  4.494787E-01
       889  3.762914E-01
       890  4.899926E-01
       891  2.336675E-01
       892  3.123564E-01
       893  3.267008E-01
       894  4.252665E-01
       895  1.997776E+00
       896  3.247200E+00
       897  1.991889E+00
       898  3.225865E+00
       899  2.095992E+00
       900  3.214936E+00
       901  7.882338E-01
       902  1.171206E+00
       903  7.882338E-01
       904  1.171206E+00
       905  2.095992E+00
       906  3.214936E+00
       907  1.991889E+00
       908  3.225865E+00
       909  1.997776E+00
       910  3.247200E+00
       911  2.311066E-01
       912  2.891714E-01
       913  1.621147E-01
       914  2.305972E-01
       915  2.092292E-01
       916  2.549055E-01
       917  1.179027E-01
       918  1.678967E-01
       919  3.762914E-01
       920  4.899926E-01
       921  3.264991E-01
       922  4.494787E-01
       923  3.267008E-01
       924  4.252665E-01
       925  2.336675E-01
       926  3.123564E-01
       927  1.858591E+00
       928  1.465072E+00
       929  1.858479E+00
       930  1.464890E+00
       931  1.340592E+00
       932  1.055181E+00
       933  1.340546E+00
       934  1.055120E+00
       935  1.131826E+00
       936  8.557657E-01
       937  1.131580E+00
       938  8.554237E-01
       939  8.149535E-01
       940  6.148493E-01
       941  8.149011E-01
       942  6.148157E-01
       943  6.344722E-01
       944  4.667160E-01
       945  6.340113E-01
       946  4.660768E-01
       947  4.502618E-01
       948  3.173231E-01
       949  4.502678E-01
       950  3.173604E-01
       951  3.529093E-01
       952  2.969549E-01
       953  3.520538E-01
       954  2.943173E-01
       955  2.132318E-01
       956  1.376522E-01
       957  2.133911E-01
       958  1.371976E-01
       959  3.019588E-01
       960  4.089298E-01
       961  3.096423E-01
       962  3.645357E-01
       963  9.085045E-02
       964  9.262677E-02
       965  9.510250E-02
       966  7.809415E-02
       967  1.858479E+00
       968  1.464890E+00
       969  1.858591E+00
       970  1.465072E+00
       971  1.340546E+00
       972  1.055120E+00
       973  1.340592E+00
       974  1.055181E+00
       975  1.131580E+00
       976  8.554237E-01
       977  1.131826E+00
       978  8.557657E-01
       979  8.149011E-01
       980  6.148157E-01
       981  8.149535E-01
       982  6.148493E-01
       983  6.340113E-01
       984  4.660768E-01
       985  6.344722E-01
       986  4.667160E-01
       987  4.502678E-01
       988  3.173604E-01
       989  4.502618E-01
       990  3.173231E-01
       991  3.520538E-01
       992  2.943173E-01
       993  3.529093E-01
       994  2.969549E-01
       995  2.133911E-01
       996  1.371976E-01
       997  2.132318E-01
       998  1.376522E-01
       999  3.096423E-01
      1000  3.645357E-01
      1001  3.019588E-01
      1002  4.089298E-01
      1003  9.510250E-02
      1004  7.809415E-02
      1005  9.085045E-02
      1006  9.262677E-02
      1007  9.268410E-02
      1008  1.386755E-01
      1009  1.728080E-01
      1010  2.041320E-01
      1011  6.931220E-02
      1012  9.884777E-02
      1013  1.396600E-01
      1014  1.678048E-01
      1015  1.986603E-01
      1016  2.744492E-01
      1017  2.597933E-01
      1018  3.388503E-01
      1019  1.433612E-01
      1020  2.016460E-01
      1021  2.154589E-01
      1022  2.834411E-01
      1023  1.348060E+00
      1024  2.133680E+00
      1025  1.326401E+00
      1026  2.095739E+00
      1027  1.467741E+00
      1028  2.101629E+00
      1029  5.610747E-01
      1030  7.537671E-01
      1031  5.610747E-01
      1032  7.537671E-01
      1033  1.467741E+00
      1034  2.101629E+00
      1035  1.326401E+00
      1036  2.095739E+00
      1037  1.348060E+00
      1038  2.133680E+00
      1039  1.728080E-01
      1040  2.041320E-01
      1041  9.268410E-02
      1042  1.386755E-01
      1043  1.396600E-01
      1044  1.678048E-01
      1045  6.931220E-02
      1046  9.884777E-02
      1047  2.597933E-01
      1048  3.388503E-01
      1049  1.986603E-01
      1050  2.744492E-01
      1051  2.154589E-01
      1052  2.834411E-01
      1053  1.433612E-01
      1054  2.016460E-01
      1055  8.649549E-01
      1056  6.914196E-01
      1057  8.648529E-01
      1058  6.912317E-01
      1059  4.298371E-01
      1060  3.517061E-01
      1061  4.297846E-01
      1062  3.516127E-01
      1063  5.535039E-01
      1064  4.461401E-01
      1065  5.532389E-01
      1066  4.457829E-01
      1067  2.932380E-01
      1068  2.483300E-01
      1069  2.931334E-01
      1070  2.482318E-01
      1071  3.655411E-01
      1072  3.093279E-01
      1073  3.650809E-01
      1074  3.087261E-01
      1075  2.123978E-01
      1076  1.821932E-01
      1077  2.123273E-01
      1078  1.821387E-01
      1079  2.765215E-01
      1080  2.687467E-01
      1081  2.758535E-01
      1082  2.663878E-01
      1083  1.556634E-01
      1084  1.328198E-01
      1085  1.557687E-01
      1086  1.321569E-01
      1087  2.837530E-01
      1088  3.575376E-01
      1089  2.913934E-01
      1090  3.142087E-01
      1091  1.115086E-01
      1092  1.146185E-01
      1093  1.162189E-01
      1094  9.116784E-02
      1095  8.648529E-01
      1096  6.912317E-01
      1097  8.649549E-01
      1098  6.914196E-01
      1099  4.297846E-01
      1100  3.516127E-01
      1101  4.298371E-01
      1102  3.517061E-01
      1103  5.532389E-01
      1104  4.457829E-01
      1105  5.535039E-01
      1106  4.461401E-01
      1107  2.931334E-01
      1108  2.482318E-01
      1109  2.932380E-01
      1110  2.483300E-01
      1111  3.650809E-01
      1112  3.087261E-01
      1113  3.655411E-01
      1114  3.093279E-01
      1115  2.123273E-01
      1116  1.821387E-01
      1117  2.123978E-01
      1118  1.821932E-01
      1119  2.758535E-01
      1120  2.663878E-01
      1121  2.765215E-01
      1122  2.687467E-01
      1123  1.557687E-01
      1124  1.321569E-01
      1125  1.556634E-01
      1126  1.328198E-01
      1127  2.913934E-01
      1128  3.142087E-01
      1129  2.837530E-01
      1130  3.575376E-01
      1131  1.162189E-01
      1132  9.116784E-02
      1133  1.115086E-01
      1134  1.146185E-01
      1135  5.577509E-02
      1136  8.295745E-02
      1137  1.107172E-01
      1138  1.213001E-01
      1139  3.417018E-02
      1140  4.257510E-02
      1141  7.386085E-02
      1142  7.844203E-02
      1143  1.136500E-01
      1144  1.496859E-01
      1145  1.470067E-01
      1146  1.869422E-01
      1147  6.179300E-02
      1148  8.961545E-02
      1149  9.752428E-02
      1150  1.315732E-01
      1151  7.837322E-01
      1152  1.129333E+00
      1153  8.037553E-01
      1154  1.137322E+00
      1155  1.088433E-01
      1156  1.222071E-01
      1157  1.824798E-01
      1158  1.692267E-01
      1159  8.576527E-02
      1160  8.439765E-02
      1161  8.886692E-02
      1162  6.263066E-02
      1163  1.412758E-01
      1164  1.702177E-01
      1165  1.439433E-01
      1166  1.679875E-01
      1167  9.386877E-02
      1168  1.176434E-01
      1169  8.042949E-02
      1170  1.059486E-01
      1171  3.736023E-01
      1172  3.706652E-01
      1173  3.736023E-01
      1174  3.706652E-01
      1175  1.824798E-01
      1176  1.692267E-01
      1177  1.088433E-01
      1178  1.222071E-01
      1179  8.886692E-02
      1180  6.263066E-02
      1181  8.576527E-02
      1182  8.439765E-02
      1183  1.439433E-01
      1184  1.679875E-01
      1185  1.412758E-01
      1186  1.702177E-01
      1187  8.042949E-02
      1188  1.059486E-01
      1189  9.386877E-02
      1190  1.176434E-01
      1191  8.037553E-01
      1192  1.137322E+00
      1193  7.837322E-01
      1194  1.129333E+00
      1195  1.107172E-01
      1196  1.213001E-01
      1197  5.577509E-02
      1198  8.295745E-02
      1199  7.386085E-02
      1200  7.844203E-02
      1201  3.417018E-02
      1202  4.257510E-02
      1203  1.470067E-01
      1204  1.869422E-01
      1205  1.136500E-01
      1206  1.496859E-01
      1207  9.752428E-02
      1208  1.315732E-01
      1209  6.179300E-02
      1210  8.961545E-02
      1211  1.318609E-01
      1212  1.268992E-01
      1213  1.316857E-01
      1214  1.266732E-01
      1215  1.042261E-02
      1216  1.421062E-02
      1217  1.039177E-02
      1218  1.415995E-02
      1219  1.304683E-01
      1220  1.394204E-01
      1221  1.302056E-01
      1222  1.391139E-01
      1223  2.149468E-02
      1224  3.227008E-02
      1225  2.140667E-02
      1226  3.212586E-02
      1227  1.511887E-01
      1228  1.635863E-01
      1229  1.508425E-01
      1230  1.631815E-01
      1231  4.661538E-02
      1232  6.459488E-02
      1233  4.640158E-02
      1234  6.439504E-02
      1235  1.746646E-01
      1236  1.837227E-01
      1237  1.743183E-01
      1238  1.822231E-01
      1239  8.677451E-02
      1240  1.127994E-01
      1241  8.591685E-02
      1242  1.121453E-01
      1243  1.860534E-01
      1244  2.206688E-01
      1245  1.920858E-01
      1246  1.841819E-01
      1247  1.409165E-01
      1248  2.378007E-01
      1249  1.542650E-01
      1250  1.600482E-01
      1251  1.316857E-01
      1252  1.266732E-01
      1253  1.318609E-01
      1254  1.268992E-01
      1255  1.039177E-02
      1256  1.415995E-02
      1257  1.042261E-02
      1258  1.421062E-02
      1259  1.302056E-01
      1260  1.391139E-01
      1261  1.304683E-01
      1262  1.394204E-01
      1263  2.140667E-02
      1264  3.212586E-02
      1265  2.149468E-02
      1266  3.227008E-02
      1267  1.508425E-01
      1268  1.631815E-01
      1269  1.511887E-01
      1270  1.635863E-01
      1271  4.640158E-02
      1272  6.439504E-02
      1273  4.661538E-02
      1274  6.459488E-02
      1275  1.743183E-01
      1276  1.822231E-01
      1277  1.746646E-01
      1278  1.837227E-01
      1279  8.591685E-02
      1280  1.121453E-01
      1281  8.677451E-02
      1282  1.127994E-01
      1283  1.920858E-01
      1284  1.841819E-01
      1285  1.860534E-01
      1286  2.206688E-01
      1287  1.542650E-01
      1288  1.600482E-01
      1289  1.409165E-01
      1290  2.378007E-01
      1291  6.263807E-02
      1292  5.877170E-02
      1293  8.815291E-02
      1294  6.258010E-02
      1295  4.521686E-02
      1296  5.828680E-02
      1297  8.568869E-02
      1298  3.006240E-02
      1299  7.423938E-02
      1300  1.118072E-01
      1301  7.337914E-02
      1302  1.197583E-01
      1303  6.713223E-02
      1304  6.925647E-02
      1305  2.718328E-02
      1306  7.742968E-02
      1307  8.118591E-02
      1308  5.644127E-02
      1309  1.038719E-01
      1310  6.221938E-02
      1311  1.069833E-01
      1312  4.518946E-02
      1313  1.391818E-01
      1314  6.650084E-02
      1315  6.251769E-02
      1316  9.840431E-02
      1317  6.297541E-02
      1318  1.014979E-01
      1319  3.737479E-02
      1320  8.351045E-02
      1321  6.217629E-02
      1322  1.262336E-01
      1323  6.492233E-01
      1324  5.546666E-01
      1325  1.066504E-01
      1326  5.511871E-02
      1327  2.042814E-01
      1328  7.742989E-02
      1329  2.130249E-01
      1330  8.757862E-02
      1331  4.292201E-01
      1332  1.109352E-01
      1333  4.987997E-02
      1334  9.506976E-02
      1335  4.766429E-02
      1336  1.150756E-01
      1337  9.426084E-02
      1338  2.541498E-01
      1339  1.321379E-01
      1340  3.999982E-01
      1341  2.622186E-01
      1342  5.455930E-01
      1343  2.622186E-01
      1344  5.455930E-01
      1345  2.042814E-01
      1346  7.742989E-02
      1347  1.066504E-01
      1348  5.511871E-02
      1349  4.292201E-01
      1350  1.109352E-01
      1351  2.130249E-01
      1352  8.757862E-02
      1353  4.766429E-02
      1354  1.150756E-01
      1355  4.987997E-02
      1356  9.506976E-02
      1357  1.321379E-01
      1358  3.999982E-01
      1359  9.426084E-02
      1360  2.541498E-01
      1361  6.492233E-01
      1362  5.546666E-01
      1363  1.038719E-01
      1364  6.221938E-02
      1365  8.118591E-02
      1366  5.644127E-02
      1367  1.391818E-01
      1368  6.650084E-02
      1369  1.069833E-01
      1370  4.518946E-02
      1371  6.297541E-02
      1372  1.014979E-01
      1373  6.251769E-02
      1374  9.840431E-02
      1375  6.217629E-02
      1376  1.262336E-01
      1377  3.737479E-02
      1378  8.351045E-02
      1379  8.815291E-02
      1380  6.258010E-02
      1381  6.263807E-02
      1382  5.877170E-02
      1383  8.568869E-02
      1384  3.006240E-02
      1385  4.521686E-02
      1386  5.828680E-02
      1387  7.337914E-02
      1388  1.197583E-01
      1389  7.423938E-02
      1390  1.118072E-01
      1391  2.718328E-02
      1392  7.742968E-02
      1393  6.713223E-02
      1394  6.925647E-02
