
                        S T E P       1


                                INCREMENT     1


 displacements (vx,vy,vz) for set NALL and time  0.1000000E+01

         1 -1.323489E-24 -1.654361E-25 -1.323489E-24
         2  0.000000E+00  0.000000E+00  6.617445E-25
         3 -1.323489E-24  0.000000E+00  3.096964E-22
         4 -1.323489E-24  2.646978E-24  6.352747E-22
         5  1.055052E-03 -4.971141E-06 -1.218237E-03
         6  1.056722E-03 -2.098920E-06  1.144446E-03
         7 -9.229188E-04  1.046512E-05 -1.219484E-03
         8 -9.248137E-04 -4.579492E-08  1.146991E-03
         9  2.028258E-03  9.384790E-07 -2.381040E-03
        10  2.030312E-03  1.407330E-06  2.261036E-03
        11 -1.839391E-03  7.535887E-06 -2.383434E-03
        12 -1.840679E-03  1.558505E-06  2.263716E-03
        13  3.002258E-03  5.271325E-06 -3.515502E-03
        14  3.004514E-03  9.042995E-06  3.385605E-03
        15 -2.794474E-03  2.142086E-06 -3.518539E-03
        16 -2.796806E-03  4.453826E-06  3.388913E-03
        17  3.967907E-03  2.316020E-06 -4.673153E-03
        18  3.969334E-03  2.134004E-05  4.603122E-03
        19 -3.808385E-03  2.600928E-06 -4.675668E-03
        20 -3.809975E-03  9.922713E-07  4.604920E-03
        21  5.000000E-03  0.000000E+00 -6.000000E-03
        22  5.000000E-03  4.235165E-23  6.000000E-03
        23 -5.000000E-03  2.541099E-21 -6.000000E-03
        24 -5.000000E-03 -4.235165E-22  6.000000E-03
        25  4.225640E-04 -2.512113E-05 -6.534562E-04
        26  4.089497E-04 -2.553791E-05  5.608153E-04
        27 -3.938495E-04 -6.298840E-06 -6.233667E-04
        28 -4.727658E-04 -1.598239E-05  5.533891E-04
        29  1.875736E-03 -1.794844E-05 -1.752459E-03
        30  1.366563E-03 -1.648526E-05  1.705959E-03
        31 -1.178489E-03 -9.406921E-06 -1.764582E-03
        32 -1.529564E-03 -1.532640E-05  1.691755E-03
        33  2.410647E-03 -6.169734E-06 -2.511804E-03
        34  2.880303E-03 -1.108958E-05 -2.882914E-03
        35  3.143720E-03 -1.751877E-06 -3.321507E-03
        36  1.993489E-03  1.328736E-06  2.397434E-03
        37  2.234433E-03 -9.533292E-06  2.748876E-03
        38  2.629160E-03 -6.072111E-06  3.167666E-03
        39 -1.809400E-03 -6.611850E-06 -2.607274E-03
        40 -1.896690E-03 -9.486892E-06 -2.985072E-03
        41 -2.244720E-03  6.018013E-07 -3.334542E-03
        42 -2.251618E-03 -4.641925E-06  2.482257E-03
        43 -2.705896E-03 -1.182835E-05  2.817241E-03
        44 -2.895021E-03 -5.976464E-06  3.164680E-03
        45  3.209048E-03  1.724508E-06 -3.565082E-03
        46  3.456291E-03 -2.626765E-06 -3.693550E-03
        47  3.721712E-03 -7.173434E-06 -3.875479E-03
        48  3.964850E-03 -9.003823E-06 -4.108081E-03
        49  4.144783E-03 -6.360710E-06 -4.365362E-03
        50  4.217720E-03 -4.494837E-07 -4.584749E-03
        51  4.144937E-03  3.990998E-06 -4.682478E-03
        52  2.909742E-03  1.450361E-05  3.355845E-03
        53  2.860622E-03  1.125990E-05  3.396322E-03
        54  2.886691E-03  5.331894E-06  3.614012E-03
        55  3.009208E-03  2.239889E-06  3.888043E-03
        56  3.224340E-03  3.912118E-06  4.131361E-03
        57  3.489510E-03  8.651314E-06  4.327819E-03
        58  3.733892E-03  1.429353E-05  4.503550E-03
        59 -2.745531E-03 -6.563516E-06 -3.627049E-03
        60 -2.742153E-03 -1.049168E-05 -3.775418E-03
        61 -2.781790E-03 -1.251634E-05 -3.873904E-03
        62 -2.854052E-03 -1.302643E-05 -4.020965E-03
        63 -2.964388E-03 -1.007772E-05 -4.253835E-03
        64 -3.147332E-03 -2.883076E-06 -4.508268E-03
        65 -3.450350E-03  4.555724E-06 -4.655191E-03
        66 -3.013198E-03  3.612604E-06  3.447179E-03
        67 -3.273019E-03 -2.827113E-06  3.592218E-03
        68 -3.523868E-03 -8.848025E-06  3.820299E-03
        69 -3.725413E-03 -1.136185E-05  4.067437E-03
        70 -3.850932E-03 -9.608801E-06  4.282507E-03
        71 -3.895762E-03 -5.641087E-06  4.443570E-03
        72 -3.875934E-03 -1.666371E-06  4.551687E-03
        73  4.244986E-03 -3.772867E-06 -4.878349E-03
        74  4.415573E-03 -1.157994E-05 -5.569412E-03
        75  4.823356E-03  5.373094E-06 -6.122624E-03
        76  3.587723E-03  1.657270E-05  4.909014E-03
        77  3.482132E-03 -1.754716E-08  5.743176E-03
        78  4.094654E-03  1.329304E-05  6.364581E-03
        79 -3.613784E-03 -8.861729E-06 -4.866513E-03
        80 -3.434723E-03 -1.523746E-05 -5.409275E-03
        81 -3.801672E-03 -4.156303E-06 -5.942828E-03
        82 -4.203769E-03 -7.072487E-06  4.866752E-03
        83 -4.333358E-03 -1.673236E-05  5.390048E-03
        84 -4.579977E-03 -7.124750E-06  5.848362E-03
        85 -3.192107E-06  5.771219E-09 -2.207688E-06
        86 -3.389462E-06  2.047516E-09 -2.345829E-06
        87 -6.027137E-08 -6.169168E-08 -4.709936E-08
        88 -1.988845E-07 -5.854627E-08 -1.977235E-07
        89  1.054018E-03 -7.981369E-06  1.244567E-04
        90 -9.268511E-04  1.873008E-05 -5.641998E-05
        91 -5.086619E-05 -6.487922E-06 -1.217595E-03
        92  9.801530E-05  1.926096E-06  1.146919E-03
        93  2.026178E-03  1.880062E-05 -5.693205E-05
        94 -1.843343E-03  1.956577E-05  6.494382E-05
        95  9.475617E-05 -2.031741E-06 -2.381165E-03
        96 -6.759769E-06  7.153493E-06  2.263433E-03
        97  2.999351E-03  1.884164E-05  2.745911E-05
        98 -2.799834E-03  2.021764E-05 -3.018417E-05
        99  3.539478E-05 -3.048709E-07 -3.515273E-03
       100  8.430842E-05  7.395545E-06  3.388773E-03
       101  3.965775E-03  1.728547E-05  4.194691E-06
       102 -3.811504E-03  2.449980E-06  3.450824E-05
       103  5.394116E-05  2.652283E-07 -4.673490E-03
       104  3.203699E-05  8.083529E-06  4.605049E-03
       105  4.998254E-03 -1.940844E-05 -1.117761E-04
       106 -5.000061E-03 -1.941805E-05  2.136109E-04
       107  1.803599E-04 -1.380509E-05 -6.000376E-03
       108 -8.413601E-05  7.948151E-05  5.999352E-03
       109 -1.402191E-04 -2.750436E-05 -6.296859E-04
       110 -4.566702E-05  1.564709E-06 -6.657098E-04
       111 -7.876480E-05  2.259294E-05  5.515725E-04
       112  2.199284E-04 -9.364518E-06  5.645997E-04
       113  4.288377E-04  3.187966E-05  3.744896E-04
       114  4.160987E-04 -2.840181E-05 -4.022709E-04
       115 -4.545835E-04  3.955672E-05  3.395758E-04
       116 -4.046155E-04 -1.721919E-05 -3.937344E-04
       117  1.727450E-04 -3.890926E-05 -1.737033E-03
       118 -5.300322E-05  3.563251E-05 -1.798651E-03
       119  1.060834E-04  1.084559E-05  1.676036E-03
       120  7.479266E-05 -2.654110E-06  1.724688E-03
       121  1.570028E-03 -5.047883E-06  6.704373E-04
       122  1.634566E-03  7.151523E-06 -5.296950E-04
       123 -1.410308E-03  5.022584E-05  5.042349E-04
       124 -1.287867E-03 -1.173784E-05 -4.902915E-04
       125  2.258725E-04 -2.880418E-05 -2.943716E-03
       126 -2.003816E-04  2.533241E-05 -2.988053E-03
       127  2.653045E-04  1.492698E-05  2.800936E-03
       128  8.755655E-06  1.051008E-06  2.843400E-03
       129  2.475097E-03  2.260475E-05  6.281097E-04
       130  2.600883E-03  1.391177E-05 -7.264517E-04
       131 -2.352513E-03  5.082779E-05  6.118415E-04
       132 -2.212699E-03 -1.333265E-05 -5.366762E-04
       133  3.400567E-04 -1.923728E-05 -4.120459E-03
       134 -3.544077E-04  1.355367E-05 -4.154970E-03
       135  4.344472E-04  1.838246E-05  3.991093E-03
       136 -1.127987E-04  5.833125E-06  4.000980E-03
       137  3.447905E-03  2.608653E-05  8.502981E-04
       138  3.517772E-03  4.957503E-06 -8.682034E-04
       139 -3.267782E-03  2.798672E-05  7.771907E-04
       140 -3.186829E-03 -5.832900E-06 -7.857228E-04
       141  8.442694E-04  3.754288E-06 -5.457451E-03
       142 -5.290933E-04 -1.955288E-05 -5.559416E-03
       143  8.273424E-04  2.330295E-05  5.337354E-03
       144 -5.215627E-04  7.021007E-05  5.764672E-03
       145  4.400323E-03  2.335639E-05  1.457979E-03
       146  4.332015E-03 -2.688462E-05 -1.296190E-03
       147 -4.016764E-03 -6.378519E-05  1.080913E-03
       148 -4.076030E-03  5.205847E-05 -8.712895E-04

 forces (fx,fy,fz) for set RIGHT and time  0.1000000E+01

        21  2.872842E+03  6.084574E+02 -3.148992E+03
        22  3.252771E+03 -4.989352E+02  4.578944E+03
        23 -2.801889E+03  4.342122E+02 -2.421644E+03
        24 -3.183088E+03 -2.182361E+02  9.282545E+02

 internal energy (element, energy) for set ALL and time  0.1000000E+01

         1  3.011492E-02
         2  4.720694E-02
         3  4.664963E-02
         4  1.052839E-01
         5  5.026038E-02
         6  9.462961E-02
         7  2.654244E-02
         8  2.678044E-02
         9  3.570624E-03
        10  1.574501E-02
        11  9.473877E-02
        12  1.006308E-01
        13  8.249504E-02
        14  8.895233E-02
        15  9.225035E-03
        16  1.519856E-02
        17  7.876982E-03
        18  1.309927E-03
        19  1.378415E-03
        20  1.206206E-02
        21  5.201350E-02
        22  7.305740E-03
        23  5.697127E-03
        24  7.015030E-02
        25  4.207702E-02
        26  4.354420E-03
        27  5.305873E-03
        28  7.668933E-02
        29  1.239293E-02
        30  1.716707E-03
        31  7.084238E-04
        32  7.832131E-03
        33  4.587425E-03
        34  5.752589E-04
        35  2.553494E-04
        36  2.080794E-04
        37  1.408546E-04
        38  3.484374E-04
        39  1.345131E-03
        40  5.490510E-03
        41  3.797178E-02
        42  4.594196E-03
        43  7.945976E-04
        44  1.870313E-04
        45  2.514447E-04
        46  2.725259E-04
        47  1.323803E-03
        48  1.826657E-02
        49  3.749037E-02
        50  2.794837E-03
        51  2.616905E-04
        52  4.834645E-04
        53  4.070005E-04
        54  2.837811E-04
        55  2.968283E-03
        56  2.511272E-02
        57  7.048432E-03
        58  1.227572E-03
        59  3.159458E-04
        60  2.279808E-04
        61  2.851446E-04
        62  3.194623E-04
        63  3.163452E-04
        64  1.166277E-03
        65  1.264223E-02
        66  5.730063E-03
        67  1.944933E-02
        68  2.906699E-02
        69  5.336886E-02
        70  9.499521E-03
        71  8.974923E-03
        72  2.628720E-02
        73  4.327103E-02
        74  5.419874E-03
        75  5.029800E-03
        76  1.187182E-02
        77  7.338002E-03
        78  2.367391E-03
        79  4.373099E-03
        80  7.962382E-03
        81  1.341391E-02
        82  1.071916E-02
        83  1.308255E-02
        84  1.400109E-02
        85  9.686807E-03
        86  9.104997E-03
        87  7.397226E-03
        88  9.659256E-03
        89  2.559861E-02
        90  2.102816E-02
        91  2.235464E-02
        92  6.388226E-03
        93  3.147454E-02
        94  2.184829E-02
        95  1.690758E-02
        96  3.347464E-03
        97  7.937517E-03
        98  2.365406E-02
        99  2.364059E-02
       100  1.839127E-02
       101  5.915675E-03
       102  2.063372E-02
       103  1.842181E-02
       104  1.408813E-02
       105  1.042063E-02
       106  4.119874E-02
       107  4.442760E-02
       108  1.956569E-02
       109  6.075028E-03
       110  3.333344E-02
       111  3.985180E-02
       112  1.801579E-02
       113  1.419354E-02
       114  3.369761E-02
       115  3.957173E-02
       116  3.732147E-02
       117  1.107122E-02
       118  2.849254E-02
       119  4.156295E-02
       120  4.343333E-02
       121  1.121752E-01
       122  6.776940E-02
       123  3.045549E-02
       124  6.295998E-02
       125  6.044717E-02
       126  1.732275E-02
       127  8.870268E-02
       128  1.016539E-01
       129  9.163399E-01
       130  5.552805E-01
       131  7.583543E-01
       132  8.010751E-01
       133  6.687779E-01
       134  6.367483E-01
       135  5.664960E-01
       136  8.098521E-01
       137  1.136061E+00
       138  5.669552E-01
       139  1.011310E+00
       140  6.515385E-01
       141  5.338737E-01
       142  1.054802E+00
       143  4.949988E-01
       144  9.703553E-01
       145  7.662392E-01
       146  5.522566E-01
       147  7.843787E-01
       148  5.202145E-01
       149  5.612813E-01
       150  7.846249E-01
       151  5.219303E-01
       152  7.321956E-01
       153  9.473091E-01
       154  5.639352E-01
       155  1.149455E+00
       156  5.232253E-01
       157  4.942738E-01
       158  9.950089E-01
       159  4.646888E-01
       160  9.556699E-01
       161  7.967047E-01
       162  5.415510E-01
       163  7.389286E-01
       164  5.304346E-01
       165  5.691592E-01
       166  7.669311E-01
       167  5.255757E-01
       168  7.081048E-01
       169  1.036523E+00
       170  5.452935E-01
       171  1.039686E+00
       172  5.296504E-01
       173  5.150314E-01
       174  9.948180E-01
       175  5.057539E-01
       176  1.009425E+00
       177  8.139908E-01
       178  5.820226E-01
       179  7.417669E-01
       180  5.920897E-01
       181  6.473367E-01
       182  7.603254E-01
       183  5.626930E-01
       184  7.689212E-01
       185  9.884733E-01
       186  5.784012E-01
       187  1.060484E+00
       188  5.506182E-01
       189  5.664572E-01
       190  9.856978E-01
       191  5.373275E-01
       192  9.847918E-01
       193  8.786382E-01
       194  8.734992E-01
       195  8.511195E-01
       196  7.538122E-01
       197  8.045033E-01
       198  8.637263E-01
       199  8.735763E-01
       200  8.413313E-01
       201  1.012325E+00
       202  6.765839E-01
       203  1.106010E+00
       204  7.058401E-01
       205  7.921093E-01
       206  1.064406E+00
       207  8.546764E-01
       208  1.104064E+00

 total internal energy for set ALL and time  0.1000000E+01

        6.350998E+01
