
                        S T E P       1


                                INCREMENT     1


 displacements (vx,vy,vz) for set NALL and time  0.1000000E+01

         1  2.646978E-24  0.000000E+00  1.323489E-24
         2  0.000000E+00 -2.646978E-24  5.293956E-24
         3  0.000000E+00  0.000000E+00  2.646978E-24
         4 -1.323489E-24 -1.654361E-25  4.314574E-22
         5  7.499608E-04 -2.819821E-05 -9.779725E-04
         6  7.496029E-04  2.821441E-05  9.688373E-04
         7 -8.731296E-04 -1.235969E-05 -9.748429E-04
         8 -8.740745E-04  1.383673E-05  9.677206E-04
         9  1.656245E-03 -1.057885E-05 -2.169842E-03
        10  1.654890E-03  6.981364E-06  2.127499E-03
        11 -1.918918E-03  8.061972E-06 -2.172705E-03
        12 -1.918270E-03 -3.687567E-06  2.129200E-03
        13  2.954924E-03  4.614295E-06 -3.639565E-03
        14  2.954897E-03 -6.230692E-06  3.559705E-03
        15 -3.079469E-03  7.868870E-06 -3.639923E-03
        16 -3.078677E-03 -5.221033E-06  3.560388E-03
        17  4.084348E-03  6.915976E-06 -4.926536E-03
        18  4.084213E-03  7.497050E-06  4.868440E-03
        19 -4.078526E-03 -6.463868E-07 -4.928915E-03
        20 -4.080675E-03 -5.859600E-06  4.869503E-03
        21  5.000000E-03  0.000000E+00 -6.000000E-03
        22  5.000000E-03 -8.470329E-23  6.000000E-03
        23 -5.000000E-03  2.117582E-23 -6.000000E-03
        24 -5.000000E-03  2.117582E-23  6.000000E-03
        25  1.654453E-03 -3.324341E-05 -1.767688E-03
        26  1.147492E-03 -4.430774E-06  1.747656E-03
        27 -1.392755E-03 -1.634368E-05 -1.767217E-03
        28 -1.886183E-03 -1.410597E-05  1.744599E-03
        29  4.539956E-03 -1.151321E-06 -5.148754E-03
        30  4.904954E-03 -8.302234E-06 -5.661476E-03
        31  5.123287E-03  1.311487E-06 -6.015662E-03
        32  3.751892E-03  3.655956E-06  5.072906E-03
        33  3.854655E-03 -6.978899E-06  5.675139E-03
        34  4.404447E-03  4.375051E-06  6.170593E-03
        35 -3.839175E-03 -7.491837E-06 -5.078413E-03
        36 -4.050838E-03 -1.408532E-05 -5.427877E-03
        37 -4.462693E-03 -8.319782E-06 -5.776317E-03
        38 -4.789256E-03 -1.536690E-05  5.028938E-03
        39 -5.477459E-03 -2.097446E-05  5.287133E-03
        40 -5.477318E-03 -1.839435E-05  5.571157E-03
        41  7.536512E-04 -3.298000E-06  2.165996E-04
        42 -8.715524E-04  3.080496E-06 -2.304618E-04
        43 -2.534039E-04 -2.216033E-05 -9.758084E-04
        44  1.193541E-04  2.404350E-05  9.684498E-04
        45  2.952476E-03 -5.449043E-05 -1.681122E-03
        46  2.953401E-03 -2.038956E-06 -3.389609E-05
        47  2.952338E-03  5.210828E-05  1.610916E-03
        48 -3.081419E-03  5.554902E-05 -1.623677E-03
        49 -3.080235E-03 -1.336140E-06 -6.478893E-05
        50 -3.081206E-03 -5.513161E-05  1.505129E-03
        51  1.349568E-03  5.570895E-05 -3.641759E-03
        52  1.159162E-05  3.734597E-06 -3.640957E-03
        53 -1.361907E-03 -4.673020E-05 -3.641988E-03
        54  1.363305E-03 -5.670828E-05  3.557834E-03
        55  4.832812E-05 -4.365905E-06  3.558819E-03
        56 -1.324234E-03  4.701148E-05  3.557868E-03
        57  1.476492E-04  8.520470E-05 -7.810678E-04
        58  5.749983E-04  2.041758E-04 -1.615206E-03
        59  2.839937E-04  7.902787E-05 -1.208105E-03
        60 -1.356748E-05 -6.236570E-05 -6.258808E-04
        61 -7.075359E-04 -1.456194E-04 -1.238625E-03
        62 -6.997565E-04 -5.752321E-05 -9.870566E-04
        63  4.467176E-05 -8.971840E-05  8.063986E-04
        64  5.277564E-04 -2.214715E-04  1.698743E-03
        65  4.235105E-04 -9.099320E-05  1.256618E-03
        66 -3.266159E-05  7.180714E-05  6.544097E-04
        67 -2.888028E-04  1.664198E-04  1.327900E-03
        68 -1.236213E-04  7.302365E-05  1.041233E-03
        69 -8.496826E-04  2.695746E-04  2.459307E-05
        70 -1.201186E-03  3.868377E-04 -1.372121E-04
        71 -5.850172E-05  1.598293E-04  1.039924E-04
        72 -7.963441E-04 -2.542598E-04  1.280626E-04
        73 -1.177634E-03 -3.801627E-04  4.971344E-04
        74 -9.041787E-05 -1.658704E-04  1.983373E-04
        75  6.665211E-04 -2.150016E-04 -2.469203E-04
        76  9.665958E-04 -3.178912E-04 -6.369270E-04
        77 -3.838110E-05 -1.220093E-04 -2.622708E-04
        78  6.634595E-04  2.147278E-04  1.070220E-04
        79  9.476740E-04  3.137700E-04  2.859533E-04
        80 -5.219991E-05  1.197944E-04 -4.818262E-05
        81  1.161014E-03  7.783194E-05 -3.070284E-03
        82  1.217557E-03  2.443797E-04 -4.245534E-03
        83 -7.671797E-05  1.269796E-04 -3.936795E-03
        84 -1.530844E-03 -4.771082E-05 -2.948591E-03
        85 -1.347030E-03 -1.683787E-04 -3.905150E-03
        86  1.061539E-04 -6.409855E-05 -3.719012E-03
        87  1.177350E-03 -9.152720E-05  3.073190E-03
        88  9.013629E-04 -2.636423E-04  4.271273E-03
        89 -3.754499E-04 -1.337120E-04  3.892674E-03
        90 -1.213824E-03  8.014513E-05  3.031081E-03
        91 -8.008563E-04  2.412063E-04  4.186777E-03
        92  4.304697E-04  1.143031E-04  3.854731E-03
        93  9.188344E-04  2.500031E-04 -6.918140E-04
        94  4.186448E-04  4.264596E-04  2.237765E-04
        95  1.667780E-03  1.972381E-04  1.430090E-03
        96  9.330152E-04 -2.486218E-04  1.130665E-03
        97  4.193190E-04 -4.284448E-04  1.747779E-04
        98  1.654346E-03 -2.017504E-04 -1.392366E-03
        99 -1.273941E-03 -2.220782E-04 -1.365751E-03
       100 -8.366427E-04 -3.808773E-04 -5.775388E-04
       101 -1.940317E-03 -1.809323E-04  1.049103E-03
       102 -1.269316E-03  2.275988E-04  8.161041E-04
       103 -8.784844E-04  3.745705E-04  5.157527E-05
       104 -1.985627E-03  1.739643E-04 -1.233344E-03
       105  4.684863E-04  5.288203E-05 -4.628835E-03
       106 -4.631433E-04 -4.989371E-05 -4.622392E-03
       107  3.624333E-04 -6.740406E-05  4.524621E-03
       108 -3.304441E-04  5.630787E-05  4.529232E-03
       109  3.842015E-03 -7.983459E-05  7.431519E-04
       110  3.834904E-03  9.576515E-05 -8.544931E-04
       111 -3.830777E-03  9.235735E-05  8.231470E-04
       112 -3.836413E-03 -9.462150E-05 -9.081471E-04
       113  4.830674E-04 -2.705478E-05 -5.406318E-03
       114 -4.875283E-04  1.120710E-05 -5.546368E-03
       115  3.673388E-04  6.255438E-05  5.194738E-03
       116 -4.282507E-04  3.203383E-05  5.713384E-03
       117  4.654562E-03 -7.813153E-06  1.052227E-03
       118  4.420953E-03 -3.170633E-05 -1.132014E-03
       119 -4.466190E-03  9.508739E-06  7.781837E-04
       120 -4.549427E-03 -3.047204E-05 -7.393010E-04

 forces (fx,fy,fz) for set RIGHT and time  0.1000000E+01

        21  3.614629E+03 -5.067240E+02 -4.942549E+03
        22  2.089595E+03  1.789544E+03  5.033394E+03
        23 -3.533521E+03  1.258705E+03 -1.569211E+01
        24 -2.030325E+03 -1.239360E+03 -1.323983E+02

 internal energy (element, energy) for set ALL and time  0.1000000E+01

         1  2.811995E-01
         2  2.550082E-01
         3  3.596176E-01
         4  2.148596E-01
         5  2.202835E-02
         6  9.196257E-03
         7  2.142277E-02
         8  1.548232E-03
         9  2.731756E-02
        10  9.574923E-03
        11  2.421406E-03
        12  1.659900E-03
        13  3.881466E-02
        14  5.663974E-02
        15  4.618397E-02
        16  4.124433E-02
        17  2.029902E-02
        18  4.370049E-02
        19  3.397864E-02
        20  1.288482E-02
        21  3.133361E-03
        22  1.783297E-03
        23  6.044339E-03
        24  8.639815E-03
        25  1.533244E-02
        26  6.134100E-03
        27  6.638927E-03
        28  1.995836E-02
        29  5.947779E-03
        30  3.121406E-03
        31  3.400887E-03
        32  5.004739E-03
        33  3.104906E-03
        34  1.011087E-03
        35  3.154375E-03
        36  3.104599E-03
        37  6.666198E-02
        38  4.381895E-02
        39  2.002826E-01
        40  1.489199E-01
        41  1.529174E-01
        42  6.585706E-02
        43  7.538792E-02
        44  1.799429E-01
        45  1.324962E-01
        46  4.691663E-02
        47  8.024424E-02
        48  1.819820E-01
        49  1.382088E-01
        50  9.121876E-02
        51  9.916849E-02
        52  9.669845E-02
        53  5.245653E-02
        54  7.944542E-03
        55  7.633275E-03
        56  5.123999E-02
        57  1.638322E-01
        58  2.234945E-02
        59  2.601188E-02
        60  1.752668E-01
        61  6.015162E-02
        62  7.310516E-03
        63  1.471363E-02
        64  8.319567E-02
        65  1.058130E-01
        66  1.070843E-02
        67  2.775253E-02
        68  1.500334E-01
        69  1.644925E-02
        70  1.217443E-02
        71  1.005967E-02
        72  7.945211E-03
        73  3.476291E-02
        74  3.022195E-02
        75  4.169656E-02
        76  5.328587E-02
        77  2.161492E-01
        78  1.758422E-01
        79  1.835493E-01
        80  2.455901E-01
        81  2.163145E-01
        82  1.109453E-01
        83  1.505611E-01
        84  1.435145E-01
        85  2.179510E-01
        86  1.391909E-01
        87  1.762852E-01
        88  2.520417E-01
        89  1.438026E-01
        90  1.048926E-01
        91  1.214402E-01
        92  1.496106E-01
        93  1.645776E-01
        94  1.133321E-01
        95  9.254511E-02
        96  1.170790E-01
        97  1.611081E-01
        98  1.205842E-01
        99  1.010108E-01
       100  1.277156E-01
       101  1.438667E-01
       102  1.260871E-01
       103  1.184110E-01
       104  1.131125E-01
       105  1.437547E-01
       106  1.140807E-01
       107  1.087758E-01
       108  1.137070E-01
       109  1.503727E+00
       110  1.574791E+00
       111  1.427817E+00
       112  1.599069E+00
       113  1.617450E+00
       114  1.754593E+00
       115  1.828892E+00
       116  1.890792E+00
       117  3.758367E-01
       118  3.279979E-01
       119  3.704363E-01
       120  4.257373E-01
       121  5.116899E-01
       122  4.066083E-01
       123  5.124193E-01
       124  4.348129E-01
       125  3.768930E-01
       126  2.629474E-01
       127  3.182841E-01
       128  4.387256E-01
       129  4.340894E-01
       130  3.062421E-01
       131  3.687265E-01
       132  4.852882E-01
       133  4.134476E-01
       134  2.819082E-01
       135  2.870546E-01
       136  3.407050E-01
       137  3.993790E-01
       138  2.758544E-01
       139  2.697632E-01
       140  3.429426E-01
       141  3.268364E-01
       142  2.850906E-01
       143  2.845282E-01
       144  2.934145E-01
       145  3.337940E-01
       146  2.794336E-01
       147  2.819643E-01
       148  2.921940E-01
       149  7.335782E-01
       150  7.480201E-01
       151  6.176581E-01
       152  8.066463E-01
       153  6.306350E-01
       154  1.033380E+00
       155  5.806853E-01
       156  8.191951E-01
       157  1.201873E+00
       158  9.594955E-01
       159  9.340130E-01
       160  9.771477E-01
       161  7.402309E-01
       162  1.120934E+00
       163  6.944654E-01
       164  1.045650E+00
       165  6.550295E-01
       166  5.922100E-01
       167  6.955772E-01
       168  4.512624E-01
       169  6.018093E-01
       170  7.300792E-01
       171  5.722626E-01
       172  5.440426E-01
       173  1.061667E+00
       174  5.439996E-01
       175  8.514674E-01
       176  4.492748E-01
       177  4.551734E-01
       178  7.422822E-01
       179  5.271742E-01
       180  7.925123E-01

 total internal energy for set ALL and time  0.1000000E+01

        5.774788E+01
