
                        S T E P       1


                                INCREMENT     1


 displacements (vx,vy,vz) for set NALL and time  0.1000000E+01

         1  0.000000E+00  3.722313E-25  6.617445E-25
         2  0.000000E+00  0.000000E+00  6.617445E-25
         3 -3.308722E-25  0.000000E+00  8.668853E-23
         4  0.000000E+00  0.000000E+00  1.783401E-22
         5  3.094337E-04 -8.815729E-06 -4.180210E-04
         6  3.098690E-04  8.230918E-06  3.986617E-04
         7 -3.165887E-04  6.226791E-06 -4.182537E-04
         8 -3.172162E-04 -2.550561E-06  3.988402E-04
         9  5.261253E-04 -1.401967E-05 -9.059607E-04
        10  5.269333E-04  1.703324E-05  8.690929E-04
        11 -6.044441E-04  1.735763E-05 -9.057791E-04
        12 -6.049833E-04 -7.992250E-06  8.692554E-04
        13  2.438434E-03 -2.113947E-05 -2.976028E-03
        14  2.438146E-03  2.495917E-05  2.934286E-03
        15 -2.451656E-03  2.846245E-05 -2.972615E-03
        16 -2.455681E-03 -1.363219E-05  2.934175E-03
        17  4.214481E-03 -7.772871E-06 -5.029972E-03
        18  4.213568E-03  2.855893E-05  5.008115E-03
        19 -4.204555E-03  2.626344E-05 -5.027437E-03
        20 -4.203744E-03 -6.738838E-06  5.006960E-03
        21  5.000000E-03  0.000000E+00 -6.000000E-03
        22  5.000000E-03  0.000000E+00  6.000000E-03
        23 -5.000000E-03  4.658681E-21 -6.000000E-03
        24 -5.000000E-03 -1.948176E-21  6.000000E-03
        25  1.459458E-04 -1.247993E-05 -2.161650E-04
        26  1.368999E-04 -3.245801E-06  1.793513E-04
        27 -1.299143E-04 -1.723772E-06 -2.156328E-04
        28 -1.444241E-04 -6.453793E-06  1.897418E-04
        29  5.915821E-04 -2.103701E-05 -6.021913E-04
        30  4.291908E-04  8.601398E-06  5.766270E-04
        31 -4.048003E-04  4.123719E-06 -5.818335E-04
        32 -4.794189E-04 -1.239767E-05  5.567335E-04
        33  1.613643E-03 -5.851362E-05 -2.056324E-03
        34  1.210013E-03 -6.543028E-06  1.883147E-03
        35 -1.236099E-03 -1.044861E-05 -1.833995E-03
        36 -1.865381E-03 -3.498867E-05  1.932478E-03
        37  4.041351E-03 -5.242939E-05 -3.895226E-03
        38  3.078917E-03 -3.205430E-06  3.861988E-03
        39 -3.199733E-03 -7.425935E-06 -3.975359E-03
        40 -3.909253E-03 -3.402906E-05  3.935408E-03
        41  4.836504E-03 -1.671923E-05 -5.682800E-03
        42  3.267870E-03 -2.501917E-06  5.964066E-03
        43 -3.258611E-03 -3.850479E-06 -5.969176E-03
        44 -4.656419E-03 -1.575868E-05  5.702734E-03
        45 -7.745416E-07 -4.142770E-10 -5.364127E-07
        46 -9.538075E-07  2.185126E-10 -6.602698E-07
        47  6.547594E-08 -1.554847E-08  7.525162E-08
        48 -6.111249E-08 -1.604027E-08 -6.132444E-08
        49  3.095941E-04 -5.885704E-07  3.835060E-05
        50 -3.172557E-04  4.258584E-06 -1.681331E-05
        51 -3.898059E-05 -2.043894E-06 -4.180155E-04
        52  7.198018E-06  9.051375E-07  3.989094E-04
        53  5.274665E-04  6.184441E-06 -5.253904E-04
        54  5.273897E-04  6.929547E-06 -2.133437E-05
        55  5.275297E-04  4.981152E-06  4.838633E-04
        56 -6.049997E-04  2.101621E-05 -5.263952E-04
        57 -6.047152E-04  6.506278E-06 -3.613408E-06
        58 -6.051397E-04 -9.708997E-06  5.124232E-04
        59  2.576034E-04 -1.793623E-06 -9.061275E-04
        60 -4.625230E-05 -2.032546E-06 -9.062797E-04
        61 -3.464406E-04 -8.716806E-07 -9.062097E-04
        62  2.521077E-04  1.827962E-06  8.683521E-04
        63 -6.027085E-05  6.431669E-06  8.684752E-04
        64 -3.618062E-04  1.032246E-05  8.683602E-04
        65  2.438941E-03 -2.630743E-05 -1.499389E-03
        66  2.439151E-03 -7.675377E-06 -1.802612E-05
        67  2.438972E-03  1.514458E-05  1.462338E-03
        68 -2.453721E-03  6.371910E-05 -1.505747E-03
        69 -2.453587E-03  6.046753E-05 -2.615646E-05
        70 -2.454432E-03  2.878223E-05  1.457643E-03
        71  1.211630E-03 -4.028058E-05 -2.974716E-03
        72 -1.271945E-05 -4.466144E-05 -2.974852E-03
        73 -1.233662E-03 -2.512913E-05 -2.974426E-03
        74  1.216913E-03  2.131358E-06  2.933004E-03
        75 -6.882761E-06 -1.321054E-06  2.933155E-03
        76 -1.231433E-03 -1.591616E-06  2.933068E-03
        77  4.216014E-03  1.994523E-05 -3.793226E-03
        78  4.216166E-03  2.433511E-05 -2.545380E-03
        79  4.215926E-03  1.294078E-05 -1.289163E-03
        80  4.215791E-03 -5.794702E-06 -2.758692E-05
        81  4.215995E-03 -2.302878E-05  1.236259E-03
        82  4.216191E-03 -2.946915E-05  2.499126E-03
        83  4.215736E-03 -1.536088E-05  3.757562E-03
        84 -4.202926E-03 -1.497120E-05 -3.757268E-03
        85 -4.202396E-03 -2.709989E-05 -2.493265E-03
        86 -4.202636E-03 -1.900365E-05 -1.234562E-03
        87 -4.202809E-03 -4.137115E-07  1.973232E-05
        88 -4.202647E-03  1.925942E-05  1.270347E-03
        89 -4.202328E-03  3.079076E-05  2.517944E-03
        90 -4.202669E-03  2.488847E-05  3.763231E-03
        91  3.183419E-03 -3.791981E-06 -5.029960E-03
        92  2.144109E-03 -7.856356E-06 -5.029842E-03
        93  1.097571E-03 -1.595933E-05 -5.029609E-03
        94  4.487310E-05 -2.385938E-05 -5.029532E-03
        95 -1.012947E-03 -2.748973E-05 -5.029552E-03
        96 -2.074741E-03 -2.289574E-05 -5.029439E-03
        97 -3.139150E-03 -6.123736E-06 -5.028721E-03
        98  3.173891E-03 -2.335208E-06  5.006578E-03
        99  2.123807E-03 -1.591783E-05  5.006138E-03
       100  1.066480E-03 -1.693761E-05  5.006144E-03
       101  5.515189E-06 -1.050252E-05  5.006251E-03
       102 -1.055442E-03 -1.551457E-06  5.006206E-03
       103 -2.112816E-03  5.100288E-06  5.006100E-03
       104 -3.163213E-03  4.787599E-06  5.006071E-03
       105  5.003331E-03  7.739822E-06 -2.438678E-05
       106 -4.999400E-03  7.343212E-06 -2.715595E-05
       107 -3.659152E-05  2.763612E-05 -5.999345E-03
       108 -3.632695E-05  2.882458E-05  5.998306E-03
       109 -6.016653E-05 -6.345131E-06 -2.179099E-04
       110  1.702166E-05 -1.164152E-06 -2.193647E-04
       111 -4.166767E-05  6.710796E-06  1.892755E-04
       112  8.852828E-05 -2.611958E-06  1.810450E-04
       113  1.417343E-04  8.566583E-06  1.321817E-04
       114  1.400417E-04 -6.515506E-06 -1.479683E-04
       115 -1.407247E-04  6.900578E-06  1.321299E-04
       116 -1.311755E-04 -1.416402E-06 -1.553504E-04
       117 -1.418007E-05 -2.221088E-05 -5.815510E-04
       118  3.567657E-05  1.610526E-05 -6.068848E-04
       119 -1.421735E-05  2.140482E-05  5.642982E-04
       120  4.707906E-05 -1.080512E-05  5.702567E-04
       121  4.878215E-04 -1.382752E-05  2.016377E-04
       122  5.086885E-04  1.640796E-05 -1.746324E-04
       123 -4.415390E-04  3.353106E-06  1.439519E-04
       124 -4.304522E-04  6.665813E-06 -1.610620E-04
       125  4.310841E-04  4.652508E-05 -1.393207E-03
       126  8.020575E-04  3.296145E-04 -3.222383E-03
       127  1.464213E-03  7.371872E-04 -5.641423E-03
       128  1.604274E-03  9.504187E-04 -6.815204E-03
       129  9.109721E-04  7.969243E-04 -6.133259E-03
       130 -3.790996E-04  3.659624E-04 -4.282698E-03
       131 -1.554801E-03  5.873190E-05 -3.058705E-03
       132 -5.040593E-04 -3.770779E-05 -1.372439E-03
       133  4.110996E-05 -3.122825E-04 -3.147594E-03
       134  9.141217E-04 -7.155270E-04 -5.546734E-03
       135  1.463855E-03 -9.343465E-04 -6.752972E-03
       136  1.507974E-03 -7.991771E-04 -6.162203E-03
       137  1.343843E-03 -3.929500E-04 -4.422173E-03
       138  1.656303E-03 -8.850281E-05 -3.216804E-03
       139  2.844692E-04 -4.904276E-05  1.390214E-03
       140 -4.320404E-04 -3.375804E-04  3.253386E-03
       141 -1.452881E-03 -7.508212E-04  5.703474E-03
       142 -2.073136E-03 -9.730498E-04  6.923323E-03
       143 -2.069908E-03 -8.303198E-04  6.291529E-03
       144 -1.747409E-03 -4.030947E-04  4.456555E-03
       145 -1.853030E-03 -7.712415E-05  3.152773E-03
       146 -5.512200E-04  5.946619E-05  1.408394E-03
       147 -8.226495E-04  3.456223E-04  3.260427E-03
       148 -1.278747E-03  7.468839E-04  5.646799E-03
       149 -1.230598E-03  9.536593E-04  6.790004E-03
       150 -4.628536E-04  8.018405E-04  6.119371E-03
       151  7.524685E-04  3.806539E-04  4.314191E-03
       152  1.736884E-03  7.230795E-05  3.089791E-03
       153  2.008437E-04  9.059467E-05 -7.243317E-04
       154 -1.688495E-03  6.339378E-04 -1.976605E-04
       155 -4.512945E-03  1.400332E-03  6.893144E-04
       156 -5.581751E-03  1.677158E-03  1.452371E-03
       157 -3.887985E-03  1.296926E-03  1.850725E-03
       158 -4.147913E-04  5.686477E-04  1.988336E-03
       159  1.982950E-03  1.013207E-04  2.318563E-03
       160  2.142277E-04 -8.436229E-05  7.158772E-04
       161 -1.609406E-03 -6.102119E-04  8.847176E-04
       162 -4.338920E-03 -1.352109E-03  1.261672E-03
       163 -5.406841E-03 -1.629678E-03  1.078688E-03
       164 -3.813470E-03 -1.273491E-03  8.435166E-05
       165 -4.573144E-04 -5.710804E-04 -1.385999E-03
       166  1.925493E-03 -1.073630E-04 -2.446545E-03
       167 -4.100279E-04 -4.888999E-05 -8.446906E-04
       168  1.371775E-03 -5.623575E-04 -9.138432E-04
       169  4.167212E-03 -1.321047E-03 -1.013630E-03
       170  5.248432E-03 -1.601116E-03 -7.373139E-04
       171  3.589164E-03 -1.228927E-03  7.184705E-05
       172  1.739042E-04 -5.131945E-04  1.234935E-03
       173 -2.114091E-03 -6.744305E-05  2.228076E-03
       174 -4.232183E-04  5.462255E-05  8.284024E-04
       175  1.280309E-03  5.471417E-04  2.249361E-04
       176  3.996148E-03  1.285271E-03 -9.598174E-04
       177  5.125455E-03  1.578221E-03 -1.856232E-03
       178  3.632905E-03  1.245235E-03 -2.107378E-03
       179  3.829076E-04  5.655281E-04 -1.957913E-03
       180 -1.923709E-03  1.165701E-04 -2.212583E-03
       181  2.047898E-03  2.405347E-05 -3.363106E-03
       182  2.000267E-03  2.997819E-04 -5.146823E-03
       183  2.102089E-03  7.088965E-04 -7.575653E-03
       184  1.606059E-03  9.272351E-04 -8.776947E-03
       185  2.774046E-04  7.788042E-04 -8.119816E-03
       186 -1.555799E-03  3.518328E-04 -6.287461E-03
       187 -3.086902E-03  4.993176E-05 -5.086099E-03
       188 -2.032626E-03 -4.108796E-05 -3.532247E-03
       189 -1.076724E-03 -3.207514E-04 -5.340290E-03
       190  3.120995E-04 -7.163796E-04 -7.695603E-03
       191  1.433086E-03 -9.184607E-04 -8.814341E-03
       192  2.050695E-03 -7.637667E-04 -8.130686E-03
       193  2.402935E-03 -3.455017E-04 -6.337959E-03
       194  3.117299E-03 -4.987698E-05 -5.169611E-03
       195  1.858496E-03 -4.344343E-05  3.470022E-03
       196  7.445830E-04 -3.335285E-04  5.342950E-03
       197 -7.494624E-04 -7.469201E-04  7.794457E-03
       198 -1.888607E-03 -9.666420E-04  9.001532E-03
       199 -2.418873E-03 -8.190971E-04  8.347157E-03
       200 -2.610718E-03 -3.876033E-04  6.493667E-03
       201 -3.178507E-03 -6.301307E-05  5.196288E-03
       202 -1.889295E-03  5.125253E-05  3.455055E-03
       203 -1.646062E-03  3.362700E-04  5.300964E-03
       204 -1.584031E-03  7.339705E-04  7.667873E-03
       205 -1.018483E-03  9.328244E-04  8.770460E-03
       206  2.460171E-04  7.707945E-04  8.051999E-03
       207  1.903178E-03  3.446387E-04  6.225731E-03
       208  3.230873E-03  4.927207E-05  5.056317E-03
       209  2.215951E-03  5.393865E-05 -1.986849E-03
       210  3.837576E-04  5.815974E-04 -7.542347E-04
       211 -2.425791E-03  1.344236E-03  6.849572E-04
       212 -3.473760E-03  1.616119E-03  1.879406E-03
       213 -1.746902E-03  1.228518E-03  2.638443E-03
       214  1.726022E-03  5.005594E-04  3.130414E-03
       215  3.996246E-03  5.891401E-05  3.888783E-03
       216  2.178926E-03 -6.063058E-05  2.113443E-03
       217  4.706548E-04 -5.538074E-04  1.655642E-03
       218 -2.097475E-03 -1.252141E-03  1.471350E-03
       219 -3.061921E-03 -1.503573E-03  8.009353E-04
       220 -1.480251E-03 -1.149775E-03 -6.226205E-04
       221  1.743680E-03 -4.751599E-04 -2.500954E-03
       222  3.921266E-03 -5.204850E-05 -4.006913E-03
       223 -2.334745E-03 -1.536352E-05 -2.307031E-03
       224 -6.205579E-04 -5.097649E-04 -1.784761E-03
       225  2.127248E-03 -1.255634E-03 -1.319746E-03
       226  3.198863E-03 -1.533247E-03 -5.145948E-04
       227  1.573354E-03 -1.168773E-03  7.868225E-04
       228 -1.770979E-03 -4.680677E-04  2.413206E-03
       229 -3.966525E-03 -4.064461E-05  3.855643E-03
       230 -2.156256E-03  8.309467E-05  2.129732E-03
       231 -4.364921E-04  5.803197E-04  8.418014E-04
       232  2.139397E-03  1.280920E-03 -8.934769E-04
       233  3.066734E-03  1.523435E-03 -2.241323E-03
       234  1.404899E-03  1.151440E-03 -2.887042E-03
       235 -1.887928E-03  4.626265E-04 -3.122320E-03
       236 -4.016282E-03  4.916133E-05 -3.804619E-03
       237  2.490493E-03  7.033470E-05 -5.683392E-03
       238  1.229944E-03  2.890249E-04 -7.011010E-03
       239 -1.164011E-03  2.612563E-04 -6.990779E-03
       240 -2.267642E-03 -7.428266E-05 -5.819695E-03
       241 -7.943088E-04 -2.356708E-04 -6.813734E-03
       242  1.455366E-03 -1.833474E-04 -6.670987E-03
       243  2.247275E-03 -8.493975E-05  5.868102E-03
       244  7.234947E-04 -2.541974E-04  6.903456E-03
       245 -1.488601E-03 -1.882285E-04  6.688857E-03
       246 -2.375236E-03  8.603493E-05  5.759129E-03
       247 -1.153879E-03  2.980457E-04  7.050461E-03
       248  1.144793E-03  2.544573E-04  6.963116E-03
       249  3.483890E-03  2.230198E-04 -2.138600E-03
       250  2.950882E-03  3.819766E-04  1.020034E-03
       251  3.819307E-03  2.095952E-04  3.903086E-03
       252  3.279808E-03 -2.620510E-04  2.411864E-03
       253  2.760627E-03 -4.194050E-04 -6.154991E-04
       254  3.806222E-03 -2.098926E-04 -3.659503E-03
       255 -3.323299E-03 -2.488994E-04 -2.437226E-03
       256 -2.777179E-03 -4.137012E-04  5.606832E-04
       257 -3.744232E-03 -2.217485E-04  3.600763E-03
       258 -3.483503E-03  2.204967E-04  2.234435E-03
       259 -2.986692E-03  3.718850E-04 -9.965219E-04
       260 -3.797959E-03  2.116484E-04 -3.982084E-03

 forces (fx,fy,fz) for set RIGHT and time  0.1000000E+01

        21  1.101024E+03  4.559249E+02 -1.280337E+03
        22  8.151757E+02 -3.265035E+02  1.302195E+03
        23 -1.142788E+03  1.987722E+02 -5.359986E+02
        24 -7.801387E+02  1.372113E+01  4.974227E+02

 internal energy (element, energy) for set ALL and time  0.1000000E+01

         1  4.066725E-03
         2  4.510989E-03
         3  3.087210E-03
         4  5.769857E-03
         5  4.906906E-03
         6  5.423741E-03
         7  2.520408E-03
         8  2.472078E-03
         9  3.331129E-03
        10  4.441592E-03
        11  5.615090E-03
        12  1.053047E-03
        13  4.655567E-03
        14  4.403235E-03
        15  1.775080E-03
        16  2.175291E-03
        17  3.445682E-02
        18  3.050841E-02
        19  1.579505E-02
        20  1.367485E-02
        21  1.137247E-02
        22  1.418192E-02
        23  2.014823E-02
        24  2.209661E-02
        25  1.893189E-02
        26  2.354994E-02
        27  1.087458E-02
        28  1.212986E-02
        29  1.385445E-02
        30  1.571669E-02
        31  2.307140E-02
        32  2.333334E-02
        33  2.286276E-02
        34  2.419635E-02
        35  3.342162E-02
        36  4.230578E-02
        37  2.776508E-02
        38  5.325039E-02
        39  2.239919E-02
        40  2.980409E-02
        41  6.789500E-04
        42  7.357091E-04
        43  1.061683E-03
        44  1.082135E-03
        45  4.917220E-04
        46  7.172576E-04
        47  5.455247E-04
        48  7.375868E-04
        49  1.923531E-04
        50  1.807139E-03
        51  2.036846E-03
        52  1.013253E-03
        53  7.880103E-04
        54  7.676541E-04
        55  1.580815E-03
        56  4.877863E-04
        57  9.564682E-03
        58  1.288059E-03
        59  1.230870E-03
        60  8.773076E-03
        61  1.286134E-02
        62  1.600198E-03
        63  2.189643E-03
        64  1.446545E-02
        65  2.255917E-03
        66  2.547649E-04
        67  3.823929E-04
        68  2.508329E-03
        69  1.344114E-03
        70  9.860258E-05
        71  4.567667E-04
        72  2.342761E-03
        73  1.716390E-03
        74  1.721559E-04
        75  1.044618E-04
        76  8.779375E-04
        77  1.271396E-03
        78  4.026687E-04
        79  3.796179E-04
        80  1.520833E-03
        81  1.278232E-03
        82  3.730054E-04
        83  6.128178E-04
        84  1.531262E-03
        85  9.833713E-04
        86  1.188734E-04
        87  1.129986E-04
        88  1.336361E-03
        89  1.596020E-03
        90  7.529981E-04
        91  3.189681E-04
        92  1.132998E-04
        93  1.516631E-04
        94  4.668702E-04
        95  1.118973E-03
        96  2.162857E-03
        97  2.313726E-03
        98  1.143792E-03
        99  4.748558E-04
       100  1.809427E-04
       101  1.828202E-04
       102  4.710277E-04
       103  1.144285E-03
       104  2.740901E-03
       105  1.393931E-03
       106  7.661472E-04
       107  4.451482E-04
       108  3.357351E-04
       109  3.975908E-04
       110  6.165559E-04
       111  1.062298E-03
       112  1.811068E-03
       113  1.894532E-03
       114  1.146691E-03
       115  6.410244E-04
       116  3.745506E-04
       117  2.972320E-04
       118  3.931318E-04
       119  6.963355E-04
       120  1.774141E-03
       121  2.598239E-02
       122  2.362821E-02
       123  2.243006E-02
       124  1.985470E-02
       125  8.778126E-03
       126  1.466182E-02
       127  1.473675E-02
       128  1.280207E-02
       129  9.389958E-02
       130  6.132393E-02
       131  7.262169E-02
       132  7.549604E-02
       133  7.363360E-02
       134  7.339126E-02
       135  5.638880E-02
       136  7.676405E-02
       137  1.088714E-01
       138  6.393872E-02
       139  9.613122E-02
       140  7.103520E-02
       141  6.133373E-02
       142  1.108593E-01
       143  6.163337E-02
       144  1.074862E-01
       145  8.559257E-02
       146  6.170445E-02
       147  9.032884E-02
       148  7.594223E-02
       149  8.444864E-02
       150  8.068160E-02
       151  7.045808E-02
       152  8.206416E-02
       153  8.914906E-02
       154  7.996070E-02
       155  1.107999E-01
       156  7.012327E-02
       157  6.874533E-02
       158  1.013018E-01
       159  8.028820E-02
       160  1.074706E-01
       161  1.147319E-01
       162  1.399233E-01
       163  4.501710E-02
       164  1.265913E-01
       165  1.276972E-01
       166  4.109737E-02
       167  1.395442E-01
       168  7.084167E-02
       169  1.195067E-01
       170  1.504121E-01
       171  4.663363E-02
       172  1.298728E-01
       173  1.340919E-01
       174  4.239863E-02
       175  1.372203E-01
       176  4.521137E-02
       177  1.265661E-01
       178  1.310516E-01
       179  3.628768E-02
       180  1.169426E-01
       181  1.205836E-01
       182  3.482728E-02
       183  1.204702E-01
       184  7.784373E-02
       185  1.388760E-01
       186  1.348134E-01
       187  4.268782E-02
       188  1.279605E-01
       189  1.277973E-01
       190  3.593388E-02
       191  1.375333E-01
       192  7.814146E-02
       193  7.664156E-02
       194  1.705868E-01
       195  4.019490E-02
       196  1.571963E-01
       197  1.523184E-01
       198  3.733340E-02
       199  2.042879E-01
       200  1.172046E-01
       201  8.897226E-02
       202  1.811202E-01
       203  4.209982E-02
       204  1.664072E-01
       205  1.653275E-01
       206  4.358156E-02
       207  2.087668E-01
       208  1.295049E-01
       209  6.647253E-02
       210  1.812022E-01
       211  4.367308E-02
       212  1.610139E-01
       213  1.571607E-01
       214  4.293238E-02
       215  2.130198E-01
       216  1.054445E-01
       217  6.728246E-02
       218  1.978969E-01
       219  4.763665E-02
       220  1.692354E-01
       221  1.713837E-01
       222  5.167906E-02
       223  2.028472E-01
       224  1.084281E-01
       225  1.213929E-01
       226  1.502843E-01
       227  4.422428E-02
       228  1.262271E-01
       229  1.287488E-01
       230  4.147791E-02
       231  1.408323E-01
       232  7.052265E-02
       233  1.124846E-01
       234  1.396699E-01
       235  4.841998E-02
       236  1.321693E-01
       237  1.313144E-01
       238  3.920019E-02
       239  1.484845E-01
       240  5.016419E-02
       241  1.219079E-01
       242  1.315690E-01
       243  3.726436E-02
       244  1.186279E-01
       245  1.212811E-01
       246  3.430688E-02
       247  1.246303E-01
       248  7.943317E-02
       249  1.373489E-01
       250  1.368408E-01
       251  4.457588E-02
       252  1.309499E-01
       253  1.283390E-01
       254  3.578101E-02
       255  1.509317E-01
       256  8.040078E-02
       257  8.046982E-02
       258  1.783185E-01
       259  3.974721E-02
       260  1.597415E-01
       261  1.532839E-01
       262  3.690925E-02
       263  2.270634E-01
       264  1.253198E-01
       265  8.140928E-02
       266  1.671298E-01
       267  3.932057E-02
       268  1.544018E-01
       269  1.503479E-01
       270  3.842225E-02
       271  2.099137E-01
       272  1.273954E-01
       273  6.799083E-02
       274  1.814231E-01
       275  4.138785E-02
       276  1.553619E-01
       277  1.515566E-01
       278  4.066522E-02
       279  2.134395E-01
       280  1.062996E-01
       281  6.448779E-02
       282  1.752594E-01
       283  4.828809E-02
       284  1.691486E-01
       285  1.617571E-01
       286  4.573653E-02
       287  2.349154E-01
       288  1.184717E-01
       289  1.072730E-01
       290  8.177449E-02
       291  1.039283E-01
       292  6.569130E-02
       293  8.195354E-02
       294  6.350019E-02
       295  8.976195E-02
       296  6.666114E-02
       297  8.193004E-02
       298  5.691300E-02
       299  8.022769E-02
       300  7.750997E-02
       301  1.161776E-01
       302  8.171062E-02
       303  1.053777E-01
       304  7.240218E-02
       305  8.647196E-02
       306  6.574028E-02
       307  5.912197E-02
       308  8.142030E-02
       309  1.024788E-01
       310  7.481799E-02
       311  7.251998E-02
       312  9.661797E-02
       313  9.585417E-02
       314  7.941275E-02
       315  7.723801E-02
       316  8.798960E-02
       317  7.675258E-02
       318  7.681837E-02
       319  6.426237E-02
       320  7.704781E-02

 total internal energy for set ALL and time  0.1000000E+01

        2.044567E+01
