
                        S T E P       1


                                INCREMENT     1


 displacements (vx,vy,vz) for set NALL and time  0.1000000E+01

         1 -1.323489E-24 -1.654361E-25  1.323489E-24
         2  0.000000E+00 -1.323489E-24 -1.323489E-24
         3  0.000000E+00  2.646978E-24  3.242548E-22
         4  0.000000E+00 -2.646978E-24  6.763029E-22
         5  1.072148E-03 -6.003810E-06 -1.248472E-03
         6  1.073937E-03 -1.333203E-06  1.179030E-03
         7 -9.420390E-04  1.129843E-05 -1.249901E-03
         8 -9.440011E-04 -7.659153E-07  1.181812E-03
         9  2.053245E-03  9.733768E-07 -2.430587E-03
        10  2.055648E-03  7.992744E-07  2.320871E-03
        11 -1.860104E-03  9.903295E-06 -2.432851E-03
        12 -1.861408E-03  4.538506E-07  2.323589E-03
        13  3.016334E-03  3.021467E-06 -3.568223E-03
        14  3.017984E-03  9.392283E-06  3.440696E-03
        15 -2.802622E-03 -5.010801E-07 -3.571597E-03
        16 -2.804476E-03  5.046255E-06  3.444043E-03
        17  3.925686E-03  2.492552E-06 -4.636047E-03
        18  3.928397E-03  1.768474E-05  4.590670E-03
        19 -3.764845E-03 -4.521309E-06 -4.643655E-03
        20 -3.769002E-03  3.324835E-06  4.596889E-03
        21  5.000000E-03 -4.235165E-23 -6.000000E-03
        22  5.000000E-03  4.235165E-23  6.000000E-03
        23 -5.000000E-03  1.079967E-20 -6.000000E-03
        24 -5.000000E-03 -1.694066E-21  6.000000E-03
        25  4.247733E-04 -2.633841E-05 -6.686341E-04
        26  4.099833E-04 -2.613120E-05  5.816571E-04
        27 -4.059645E-04 -5.962521E-06 -6.429928E-04
        28 -4.857037E-04 -1.685425E-05  5.709172E-04
        29  1.917023E-03 -1.958277E-05 -1.778035E-03
        30  1.364762E-03 -1.628995E-05  1.756650E-03
        31 -1.185045E-03 -8.790789E-06 -1.794768E-03
        32 -1.571312E-03 -1.662719E-05  1.742026E-03
        33  2.880133E-03 -1.805758E-05 -3.000035E-03
        34  2.244055E-03 -1.287815E-05  2.875203E-03
        35 -2.005251E-03 -1.003074E-05 -3.041252E-03
        36 -2.617015E-03 -1.118143E-05  2.892434E-03
        37  3.518069E-03 -6.039979E-06 -3.731330E-03
        38  4.000242E-03 -1.113553E-05 -4.097014E-03
        39  4.186259E-03 -3.263850E-06 -4.475374E-03
        40  2.795790E-03  1.122249E-05  3.561576E-03
        41  2.900546E-03  6.581546E-07  3.917210E-03
        42  3.403331E-03  6.299987E-06  4.367997E-03
        43 -2.766710E-03 -1.545831E-05 -3.764837E-03
        44 -2.949434E-03 -1.793985E-05 -4.132971E-03
        45 -3.281230E-03 -9.134672E-06 -4.477136E-03
        46 -3.380969E-03 -1.468926E-06  3.689290E-03
        47 -3.949750E-03 -9.767799E-06  4.085446E-03
        48 -4.049072E-03 -3.661734E-06  4.418798E-03
        49  4.936017E-03 -1.853481E-05 -5.483194E-03
        50  3.692530E-03 -7.711385E-06  5.568868E-03
        51 -3.357314E-03 -2.781326E-05 -5.460694E-03
        52 -4.571152E-03 -1.723937E-05  5.340622E-03
        53 -3.355026E-06  5.509559E-09 -2.320589E-06
        54 -3.589684E-06  2.798709E-09 -2.484147E-06
        55 -5.511126E-08 -6.458995E-08 -4.068085E-08
        56 -2.202155E-07 -6.228183E-08 -2.196720E-07
        57  1.071083E-03 -8.538777E-06  1.380745E-04
        58 -9.461875E-04  1.906878E-05 -5.160147E-05
        59 -5.622378E-05 -6.061717E-06 -1.247875E-03
        60  9.973369E-05  2.811972E-06  1.181658E-03
        61  2.051583E-03  2.104177E-05 -5.567705E-05
        62 -1.864055E-03  2.300352E-05  6.932784E-05
        63  1.021816E-04  4.668209E-07 -2.430556E-03
        64 -2.801572E-06  7.607397E-06  2.323203E-03
        65  3.013662E-03  1.466887E-05  6.117471E-05
        66 -2.808071E-03  1.758247E-05 -3.530124E-06
        67  5.640964E-05  3.752715E-06 -3.568156E-03
        68  1.091404E-04  1.093752E-05  3.443453E-03
        69  4.999515E-03 -1.424589E-05 -5.168789E-05
        70 -4.999628E-03 -2.073789E-05  1.541432E-04
        71  1.814014E-04 -3.738318E-07 -6.000172E-03
        72  1.569405E-05  4.524076E-05  5.999459E-03
        73 -1.377130E-04 -2.764182E-05 -6.494616E-04
        74 -7.038197E-05  1.332432E-06 -6.815772E-04
        75 -7.407172E-05  2.295089E-05  5.690273E-04
        76  2.134109E-04 -8.409286E-06  5.854715E-04
        77  4.309915E-04  3.475082E-05  3.869129E-04
        78  4.177900E-04 -3.146285E-05 -4.040588E-04
        79 -4.680763E-04  4.161672E-05  3.470992E-04
        80 -4.176784E-04 -1.918135E-05 -4.007634E-04
        81  1.943239E-04 -4.094071E-05 -1.771438E-03
        82 -6.866425E-05  3.967557E-05 -1.820123E-03
        83  1.265191E-04  9.738232E-06  1.722835E-03
        84  4.451925E-05 -1.252062E-06  1.779054E-03
        85  1.582950E-03 -2.192207E-06  7.007776E-04
        86  1.658459E-03  6.537059E-06 -5.255408E-04
        87 -1.442346E-03  5.576607E-05  5.252728E-04
        88 -1.307839E-03 -1.306452E-05 -4.885607E-04
        89  2.694544E-04 -2.562403E-05 -3.031190E-03
        90 -2.509943E-04  2.936296E-05 -3.028175E-03
        91  3.010915E-04  1.327549E-05  2.855948E-03
        92  3.517988E-06  5.938838E-06  2.915177E-03
        93  2.491411E-03  2.512869E-05  6.529515E-04
        94  2.618151E-03  7.673066E-06 -7.153582E-04
        95 -2.384892E-03  6.021665E-05  6.179849E-04
        96 -2.244345E-03 -2.606777E-05 -5.500796E-04
        97  3.309227E-04 -2.747254E-05 -4.135803E-03
        98 -2.856591E-04  1.996850E-05 -4.105668E-03
        99  4.865483E-04  1.202689E-05  4.001562E-03
       100 -1.376241E-04  1.393928E-05  4.035426E-03
       101  3.501752E-03  1.375286E-05  8.247809E-04
       102  3.544734E-03  1.311704E-05 -8.151802E-04
       103 -3.316446E-03  5.674972E-05  7.763195E-04
       104 -3.262418E-03 -4.150132E-05 -7.588504E-04
       105  7.057456E-04  1.007076E-05 -5.480378E-03
       106 -3.049255E-04 -1.175090E-05 -5.491864E-03
       107  6.903329E-04  2.472763E-05  5.319906E-03
       108 -2.737437E-04  3.642858E-05  5.592413E-03
       109  4.355488E-03  2.811219E-05  1.342849E-03
       110  4.289366E-03 -3.197483E-05 -1.361558E-03
       111 -3.953947E-03 -7.890765E-05  1.147618E-03
       112 -4.047357E-03  5.933268E-05 -1.075521E-03

 forces (fx,fy,fz) for set RIGHT and time  0.1000000E+01

        21  3.017896E+03  1.083833E+03 -3.229949E+03
        22  3.178452E+03 -1.671496E+03  4.057654E+03
        23 -2.814075E+03  1.126615E+03 -2.531543E+03
        24 -3.294683E+03 -2.200770E+02  1.668432E+03

 internal energy (element, energy) for set ALL and time  0.1000000E+01

         1  3.213552E-02
         2  5.134067E-02
         3  5.061137E-02
         4  1.178906E-01
         5  5.537711E-02
         6  1.050790E-01
         7  2.941334E-02
         8  2.988136E-02
         9  3.427119E-03
        10  1.170757E-02
        11  1.076955E-01
        12  1.024939E-01
        13  9.226985E-02
        14  8.738525E-02
        15  1.057747E-02
        16  1.714446E-02
        17  1.481191E-02
        18  2.208043E-02
        19  9.881566E-02
        20  1.304624E-01
        21  8.533309E-02
        22  1.482318E-01
        23  1.986584E-02
        24  2.332849E-02
        25  8.373777E-03
        26  9.025208E-04
        27  7.794622E-04
        28  6.318982E-03
        29  6.739386E-02
        30  7.470861E-03
        31  1.803202E-03
        32  1.849601E-02
        33  7.162122E-02
        34  5.330607E-03
        35  2.050074E-03
        36  2.272689E-02
        37  1.774933E-02
        38  2.672323E-03
        39  9.331002E-04
        40  1.633764E-03
        41  4.462332E-02
        42  5.204522E-02
        43  9.372223E-02
        44  9.152808E-02
        45  7.091125E-02
        46  6.575358E-02
        47  1.348929E-02
        48  2.944486E-02
        49  1.466262E-02
        50  1.197178E-02
        51  1.450595E-02
        52  1.588296E-02
        53  1.056262E-02
        54  1.003297E-02
        55  8.321732E-03
        56  1.099443E-02
        57  3.201719E-02
        58  2.451852E-02
        59  2.567790E-02
        60  7.992117E-03
        61  4.140470E-02
        62  2.733088E-02
        63  1.889461E-02
        64  4.368751E-03
        65  8.755285E-03
        66  2.492752E-02
        67  2.359216E-02
        68  1.406913E-02
        69  9.019135E-03
        70  2.462315E-02
        71  1.822315E-02
        72  8.405746E-03
        73  1.433808E-02
        74  3.100414E-02
        75  4.128032E-02
        76  1.376233E-02
        77  1.808932E-02
        78  3.676506E-02
        79  2.720659E-02
        80  9.374550E-03
        81  1.911983E-02
        82  3.870978E-02
        83  3.858660E-02
        84  3.370210E-02
        85  1.216897E-01
        86  9.643120E-02
        87  1.808167E-02
        88  3.446944E-02
        89  5.389537E-02
        90  1.214227E-02
        91  8.407066E-02
        92  6.733239E-02
        93  9.675504E-01
        94  5.806443E-01
        95  7.969593E-01
        96  8.420976E-01
        97  7.094885E-01
        98  6.707523E-01
        99  5.957079E-01
       100  8.561435E-01
       101  1.195987E+00
       102  5.886539E-01
       103  1.071901E+00
       104  6.784389E-01
       105  5.653869E-01
       106  1.123864E+00
       107  5.205695E-01
       108  1.036441E+00
       109  7.899692E-01
       110  5.490161E-01
       111  8.070160E-01
       112  5.440301E-01
       113  5.696036E-01
       114  8.273726E-01
       115  5.377751E-01
       116  7.798934E-01
       117  9.950064E-01
       118  5.685134E-01
       119  1.210134E+00
       120  5.408493E-01
       121  5.062133E-01
       122  1.075782E+00
       123  4.792662E-01
       124  1.024656E+00
       125  8.434553E-01
       126  5.380314E-01
       127  7.444666E-01
       128  5.123498E-01
       129  5.574475E-01
       130  8.021844E-01
       131  4.846666E-01
       132  7.154852E-01
       133  1.042589E+00
       134  5.219795E-01
       135  1.117923E+00
       136  5.312635E-01
       137  5.101597E-01
       138  1.074733E+00
       139  4.986224E-01
       140  1.132734E+00
       141  8.158116E-01
       142  4.773073E-01
       143  6.392012E-01
       144  5.443065E-01
       145  5.288954E-01
       146  8.389984E-01
       147  4.644745E-01
       148  7.981568E-01
       149  1.029326E+00
       150  5.196706E-01
       151  1.004169E+00
       152  5.014940E-01
       153  4.947646E-01
       154  1.198602E+00
       155  4.762544E-01
       156  1.112984E+00
       157  9.172814E-01
       158  8.737808E-01
       159  9.360451E-01
       160  8.295102E-01
       161  8.456661E-01
       162  8.828451E-01
       163  9.304479E-01
       164  8.710287E-01
       165  1.037594E+00
       166  6.669541E-01
       167  1.069355E+00
       168  7.087298E-01
       169  7.810356E-01
       170  9.839266E-01
       171  8.579717E-01
       172  9.891959E-01

 total internal energy for set ALL and time  0.1000000E+01

        6.522550E+01
