
                        S T E P       1


                                INCREMENT     1


 displacements (vx,vy,vz) for set TIP_TOP and time  0.1000000E+01

      1751  8.614704E-02 -1.927532E-03 -1.958579E+00
      1752  8.614859E-02 -1.879686E-03 -1.955766E+00
      1755  8.603901E-02 -1.751667E-03 -1.953045E+00
      1758  8.600270E-02 -1.326508E-03 -1.950600E+00
      1760  8.602375E-02 -4.536003E-04 -1.949137E+00
      1762  8.602617E-02 -9.033162E-12 -1.949068E+00
      1764  8.602375E-02  4.536003E-04 -1.949137E+00
      1767  8.600270E-02  1.326508E-03 -1.950600E+00
      1770  8.603901E-02  1.751667E-03 -1.953045E+00
      1773  8.614859E-02  1.879686E-03 -1.955766E+00
      1776  8.614704E-02  1.927532E-03 -1.958579E+00

 forces (fx,fy,fz) for set CLAMP and time  0.1000000E+01

         1  4.100981E+03  2.865955E+03  1.506173E+03
         4  7.393354E+03 -7.194979E-10  3.015527E+03
         5  5.828494E+03  4.425842E+03  2.880559E+02
         8  1.031410E+04 -1.443508E-09  6.139981E+02
         9  3.831083E+03  2.862166E+03 -1.063836E+02
        12  6.734579E+03 -1.863809E-09 -1.818237E+02
        13  1.867855E+03  1.374404E+03 -3.396622E+02
        16  3.276263E+03 -2.306625E-09 -6.481846E+02
        17 -1.347417E+02 -1.364716E+02 -3.825023E+02
        20 -2.536062E+02 -2.893570E-09 -7.424299E+02
        21 -1.503847E+03 -6.362746E+02 -9.952941E+02
        24 -1.916229E+03 -2.385420E-09 -3.663765E+02
        26  4.100981E+03 -2.865955E+03  1.506173E+03
        28  5.828494E+03 -4.425842E+03  2.880559E+02
        30  3.831083E+03 -2.862166E+03 -1.063836E+02
        32  1.867855E+03 -1.374404E+03 -3.396622E+02
        34 -1.347417E+02  1.364716E+02 -3.825023E+02
        36 -1.503847E+03  6.362746E+02 -9.952941E+02
        37 -8.393321E+02 -4.027937E+02 -9.959217E+02
        40 -1.145751E+03 -2.336561E+02 -1.704302E+03
        41 -1.855919E+03 -8.746966E+02 -1.816614E+02
        44 -2.834920E+03 -4.958335E+02 -3.652267E+02
        45 -1.219053E+03 -4.740499E+02  1.126590E+03
        48 -2.087571E+03 -2.624754E+02  2.041270E+03
        50 -1.021265E+03 -1.872340E+02 -1.597143E+03
        52 -2.746807E+03 -3.929792E+02 -3.886623E+02
        54 -2.138643E+03 -2.060009E+02  1.996722E+03
        56 -9.858364E+02 -1.251388E+02 -1.598579E+03
        58 -2.811693E+03 -2.603902E+02 -3.794809E+02
        60 -2.254948E+03 -1.363561E+02  2.059002E+03
        62 -2.049194E+03 -1.051749E+02 -2.279989E+02
        64 -1.671881E+03 -5.199425E+01  1.511502E+03
        66 -1.208829E+03 -1.130629E-09 -1.237284E+02
        68 -9.936512E+02 -6.130792E-10  9.000220E+02
        70 -2.049194E+03  1.051749E+02 -2.279989E+02
        72 -1.671881E+03  5.199425E+01  1.511502E+03
        74 -9.858364E+02  1.251388E+02 -1.598579E+03
        76 -2.811693E+03  2.603902E+02 -3.794809E+02
        78 -2.254948E+03  1.363561E+02  2.059002E+03
        80 -1.021265E+03  1.872340E+02 -1.597143E+03
        82 -2.746807E+03  3.929792E+02 -3.886623E+02
        84 -2.138643E+03  2.060009E+02  1.996722E+03
        86 -1.145751E+03  2.336561E+02 -1.704302E+03
        88 -2.834920E+03  4.958335E+02 -3.652267E+02
        90 -2.087571E+03  2.624754E+02  2.041270E+03
        92 -8.393321E+02  4.027937E+02 -9.959217E+02
        94 -1.855919E+03  8.746966E+02 -1.816614E+02
        96 -1.219053E+03  4.740499E+02  1.126590E+03

 internal energy (element, energy) for set EALL and time  0.1000000E+01

         1  2.528918E+01
         2  1.140962E+01
         3  4.040925E+00
         4  5.595096E-01
         5  9.476688E-01
         6  2.528918E+01
         7  1.140962E+01
         8  4.040925E+00
         9  5.595096E-01
        10  9.476688E-01
        11  2.279754E+00
        12  3.133196E+00
        13  1.771308E+00
        14  2.635677E+00
        15  1.703516E+00
        16  2.637062E+00
        17  1.776257E+00
        18  2.729035E+00
        19  7.538792E-01
        20  1.158479E+00
        21  7.538792E-01
        22  1.158479E+00
        23  1.776257E+00
        24  2.729035E+00
        25  1.703516E+00
        26  2.637062E+00
        27  1.771308E+00
        28  2.635677E+00
        29  2.279754E+00
        30  3.133196E+00
        31  2.742213E+01
        32  1.476179E+01
        33  5.195325E+00
        34  7.481695E-01
        35  1.256623E+00
        36  2.742213E+01
        37  1.476179E+01
        38  5.195325E+00
        39  7.481695E-01
        40  1.256623E+00
        41  2.014883E+00
        42  2.973648E+00
        43  2.165048E+00
        44  3.152901E+00
        45  2.138464E+00
        46  3.112053E+00
        47  2.225415E+00
        48  3.170676E+00
        49  9.430420E-01
        50  1.333473E+00
        51  9.430420E-01
        52  1.333473E+00
        53  2.225415E+00
        54  3.170676E+00
        55  2.138464E+00
        56  3.112053E+00
        57  2.165048E+00
        58  3.152901E+00
        59  2.014883E+00
        60  2.973648E+00
        61  2.945555E+01
        62  1.574005E+01
        63  5.840395E+00
        64  9.001230E-01
        65  1.373068E+00
        66  2.945555E+01
        67  1.574005E+01
        68  5.840395E+00
        69  9.001230E-01
        70  1.373068E+00
        71  2.033460E+00
        72  3.032711E+00
        73  2.299043E+00
        74  3.334310E+00
        75  2.402698E+00
        76  3.454575E+00
        77  2.454920E+00
        78  3.538261E+00
        79  1.022491E+00
        80  1.480545E+00
        81  1.022491E+00
        82  1.480545E+00
        83  2.454920E+00
        84  3.538261E+00
        85  2.402698E+00
        86  3.454575E+00
        87  2.299043E+00
        88  3.334310E+00
        89  2.033460E+00
        90  3.032711E+00
        91  3.244903E+01
        92  1.688837E+01
        93  6.282553E+00
        94  1.011186E+00
        95  1.452462E+00
        96  3.244903E+01
        97  1.688837E+01
        98  6.282553E+00
        99  1.011186E+00
       100  1.452462E+00
       101  2.290598E+00
       102  3.340309E+00
       103  2.494295E+00
       104  3.583835E+00
       105  2.625463E+00
       106  3.749130E+00
       107  2.675712E+00
       108  3.824438E+00
       109  1.103808E+00
       110  1.581657E+00
       111  1.103808E+00
       112  1.581657E+00
       113  2.675712E+00
       114  3.824438E+00
       115  2.625463E+00
       116  3.749130E+00
       117  2.494295E+00
       118  3.583835E+00
       119  2.290598E+00
       120  3.340309E+00
       121  3.300068E+01
       122  1.694952E+01
       123  6.265809E+00
       124  1.015333E+00
       125  1.387352E+00
       126  3.300068E+01
       127  1.694952E+01
       128  6.265809E+00
       129  1.015333E+00
       130  1.387352E+00
       131  2.364375E+00
       132  3.489958E+00
       133  2.481157E+00
       134  3.633754E+00
       135  2.577210E+00
       136  3.751258E+00
       137  2.626776E+00
       138  3.806693E+00
       139  1.084252E+00
       140  1.570236E+00
       141  1.084252E+00
       142  1.570236E+00
       143  2.626776E+00
       144  3.806693E+00
       145  2.577210E+00
       146  3.751258E+00
       147  2.481157E+00
       148  3.633754E+00
       149  2.364375E+00
       150  3.489958E+00
       151  3.336402E+01
       152  1.708914E+01
       153  6.312737E+00
       154  1.034457E+00
       155  1.325579E+00
       156  3.336402E+01
       157  1.708914E+01
       158  6.312737E+00
       159  1.034457E+00
       160  1.325579E+00
       161  2.424067E+00
       162  3.607494E+00
       163  2.481787E+00
       164  3.673875E+00
       165  2.541531E+00
       166  3.739399E+00
       167  2.582315E+00
       168  3.776735E+00
       169  1.065119E+00
       170  1.555202E+00
       171  1.065119E+00
       172  1.555202E+00
       173  2.582315E+00
       174  3.776735E+00
       175  2.541531E+00
       176  3.739399E+00
       177  2.481787E+00
       178  3.673875E+00
       179  2.424067E+00
       180  3.607494E+00
       181  3.359639E+01
       182  1.723991E+01
       183  6.398982E+00
       184  1.069816E+00
       185  1.271235E+00
       186  3.359639E+01
       187  1.723991E+01
       188  6.398982E+00
       189  1.069816E+00
       190  1.271235E+00
       191  2.455483E+00
       192  3.678581E+00
       193  2.482168E+00
       194  3.703097E+00
       195  2.516777E+00
       196  3.736007E+00
       197  2.547984E+00
       198  3.761857E+00
       199  1.048559E+00
       200  1.545831E+00
       201  1.048559E+00
       202  1.545831E+00
       203  2.547984E+00
       204  3.761857E+00
       205  2.516777E+00
       206  3.736007E+00
       207  2.482168E+00
       208  3.703097E+00
       209  2.455483E+00
       210  3.678581E+00
       211  3.375873E+01
       212  1.738290E+01
       213  6.501882E+00
       214  1.115166E+00
       215  1.223180E+00
       216  3.375873E+01
       217  1.738290E+01
       218  6.501882E+00
       219  1.115166E+00
       220  1.223180E+00
       221  2.465712E+00
       222  3.716330E+00
       223  2.478534E+00
       224  3.724341E+00
       225  2.499054E+00
       226  3.741960E+00
       227  2.523444E+00
       228  3.761226E+00
       229  1.035391E+00
       230  1.541527E+00
       231  1.035391E+00
       232  1.541527E+00
       233  2.523444E+00
       234  3.761226E+00
       235  2.499054E+00
       236  3.741960E+00
       237  2.478534E+00
       238  3.724341E+00
       239  2.465712E+00
       240  3.716330E+00
       241  3.387700E+01
       242  1.751257E+01
       243  6.608536E+00
       244  1.165585E+00
       245  1.179870E+00
       246  3.387700E+01
       247  1.751257E+01
       248  6.608536E+00
       249  1.165585E+00
       250  1.179870E+00
       251  2.461458E+00
       252  3.735046E+00
       253  2.469151E+00
       254  3.739130E+00
       255  2.482982E+00
       256  3.751352E+00
       257  2.503418E+00
       258  3.767241E+00
       259  1.023871E+00
       260  1.539576E+00
       261  1.023871E+00
       262  1.539576E+00
       263  2.503418E+00
       264  3.767241E+00
       265  2.482982E+00
       266  3.751352E+00
       267  2.469151E+00
       268  3.739130E+00
       269  2.461458E+00
       270  3.735046E+00
       271  3.395798E+01
       272  1.762528E+01
       273  6.712274E+00
       274  1.218301E+00
       275  1.139362E+00
       276  3.395798E+01
       277  1.762528E+01
       278  6.712274E+00
       279  1.218301E+00
       280  1.139362E+00
       281  2.447795E+00
       282  3.743862E+00
       283  2.454046E+00
       284  3.748461E+00
       285  2.465152E+00
       286  3.759678E+00
       287  2.483706E+00
       288  3.774167E+00
       289  1.012550E+00
       290  1.537921E+00
       291  1.012550E+00
       292  1.537921E+00
       293  2.483706E+00
       294  3.774167E+00
       295  2.465152E+00
       296  3.759678E+00
       297  2.454046E+00
       298  3.748461E+00
       299  2.447795E+00
       300  3.743862E+00
       301  3.399892E+01
       302  1.771766E+01
       303  6.809901E+00
       304  1.272147E+00
       305  1.100396E+00
       306  3.399892E+01
       307  1.771766E+01
       308  6.809901E+00
       309  1.272147E+00
       310  1.100396E+00
       311  2.427503E+00
       312  3.746956E+00
       313  2.433546E+00
       314  3.752881E+00
       315  2.443735E+00
       316  3.764569E+00
       317  2.461711E+00
       318  3.778684E+00
       319  1.000432E+00
       320  1.535259E+00
       321  1.000432E+00
       322  1.535259E+00
       323  2.461711E+00
       324  3.778684E+00
       325  2.443735E+00
       326  3.764569E+00
       327  2.433546E+00
       328  3.752881E+00
       329  2.427503E+00
       330  3.746956E+00
       331  3.399310E+01
       332  1.778618E+01
       333  6.899750E+00
       334  1.326776E+00
       335  1.062374E+00
       336  3.399310E+01
       337  1.778618E+01
       338  6.899750E+00
       339  1.326776E+00
       340  1.062374E+00
       341  2.401800E+00
       342  3.745478E+00
       343  2.407912E+00
       344  3.752398E+00
       345  2.417913E+00
       346  3.764806E+00
       347  2.436081E+00
       348  3.778983E+00
       349  9.869385E-01
       350  1.530815E+00
       351  9.869385E-01
       352  1.530815E+00
       353  2.436081E+00
       354  3.778983E+00
       355  2.417913E+00
       356  3.764806E+00
       357  2.407912E+00
       358  3.752398E+00
       359  2.401800E+00
       360  3.745478E+00
       361  3.393272E+01
       362  1.782712E+01
       363  6.980546E+00
       364  1.382082E+00
       365  1.025175E+00
       366  3.393272E+01
       367  1.782712E+01
       368  6.980546E+00
       369  1.382082E+00
       370  1.025175E+00
       371  2.371040E+00
       372  3.739140E+00
       373  2.377234E+00
       374  3.746583E+00
       375  2.387322E+00
       376  3.759592E+00
       377  2.406130E+00
       378  3.773972E+00
       379  9.717401E-01
       380  1.524095E+00
       381  9.717401E-01
       382  1.524095E+00
       383  2.406130E+00
       384  3.773972E+00
       385  2.387322E+00
       386  3.759592E+00
       387  2.377234E+00
       388  3.746583E+00
       389  2.371040E+00
       390  3.739140E+00
       391  3.380976E+01
       392  1.783644E+01
       393  7.050846E+00
       394  1.437923E+00
       395  9.889275E-01
       396  3.380976E+01
       397  1.783644E+01
       398  7.050846E+00
       399  1.437923E+00
       400  9.889275E-01
       401  2.335181E+00
       402  3.727095E+00
       403  2.341438E+00
       404  3.734729E+00
       405  2.351725E+00
       406  3.748192E+00
       407  2.371448E+00
       408  3.762799E+00
       409  9.546351E-01
       410  1.514725E+00
       411  9.546351E-01
       412  1.514725E+00
       413  2.371448E+00
       414  3.762799E+00
       415  2.351725E+00
       416  3.748192E+00
       417  2.341438E+00
       418  3.734729E+00
       419  2.335181E+00
       420  3.727095E+00
       421  3.361590E+01
       422  1.780967E+01
       423  7.108856E+00
       424  1.494015E+00
       425  9.538787E-01
       426  3.361590E+01
       427  1.780967E+01
       428  7.108856E+00
       429  1.494015E+00
       430  9.538787E-01
       431  2.294012E+00
       432  3.708331E+00
       433  2.300331E+00
       434  3.715979E+00
       435  2.310873E+00
       436  3.729809E+00
       437  2.331708E+00
       438  3.744639E+00
       439  9.354761E-01
       440  1.502365E+00
       441  9.354761E-01
       442  1.502365E+00
       443  2.331708E+00
       444  3.744639E+00
       445  2.310873E+00
       446  3.729809E+00
       447  2.300331E+00
       448  3.715979E+00
       449  2.294012E+00
       450  3.708331E+00
       451  3.334229E+01
       452  1.774181E+01
       453  7.152402E+00
       454  1.549922E+00
       455  9.203249E-01
       456  3.334229E+01
       457  1.774181E+01
       458  7.152402E+00
       459  1.549922E+00
       460  9.203249E-01
       461  2.247249E+00
       462  3.681806E+00
       463  2.253640E+00
       464  3.689390E+00
       465  2.264476E+00
       466  3.703563E+00
       467  2.286590E+00
       468  3.718610E+00
       469  9.141359E-01
       470  1.486665E+00
       471  9.141359E-01
       472  1.486665E+00
       473  2.286590E+00
       474  3.718610E+00
       475  2.264476E+00
       476  3.703563E+00
       477  2.253640E+00
       478  3.689390E+00
       479  2.247249E+00
       480  3.681806E+00
       481  3.297928E+01
       482  1.762730E+01
       483  7.178945E+00
       484  1.605059E+00
       485  8.885873E-01
       486  3.297928E+01
       487  1.762730E+01
       488  7.178945E+00
       489  1.605059E+00
       490  8.885873E-01
       491  2.194569E+00
       492  3.646464E+00
       493  2.201045E+00
       494  3.653956E+00
       495  2.212203E+00
       496  3.668484E+00
       497  2.235760E+00
       498  3.683744E+00
       499  8.904960E-01
       500  1.467256E+00
       501  8.904960E-01
       502  1.467256E+00
       503  2.235760E+00
       504  3.683744E+00
       505  2.212203E+00
       506  3.668484E+00
       507  2.201045E+00
       508  3.653956E+00
       509  2.194569E+00
       510  3.646464E+00
       511  3.251637E+01
       512  1.745995E+01
       513  7.185577E+00
       514  1.658688E+00
       515  8.590045E-01
       516  3.251637E+01
       517  1.745995E+01
       518  7.185577E+00
       519  1.658688E+00
       520  8.590045E-01
       521  2.135625E+00
       522  3.601207E+00
       523  2.142198E+00
       524  3.608598E+00
       525  2.153702E+00
       526  3.623511E+00
       527  2.178880E+00
       528  3.638978E+00
       529  8.644444E-01
       530  1.443738E+00
       531  8.644444E-01
       532  1.443738E+00
       533  2.178880E+00
       534  3.638978E+00
       535  2.153702E+00
       536  3.623511E+00
       537  2.142198E+00
       538  3.608598E+00
       539  2.135625E+00
       540  3.601207E+00
       541  3.194213E+01
       542  1.723298E+01
       543  7.169017E+00
       544  1.709910E+00
       545  8.319290E-01
       546  3.194213E+01
       547  1.723298E+01
       548  7.169017E+00
       549  1.709910E+00
       550  8.319290E-01
       551  2.070057E+00
       552  3.544865E+00
       553  2.076739E+00
       554  3.552152E+00
       555  2.088615E+00
       556  3.567481E+00
       557  2.115614E+00
       558  3.583144E+00
       559  8.358778E-01
       560  1.415679E+00
       561  8.358778E-01
       562  1.415679E+00
       563  2.115614E+00
       564  3.583144E+00
       565  2.088615E+00
       566  3.567481E+00
       567  2.076739E+00
       568  3.552152E+00
       569  2.070057E+00
       570  3.544865E+00
       571  3.124428E+01
       572  1.693899E+01
       573  7.125589E+00
       574  1.757641E+00
       575  8.077224E-01
       576  3.124428E+01
       577  1.693899E+01
       578  7.125589E+00
       579  1.757641E+00
       580  8.077224E-01
       581  1.997508E+00
       582  3.476176E+00
       583  2.004316E+00
       584  3.483350E+00
       585  2.016588E+00
       586  3.499126E+00
       587  2.045639E+00
       588  3.514960E+00
       589  8.047053E-01
       590  1.382615E+00
       591  8.047053E-01
       592  1.382615E+00
       593  2.045639E+00
       594  3.514960E+00
       595  2.016588E+00
       596  3.499126E+00
       597  2.004316E+00
       598  3.483350E+00
       599  1.997508E+00
       600  3.476176E+00
       601  3.040975E+01
       602  1.656997E+01
       603  7.051221E+00
       604  1.800597E+00
       605  7.867486E-01
       606  3.040975E+01
       607  1.656997E+01
       608  7.051221E+00
       609  1.800597E+00
       610  7.867486E-01
       611  1.917636E+00
       612  3.393767E+00
       613  1.924588E+00
       614  3.400815E+00
       615  1.937284E+00
       616  3.417063E+00
       617  1.968657E+00
       618  3.433034E+00
       619  7.708533E-01
       620  1.344049E+00
       621  7.708533E-01
       622  1.344049E+00
       623  1.968657E+00
       624  3.433034E+00
       625  1.937284E+00
       626  3.417063E+00
       627  1.924588E+00
       628  3.400815E+00
       629  1.917636E+00
       630  3.393767E+00
       631  2.942488E+01
       632  1.611740E+01
       633  6.941446E+00
       634  1.837264E+00
       635  7.693633E-01
       636  2.942488E+01
       637  1.611740E+01
       638  6.941446E+00
       639  1.837264E+00
       640  7.693633E-01
       641  1.830125E+00
       642  3.296153E+00
       643  1.837246E+00
       644  3.303055E+00
       645  1.850395E+00
       646  3.319796E+00
       647  1.884408E+00
       648  3.335855E+00
       649  7.342714E-01
       650  1.299457E+00
       651  7.342714E-01
       652  1.299457E+00
       653  1.884408E+00
       654  3.335855E+00
       655  1.850395E+00
       656  3.319796E+00
       657  1.837246E+00
       658  3.303055E+00
       659  1.830125E+00
       660  3.296153E+00
       661  2.827568E+01
       662  1.557240E+01
       663  6.791439E+00
       664  1.865891E+00
       665  7.558999E-01
       666  2.827568E+01
       667  1.557240E+01
       668  6.791439E+00
       669  1.865891E+00
       670  7.558999E-01
       671  1.734704E+00
       672  3.181741E+00
       673  1.742022E+00
       674  3.188472E+00
       675  1.755659E+00
       676  3.205722E+00
       677  1.792683E+00
       678  3.221808E+00
       679  6.949393E-01
       680  1.248293E+00
       681  6.949393E-01
       682  1.248293E+00
       683  1.792683E+00
       684  3.221808E+00
       685  1.755659E+00
       686  3.205722E+00
       687  1.742022E+00
       688  3.188472E+00
       689  1.734704E+00
       690  3.181741E+00
       691  2.694834E+01
       692  1.492591E+01
       693  6.596092E+00
       694  1.884471E+00
       695  7.466521E-01
       696  2.694834E+01
       697  1.492591E+01
       698  6.596092E+00
       699  1.884471E+00
       700  7.466521E-01
       701  1.631167E+00
       702  3.048839E+00
       703  1.638715E+00
       704  3.055374E+00
       705  1.652872E+00
       706  3.073148E+00
       707  1.693351E+00
       708  3.089188E+00
       709  6.528766E-01
       710  1.189999E+00
       711  6.528766E-01
       712  1.189999E+00
       713  1.693351E+00
       714  3.089188E+00
       715  1.652872E+00
       716  3.073148E+00
       717  1.638715E+00
       718  3.055374E+00
       719  1.631167E+00
       720  3.048839E+00
       721  2.542986E+01
       722  1.416915E+01
       723  6.350155E+00
       724  1.890756E+00
       725  7.418516E-01
       726  2.542986E+01
       727  1.416915E+01
       728  6.350155E+00
       729  1.890756E+00
       730  7.418516E-01
       731  1.519387E+00
       732  2.895684E+00
       733  1.527207E+00
       734  2.902004E+00
       735  1.541920E+00
       736  2.920328E+00
       737  1.586375E+00
       738  2.936244E+00
       739  6.081539E-01
       740  1.124029E+00
       741  6.081539E-01
       742  1.124029E+00
       743  1.586375E+00
       744  2.936244E+00
       745  1.541920E+00
       746  2.920328E+00
       747  1.527207E+00
       748  2.902004E+00
       749  1.519387E+00
       750  2.895684E+00
       751  2.370923E+01
       752  1.329412E+01
       753  6.048469E+00
       754  1.882278E+00
       755  7.416422E-01
       756  2.370923E+01
       757  1.329412E+01
       758  6.048469E+00
       759  1.882278E+00
       760  7.416422E-01
       761  1.399350E+00
       762  2.720463E+00
       763  1.407487E+00
       764  2.726585E+00
       765  1.422797E+00
       766  2.745519E+00
       767  1.471854E+00
       768  2.761244E+00
       769  5.609090E-01
       770  1.049879E+00
       771  5.609090E-01
       772  1.049879E+00
       773  1.471854E+00
       774  2.761244E+00
       775  1.422797E+00
       776  2.745519E+00
       777  1.407487E+00
       778  2.726585E+00
       779  1.399350E+00
       780  2.720463E+00
       781  2.177898E+01
       782  1.229457E+01
       783  5.686330E+00
       784  1.856418E+00
       785  7.460561E-01
       786  2.177898E+01
       787  1.229457E+01
       788  5.686330E+00
       789  1.856418E+00
       790  7.460561E-01
       791  1.271161E+00
       792  2.521372E+00
       793  1.279675E+00
       794  2.527391E+00
       795  1.295639E+00
       796  2.547088E+00
       797  1.350069E+00
       798  2.562605E+00
       799  5.113704E-01
       800  9.671430E-01
       801  5.113704E-01
       802  9.671430E-01
       803  1.350069E+00
       804  2.562605E+00
       805  1.295639E+00
       806  2.547088E+00
       807  1.279675E+00
       808  2.527391E+00
       809  1.271161E+00
       810  2.521372E+00
       811  1.963759E+01
       812  1.116721E+01
       813  5.260059E+00
       814  1.810549E+00
       815  7.550104E-01
       816  1.963759E+01
       817  1.116721E+01
       818  5.260059E+00
       819  1.810549E+00
       820  7.550104E-01
       821  1.135064E+00
       822  2.296741E+00
       823  1.144041E+00
       824  2.302914E+00
       825  1.160771E+00
       826  2.323717E+00
       827  1.221549E+00
       828  2.339120E+00
       829  4.598950E-01
       830  8.756055E-01
       831  4.598950E-01
       832  8.756055E-01
       833  1.221549E+00
       834  2.339120E+00
       835  1.160771E+00
       836  2.323717E+00
       837  1.144041E+00
       838  2.302914E+00
       839  1.135064E+00
       840  2.296741E+00
       841  1.729251E+01
       842  9.913525E+00
       843  4.767867E+00
       844  1.742354E+00
       845  7.683883E-01
       846  1.729251E+01
       847  9.913525E+00
       848  4.767867E+00
       849  1.742354E+00
       850  7.683883E-01
       851  9.914530E-01
       852  2.045425E+00
       853  1.001049E+00
       854  2.052262E+00
       855  1.018772E+00
       856  2.074807E+00
       857  1.087191E+00
       858  2.090359E+00
       859  4.070216E-01
       860  7.753866E-01
       861  4.070216E-01
       862  7.753866E-01
       863  1.087191E+00
       864  2.090359E+00
       865  1.018772E+00
       866  2.074807E+00
       867  1.001049E+00
       868  2.052262E+00
       869  9.914530E-01
       870  2.045425E+00
       871  1.476374E+01
       872  8.541957E+00
       873  4.211148E+00
       874  1.650528E+00
       875  7.863717E-01
       876  1.476374E+01
       877  8.541957E+00
       878  4.211148E+00
       879  1.650528E+00
       880  7.863717E-01
       881  8.411101E-01
       882  1.767892E+00
       883  8.515644E-01
       884  1.776107E+00
       885  8.706833E-01
       886  1.801260E+00
       887  9.485169E-01
       888  1.817349E+00
       889  3.535698E-01
       890  6.671661E-01
       891  3.535698E-01
       892  6.671661E-01
       893  9.485169E-01
       894  1.817349E+00
       895  8.706833E-01
       896  1.801260E+00
       897  8.515644E-01
       898  1.776107E+00
       899  8.411101E-01
       900  1.767892E+00
       901  1.208741E+01
       902  7.070173E+00
       903  3.596163E+00
       904  1.536083E+00
       905  8.105648E-01
       906  1.208741E+01
       907  7.070173E+00
       908  3.596163E+00
       909  1.536083E+00
       910  8.105648E-01
       911  6.859016E-01
       912  1.468980E+00
       913  6.974199E-01
       914  1.478595E+00
       915  7.183134E-01
       916  1.506530E+00
       917  8.079066E-01
       918  1.523174E+00
       919  3.006701E-01
       920  5.523436E-01
       921  3.006701E-01
       922  5.523436E-01
       923  8.079066E-01
       924  1.523174E+00
       925  7.183134E-01
       926  1.506530E+00
       927  6.974199E-01
       928  1.478595E+00
       929  6.859016E-01
       930  1.468980E+00
       931  9.321268E+00
       932  5.527998E+00
       933  2.935974E+00
       934  1.405311E+00
       935  8.465902E-01
       936  9.321268E+00
       937  5.527998E+00
       938  2.935974E+00
       939  1.405311E+00
       940  8.465902E-01
       941  5.316538E-01
       942  1.163072E+00
       943  5.437417E-01
       944  1.170833E+00
       945  5.657487E-01
       946  1.197922E+00
       947  6.696888E-01
       948  1.212856E+00
       949  2.498906E-01
       950  4.327849E-01
       951  2.498906E-01
       952  4.327849E-01
       953  6.696888E-01
       954  1.212856E+00
       955  5.657487E-01
       956  1.197922E+00
       957  5.437417E-01
       958  1.170833E+00
       959  5.316538E-01
       960  1.163072E+00
       961  6.543592E+00
       962  3.964980E+00
       963  2.262856E+00
       964  1.275449E+00
       965  9.059501E-01
       966  6.543592E+00
       967  3.964980E+00
       968  2.262856E+00
       969  1.275449E+00
       970  9.059501E-01
       971  3.917596E-01
       972  8.803852E-01
       973  4.017274E-01
       974  8.717211E-01
       975  4.209255E-01
       976  8.846596E-01
       977  5.406574E-01
       978  8.923270E-01
       979  2.026018E-01
       980  3.109051E-01
       981  2.026018E-01
       982  3.109051E-01
       983  5.406574E-01
       984  8.923270E-01
       985  4.209255E-01
       986  8.846596E-01
       987  4.017274E-01
       988  8.717211E-01
       989  3.917596E-01
       990  8.803852E-01
       991  3.843602E+00
       992  2.490323E+00
       993  1.668107E+00
       994  1.183611E+00
       995  9.792317E-01
       996  3.843602E+00
       997  2.490323E+00
       998  1.668107E+00
       999  1.183611E+00
      1000  9.792317E-01
      1001  3.008571E-01
      1002  6.589577E-01
      1003  3.092603E-01
      1004  6.152262E-01
      1005  3.142002E-01
      1006  5.919862E-01
      1007  4.399258E-01
      1008  5.820341E-01
      1009  1.598126E-01
      1010  1.945583E-01
      1011  1.598126E-01
      1012  1.945583E-01
      1013  4.399258E-01
      1014  5.820341E-01
      1015  3.142002E-01
      1016  5.919862E-01
      1017  3.092603E-01
      1018  6.152262E-01
      1019  3.008571E-01
      1020  6.589577E-01
      1021  1.457882E+00
      1022  1.246613E+00
      1023  1.201540E+00
      1024  1.168552E+00
      1025  1.084349E+00
      1026  1.457882E+00
      1027  1.246613E+00
      1028  1.201540E+00
      1029  1.168552E+00
      1030  1.084349E+00
      1031  2.877621E-01
      1032  4.697516E-01
      1033  3.205619E-01
      1034  4.185888E-01
      1035  3.195498E-01
      1036  3.810515E-01
      1037  4.439917E-01
      1038  3.683562E-01
      1039  1.194406E-01
      1040  1.217490E-01
      1041  1.194406E-01
      1042  1.217490E-01
      1043  4.439917E-01
      1044  3.683562E-01
      1045  3.195498E-01
      1046  3.810515E-01
      1047  3.205619E-01
      1048  4.185888E-01
      1049  2.877621E-01
      1050  4.697516E-01
      1051  1.975365E-01
      1052  3.244851E-01
      1053  5.597903E-01
      1054  9.185264E-01
      1055  1.313864E+00
      1056  1.975365E-01
      1057  3.244851E-01
      1058  5.597903E-01
      1059  9.185264E-01
      1060  1.313864E+00
      1061  2.416106E-01
      1062  2.830516E-01
      1063  3.107967E-01
      1064  2.297293E-01
      1065  4.461640E-01
      1066  4.074209E-01
      1067  1.198188E+00
      1068  9.952235E-01
      1069  1.636873E-01
      1070  5.752596E-01
      1071  1.636873E-01
      1072  5.752596E-01
      1073  1.198188E+00
      1074  9.952235E-01
      1075  4.461640E-01
      1076  4.074209E-01
      1077  3.107967E-01
      1078  2.297293E-01
      1079  2.416106E-01
      1080  2.830516E-01
