
                        S T E P       1


                                INCREMENT     1


 displacements (vx,vy,vz) for set TIP_TOP and time  0.1000000E+01

      1799 -2.811432E-02 -2.957501E-03 -3.646413E+00
      1800 -2.688448E-02 -2.930745E-03 -3.639508E+00
      1803 -2.575865E-02 -2.812506E-03 -3.632713E+00
      1806 -2.468613E-02 -2.251726E-03 -3.626606E+00
      1808 -2.392877E-02 -8.866662E-04 -3.622793E+00
      1810 -2.387369E-02 -2.717912E-11 -3.622551E+00
      1812 -2.392877E-02  8.866662E-04 -3.622793E+00
      1815 -2.468613E-02  2.251726E-03 -3.626606E+00
      1818 -2.575865E-02  2.812506E-03 -3.632713E+00
      1821 -2.688448E-02  2.930745E-03 -3.639508E+00
      1824 -2.811432E-02  2.957501E-03 -3.646413E+00

 forces (fx,fy,fz) for set CLAMP and time  0.1000000E+01

         1  7.952359E+03  8.993156E+03  5.015561E+03
         4  1.467451E+04 -1.052819E-08  1.003554E+04
         5  9.371063E+03  1.410899E+04 -4.541043E+02
         8  1.667705E+04 -1.989515E-08 -8.544573E+02
         9  6.612152E+03  9.536703E+03 -3.157923E+02
        12  1.172352E+04 -1.759676E-08 -5.824747E+02
        13  4.267430E+03  5.672529E+03 -4.234302E+02
        16  7.606420E+03 -1.531544E-08 -7.871575E+02
        17  2.013580E+03  1.947628E+03 -5.640601E+02
        20  3.697444E+03 -1.267375E-08 -1.113043E+03
        21  2.965656E+03 -5.624096E+02 -3.353385E+03
        24  2.351098E+02 -6.508224E-09 -1.350685E+03
        26  7.952359E+03 -8.993156E+03  5.015561E+03
        28  9.371063E+03 -1.410899E+04 -4.541043E+02
        30  6.612152E+03 -9.536703E+03 -3.157923E+02
        32  4.267430E+03 -5.672529E+03 -4.234302E+02
        34  2.013580E+03 -1.947628E+03 -5.640601E+02
        36  2.965656E+03  5.624096E+02 -3.353385E+03
        37  7.408271E+02 -5.762782E+02 -2.410694E+03
        40  3.239900E+03  4.955916E+01 -4.439050E+03
        41 -2.738456E+03 -2.478630E+03 -2.568281E+03
        44 -3.303719E+03 -7.363712E+02 -4.997226E+03
        45 -5.594595E+03 -2.095565E+03  3.613391E+03
        48 -1.109205E+04 -1.023010E+03  7.581509E+03
        50  4.396621E+03 -6.732985E+01 -4.371434E+03
        52 -3.128774E+03 -7.958083E+02 -5.173400E+03
        54 -1.260167E+04 -8.973117E+02  8.325052E+03
        56  5.255466E+03 -2.429508E+02 -4.773895E+03
        58 -3.536153E+03 -8.492074E+02 -5.294809E+03
        60 -1.430921E+04 -7.675542E+02  9.401975E+03
        62 -3.094838E+03 -5.119035E+02 -3.328128E+03
        64 -1.080968E+04 -3.580805E+02  7.171862E+03
        66 -1.846646E+03 -5.104438E-09 -1.638130E+03
        68 -5.979216E+03 -3.021712E-09  4.007087E+03
        70 -3.094838E+03  5.119035E+02 -3.328128E+03
        72 -1.080968E+04  3.580805E+02  7.171862E+03
        74  5.255466E+03  2.429508E+02 -4.773895E+03
        76 -3.536153E+03  8.492074E+02 -5.294809E+03
        78 -1.430921E+04  7.675542E+02  9.401975E+03
        80  4.396621E+03  6.732985E+01 -4.371434E+03
        82 -3.128774E+03  7.958083E+02 -5.173400E+03
        84 -1.260167E+04  8.973117E+02  8.325052E+03
        86  3.239900E+03 -4.955916E+01 -4.439050E+03
        88 -3.303719E+03  7.363712E+02 -4.997226E+03
        90 -1.109205E+04  1.023010E+03  7.581509E+03
        92  7.408271E+02  5.762782E+02 -2.410694E+03
        94 -2.738456E+03  2.478630E+03 -2.568281E+03
        96 -5.594595E+03  2.095565E+03  3.613391E+03

 internal energy (element, energy) for set EALL and time  0.1000000E+01

         1  2.930827E+02
         2  1.507584E+02
         3  6.957291E+01
         4  2.393930E+01
         5  7.254990E+00
         6  2.930827E+02
         7  1.507584E+02
         8  6.957291E+01
         9  2.393930E+01
        10  7.254990E+00
        11  1.512531E+01
        12  4.061653E+01
        13  1.490595E+01
        14  4.173366E+01
        15  1.674192E+01
        16  4.687286E+01
        17  1.978595E+01
        18  5.406064E+01
        19  8.005984E+00
        20  2.117812E+01
        21  8.005984E+00
        22  2.117812E+01
        23  1.978595E+01
        24  5.406064E+01
        25  1.674192E+01
        26  4.687286E+01
        27  1.490595E+01
        28  4.173366E+01
        29  1.512531E+01
        30  4.061653E+01
        31  2.532506E+02
        32  1.540167E+02
        33  7.447526E+01
        34  2.736975E+01
        35  1.239004E+01
        36  2.532506E+02
        37  1.540167E+02
        38  7.447526E+01
        39  2.736975E+01
        40  1.239004E+01
        41  1.297303E+01
        42  2.940973E+01
        43  1.404977E+01
        44  3.102901E+01
        45  1.459710E+01
        46  3.129879E+01
        47  1.685549E+01
        48  3.185678E+01
        49  6.647638E+00
        50  1.151650E+01
        51  6.647638E+00
        52  1.151650E+01
        53  1.685549E+01
        54  3.185678E+01
        55  1.459710E+01
        56  3.129879E+01
        57  1.404977E+01
        58  3.102901E+01
        59  1.297303E+01
        60  2.940973E+01
        61  1.872853E+02
        62  1.066663E+02
        63  5.118395E+01
        64  1.821234E+01
        65  8.390258E+00
        66  1.872853E+02
        67  1.066663E+02
        68  5.118395E+01
        69  1.821234E+01
        70  8.390258E+00
        71  9.049818E+00
        72  2.101637E+01
        73  9.635493E+00
        74  2.138106E+01
        75  1.029433E+01
        76  2.164596E+01
        77  1.157187E+01
        78  2.180467E+01
        79  4.174047E+00
        80  7.764150E+00
        81  4.174047E+00
        82  7.764150E+00
        83  1.157187E+01
        84  2.180467E+01
        85  1.029433E+01
        86  2.164596E+01
        87  9.635493E+00
        88  2.138106E+01
        89  9.049818E+00
        90  2.101637E+01
        91  1.509724E+02
        92  8.471174E+01
        93  3.899989E+01
        94  1.341784E+01
        95  6.817627E+00
        96  1.509724E+02
        97  8.471174E+01
        98  3.899989E+01
        99  1.341784E+01
       100  6.817627E+00
       101  7.914762E+00
       102  1.611664E+01
       103  8.140787E+00
       104  1.600509E+01
       105  8.479627E+00
       106  1.609018E+01
       107  9.374298E+00
       108  1.618085E+01
       109  3.311992E+00
       110  5.726220E+00
       111  3.311992E+00
       112  5.726220E+00
       113  9.374298E+00
       114  1.618085E+01
       115  8.479627E+00
       116  1.609018E+01
       117  8.140787E+00
       118  1.600509E+01
       119  7.914762E+00
       120  1.611664E+01
       121  1.216410E+02
       122  6.813992E+01
       123  3.107613E+01
       124  1.058622E+01
       125  5.910870E+00
       126  1.216410E+02
       127  6.813992E+01
       128  3.107613E+01
       129  1.058622E+01
       130  5.910870E+00
       131  7.073391E+00
       132  1.266238E+01
       133  7.110131E+00
       134  1.251308E+01
       135  7.188312E+00
       136  1.250839E+01
       137  7.696259E+00
       138  1.248392E+01
       139  2.652052E+00
       140  4.380326E+00
       141  2.652052E+00
       142  4.380326E+00
       143  7.696259E+00
       144  1.248392E+01
       145  7.188312E+00
       146  1.250839E+01
       147  7.110131E+00
       148  1.251308E+01
       149  7.073391E+00
       150  1.266238E+01
       151  9.885186E+01
       152  5.511012E+01
       153  2.489236E+01
       154  8.420422E+00
       155  5.121514E+00
       156  9.885186E+01
       157  5.511012E+01
       158  2.489236E+01
       159  8.420422E+00
       160  5.121514E+00
       161  6.247691E+00
       162  1.015301E+01
       163  6.204297E+00
       164  1.004470E+01
       165  6.151340E+00
       166  1.001716E+01
       167  6.430316E+00
       168  9.931602E+00
       169  2.193186E+00
       170  3.457667E+00
       171  2.193186E+00
       172  3.457667E+00
       173  6.430316E+00
       174  9.931602E+00
       175  6.151340E+00
       176  1.001716E+01
       177  6.204297E+00
       178  1.004470E+01
       179  6.247691E+00
       180  1.015301E+01
       181  8.090664E+01
       182  4.485885E+01
       183  2.002854E+01
       184  6.698841E+00
       185  4.441288E+00
       186  8.090664E+01
       187  4.485885E+01
       188  2.002854E+01
       189  6.698841E+00
       190  4.441288E+00
       191  5.410346E+00
       192  8.282332E+00
       193  5.349392E+00
       194  8.218168E+00
       195  5.258839E+00
       196  8.191342E+00
       197  5.425582E+00
       198  8.091919E+00
       199  1.844818E+00
       200  2.808884E+00
       201  1.844818E+00
       202  2.808884E+00
       203  5.425582E+00
       204  8.091919E+00
       205  5.258839E+00
       206  8.191342E+00
       207  5.349392E+00
       208  8.218168E+00
       209  5.410346E+00
       210  8.282332E+00
       211  6.679631E+01
       212  3.680215E+01
       213  1.622105E+01
       214  5.344225E+00
       215  3.843802E+00
       216  6.679631E+01
       217  3.680215E+01
       218  1.622105E+01
       219  5.344225E+00
       220  3.843802E+00
       221  4.637539E+00
       222  6.856284E+00
       223  4.584647E+00
       224  6.821331E+00
       225  4.502341E+00
       226  6.802780E+00
       227  4.623511E+00
       228  6.714914E+00
       229  1.572797E+00
       230  2.333967E+00
       231  1.572797E+00
       232  2.333967E+00
       233  4.623511E+00
       234  6.714914E+00
       235  4.502341E+00
       236  6.802780E+00
       237  4.584647E+00
       238  6.821331E+00
       239  4.637539E+00
       240  6.856284E+00
       241  5.562840E+01
       242  3.044487E+01
       243  1.323514E+01
       244  4.281538E+00
       245  3.328158E+00
       246  5.562840E+01
       247  3.044487E+01
       248  1.323514E+01
       249  4.281538E+00
       250  3.328158E+00
       251  3.963989E+00
       252  5.742284E+00
       253  3.926717E+00
       254  5.724584E+00
       255  3.866691E+00
       256  5.715117E+00
       257  3.971848E+00
       258  5.647338E+00
       259  1.353003E+00
       260  1.970471E+00
       261  1.353003E+00
       262  1.970471E+00
       263  3.971848E+00
       264  5.647338E+00
       265  3.866691E+00
       266  5.715117E+00
       267  3.926717E+00
       268  5.724584E+00
       269  3.963989E+00
       270  5.742284E+00
       271  4.672705E+01
       272  2.540049E+01
       273  1.088721E+01
       274  3.450954E+00
       275  2.887799E+00
       276  4.672705E+01
       277  2.540049E+01
       278  1.088721E+01
       279  3.450954E+00
       280  2.887799E+00
       281  3.395329E+00
       282  4.853324E+00
       283  3.373373E+00
       284  4.846343E+00
       285  3.335986E+00
       286  4.845133E+00
       287  3.435405E+00
       288  4.798055E+00
       289  1.171866E+00
       290  1.682595E+00
       291  1.171866E+00
       292  1.682595E+00
       293  3.435405E+00
       294  4.798055E+00
       295  3.335986E+00
       296  4.845133E+00
       297  3.373373E+00
       298  4.846343E+00
       299  3.395329E+00
       300  4.853324E+00
       301  3.957739E+01
       302  2.137162E+01
       303  9.032616E+00
       304  2.801700E+00
       305  2.513734E+00
       306  3.957739E+01
       307  2.137162E+01
       308  9.032616E+00
       309  2.801700E+00
       310  2.513734E+00
       311  2.921670E+00
       312  4.132828E+00
       313  2.912216E+00
       314  4.133467E+00
       315  2.893259E+00
       316  4.139638E+00
       317  2.989202E+00
       318  4.111009E+00
       319  1.020792E+00
       320  1.449518E+00
       321  1.020792E+00
       322  1.449518E+00
       323  2.989202E+00
       324  4.111009E+00
       325  2.893259E+00
       326  4.139638E+00
       327  2.912216E+00
       328  4.133467E+00
       329  2.921670E+00
       330  4.132828E+00
       331  3.378970E+01
       332  1.813100E+01
       333  7.559211E+00
       334  2.292661E+00
       335  2.195904E+00
       336  3.378970E+01
       337  1.813100E+01
       338  7.559211E+00
       339  2.292661E+00
       340  2.195904E+00
       341  2.528428E+00
       342  3.543105E+00
       343  2.528304E+00
       344  3.549768E+00
       345  2.523004E+00
       346  3.562429E+00
       347  2.615309E+00
       348  3.549198E+00
       349  8.938762E-01
       350  1.258250E+00
       351  8.938762E-01
       352  1.258250E+00
       353  2.615309E+00
       354  3.549198E+00
       355  2.523004E+00
       356  3.562429E+00
       357  2.528304E+00
       358  3.549768E+00
       359  2.528428E+00
       360  3.543105E+00
       361  2.906866E+01
       362  1.550560E+01
       363  6.381180E+00
       364  1.891637E+00
       365  1.924868E+00
       366  2.906866E+01
       367  1.550560E+01
       368  6.381180E+00
       369  1.891637E+00
       370  1.924868E+00
       371  2.201183E+00
       372  3.057618E+00
       373  2.207659E+00
       374  3.069140E+00
       375  2.212021E+00
       376  3.087238E+00
       377  2.300189E+00
       378  3.086300E+00
       379  7.866937E-01
       380  1.099893E+00
       381  7.866937E-01
       382  1.099893E+00
       383  2.300189E+00
       384  3.086300E+00
       385  2.212021E+00
       386  3.087238E+00
       387  2.207659E+00
       388  3.069140E+00
       389  2.201183E+00
       390  3.057618E+00
       391  2.518947E+01
       392  1.336360E+01
       393  5.433225E+00
       394  1.573972E+00
       395  1.692480E+00
       396  2.518947E+01
       397  1.336360E+01
       398  5.433225E+00
       399  1.573972E+00
       400  1.692480E+00
       401  1.927490E+00
       402  2.656443E+00
       403  1.938465E+00
       404  2.671706E+00
       405  1.949488E+00
       406  2.694027E+00
       407  2.033216E+00
       408  2.702507E+00
       409  6.957605E-01
       410  9.678740E-01
       411  6.957605E-01
       412  9.678740E-01
       413  2.033216E+00
       414  2.702507E+00
       415  1.949488E+00
       416  2.694027E+00
       417  1.938465E+00
       418  2.671706E+00
       419  1.927490E+00
       420  2.656443E+00
       421  2.197985E+01
       422  1.160411E+01
       423  4.665672E+00
       424  1.321006E+00
       425  1.492024E+00
       426  2.197985E+01
       427  1.160411E+01
       428  4.665672E+00
       429  1.321006E+00
       430  1.492024E+00
       431  1.697244E+00
       432  2.323845E+00
       433  1.711169E+00
       434  2.341746E+00
       435  1.726672E+00
       436  2.367032E+00
       437  1.805847E+00
       438  2.382412E+00
       439  6.182606E-01
       440  8.571169E-01
       441  6.182606E-01
       442  8.571169E-01
       443  1.805847E+00
       444  2.382412E+00
       445  1.726672E+00
       446  2.367032E+00
       447  1.711169E+00
       448  2.341746E+00
       449  1.697244E+00
       450  2.323845E+00
       451  1.930654E+01
       452  1.014937E+01
       453  4.040534E+00
       454  1.118659E+00
       455  1.318066E+00
       456  1.930654E+01
       457  1.014937E+01
       458  4.040534E+00
       459  1.118659E+00
       460  1.318066E+00
       461  1.502497E+00
       462  2.046991E+00
       463  1.518180E+00
       464  2.066540E+00
       465  1.536535E+00
       466  2.093634E+00
       467  1.611131E+00
       468  2.113815E+00
       469  5.518829E-01
       470  7.636141E-01
       471  5.518829E-01
       472  7.636141E-01
       473  1.611131E+00
       474  2.113815E+00
       475  1.536535E+00
       476  2.093634E+00
       477  1.518180E+00
       478  2.066540E+00
       479  1.502497E+00
       480  2.046991E+00
       481  1.706572E+01
       482  8.938979E+00
       483  3.528503E+00
       484  9.562190E-01
       485  1.166286E+00
       486  1.706572E+01
       487  8.938979E+00
       488  3.528503E+00
       489  9.562190E-01
       490  1.166286E+00
       491  1.337156E+00
       492  1.815197E+00
       493  1.353509E+00
       494  1.835619E+00
       495  1.373350E+00
       496  1.863620E+00
       497  1.443351E+00
       498  1.886958E+00
       499  4.947149E-01
       500  6.841603E-01
       501  4.947149E-01
       502  6.841603E-01
       503  1.443351E+00
       504  1.886958E+00
       505  1.373350E+00
       506  1.863620E+00
       507  1.353509E+00
       508  1.835619E+00
       509  1.337156E+00
       510  1.815197E+00
       511  1.517508E+01
       512  7.926120E+00
       513  3.106900E+00
       514  8.251495E-01
       515  1.033298E+00
       516  1.517508E+01
       517  7.926120E+00
       518  3.106900E+00
       519  8.251495E-01
       520  1.033298E+00
       521  1.196551E+00
       522  1.619388E+00
       523  1.212531E+00
       524  1.640116E+00
       525  1.232530E+00
       526  1.668355E+00
       527  1.297713E+00
       528  1.693616E+00
       529  4.451443E-01
       530  6.160531E-01
       531  4.451443E-01
       532  6.160531E-01
       533  1.297713E+00
       534  1.693616E+00
       535  1.232530E+00
       536  1.668355E+00
       537  1.212531E+00
       538  1.640116E+00
       539  1.196551E+00
       540  1.619388E+00
       541  1.357027E+01
       542  7.075917E+00
       543  2.758426E+00
       544  7.187392E-01
       545  9.156231E-01
       546  1.357027E+01
       547  7.075917E+00
       548  2.758426E+00
       549  7.187392E-01
       550  9.156231E-01
       551  1.076783E+00
       552  1.452196E+00
       553  1.091808E+00
       554  1.472595E+00
       555  1.111086E+00
       556  1.500241E+00
       557  1.170585E+00
       558  1.525921E+00
       559  4.019878E-01
       560  5.564343E-01
       561  4.019878E-01
       562  5.564343E-01
       563  1.170585E+00
       564  1.525921E+00
       565  1.111086E+00
       566  1.500241E+00
       567  1.091808E+00
       568  1.472595E+00
       569  1.076783E+00
       570  1.452196E+00
       571  1.199725E+01
       572  6.244302E+00
       573  2.424225E+00
       574  6.197248E-01
       575  7.945182E-01
       576  1.199725E+01
       577  6.244302E+00
       578  2.424225E+00
       579  6.197248E-01
       580  7.945182E-01
       581  9.534083E-01
       582  1.290390E+00
       583  9.673188E-01
       584  1.309373E+00
       585  9.855604E-01
       586  1.335085E+00
       587  1.038940E+00
       588  1.359629E+00
       589  3.579040E-01
       590  4.966157E-01
       591  3.579040E-01
       592  4.966157E-01
       593  1.038940E+00
       594  1.359629E+00
       595  9.855604E-01
       596  1.335085E+00
       597  9.673188E-01
       598  1.309373E+00
       599  9.534083E-01
       600  1.290390E+00
       601  1.050050E+01
       602  5.455719E+00
       603  2.113677E+00
       604  5.321067E-01
       605  6.783417E-01
       606  1.050050E+01
       607  5.455719E+00
       608  2.113677E+00
       609  5.321067E-01
       610  6.783417E-01
       611  8.316562E-01
       612  1.137499E+00
       613  8.443534E-01
       614  1.154194E+00
       615  8.614422E-01
       616  1.177046E+00
       617  9.087715E-01
       618  1.199398E+00
       619  3.145144E-01
       620  4.384246E-01
       621  3.145144E-01
       622  4.384246E-01
       623  9.087715E-01
       624  1.199398E+00
       625  8.614422E-01
       626  1.177046E+00
       627  8.443534E-01
       628  1.154194E+00
       629  8.316562E-01
       630  1.137499E+00
       631  9.255978E+00
       632  4.807994E+00
       633  1.864196E+00
       634  4.660814E-01
       635  5.831023E-01
       636  9.255978E+00
       637  4.807994E+00
       638  1.864196E+00
       639  4.660814E-01
       640  5.831023E-01
       641  7.304130E-01
       642  1.008781E+00
       643  7.417394E-01
       644  1.023217E+00
       645  7.574541E-01
       646  1.043359E+00
       647  7.989841E-01
       648  1.063372E+00
       649  2.777001E-01
       650  3.887119E-01
       651  2.777001E-01
       652  3.887119E-01
       653  7.989841E-01
       654  1.063372E+00
       655  7.574541E-01
       656  1.043359E+00
       657  7.417394E-01
       658  1.023217E+00
       659  7.304130E-01
       660  1.008781E+00
       661  8.204375E+00
       662  4.265552E+00
       663  1.660040E+00
       664  4.157843E-01
       665  5.036816E-01
       666  8.204375E+00
       667  4.265552E+00
       668  1.660040E+00
       669  4.157843E-01
       670  5.036816E-01
       671  6.444531E-01
       672  8.989460E-01
       673  6.542805E-01
       674  9.115631E-01
       675  6.684351E-01
       676  9.295734E-01
       677  7.049569E-01
       678  9.476712E-01
       679  2.460711E-01
       680  3.463218E-01
       681  2.460711E-01
       682  3.463218E-01
       683  7.049569E-01
       684  9.476712E-01
       685  6.684351E-01
       686  9.295734E-01
       687  6.542805E-01
       688  9.115631E-01
       689  6.444531E-01
       690  8.989460E-01
       691  7.300361E+00
       692  3.802681E+00
       693  1.489720E+00
       694  3.773049E-01
       695  4.371691E-01
       696  7.300361E+00
       697  3.802681E+00
       698  1.489720E+00
       699  3.773049E-01
       700  4.371691E-01
       701  5.697848E-01
       702  8.038444E-01
       703  5.781746E-01
       704  8.150855E-01
       705  5.908875E-01
       706  8.315195E-01
       707  6.233686E-01
       708  8.480981E-01
       709  2.185812E-01
       710  3.097433E-01
       711  2.185812E-01
       712  3.097433E-01
       713  6.233686E-01
       714  8.480981E-01
       715  5.908875E-01
       716  8.315195E-01
       717  5.781746E-01
       718  8.150855E-01
       719  5.697848E-01
       720  8.038444E-01
       721  6.509169E+00
       722  3.400249E+00
       723  1.344911E+00
       724  3.480168E-01
       725  3.816318E-01
       726  6.509169E+00
       727  3.400249E+00
       728  1.344911E+00
       729  3.480168E-01
       730  3.816318E-01
       731  5.035895E-01
       732  7.200182E-01
       733  5.107266E-01
       734  7.302814E-01
       735  5.222596E-01
       736  7.456414E-01
       737  5.516278E-01
       738  7.610923E-01
       739  1.943831E-01
       740  2.776964E-01
       741  1.943831E-01
       742  2.776964E-01
       743  5.516278E-01
       744  7.610923E-01
       745  5.222596E-01
       746  7.456414E-01
       747  5.107266E-01
       748  7.302814E-01
       749  5.035895E-01
       750  7.200182E-01
       751  5.803594E+00
       752  3.043296E+00
       753  1.219206E+00
       754  3.260233E-01
       755  3.357273E-01
       756  5.803594E+00
       757  3.043296E+00
       758  1.219206E+00
       759  3.260233E-01
       760  3.357273E-01
       761  4.437559E-01
       762  6.446540E-01
       763  4.498757E-01
       764  6.543235E-01
       765  4.605605E-01
       766  6.691203E-01
       767  4.877237E-01
       768  6.838613E-01
       769  1.728248E-01
       770  2.491690E-01
       771  1.728248E-01
       772  2.491690E-01
       773  4.877237E-01
       774  6.838613E-01
       775  4.605605E-01
       776  6.691203E-01
       777  4.498757E-01
       778  6.543235E-01
       779  4.437559E-01
       780  6.446540E-01
       781  5.161687E+00
       782  2.719778E+00
       783  1.107543E+00
       784  3.099883E-01
       785  2.986527E-01
       786  5.161687E+00
       787  2.719778E+00
       788  1.107543E+00
       789  3.099883E-01
       790  2.986527E-01
       791  3.885498E-01
       792  5.756403E-01
       793  3.939607E-01
       794  5.850620E-01
       795  4.042340E-01
       796  5.998031E-01
       797  4.301658E-01
       798  6.142750E-01
       799  1.534189E-01
       800  2.233800E-01
       801  1.534189E-01
       802  2.233800E-01
       803  4.301658E-01
       804  6.142750E-01
       805  4.042340E-01
       806  5.998031E-01
       807  3.939607E-01
       808  5.850620E-01
       809  3.885498E-01
       810  5.756403E-01
       811  4.565078E+00
       812  2.419697E+00
       813  1.005880E+00
       814  2.990740E-01
       815  2.701275E-01
       816  4.565078E+00
       817  2.419697E+00
       818  1.005880E+00
       819  2.990740E-01
       820  2.701275E-01
       821  3.364297E-01
       822  5.116777E-01
       823  3.415946E-01
       824  5.210447E-01
       825  3.520878E-01
       826  5.361522E-01
       827  3.779679E-01
       828  5.507966E-01
       829  1.358216E-01
       830  1.997573E-01
       831  1.358216E-01
       832  1.997573E-01
       833  3.779679E-01
       834  5.507966E-01
       835  3.520878E-01
       836  5.361522E-01
       837  3.415946E-01
       838  5.210447E-01
       839  3.364297E-01
       840  5.116777E-01
       841  3.997748E+00
       842  2.134499E+00
       843  9.109847E-01
       844  2.929410E-01
       845  2.504317E-01
       846  3.997748E+00
       847  2.134499E+00
       848  9.109847E-01
       849  2.929410E-01
       850  2.504317E-01
       851  2.860595E-01
       852  4.524318E-01
       853  2.916790E-01
       854  4.615486E-01
       855  3.033076E-01
       856  4.771861E-01
       857  3.306887E-01
       858  4.924033E-01
       859  1.198150E-01
       860  1.779172E-01
       861  1.198150E-01
       862  1.779172E-01
       863  3.306887E-01
       864  4.924033E-01
       865  3.033076E-01
       866  4.771861E-01
       867  2.916790E-01
       868  4.615486E-01
       869  2.860595E-01
       870  4.524318E-01
       871  3.445258E+00
       872  1.856740E+00
       873  8.203414E-01
       874  2.917871E-01
       875  2.404622E-01
       876  3.445258E+00
       877  1.856740E+00
       878  8.203414E-01
       879  2.917871E-01
       880  2.404622E-01
       881  2.366984E-01
       882  3.987277E-01
       883  2.436959E-01
       884  4.065815E-01
       885  2.576213E-01
       886  4.223248E-01
       887  2.884927E-01
       888  4.383779E-01
       889  1.052833E-01
       890  1.575880E-01
       891  1.052833E-01
       892  1.575880E-01
       893  2.884927E-01
       894  4.383779E-01
       895  2.576213E-01
       896  4.223248E-01
       897  2.436959E-01
       898  4.065815E-01
       899  2.366984E-01
       900  3.987277E-01
       901  2.894655E+00
       902  1.580232E+00
       903  7.323044E-01
       904  2.963666E-01
       905  2.416799E-01
       906  2.894655E+00
       907  1.580232E+00
       908  7.323044E-01
       909  2.963666E-01
       910  2.416799E-01
       911  1.894254E-01
       912  3.528288E-01
       913  1.986305E-01
       914  3.568669E-01
       915  2.158126E-01
       916  3.710760E-01
       917  2.522458E-01
       918  3.878420E-01
       919  9.217512E-02
       920  1.384116E-01
       921  9.217512E-02
       922  1.384116E-01
       923  2.522458E-01
       924  3.878420E-01
       925  2.158126E-01
       926  3.710760E-01
       927  1.986305E-01
       928  3.568669E-01
       929  1.894254E-01
       930  3.528288E-01
       931  2.335391E+00
       932  1.301076E+00
       933  6.467084E-01
       934  3.079247E-01
       935  2.556295E-01
       936  2.335391E+00
       937  1.301076E+00
       938  6.467084E-01
       939  3.079247E-01
       940  2.556295E-01
       941  1.497671E-01
       942  3.189992E-01
       943  1.610857E-01
       944  3.140225E-01
       945  1.809983E-01
       946  3.227923E-01
       947  2.239850E-01
       948  3.391514E-01
       949  8.045272E-02
       950  1.196576E-01
       951  8.045272E-02
       952  1.196576E-01
       953  2.239850E-01
       954  3.391514E-01
       955  1.809983E-01
       956  3.227923E-01
       957  1.610857E-01
       958  3.140225E-01
       959  1.497671E-01
       960  3.189992E-01
       961  1.761826E+00
       962  1.020173E+00
       963  5.662519E-01
       964  3.278040E-01
       965  2.826650E-01
       966  1.761826E+00
       967  1.020173E+00
       968  5.662519E-01
       969  3.278040E-01
       970  2.826650E-01
       971  1.323504E-01
       972  3.043325E-01
       973  1.433757E-01
       974  2.817194E-01
       975  1.617063E-01
       976  2.778143E-01
       977  2.094083E-01
       978  2.910940E-01
       979  7.002221E-02
       980  1.007626E-01
       981  7.002221E-02
       982  1.007626E-01
       983  2.094083E-01
       984  2.910940E-01
       985  1.617063E-01
       986  2.778143E-01
       987  1.433757E-01
       988  2.817194E-01
       989  1.323504E-01
       990  3.043325E-01
       991  1.179542E+00
       992  7.461117E-01
       993  4.969962E-01
       994  3.560264E-01
       995  3.206983E-01
       996  1.179542E+00
       997  7.461117E-01
       998  4.969962E-01
       999  3.560264E-01
      1000  3.206983E-01
      1001  1.606204E-01
      1002  3.176449E-01
      1003  1.682603E-01
      1004  2.684819E-01
      1005  1.765772E-01
      1006  2.432336E-01
      1007  2.264029E-01
      1008  2.500842E-01
      1009  6.143189E-02
      1010  8.506301E-02
      1011  6.143189E-02
      1012  8.506301E-02
      1013  2.264029E-01
      1014  2.500842E-01
      1015  1.765772E-01
      1016  2.432336E-01
      1017  1.682603E-01
      1018  2.684819E-01
      1019  1.606204E-01
      1020  3.176449E-01
      1021  6.293083E-01
      1022  4.947669E-01
      1023  4.369704E-01
      1024  3.909584E-01
      1025  3.688902E-01
      1026  6.293083E-01
      1027  4.947669E-01
      1028  4.369704E-01
      1029  3.909584E-01
      1030  3.688902E-01
      1031  2.492859E-01
      1032  3.533762E-01
      1033  2.613252E-01
      1034  2.867084E-01
      1035  2.600167E-01
      1036  2.496218E-01
      1037  3.281564E-01
      1038  2.588202E-01
      1039  5.649188E-02
      1040  9.541396E-02
      1041  5.649188E-02
      1042  9.541396E-02
      1043  3.281564E-01
      1044  2.588202E-01
      1045  2.600167E-01
      1046  2.496218E-01
      1047  2.613252E-01
      1048  2.867084E-01
      1049  2.492859E-01
      1050  3.533762E-01
      1051  2.110773E-01
      1052  2.636264E-01
      1053  3.417813E-01
      1054  4.086994E-01
      1055  4.907631E-01
      1056  2.110773E-01
      1057  2.636264E-01
      1058  3.417813E-01
      1059  4.086994E-01
      1060  4.907631E-01
      1061  3.177257E-01
      1062  3.661083E-01
      1063  3.589254E-01
      1064  3.277343E-01
      1065  4.212450E-01
      1066  3.427657E-01
      1067  6.685284E-01
      1068  4.467622E-01
      1069  7.570696E-02
      1070  2.112302E-01
      1071  7.570696E-02
      1072  2.112302E-01
      1073  6.685284E-01
      1074  4.467622E-01
      1075  4.212450E-01
      1076  3.427657E-01
      1077  3.589254E-01
      1078  3.277343E-01
      1079  3.177257E-01
      1080  3.661083E-01
      1081  2.900044E-02
      1082  7.143967E-02
      1083  1.581484E-01
      1084  3.324250E-01
      1085  8.154044E-01
      1086  2.900044E-02
      1087  7.143967E-02
      1088  1.581484E-01
      1089  3.324250E-01
      1090  8.154044E-01
      1091  2.591640E-01
      1092  3.539597E-01
      1093  3.663663E-01
      1094  3.549630E-01
      1095  6.434611E-01
      1096  6.754267E-01
      1097  2.085166E+00
      1098  1.820918E+00
      1099  1.973688E-01
      1100  1.340198E+00
      1101  1.973688E-01
      1102  1.340198E+00
      1103  2.085166E+00
      1104  1.820918E+00
      1105  6.434611E-01
      1106  6.754267E-01
      1107  3.663663E-01
      1108  3.549630E-01
      1109  2.591640E-01
      1110  3.539597E-01
