
                        S T E P       1


                                INCREMENT     1


 displacements (vx,vy,vz) for set NALL and time  0.1000000E+01

         1  0.000000E+00 -3.308722E-25 -1.654361E-25
         2  0.000000E+00 -3.308722E-25  0.000000E+00
         3  0.000000E+00  0.000000E+00  8.668853E-23
         4  0.000000E+00  6.617445E-25  1.723844E-22
         5  3.105133E-04 -7.746651E-06 -4.074870E-04
         6  3.109106E-04  7.969852E-06  3.968413E-04
         7 -3.192064E-04  4.733976E-06 -4.077207E-04
         8 -3.197766E-04 -2.505837E-06  3.970326E-04
         9  5.322593E-04 -1.317522E-05 -8.776400E-04
        10  5.330426E-04  1.697005E-05  8.662227E-04
        11 -6.130442E-04  1.562774E-05 -8.775210E-04
        12 -6.135822E-04 -8.562445E-06  8.664121E-04
        13  2.383423E-03 -2.349248E-05 -2.917137E-03
        14  2.383443E-03  2.783651E-05  2.923367E-03
        15 -2.429306E-03  2.351718E-05 -2.915129E-03
        16 -2.431422E-03 -1.635775E-05  2.923368E-03
        17  2.813680E-03 -1.459654E-05 -3.803585E-03
        18  2.813910E-03  1.981714E-05  3.862492E-03
        19 -2.833427E-03  3.777673E-05 -3.799835E-03
        20 -2.834669E-03 -1.292511E-05  3.862612E-03
        21  5.000000E-03  8.470329E-23 -6.000000E-03
        22  5.000000E-03  0.000000E+00  6.000000E-03
        23 -5.000000E-03  3.896352E-21 -6.000000E-03
        24 -5.000000E-03 -6.776264E-22  6.000000E-03
        25  1.464406E-04 -1.174519E-05 -2.114365E-04
        26  1.380929E-04 -3.329857E-06  1.784932E-04
        27 -1.310747E-04 -2.342241E-06 -2.113807E-04
        28 -1.456024E-04 -6.423784E-06  1.879027E-04
        29  5.892297E-04 -1.956434E-05 -5.842491E-04
        30  4.311047E-04  8.355715E-06  5.756110E-04
        31 -4.093002E-04  2.710409E-06 -5.654952E-04
        32 -4.841691E-04 -1.264432E-05  5.552788E-04
        33  1.718793E-03 -5.695103E-05 -2.007276E-03
        34  1.312894E-03 -6.020004E-06  1.864437E-03
        35 -1.401259E-03 -1.421094E-05 -1.884967E-03
        36 -1.920809E-03 -3.671499E-05  1.911408E-03
        37  2.926727E-03 -3.708297E-05 -3.311629E-03
        38  2.076851E-03  1.104679E-05  3.451332E-03
        39 -2.164588E-03  1.602629E-05 -3.205490E-03
        40 -2.900776E-03 -2.530557E-05  3.437072E-03
        41  4.071508E-03 -3.862860E-05 -4.908729E-03
        42  2.754663E-03 -2.413466E-05  5.068734E-03
        43 -2.725180E-03 -1.580090E-05 -5.339053E-03
        44 -3.861219E-03 -3.646338E-05  4.997622E-03
        45 -7.671612E-07 -5.961612E-10 -5.313764E-07
        46 -9.476713E-07  1.457186E-10 -6.560509E-07
        47  7.003210E-08 -1.538036E-08  8.012337E-08
        48 -5.745271E-08 -1.596290E-08 -5.739432E-08
        49  3.106369E-04 -2.439125E-07  4.261830E-05
        50 -3.198741E-04  3.465381E-06 -1.231082E-05
        51 -3.911881E-05 -2.143634E-06 -4.074398E-04
        52  6.905804E-06  9.736302E-07  3.970951E-04
        53  5.335278E-04  6.316383E-06 -5.039344E-04
        54  5.334701E-04  7.217232E-06 -9.623280E-06
        55  5.336065E-04  5.355014E-06  4.863916E-04
        56 -6.136083E-04  1.971559E-05 -5.031085E-04
        57 -6.133306E-04  5.463296E-06  9.059260E-06
        58 -6.137513E-04 -1.056252E-05  5.144851E-04
        59  2.636425E-04 -1.536042E-06 -8.778233E-04
        60 -4.589549E-05 -2.063732E-06 -8.779622E-04
        61 -3.526024E-04 -1.402273E-06 -8.779078E-04
        62  2.571876E-04  1.996368E-06  8.655000E-04
        63 -6.071818E-05  6.376833E-06  8.656171E-04
        64 -3.681636E-04  9.927849E-06  8.655088E-04
        65  2.385015E-03  3.324927E-06 -1.486224E-03
        66  2.384842E-03 -7.161720E-07 -1.472749E-05
        67  2.385056E-03 -3.763956E-06  1.466001E-03
        68 -2.429569E-03  1.730341E-05 -1.455428E-03
        69 -2.429740E-03  3.171662E-05  2.145668E-05
        70 -2.429986E-03  3.065375E-05  1.489994E-03
        71  1.198597E-03 -3.562221E-05 -2.916268E-03
        72 -5.656611E-06 -2.839176E-05 -2.916527E-03
        73 -1.218580E-03 -6.944256E-06 -2.916043E-03
        74  1.179921E-03  2.557552E-06  2.922096E-03
        75 -3.513213E-05 -7.094839E-07  2.922226E-03
        76 -1.244338E-03 -9.826274E-07  2.922162E-03
        77  2.814577E-03 -8.335158E-06 -1.939439E-03
        78  2.814617E-03  1.626818E-06  6.811521E-06
        79  2.814613E-03  1.190434E-05  1.964471E-03
        80 -2.833830E-03  3.918757E-05 -1.905131E-03
        81 -2.833605E-03  2.950389E-05  4.571902E-05
        82 -2.834144E-03  1.002940E-05  1.990106E-03
        83  1.371002E-03 -2.569416E-05 -3.802613E-03
        84  1.031895E-05 -3.819742E-05 -3.802541E-03
        85 -1.359943E-03 -2.552324E-05 -3.802246E-03
        86  1.345667E-03  7.139558E-06  3.861682E-03
        87 -2.214844E-05  8.532478E-07  3.861751E-03
        88 -1.384338E-03 -4.771372E-06  3.861787E-03
        89  5.005078E-03 -2.053230E-06  5.749652E-06
        90 -4.999123E-03  3.627888E-06 -3.221259E-05
        91 -6.852977E-05  3.956087E-05 -5.998333E-03
        92 -3.906035E-05  9.589292E-06  5.998177E-03
        93 -6.168588E-05 -6.667736E-06 -2.135932E-04
        94  1.887093E-05 -8.882559E-07 -2.145688E-04
        95 -4.324291E-05  6.889558E-06  1.874324E-04
        96  9.030345E-05 -2.710261E-06  1.801942E-04
        97  1.426660E-04  8.218989E-06  1.319685E-04
        98  1.408133E-04 -5.891039E-06 -1.437577E-04
        99 -1.416300E-04  6.843416E-06  1.304348E-04
       100 -1.325584E-04 -2.189480E-06 -1.513441E-04
       101 -1.713383E-05 -2.153616E-05 -5.656515E-04
       102  3.549403E-05  1.545728E-05 -5.884699E-04
       103 -1.763746E-05  2.091770E-05  5.618081E-04
       104  4.807423E-05 -1.035768E-05  5.702299E-04
       105  4.892295E-04 -1.289680E-05  2.070430E-04
       106  5.084294E-04  1.605385E-05 -1.635005E-04
       107 -4.463547E-04  2.163339E-06  1.487006E-04
       108 -4.353637E-04  5.873656E-06 -1.511220E-04
       109  4.293831E-04  4.652199E-05 -1.357750E-03
       110  7.442099E-04  3.268312E-04 -3.168099E-03
       111  1.307577E-03  7.325897E-04 -5.575228E-03
       112  1.357355E-03  9.497801E-04 -6.768538E-03
       113  6.204938E-04  8.065364E-04 -6.134353E-03
       114 -6.402933E-04  3.854924E-04 -4.326405E-03
       115 -1.701314E-03  7.387151E-05 -3.082873E-03
       116 -5.060423E-04 -3.803755E-05 -1.333427E-03
       117  7.433958E-05 -3.078650E-04 -3.078152E-03
       118  1.013570E-03 -7.045865E-04 -5.438624E-03
       119  1.637314E-03 -9.196376E-04 -6.624288E-03
       120  1.734084E-03 -7.861215E-04 -6.040645E-03
       121  1.564089E-03 -3.860932E-04 -4.327273E-03
       122  1.773256E-03 -8.788490E-05 -3.146848E-03
       123  2.885167E-04 -4.820050E-05  1.380897E-03
       124 -4.484290E-04 -3.339652E-04  3.226393E-03
       125 -1.509319E-03 -7.434646E-04  5.654483E-03
       126 -2.173975E-03 -9.632436E-04  6.861156E-03
       127 -2.202064E-03 -8.208997E-04  6.230910E-03
       128 -1.876963E-03 -3.970121E-04  4.410357E-03
       129 -1.924799E-03 -7.572439E-05  3.125716E-03
       130 -5.550178E-04  5.846128E-05  1.401862E-03
       131 -7.938336E-04  3.417773E-04  3.235622E-03
       132 -1.189708E-03  7.382783E-04  5.593921E-03
       133 -1.083466E-03  9.416000E-04  6.718521E-03
       134 -2.852348E-04  7.899001E-04  6.048002E-03
       135  9.109661E-04  3.727572E-04  4.260246E-03
       136  1.809570E-03  7.057472E-05  3.060884E-03
       137  2.131344E-04  8.962558E-05 -6.967554E-04
       138 -1.649184E-03  6.253164E-04 -1.732460E-04
       139 -4.423143E-03  1.378175E-03  7.062330E-04
       140 -5.443367E-03  1.642849E-03  1.459984E-03
       141 -3.726355E-03  1.257244E-03  1.849690E-03
       142 -2.742629E-04  5.334266E-04  1.981164E-03
       143  2.044029E-03  8.194373E-05  2.308614E-03
       144  2.251116E-04 -8.306526E-05  7.143150E-04
       145 -1.576660E-03 -6.028150E-04  8.851949E-04
       146 -4.260872E-03 -1.332630E-03  1.263313E-03
       147 -5.273954E-03 -1.596553E-03  1.080444E-03
       148 -3.638726E-03 -1.230775E-03  8.742146E-05
       149 -2.849721E-04 -5.289167E-04 -1.375332E-03
       150  2.013263E-03 -8.214561E-05 -2.414653E-03
       151 -4.204462E-04 -5.009830E-05 -8.135084E-04
       152  1.347796E-03 -5.597197E-04 -8.819673E-04
       153  4.114841E-03 -1.310799E-03 -9.840632E-04
       154  5.167589E-03 -1.583746E-03 -7.127401E-04
       155  3.493387E-03 -1.208107E-03  8.925285E-05
       156  8.789600E-05 -4.944364E-04  1.243534E-03
       157 -2.156843E-03 -5.731308E-05  2.226978E-03
       158 -4.346842E-04  5.330647E-05  8.218633E-04
       159  1.250000E-03  5.406111E-04  1.965953E-04
       160  3.920650E-03  1.266728E-03 -1.027198E-03
       161  4.986667E-03  1.543960E-03 -1.958936E-03
       162  3.435427E-03  1.197540E-03 -2.224237E-03
       163  1.689865E-04  5.144278E-04 -2.055418E-03
       164 -2.058939E-03  8.123589E-05 -2.249175E-03
       165  1.344526E-03 -4.198335E-06 -3.197461E-03
       166  4.680905E-04  7.941792E-05 -3.780207E-03
       167 -8.718373E-04  5.865103E-05 -3.793754E-03
       168 -1.419181E-03 -3.131949E-05 -3.425702E-03
       169 -3.817466E-04 -1.415031E-04 -4.145548E-03
       170  1.013821E-03 -1.129650E-04 -4.125052E-03
       171  1.202465E-03 -4.777186E-05  3.551542E-03
       172  8.199193E-05 -1.737401E-04  4.358304E-03
       173 -1.188392E-03 -1.255820E-04  4.236217E-03
       174 -1.227450E-03  4.841209E-05  3.499215E-03
       175 -1.875427E-04  1.714546E-04  4.300363E-03
       176  1.065845E-03  1.260661E-04  4.204484E-03
       177  1.806760E-03  1.641787E-04 -1.096655E-03
       178  1.699394E-03  2.132257E-04  6.466274E-04
       179  2.451206E-03  6.861656E-05  2.297489E-03
       180  1.788401E-03 -1.644152E-04  1.397027E-03
       181  1.689263E-03 -2.107915E-04 -4.404888E-04
       182  2.448497E-03 -6.413198E-05 -2.321977E-03
       183 -1.985488E-03 -1.255777E-04 -1.400763E-03
       184 -1.918901E-03 -1.645387E-04  3.666009E-04
       185 -2.564872E-03 -4.327477E-05  2.244595E-03
       186 -1.811754E-03  1.827763E-04  1.421974E-03
       187 -1.705123E-03  2.323728E-04 -6.715886E-05
       188 -2.442958E-03  9.105894E-05 -1.819117E-03
       189  2.315859E-03  4.282537E-05 -4.271217E-03
       190  2.377642E-03  3.504055E-04 -6.254871E-03
       191  2.812625E-03  8.138730E-04 -8.998101E-03
       192  2.665535E-03  1.090563E-03 -1.050587E-02
       193  1.502262E-03  9.801073E-04 -1.003070E-02
       194 -5.472430E-04  5.428375E-04 -8.151418E-03
       195 -2.855690E-03  1.459416E-04 -6.562326E-03
       196 -2.239033E-03 -4.004134E-05 -4.413895E-03
       197 -1.328535E-03 -3.331442E-04 -6.303426E-03
       198 -2.098291E-04 -7.517980E-04 -8.790045E-03
       199  6.156876E-04 -9.847099E-04 -1.006892E-02
       200  1.091960E-03 -8.583461E-04 -9.518805E-03
       201  1.632652E-03 -4.442456E-04 -7.743320E-03
       202  2.993522E-03 -9.667163E-05 -6.356304E-03
       203  2.144310E-03 -4.443440E-05  4.372846E-03
       204  1.114077E-03 -3.441324E-04  6.304821E-03
       205 -1.305313E-04 -7.838074E-04  8.908111E-03
       206 -1.020235E-03 -1.037315E-03  1.029224E-02
       207 -1.453353E-03 -9.170051E-04  9.767508E-03
       208 -1.858362E-03 -4.862762E-04  7.917416E-03
       209 -3.063893E-03 -1.128048E-04  6.415655E-03
       210 -2.239153E-03  5.106558E-05  4.378645E-03
       211 -2.176064E-03  3.537894E-04  6.335507E-03
       212 -2.513174E-03  7.928803E-04  8.941697E-03
       213 -2.342733E-03  1.041044E-03  1.030305E-02
       214 -1.252492E-03  9.147702E-04  9.755732E-03
       215  6.684582E-04  4.856014E-04  7.914535E-03
       216  2.895118E-03  1.145636E-04  6.436858E-03
       217  2.543234E-03  7.362288E-05 -2.655233E-03
       218  6.429014E-04  6.195669E-04 -1.181574E-03
       219 -2.329908E-03  1.425134E-03  6.167815E-04
       220 -3.671905E-03  1.769663E-03  2.235128E-03
       221 -2.264433E-03  1.454822E-03  3.401950E-03
       222  1.124314E-03  7.440708E-04  4.185794E-03
       223  3.940097E-03  1.923887E-04  4.980351E-03
       224  2.527196E-03 -7.343138E-05  2.754113E-03
       225  6.662043E-04 -6.092718E-04  2.007987E-03
       226 -2.232369E-03 -1.395773E-03  1.557953E-03
       227 -3.587728E-03 -1.744509E-03  6.559554E-04
       228 -2.284137E-03 -1.454429E-03 -9.685024E-04
       229  1.008401E-03 -7.649926E-04 -3.047532E-03
       230  3.864450E-03 -2.059299E-04 -4.777833E-03
       231 -2.606715E-03 -3.739795E-05 -2.939756E-03
       232 -6.779299E-04 -5.918749E-04 -2.163080E-03
       233  2.440205E-03 -1.436587E-03 -1.377745E-03
       234  3.920782E-03 -1.816005E-03 -2.418050E-04
       235  2.568315E-03 -1.514105E-03  1.352544E-03
       236 -8.766071E-04 -7.917093E-04  3.208364E-03
       237 -3.815823E-03 -2.155696E-04  4.784858E-03
       238 -2.570888E-03  7.291731E-05  2.807200E-03
       239 -7.789191E-04  5.897752E-04  1.147416E-03
       240  2.068769E-03  1.362554E-03 -1.129472E-03
       241  3.398980E-03  1.705073E-03 -3.076207E-03
       242  2.104286E-03  1.416999E-03 -4.231233E-03
       243 -1.133887E-03  7.393669E-04 -4.718262E-03
       244 -3.875935E-03  2.021725E-04 -5.187058E-03

 forces (fx,fy,fz) for set RIGHT and time  0.1000000E+01

        21  9.587276E+02  1.058757E+03 -1.447124E+03
        22  8.699391E+02 -1.163840E+03  9.278292E+02
        23 -1.121697E+03 -3.798244E+02 -4.146333E+02
        24 -7.177432E+02  7.477455E+02  9.311288E+02

 internal energy (element, energy) for set ALL and time  0.1000000E+01

         1  3.684677E-03
         2  4.283872E-03
         3  3.059853E-03
         4  5.588507E-03
         5  4.448806E-03
         6  5.156629E-03
         7  2.484552E-03
         8  2.427910E-03
         9  3.039676E-03
        10  3.756831E-03
        11  5.462148E-03
        12  9.721753E-04
        13  4.641253E-03
        14  4.233505E-03
        15  1.945099E-03
        16  2.356566E-03
        17  2.699565E-02
        18  2.255952E-02
        19  1.506156E-02
        20  1.317023E-02
        21  1.261952E-02
        22  1.697859E-02
        23  1.805059E-02
        24  2.290728E-02
        25  6.857163E-03
        26  1.064251E-02
        27  3.207617E-03
        28  4.351560E-03
        29  6.067925E-03
        30  5.485862E-03
        31  8.670286E-03
        32  5.776078E-03
        33  4.184733E-02
        34  4.143317E-02
        35  6.956013E-02
        36  5.770950E-02
        37  5.258656E-02
        38  9.534976E-02
        39  3.058688E-02
        40  5.750885E-02
        41  6.555922E-04
        42  7.331258E-04
        43  1.053227E-03
        44  1.063047E-03
        45  4.740023E-04
        46  7.116177E-04
        47  5.451758E-04
        48  7.241299E-04
        49  1.978924E-04
        50  1.707239E-03
        51  1.907841E-03
        52  9.032498E-04
        53  6.710861E-04
        54  7.890913E-04
        55  1.668800E-03
        56  5.503103E-04
        57  9.007288E-03
        58  1.231790E-03
        59  1.147426E-03
        60  8.254005E-03
        61  1.186018E-02
        62  1.470698E-03
        63  2.035680E-03
        64  1.340353E-02
        65  2.526858E-03
        66  3.045684E-04
        67  4.106000E-04
        68  2.808774E-03
        69  1.586623E-03
        70  1.208648E-04
        71  5.033467E-04
        72  2.651697E-03
        73  1.511363E-03
        74  1.937930E-04
        75  9.026575E-05
        76  1.059272E-03
        77  1.493254E-03
        78  1.493034E-04
        79  7.313999E-04
        80  3.211014E-03
        81  9.229014E-04
        82  2.302852E-04
        83  2.047249E-04
        84  6.639604E-04
        85  1.001975E-03
        86  3.108520E-04
        87  3.800644E-04
        88  1.533536E-03
        89  5.141031E-03
        90  8.067205E-04
        91  2.954725E-04
        92  3.158815E-03
        93  2.302289E-03
        94  3.633241E-04
        95  8.076582E-04
        96  3.982884E-03
        97  6.680660E-03
        98  9.185954E-04
        99  1.466055E-03
       100  7.731145E-03
       101  9.032295E-03
       102  1.342240E-03
       103  9.252987E-04
       104  7.843858E-03
       105  5.163668E-02
       106  4.795444E-02
       107  4.321808E-02
       108  4.008501E-02
       109  1.243385E-02
       110  2.033293E-02
       111  1.206806E-02
       112  1.452625E-02
       113  9.210617E-02
       114  6.025335E-02
       115  7.070357E-02
       116  7.346441E-02
       117  7.309970E-02
       118  7.285662E-02
       119  5.623217E-02
       120  7.648817E-02
       121  1.082261E-01
       122  6.406894E-02
       123  9.436844E-02
       124  6.970366E-02
       125  6.207138E-02
       126  1.118800E-01
       127  6.030404E-02
       128  1.054466E-01
       129  8.345218E-02
       130  6.010171E-02
       131  8.830873E-02
       132  7.286095E-02
       133  8.323654E-02
       134  8.006838E-02
       135  7.014117E-02
       136  8.149240E-02
       137  8.881492E-02
       138  7.961405E-02
       139  1.087976E-01
       140  6.966673E-02
       141  6.943827E-02
       142  1.019655E-01
       143  7.927375E-02
       144  1.065942E-01
       145  1.120422E-01
       146  1.370369E-01
       147  4.285578E-02
       148  1.216852E-01
       149  1.244919E-01
       150  4.043151E-02
       151  1.267270E-01
       152  6.434486E-02
       153  1.156931E-01
       154  1.462848E-01
       155  4.529132E-02
       156  1.259226E-01
       157  1.296402E-01
       158  4.048306E-02
       159  1.326488E-01
       160  4.457513E-02
       161  1.241127E-01
       162  1.291435E-01
       163  3.583007E-02
       164  1.152244E-01
       165  1.184685E-01
       166  3.387326E-02
       167  1.193490E-01
       168  7.692957E-02
       169  1.366085E-01
       170  1.318013E-01
       171  4.208810E-02
       172  1.256927E-01
       173  1.250631E-01
       174  3.516650E-02
       175  1.364253E-01
       176  7.623991E-02
       177  7.527284E-02
       178  1.664845E-01
       179  4.015488E-02
       180  1.554985E-01
       181  1.487592E-01
       182  3.576274E-02
       183  2.111614E-01
       184  1.193924E-01
       185  8.759006E-02
       186  1.777980E-01
       187  4.260134E-02
       188  1.664828E-01
       189  1.626937E-01
       190  4.180364E-02
       191  2.208682E-01
       192  1.341292E-01
       193  6.612689E-02
       194  1.784470E-01
       195  4.333268E-02
       196  1.598279E-01
       197  1.548842E-01
       198  4.179125E-02
       199  2.170222E-01
       200  1.072025E-01
       201  6.672821E-02
       202  1.958692E-01
       203  4.892803E-02
       204  1.706311E-01
       205  1.694149E-01
       206  4.978743E-02
       207  2.180034E-01
       208  1.151834E-01
       209  8.507277E-02
       210  7.083418E-02
       211  7.919507E-02
       212  9.492715E-02
       213  8.103007E-02
       214  5.877520E-02
       215  7.409195E-02
       216  6.121482E-02
       217  7.992565E-02
       218  5.526202E-02
       219  6.440895E-02
       220  8.206092E-02
       221  9.485077E-02
       222  6.614457E-02
       223  7.665594E-02
       224  9.546920E-02
       225  8.204765E-02
       226  5.979234E-02
       227  5.961534E-02
       228  8.066808E-02
       229  7.774792E-02
       230  5.762064E-02
       231  5.771552E-02
       232  7.764017E-02
       233  7.657788E-02
       234  6.410252E-02
       235  5.954982E-02
       236  7.441129E-02
       237  7.023446E-02
       238  6.749203E-02
       239  6.439464E-02
       240  7.655286E-02
       241  1.335881E-01
       242  1.714511E-01
       243  4.126922E-02
       244  1.315311E-01
       245  1.478908E-01
       246  4.967439E-02
       247  1.191859E-01
       248  6.757658E-02
       249  1.156426E-01
       250  1.450310E-01
       251  4.610580E-02
       252  1.313659E-01
       253  1.405322E-01
       254  5.072704E-02
       255  1.287015E-01
       256  7.628957E-02
       257  1.338285E-01
       258  1.471809E-01
       259  3.517166E-02
       260  1.197645E-01
       261  1.326160E-01
       262  4.667030E-02
       263  1.137005E-01
       264  9.542037E-02
       265  1.527846E-01
       266  1.620811E-01
       267  4.316853E-02
       268  1.353565E-01
       269  1.462100E-01
       270  4.495679E-02
       271  1.354116E-01
       272  7.476676E-02
       273  7.666983E-02
       274  1.807239E-01
       275  3.444866E-02
       276  1.463596E-01
       277  1.566746E-01
       278  4.641399E-02
       279  1.413948E-01
       280  1.299527E-01
       281  8.809700E-02
       282  1.917146E-01
       283  3.576534E-02
       284  1.551601E-01
       285  1.715357E-01
       286  5.541711E-02
       287  1.399622E-01
       288  1.512481E-01
       289  7.045554E-02
       290  2.037670E-01
       291  3.977329E-02
       292  1.584894E-01
       293  1.737861E-01
       294  5.659870E-02
       295  1.431479E-01
       296  1.264615E-01
       297  6.537861E-02
       298  1.960539E-01
       299  4.072307E-02
       300  1.574251E-01
       301  1.715331E-01
       302  5.730748E-02
       303  1.451346E-01
       304  1.202561E-01

 total internal energy for set ALL and time  0.1000000E+01

        2.033241E+01
