
                        S T E P       1


                                INCREMENT     1


 displacements (vx,vy,vz) for set NALL and time  0.1000000E+01

         1  0.000000E+00  0.000000E+00 -3.308722E-25
         2  0.000000E+00  0.000000E+00  6.617445E-25
         3  0.000000E+00 -2.067952E-26  5.856439E-23
         4  0.000000E+00 -4.135903E-26 -2.332649E-23
         5  1.774030E-04 -6.632588E-06 -2.439502E-04
         6  1.789411E-04  1.312378E-05  2.637089E-04
         7 -2.452564E-04  3.932621E-06 -2.450503E-04
         8 -2.447072E-04  3.888750E-07  2.661768E-04
         9  1.763372E-03 -8.391337E-06 -2.150888E-03
        10  1.764496E-03  6.123554E-06  2.173949E-03
        11 -1.851403E-03  2.050527E-05 -2.151045E-03
        12 -1.851934E-03 -1.516668E-05  2.174954E-03
        13  3.226185E-03  8.485683E-07 -3.859610E-03
        14  3.224779E-03 -1.629685E-05  3.800222E-03
        15 -3.155057E-03  6.709258E-06 -3.863197E-03
        16 -3.154900E-03 -1.123471E-05  3.803223E-03
        17  4.100931E-03 -1.287370E-05 -4.869253E-03
        18  4.103773E-03  1.334966E-05  4.813051E-03
        19 -3.962192E-03  1.174979E-05 -4.874447E-03
        20 -3.966492E-03 -1.971634E-05  4.816716E-03
        21  5.000000E-03  4.235165E-23 -6.000000E-03
        22  5.000000E-03 -8.470329E-23  6.000000E-03
        23 -5.000000E-03  7.030373E-21 -6.000000E-03
        24 -5.000000E-03  4.404571E-21  6.000000E-03
        25  3.328266E-03 -2.707633E-05 -3.435687E-03
        26  2.369397E-03 -3.130640E-05  3.429435E-03
        27 -2.419136E-03 -8.910464E-06 -3.433729E-03
        28 -3.367276E-03 -3.751371E-05  3.421653E-03
        29  3.763501E-03 -9.677929E-06 -4.103920E-03
        30  4.281762E-03 -1.827087E-05 -4.560083E-03
        31  4.391223E-03 -1.379035E-05 -4.817982E-03
        32  3.097589E-03 -1.250529E-05  3.741534E-03
        33  3.362212E-03 -1.543746E-05  3.918826E-03
        34  3.713496E-03 -6.245730E-06  4.451763E-03
        35 -2.840073E-03  8.824923E-07 -3.976180E-03
        36 -2.907782E-03 -3.753779E-06 -4.273299E-03
        37 -3.385150E-03  3.357836E-06 -4.624249E-03
        38 -3.671441E-03 -1.935665E-05  4.018143E-03
        39 -4.202232E-03 -2.767545E-05  4.440783E-03
        40 -4.288506E-03 -2.303733E-05  4.697280E-03
        41  1.057410E-06  1.152602E-08  7.367436E-07
        42  8.949599E-07  8.293374E-09  6.229667E-07
        43 -2.609667E-07  1.653694E-08 -2.866762E-07
        44 -3.750365E-07  1.926577E-08 -4.106711E-07
        45  1.761066E-03 -6.893129E-05 -6.900793E-04
        46  1.762597E-03  4.491312E-06  4.585803E-05
        47  1.761566E-03  7.208129E-05  7.674940E-04
        48 -1.853947E-03  8.004926E-05 -7.646190E-04
        49 -1.852716E-03  5.228570E-06 -2.864174E-05
        50 -1.854274E-03 -7.217187E-05  7.267720E-04
        51  5.418885E-04  6.061927E-05 -2.153816E-03
        52 -9.351874E-05  3.427484E-06 -2.152859E-03
        53 -7.008915E-04 -5.117377E-05 -2.153954E-03
        54  5.937665E-04 -6.043866E-05  2.171387E-03
        55 -1.247146E-05 -3.953721E-07  2.172645E-03
        56 -6.372476E-04  5.558151E-05  2.171757E-03
        57  5.001585E-03  1.368209E-05  1.188878E-04
        58 -4.998043E-03  4.285084E-06 -1.099987E-04
        59  1.984369E-05  2.241923E-05 -5.998980E-03
        60  2.119040E-04 -8.279575E-06  6.001158E-03
        61  2.773928E-04  4.914023E-05 -7.065731E-04
        62  9.645541E-04  3.238323E-04 -2.485283E-03
        63  2.036737E-03  7.157344E-04 -4.816243E-03
        64  2.556871E-03  9.028444E-04 -5.854987E-03
        65  2.110968E-03  7.180286E-04 -5.025506E-03
        66  8.522551E-04  2.693600E-04 -3.098826E-03
        67 -5.578566E-04 -9.104104E-06 -1.996267E-03
        68 -2.383299E-04 -4.675124E-05 -6.997857E-04
        69  8.609735E-05 -3.255739E-04 -2.509333E-03
        70  5.772983E-04 -7.247008E-04 -4.893898E-03
        71  6.509863E-04 -9.065649E-04 -5.913904E-03
        72  2.520634E-04 -7.021083E-04 -4.999759E-03
        73 -1.270582E-04 -2.358613E-04 -3.002080E-03
        74  4.320761E-04  3.630555E-05 -1.938699E-03
        75  1.070922E-04 -5.135186E-05  7.743969E-04
        76 -2.862742E-04 -3.301375E-04  2.578325E-03
        77 -8.248571E-04 -7.151982E-04  4.866077E-03
        78 -9.465734E-04 -8.981949E-04  5.880744E-03
        79 -5.746437E-04 -7.189353E-04  5.075124E-03
        80 -1.687733E-04 -2.800311E-04  3.189711E-03
        81 -6.211425E-04  3.437195E-06  2.061871E-03
        82 -2.975199E-04  6.366110E-05  7.871720E-04
        83 -8.865165E-04  3.522118E-04  2.659340E-03
        84 -1.853350E-03  7.504055E-04  5.034010E-03
        85 -2.309917E-03  9.320778E-04  6.050554E-03
        86 -1.884385E-03  7.333797E-04  5.160910E-03
        87 -7.291887E-04  2.704426E-04  3.176477E-03
        88  5.441904E-04 -1.900283E-05  2.034957E-03
        89  7.560979E-06  5.039282E-05 -1.943679E-04
        90 -1.401954E-03  4.553929E-04 -1.460348E-05
        91 -3.619084E-03  1.056512E-03  2.879932E-04
        92 -4.581795E-03  1.304165E-03  4.770625E-04
        93 -3.465573E-03  1.054334E-03  5.012025E-04
        94 -9.079620E-04  5.179005E-04  5.604172E-04
        95  1.080327E-03  1.297090E-04  1.119943E-03
        96  4.007670E-06 -4.594612E-05  2.208222E-04
        97 -1.391093E-03 -4.479028E-04  5.828649E-04
        98 -3.587785E-03 -1.044439E-03  1.306328E-03
        99 -4.571226E-03 -1.298190E-03  1.648966E-03
       100 -3.503234E-03 -1.060355E-03  1.252281E-03
       101 -9.749850E-04 -5.311052E-04  2.033996E-04
       102  1.043270E-03 -1.376118E-04 -1.002465E-03
       103 -1.221821E-04 -3.930280E-05 -2.630034E-04
       104  1.308542E-03 -4.513069E-04 -5.305114E-04
       105  3.643317E-03 -1.084469E-03 -9.998750E-04
       106  4.667302E-03 -1.348064E-03 -1.217007E-03
       107  3.495633E-03 -1.086021E-03 -9.157357E-04
       108  8.161916E-04 -5.244985E-04 -9.152767E-05
       109 -1.201687E-03 -1.303141E-04  9.999410E-04
       110 -1.153752E-04  4.581355E-05  2.809269E-04
       111  1.282145E-03  4.498176E-04 -2.279336E-05
       112  3.552702E-03  1.066640E-03 -6.299399E-04
       113  4.552160E-03  1.325106E-03 -9.579325E-04
       114  3.401574E-03  1.068847E-03 -8.449484E-04
       115  7.626443E-04  5.169426E-04 -6.140725E-04
       116 -1.217792E-03  1.309427E-04 -1.048235E-03
       117  3.774725E-04 -5.089130E-05 -4.289128E-03
       118 -2.224891E-04  2.201963E-05 -4.366798E-03
       119  3.310061E-04 -1.774103E-06  4.232975E-03
       120 -1.896338E-04 -1.892927E-05  4.254070E-03
       121  3.687598E-03  3.138144E-05  7.426333E-04
       122  3.636886E-03 -3.920237E-05 -8.832744E-04
       123 -3.495764E-03  2.961314E-05  7.609525E-04
       124 -3.519457E-03 -3.357920E-05 -7.761696E-04
       125  5.576776E-04 -7.440402E-05 -5.231814E-03
       126 -4.172794E-04  6.759038E-05 -5.220091E-03
       127  5.565014E-04  7.226843E-05  5.184288E-03
       128 -3.363634E-04 -7.665910E-05  5.186094E-03
       129  4.321178E-03  4.907398E-05  8.954775E-04
       130  4.318702E-03 -5.149907E-05 -8.874515E-04
       131 -4.180472E-03 -4.421382E-05  7.441909E-04
       132 -4.190767E-03  5.076921E-05 -7.894658E-04

 forces (fx,fy,fz) for set RIGHT and time  0.1000000E+01

        21  3.117022E+03  2.659128E+03 -3.100503E+03
        22  2.696895E+03 -2.634874E+03  2.723817E+03
        23 -3.208112E+03  7.191959E+02 -2.711404E+03
        24 -2.713892E+03  4.003684E+02  3.086490E+03

 internal energy (element, energy) for set ALL and time  0.1000000E+01

         1  9.836334E-02
         2  1.116231E-01
         3  1.077800E-01
         4  1.069918E-01
         5  2.565331E-01
         6  2.805427E-01
         7  2.744704E-01
         8  2.782689E-01
         9  2.150210E-02
        10  1.630429E-02
        11  8.358683E-04
        12  3.531022E-03
        13  5.460341E-03
        14  1.306217E-02
        15  1.198206E-02
        16  1.213427E-02
        17  1.909246E-03
        18  4.062714E-04
        19  7.129448E-04
        20  2.165638E-03
        21  2.233903E-03
        22  1.469200E-03
        23  1.756649E-03
        24  1.941901E-02
        25  5.101530E-03
        26  6.799095E-04
        27  9.662689E-04
        28  1.177103E-02
        29  4.454308E-03
        30  1.106324E-03
        31  7.006301E-04
        32  1.121808E-03
        33  1.110522E-01
        34  1.013791E-01
        35  1.222480E-01
        36  9.009894E-02
        37  6.548733E-04
        38  2.537413E-03
        39  1.662457E-03
        40  5.145261E-04
        41  3.432250E-04
        42  1.258861E-03
        43  1.940317E-03
        44  4.126337E-04
        45  2.844546E-01
        46  3.556517E-01
        47  2.067171E-01
        48  2.309475E-01
        49  2.932641E-01
        50  4.248839E-02
        51  3.657338E-02
        52  2.711546E-01
        53  3.240528E-01
        54  4.387134E-02
        55  5.162046E-02
        56  3.496228E-01
        57  2.547650E-01
        58  4.017310E-02
        59  2.857184E-02
        60  2.293827E-01
        61  3.386868E-01
        62  4.314642E-02
        63  5.366782E-02
        64  3.572634E-01
        65  7.111251E-02
        66  2.298211E-01
        67  8.960206E-02
        68  1.144769E-01
        69  2.673531E-02
        70  3.947023E-02
        71  3.430383E-02
        72  4.951822E-02
        73  1.981552E-01
        74  2.855563E-01
        75  6.798707E-02
        76  3.585212E-02
        77  1.523592E-01
        78  1.311772E-01
        79  1.568323E-01
        80  5.591794E-02
        81  2.599389E-01
        82  2.705486E-01
        83  2.668830E-01
        84  2.648482E-01
        85  3.842666E-01
        86  3.845853E-01
        87  3.648607E-01
        88  3.832995E-01
        89  1.174040E-01
        90  1.437341E-01
        91  5.438155E-02
        92  1.383391E-01
        93  1.340614E-01
        94  4.857627E-02
        95  1.812874E-01
        96  7.576518E-02
        97  1.490852E-01
        98  1.703003E-01
        99  6.678359E-02
       100  1.658793E-01
       101  1.581730E-01
       102  5.500638E-02
       103  2.341320E-01
       104  6.626675E-02
       105  1.343956E-01
       106  1.203311E-01
       107  4.008967E-02
       108  1.197041E-01
       109  1.160172E-01
       110  3.625359E-02
       111  1.576021E-01
       112  9.273093E-02
       113  1.557523E-01
       114  1.463426E-01
       115  5.296569E-02
       116  1.481487E-01
       117  1.398898E-01
       118  4.084273E-02
       119  1.986194E-01
       120  1.075089E-01
       121  4.702811E-02
       122  1.064680E-01
       123  2.245915E-02
       124  8.813930E-02
       125  9.363792E-02
       126  3.139026E-02
       127  1.035482E-01
       128  6.544493E-02
       129  5.519107E-02
       130  1.190097E-01
       131  2.492200E-02
       132  9.697942E-02
       133  1.042633E-01
       134  3.423325E-02
       135  1.065164E-01
       136  8.352831E-02
       137  3.861009E-02
       138  1.275425E-01
       139  3.193415E-02
       140  1.063001E-01
       141  1.118560E-01
       142  4.151605E-02
       143  1.224693E-01
       144  6.263433E-02
       145  4.398883E-02
       146  1.402968E-01
       147  3.526078E-02
       148  1.175601E-01
       149  1.246774E-01
       150  4.738175E-02
       151  1.348607E-01
       152  6.652933E-02
       153  3.103420E+00
       154  3.266918E+00
       155  2.830609E+00
       156  3.465304E+00
       157  3.162757E+00
       158  3.606331E+00
       159  3.501158E+00
       160  3.367794E+00
       161  8.481976E-01
       162  3.622177E-01
       163  5.142441E-01
       164  3.412781E-01
       165  4.177480E-01
       166  6.834210E-01
       167  3.628593E-01
       168  4.652958E-01
       169  1.399191E+00
       170  5.240908E-01
       171  9.984117E-01
       172  3.855172E-01
       173  4.791514E-01
       174  1.236341E+00
       175  4.367975E-01
       176  1.058515E+00
       177  7.782542E-01
       178  6.118759E-01
       179  6.427923E-01
       180  6.133819E-01
       181  7.231083E-01
       182  6.635558E-01
       183  7.326968E-01
       184  6.488026E-01
       185  7.255098E-01
       186  4.730254E-01
       187  7.511899E-01
       188  4.628887E-01
       189  6.462034E-01
       190  8.106525E-01
       191  8.467805E-01
       192  7.119619E-01

 total internal energy for set ALL and time  0.1000000E+01

        6.420644E+01
