
                        S T E P       1


                                INCREMENT     1


 displacements (vx,vy,vz) for set NALL and time  0.1000000E+01

         1  0.000000E+00 -1.406207E-24 -6.617445E-25
         2  0.000000E+00  0.000000E+00 -1.323489E-24
         3  6.617445E-25  6.617445E-25  1.320180E-22
         4  0.000000E+00  0.000000E+00  2.726387E-22
         5  5.153443E-04  7.041615E-07 -5.805705E-04
         6  5.153341E-04  2.376942E-07  5.599707E-04
         7 -4.744267E-04  5.077073E-06 -5.808339E-04
         8 -4.751642E-04  3.848520E-06  5.600652E-04
         9  9.502866E-04  1.696312E-06 -1.038489E-03
        10  9.508184E-04  7.496360E-06  1.032388E-03
        11 -9.424121E-04 -4.894599E-06 -1.039114E-03
        12 -9.426211E-04  1.182560E-05  1.032718E-03
        13  1.254998E-03 -3.540391E-05 -1.769284E-03
        14  1.255834E-03  4.202816E-05  1.733441E-03
        15 -1.346627E-03  3.733979E-05 -1.770531E-03
        16 -1.348566E-03 -1.776823E-05  1.734407E-03
        17  1.411078E-03 -2.914636E-05 -2.690052E-03
        18  1.410666E-03  4.035225E-05  2.596499E-03
        19 -1.594849E-03  5.131267E-05 -2.690241E-03
        20 -1.595056E-03 -1.429455E-05  2.596363E-03
        21  5.000000E-03  1.694066E-22 -6.000000E-03
        22  5.000000E-03  1.694066E-22  6.000000E-03
        23 -5.000000E-03 -1.694066E-22 -6.000000E-03
        24 -5.000000E-03  1.524659E-21  6.000000E-03
        25  1.790091E-04 -1.086958E-05 -2.479890E-04
        26  1.918327E-04 -1.041449E-05  2.248559E-04
        27 -1.746332E-04 -4.049651E-06 -2.544046E-04
        28 -1.855118E-04 -5.494528E-06  2.340740E-04
        29  1.209925E-03 -1.758528E-05 -1.446013E-03
        30  1.471140E-03 -2.677729E-05 -1.914465E-03
        31  1.460134E-03 -2.813886E-05 -1.906645E-03
        32  1.041986E-03  1.316007E-05  9.513407E-04
        33  1.217829E-03  1.446064E-05  9.150132E-04
        34  1.235670E-03  2.286730E-05  1.363211E-03
        35 -1.065882E-03  1.336976E-06 -8.987331E-04
        36 -1.202734E-03  6.468390E-06 -7.956841E-04
        37 -1.215616E-03  1.924218E-05 -1.327634E-03
        38 -1.232687E-03 -4.297408E-06  1.404962E-03
        39 -1.473618E-03 -1.278606E-05  1.804289E-03
        40 -1.466181E-03 -1.409852E-05  1.805988E-03
        41  1.582823E-03 -4.369949E-05 -1.903178E-03
        42  1.957315E-03 -4.820870E-05 -2.123580E-03
        43  1.818897E-03 -4.686814E-05 -2.313490E-03
        44  1.075450E-03  3.682485E-05  1.913370E-03
        45  1.038258E-03  2.974987E-05  2.181726E-03
        46  1.275145E-03  3.146430E-05  2.348198E-03
        47 -1.473017E-03  3.113425E-05 -1.863705E-03
        48 -1.685320E-03  2.953204E-05 -2.008461E-03
        49 -1.659132E-03  3.392163E-05 -2.245139E-03
        50 -1.545220E-03 -2.423912E-05  1.892705E-03
        51 -1.672755E-03 -2.932283E-05  2.118015E-03
        52 -1.681088E-03 -2.703835E-05  2.315598E-03
        53  2.343671E-03 -6.356154E-05 -4.356437E-03
        54  1.567779E-03 -3.484129E-05  4.692245E-03
        55 -1.677036E-03 -2.438041E-05 -4.792474E-03
        56 -2.760047E-03 -5.413211E-05  4.568885E-03
        57 -1.647136E-06  2.793192E-10 -1.140263E-06
        58 -1.448107E-06  7.177384E-10 -1.002291E-06
        59 -8.796559E-08 -2.807870E-08 -8.681499E-08
        60  5.238504E-08 -2.848431E-08  6.488645E-08
        61  5.151637E-04 -5.019267E-06  7.451472E-05
        62 -4.754629E-04  3.397745E-06 -3.961044E-05
        63 -4.224545E-05  2.895465E-06 -5.799970E-04
        64  5.162576E-05  7.381265E-07  5.605865E-04
        65  9.500018E-04  9.601432E-06 -1.934331E-05
        66 -9.433051E-04  4.781072E-06  5.261805E-05
        67  1.665541E-05 -1.980827E-06 -1.038184E-03
        68 -4.273582E-05  1.039099E-05  1.033123E-03
        69  1.255138E-03  1.002137E-05  3.194926E-05
        70 -1.347748E-03  2.010920E-05  4.304703E-06
        71 -8.352204E-05 -3.204936E-06 -1.770644E-03
        72 -5.924676E-05  1.021162E-05  1.733636E-03
        73  1.412649E-03 -1.084622E-05 -1.536697E-03
        74  1.412524E-03 -9.489677E-06 -6.688366E-05
        75  1.412533E-03 -2.770257E-07  1.412104E-03
        76 -1.594842E-03  2.285431E-05 -1.485686E-03
        77 -1.594504E-03  4.696544E-06  4.207400E-06
        78 -1.595230E-03 -9.862991E-06  1.470271E-03
        79  6.665440E-04  2.758808E-05 -2.691812E-03
        80 -5.788242E-05  9.463634E-06 -2.691730E-03
        81 -7.993167E-04 -7.560273E-06 -2.691851E-03
        82  6.305047E-04 -2.313983E-06  2.594549E-03
        83 -1.220867E-04  6.700873E-06  2.594816E-03
        84 -8.599837E-04  1.933055E-05  2.594458E-03
        85  4.993171E-03 -1.912592E-04 -4.456623E-03
        86  4.991758E-03 -2.268924E-04 -2.938255E-03
        87  4.994058E-03 -1.578116E-04 -1.438109E-03
        88  4.995503E-03 -3.788225E-05  5.091835E-05
        89  4.994816E-03  8.299522E-05  1.534848E-03
        90  4.993136E-03  1.581308E-04  3.018600E-03
        91  4.994488E-03  1.430452E-04  4.506113E-03
        92 -5.008391E-03  1.868877E-04 -4.717409E-03
        93 -5.009425E-03  2.197403E-04 -3.308775E-03
        94 -5.007347E-03  1.486083E-04 -1.804633E-03
        95 -5.006001E-03  2.652308E-05 -2.385157E-04
        96 -5.006909E-03 -9.612493E-05  1.356925E-03
        97 -5.008602E-03 -1.712825E-04  2.949446E-03
        98 -5.007819E-03 -1.528445E-04  4.507045E-03
        99  3.699922E-03  3.945949E-05 -6.000002E-03
       100  2.375684E-03  5.926210E-05 -6.000588E-03
       101  1.043828E-03  6.601303E-05 -6.000146E-03
       102 -2.763471E-04  6.513899E-05 -5.999637E-03
       103 -1.563587E-03  5.918551E-05 -5.999158E-03
       104 -2.795217E-03  4.813061E-05 -5.998926E-03
       105 -3.947597E-03  2.962844E-05 -5.999102E-03
       106  3.740214E-03  2.608146E-05  5.999958E-03
       107  2.478895E-03  3.343954E-05  6.000477E-03
       108  1.218774E-03  2.761504E-05  6.000164E-03
       109 -3.821082E-05  1.471315E-05  5.999992E-03
       110 -1.290497E-03  3.259245E-07  6.000031E-03
       111 -2.536468E-03 -1.021710E-05  6.000265E-03
       112 -3.773922E-03 -1.177863E-05  6.000113E-03
       113 -5.678433E-05 -2.476531E-05 -2.577717E-04
       114 -5.778385E-05  1.496455E-05 -2.540226E-04
       115  1.238933E-05  2.050870E-05  2.308196E-04
       116  1.017138E-04 -1.517304E-05  2.260967E-04
       117  1.993601E-04  1.969965E-05  1.425892E-04
       118  1.803396E-04 -1.841476E-05 -1.287840E-04
       119 -1.688024E-04  6.063879E-06  1.223903E-04
       120 -1.777203E-04 -1.771917E-07 -1.484414E-04
       121  1.302501E-04 -2.011452E-05 -7.819440E-04
       122 -8.837503E-05  2.367170E-05 -7.788507E-04
       123  7.132566E-05  1.075801E-05  7.772263E-04
       124 -4.422166E-05  3.762083E-08  7.785978E-04
       125  7.753874E-04 -3.742298E-06  1.813105E-04
       126  7.756597E-04  3.024280E-06 -8.291641E-05
       127 -6.891817E-04  2.331706E-05  1.108671E-04
       128 -6.897358E-04 -1.643879E-05 -9.654837E-05
       129  1.296526E-04  1.470884E-05 -1.460035E-03
       130 -2.011907E-04 -2.077806E-05 -1.480289E-03
       131  8.073299E-05 -8.454850E-06  1.423759E-03
       132 -1.308333E-04  2.934924E-05  1.423697E-03
       133  1.133940E-03  2.041208E-05  3.063625E-04
       134  1.179467E-03 -1.670020E-06 -3.552114E-04
       135 -1.185234E-03  1.582282E-05  3.319550E-04
       136 -1.131986E-03  7.707871E-06 -2.607293E-04
       137  1.827845E-05 -7.208269E-05 -1.951081E-03
       138 -2.904522E-04  6.946892E-05 -1.978508E-03
       139  1.111998E-04  5.673383E-05  2.022117E-03
       140 -1.354884E-04 -3.464482E-05  1.991030E-03
       141  1.452118E-03 -2.406432E-05  3.702361E-04
       142  1.418509E-03  1.883553E-05 -2.968466E-04
       143 -1.507291E-03  3.065071E-05  3.334895E-04
       144 -1.544781E-03 -1.423835E-05 -2.027500E-04
       145  1.284158E-03  8.465829E-05 -3.583809E-03
       146  2.110437E-03  5.495371E-04 -6.577886E-03
       147  3.469165E-03  1.227403E-03 -1.059443E-02
       148  3.930783E-03  1.610965E-03 -1.269141E-02
       149  2.845427E-03  1.411056E-03 -1.181613E-02
       150  4.124693E-04  7.385189E-04 -8.924558E-03
       151 -2.430046E-03  1.708725E-04 -6.657241E-03
       152 -1.018830E-03 -1.295053E-04 -3.992372E-03
       153 -1.351698E-04 -6.337967E-04 -7.236508E-03
       154  6.773960E-04 -1.229172E-03 -1.076788E-02
       155  9.394180E-04 -1.503272E-03 -1.228569E-02
       156  7.153870E-04 -1.243485E-03 -1.111962E-02
       157  7.665430E-04 -5.922422E-04 -8.318479E-03
       158  2.302747E-03 -8.984092E-05 -6.312926E-03
       159  8.878580E-04 -7.719026E-05  3.503605E-03
       160 -1.180113E-04 -5.505157E-04  6.553253E-03
       161 -1.357358E-03 -1.231487E-03  1.058390E-02
       162 -1.978176E-03 -1.621259E-03  1.271176E-02
       163 -1.852464E-03 -1.432992E-03  1.188898E-02
       164 -1.675471E-03 -7.651432E-04  9.019544E-03
       165 -2.760027E-03 -1.828040E-04  6.676560E-03
       166 -1.377194E-03  1.058977E-04  3.534385E-03
       167 -1.964440E-03  5.929568E-04  6.677592E-03
       168 -3.143727E-03  1.284283E-03  1.077819E-02
       169 -3.544376E-03  1.675398E-03  1.292121E-02
       170 -2.545771E-03  1.481359E-03  1.207999E-02
       171 -2.839004E-04  8.078219E-04  9.188752E-03
       172  2.438883E-03  2.050693E-04  6.782312E-03
       173  4.133630E-04  2.709161E-04 -2.143561E-03
       174 -3.109016E-03  1.279222E-03 -8.868772E-04
       175 -7.556449E-03  2.483495E-03  9.658392E-04
       176 -9.255076E-03  2.921163E-03  2.674878E-03
       177 -6.762689E-03  2.360409E-03  3.814416E-03
       178 -1.347069E-03  1.222991E-03  4.447062E-03
       179  3.161497E-03  3.376698E-04  5.090203E-03
       180  8.559783E-04 -1.361712E-04  2.135997E-03
       181 -2.187906E-03 -1.011371E-03  2.186713E-03
       182 -6.888807E-03 -2.286220E-03  2.598300E-03
       183 -9.170289E-03 -2.871862E-03  2.169063E-03
       184 -7.228138E-03 -2.440283E-03  4.503277E-04
       185 -2.020227E-03 -1.349499E-03 -2.164386E-03
       186  2.761083E-03 -4.120193E-04 -4.436245E-03
       187 -9.527344E-04 -1.463595E-04 -2.421080E-03
       188  2.217710E-03 -1.056680E-03 -2.223704E-03
       189  6.836715E-03 -2.307524E-03 -1.867900E-03
       190  8.873768E-03 -2.830412E-03 -8.712868E-04
       191  6.662153E-03 -2.335021E-03  8.824405E-04
       192  1.368433E-03 -1.224203E-03  3.058042E-03
       193 -3.126973E-03 -3.422108E-04  4.807839E-03
       194 -1.270354E-03  9.446431E-05  2.237696E-03
       195  1.473401E-03  8.860342E-04  8.063899E-04
       196  5.938366E-03  2.097559E-03 -1.798709E-03
       197  8.090904E-03  2.651133E-03 -4.060211E-03
       198  6.171240E-03  2.224721E-03 -5.200697E-03
       199  1.199447E-03  1.184443E-03 -5.340915E-03
       200 -3.085637E-03  3.450658E-04 -5.413648E-03

 forces (fx,fy,fz) for set RIGHT and time  0.1000000E+01

        21  9.287051E+02  1.535185E+03 -2.426880E+03
        22  1.883714E+03 -2.132167E+03  1.673603E+03
        23 -1.873691E+03 -3.158466E+02 -4.662565E+02
        24 -9.023631E+02  1.780585E+03  1.231906E+03

 internal energy (element, energy) for set ALL and time  0.1000000E+01

         1  5.934572E-03
         2  1.152491E-02
         3  9.196348E-03
         4  1.064577E-02
         5  7.725032E-03
         6  1.152163E-02
         7  4.944461E-03
         8  5.417950E-03
         9  3.932171E-03
        10  3.850679E-02
        11  4.462407E-02
        12  8.493916E-03
        13  2.101251E-03
        14  1.126858E-03
        15  1.540427E-03
        16  1.204719E-03
        17  2.483751E-03
        18  1.219191E-03
        19  1.263740E-03
        20  8.829947E-03
        21  6.605395E-03
        22  3.305852E-03
        23  3.319724E-03
        24  1.513028E-02
        25  2.136981E-03
        26  1.029860E-03
        27  8.809124E-04
        28  1.662095E-03
        29  2.650957E-03
        30  4.092511E-04
        31  2.298116E-03
        32  9.302980E-03
        33  1.261800E-02
        34  1.593844E-03
        35  3.441499E-04
        36  1.192541E-03
        37  8.680789E-03
        38  1.162299E-03
        39  1.025726E-03
        40  7.552191E-03
        41  1.192441E-03
        42  2.805980E-04
        43  2.727832E-04
        44  4.323160E-03
        45  1.470963E-01
        46  2.046852E-01
        47  1.927305E-01
        48  1.765076E-01
        49  2.526298E-01
        50  3.264380E-01
        51  7.995757E-02
        52  1.617197E-01
        53  3.214709E-03
        54  3.178467E-03
        55  2.404997E-03
        56  2.537807E-03
        57  2.197451E-03
        58  1.720813E-03
        59  2.184147E-03
        60  1.829831E-03
        61  5.264095E-03
        62  1.838817E-03
        63  2.200526E-03
        64  1.412688E-03
        65  4.299339E-03
        66  2.627635E-03
        67  2.190282E-03
        68  9.847268E-04
        69  9.384112E-04
        70  2.091016E-03
        71  1.731171E-03
        72  1.185024E-03
        73  2.182958E-03
        74  2.853081E-03
        75  2.560105E-03
        76  4.197419E-03
        77  5.036451E-03
        78  1.497652E-02
        79  1.659521E-02
        80  1.758505E-02
        81  1.826612E-03
        82  3.464647E-03
        83  6.227795E-03
        84  4.157364E-03
        85  6.285657E-02
        86  9.700454E-03
        87  7.381325E-03
        88  5.460060E-02
        89  5.829458E-02
        90  6.984216E-03
        91  1.120012E-02
        92  6.903312E-02
        93  7.148787E-03
        94  1.084927E-03
        95  1.314013E-03
        96  8.552864E-03
        97  4.385869E-03
        98  8.893768E-04
        99  3.390793E-04
       100  3.577051E-03
       101  7.164177E-02
       102  3.014299E-02
       103  9.820230E-03
       104  1.204155E-03
       105  1.273192E-03
       106  8.227948E-03
       107  2.305257E-02
       108  4.952154E-02
       109  6.613274E-02
       110  3.800048E-02
       111  1.586377E-02
       112  4.401539E-03
       113  2.145519E-03
       114  8.178358E-03
       115  2.185787E-02
       116  4.212197E-02
       117  2.858357E-02
       118  1.141860E-02
       119  8.541905E-03
       120  9.408814E-03
       121  1.312086E-02
       122  1.950335E-02
       123  2.935871E-02
       124  3.877958E-02
       125  1.754008E-02
       126  7.117520E-03
       127  5.414528E-03
       128  5.117361E-03
       129  5.184081E-03
       130  5.596874E-03
       131  6.653704E-03
       132  8.811647E-03
       133  2.423462E-01
       134  1.339086E-01
       135  1.986872E-01
       136  2.046782E-01
       137  1.770260E-01
       138  1.731486E-01
       139  1.439412E-01
       140  1.880939E-01
       141  2.860725E-01
       142  1.364999E-01
       143  2.393306E-01
       144  1.596821E-01
       145  1.246143E-01
       146  2.442610E-01
       147  1.261070E-01
       148  2.310163E-01
       149  1.538708E-01
       150  1.041751E-01
       151  1.434301E-01
       152  8.201590E-02
       153  1.237113E-01
       154  1.804070E-01
       155  9.172982E-02
       156  1.344291E-01
       157  2.159517E-01
       158  1.350839E-01
       159  2.567818E-01
       160  1.143555E-01
       161  1.040561E-01
       162  2.201966E-01
       163  1.007256E-01
       164  2.309753E-01
       165  1.713635E-01
       166  1.235349E-01
       167  1.725381E-01
       168  1.354086E-01
       169  1.312030E-01
       170  1.913606E-01
       171  1.346352E-01
       172  1.781604E-01
       173  2.467198E-01
       174  1.280064E-01
       175  2.589792E-01
       176  1.391391E-01
       177  1.255202E-01
       178  2.352744E-01
       179  1.565982E-01
       180  2.940000E-01
       181  2.469324E-01
       182  1.522244E-01
       183  2.376433E-01
       184  2.266510E-01
       185  1.977571E-01
       186  1.817066E-01
       187  1.869015E-01
       188  2.110517E-01
       189  2.175715E-01
       190  1.854536E-01
       191  2.549950E-01
       192  1.511623E-01
       193  1.528602E-01
       194  2.078822E-01
       195  2.056517E-01
       196  3.260026E-01
       197  2.656813E-01
       198  3.551054E-01
       199  9.713001E-02
       200  3.010780E-01
       201  3.261623E-01
       202  1.050100E-01
       203  3.007997E-01
       204  1.637189E-01
       205  3.660722E-01
       206  2.223118E-01
       207  1.107172E-01
       208  2.909084E-01
       209  2.777204E-01
       210  9.596632E-02
       211  3.243082E-01
       212  1.919596E-01
       213  3.190954E-01
       214  3.361274E-01
       215  8.446978E-02
       216  2.866463E-01
       217  3.161427E-01
       218  1.133044E-01
       219  2.720891E-01
       220  2.270771E-01
       221  3.694370E-01
       222  3.747343E-01
       223  1.046520E-01
       224  3.286079E-01
       225  3.565608E-01
       226  1.119511E-01
       227  3.140567E-01
       228  1.906325E-01
       229  3.093273E-01
       230  3.195801E-01
       231  9.482319E-02
       232  3.501373E-01
       233  3.449866E-01
       234  9.689763E-02
       235  3.214371E-01
       236  2.912251E-01
       237  2.209983E-01
       238  4.780264E-01
       239  8.817334E-02
       240  3.847631E-01
       241  4.370151E-01
       242  1.516072E-01
       243  3.060850E-01
       244  3.596476E-01
       245  1.989855E-01
       246  4.071373E-01
       247  9.989550E-02
       248  3.666857E-01
       249  3.869182E-01
       250  1.263694E-01
       251  3.254138E-01
       252  2.725981E-01
       253  1.583523E-01
       254  4.960094E-01
       255  1.003275E-01
       256  3.773326E-01
       257  4.170154E-01
       258  1.418158E-01
       259  3.263527E-01
       260  2.829998E-01

 total internal energy for set ALL and time  0.1000000E+01

        3.136712E+01
