
                        S T E P       1


                                INCREMENT     1


 displacements (vx,vy,vz) for set NALL and time  0.1000000E+01

         1  0.000000E+00  3.515518E-25  1.654361E-25
         2  1.654361E-25  0.000000E+00  3.308722E-25
         3  0.000000E+00  0.000000E+00  3.159830E-23
         4  1.654361E-25  0.000000E+00  3.714041E-23
         5  1.620215E-04  5.281552E-07 -1.982893E-04
         6  1.624262E-04  8.723252E-06  1.978057E-04
         7 -1.666526E-04  8.319667E-06 -1.971409E-04
         8 -1.667426E-04  1.895298E-06  1.968056E-04
         9  9.825510E-04  4.747357E-06 -1.161055E-03
        10  9.822992E-04  1.038175E-05  1.193574E-03
        11 -9.770561E-04  1.100988E-05 -1.160837E-03
        12 -9.773795E-04  7.061493E-06  1.193014E-03
        13  1.281729E-03 -5.897799E-06 -1.643055E-03
        14  1.281175E-03  2.688289E-05  1.598088E-03
        15 -1.199024E-03  3.203894E-05 -1.642981E-03
        16 -1.199556E-03 -3.440621E-06  1.597689E-03
        17  1.506149E-03 -1.445996E-05 -2.424370E-03
        18  1.506461E-03  4.469173E-05  2.369122E-03
        19 -1.510436E-03  4.198346E-05 -2.425065E-03
        20 -1.510702E-03 -8.894230E-06  2.369169E-03
        21  5.000000E-03  0.000000E+00 -6.000000E-03
        22  5.000000E-03  0.000000E+00  6.000000E-03
        23 -5.000000E-03  6.708501E-20 -6.000000E-03
        24 -5.000000E-03 -2.405574E-20  6.000000E-03
        25  6.690695E-04 -1.367300E-05 -6.981499E-04
        26  5.043114E-04 -5.233638E-06  7.140747E-04
        27 -5.018135E-04 -5.806838E-06 -6.976338E-04
        28 -6.671110E-04 -8.805748E-06  7.120371E-04
        29  1.467304E-03 -1.512393E-05 -2.486756E-03
        30  1.299542E-03 -1.843091E-05 -2.629056E-03
        31  1.222785E-03 -2.861730E-05 -3.104219E-03
        32  1.402493E-03 -3.464738E-05 -3.996555E-03
        33  1.917242E-03 -2.170588E-05 -5.165999E-03
        34  2.756147E-03  7.168169E-06 -6.206190E-03
        35  3.828919E-03  2.357316E-05 -6.526550E-03
        36  1.395931E-03  3.693498E-05  2.565176E-03
        37  1.226639E-03  2.190700E-05  2.989331E-03
        38  1.037978E-03  3.956535E-06  3.731709E-03
        39  9.378023E-04 -3.974154E-06  4.753723E-03
        40  1.093770E-03  7.485640E-06  5.865087E-03
        41  1.710801E-03  3.180229E-05  6.730896E-03
        42  3.061306E-03  3.619359E-05  6.841640E-03
        43 -1.429793E-03  3.423245E-05 -2.613494E-03
        44 -1.258693E-03  1.922769E-05 -3.029242E-03
        45 -1.048415E-03  1.910379E-06 -3.742386E-03
        46 -9.175644E-04 -5.772640E-06 -4.716550E-03
        47 -1.038988E-03  5.119173E-06 -5.778732E-03
        48 -1.616724E-03  2.847027E-05 -6.621326E-03
        49 -2.932616E-03  3.539900E-05 -6.782854E-03
        50 -1.521993E-03 -1.132487E-05  2.473411E-03
        51 -1.396529E-03 -1.767517E-05  2.679009E-03
        52 -1.327730E-03 -2.914744E-05  3.189748E-03
        53 -1.474300E-03 -3.532861E-05  4.054823E-03
        54 -1.925545E-03 -2.359185E-05  5.136491E-03
        55 -2.705192E-03  2.526211E-06  6.084123E-03
        56 -3.775361E-03  1.823899E-05  6.403741E-03
        57  4.079504E-07 -1.236263E-09  2.819404E-07
        58  5.481096E-07  3.113045E-09  3.807355E-07
        59 -7.875663E-08  1.057013E-08 -8.814299E-08
        60  1.939656E-08  6.914405E-09  1.893195E-08
        61  1.281193E-03 -1.312057E-05 -8.758103E-04
        62  1.281504E-03  6.814694E-06 -1.549408E-05
        63  1.280916E-03  3.039651E-05  8.404706E-04
        64 -1.199125E-03  3.335604E-05 -8.834433E-04
        65 -1.198944E-03  1.705203E-05 -2.493261E-05
        66 -1.199379E-03 -2.173889E-06  8.355495E-04
        67  6.782768E-04  1.441803E-05 -1.644001E-03
        68  4.016033E-05  1.236709E-05 -1.643897E-03
        69 -5.977411E-04  1.100544E-05 -1.643917E-03
        70  6.814861E-04  9.153335E-06  1.597437E-03
        71  4.333023E-05  9.284664E-06  1.597297E-03
        72 -5.963021E-04  1.179184E-05  1.597164E-03
        73  1.506657E-03 -5.275709E-06 -1.356421E-03
        74  1.507068E-03  1.601049E-05 -7.562239E-06
        75  1.506753E-03  3.650748E-05  1.330560E-03
        76 -1.510982E-03  4.376434E-05 -1.360019E-03
        77 -1.510395E-03  1.712951E-05 -3.379966E-06
        78 -1.511007E-03 -9.949545E-06  1.341697E-03
        79  7.677349E-04  1.098757E-05 -2.425466E-03
        80 -5.039662E-06  1.455877E-05 -2.425662E-03
        81 -7.763150E-04  1.726398E-05 -2.425618E-03
        82  7.788821E-04  1.685693E-05  2.367946E-03
        83 -1.002394E-05  1.659598E-05  2.367944E-03
        84 -7.948720E-04  1.770020E-05  2.367835E-03
        85  4.989596E-03 -2.801406E-04 -3.058296E-03
        86  4.994018E-03  4.017606E-05 -1.424136E-04
        87  4.988125E-03  3.535619E-04  2.842062E-03
        88 -5.017933E-03  4.183382E-04 -3.217242E-03
        89 -5.009272E-03  7.550220E-05 -1.265235E-04
        90 -5.014410E-03 -2.759835E-04  3.019542E-03
        91  2.447545E-03 -1.167031E-04 -5.992476E-03
        92 -1.933256E-04  6.400984E-05 -5.994904E-03
        93 -2.740566E-03  2.211397E-04 -5.990107E-03
        94  2.318616E-03  2.327262E-04  6.006479E-03
        95 -1.911761E-04  9.269850E-05  6.002679E-03
        96 -2.609432E-03 -8.260492E-05  6.003693E-03
        97  5.876801E-06  1.384752E-05 -1.232253E-04
        98  1.798772E-05  3.623577E-05 -2.733364E-04
        99 -3.920057E-05  2.151419E-05 -2.302454E-04
       100  1.627887E-05 -1.528234E-05 -1.470685E-04
       101 -4.659855E-05 -3.847803E-05 -3.094368E-04
       102 -3.292341E-05 -1.642071E-05 -2.426482E-04
       103 -2.098212E-05 -1.576439E-05  1.483954E-04
       104  3.051631E-06 -4.457479E-05  3.402699E-04
       105 -1.134030E-05 -2.283254E-05  2.709620E-04
       106  1.219475E-05  1.373152E-05  1.231757E-04
       107  2.824337E-05  3.428411E-05  2.639933E-04
       108  7.266990E-05  1.912036E-05  2.202750E-04
       109 -1.910504E-04  6.106031E-05  1.898650E-05
       110 -2.595432E-04  8.507053E-05  3.104417E-05
       111  1.610351E-06  3.364512E-05  8.722266E-05
       112 -1.412565E-04 -4.548108E-05  1.576765E-05
       113 -1.910907E-04 -6.358187E-05  4.382577E-05
       114  1.937602E-05 -2.209338E-05 -2.734791E-05
       115  1.372027E-04 -4.424698E-05 -3.727467E-05
       116  1.810768E-04 -6.065714E-05 -6.880569E-05
       117 -2.744703E-05 -1.984607E-05  1.519136E-05
       118  1.746355E-04  5.647300E-05  9.535885E-06
       119  2.429594E-04  8.069995E-05  3.356221E-06
       120 -2.381572E-06  3.331215E-05 -6.966980E-05
       121  1.620037E-04  6.400028E-05 -8.003331E-04
       122  1.580900E-04  2.078666E-04 -1.746328E-03
       123 -2.455952E-04  1.543222E-04 -1.633025E-03
       124 -1.893731E-04 -3.943905E-05 -7.442886E-04
       125 -1.263955E-04 -1.606345E-04 -1.580084E-03
       126  3.010179E-04 -1.130841E-04 -1.522133E-03
       127  9.506739E-05 -6.631867E-05  8.862787E-04
       128 -1.238893E-04 -2.169282E-04  1.879227E-03
       129 -4.728378E-04 -1.460211E-04  1.694091E-03
       130 -6.630759E-05  6.465348E-05  8.138518E-04
       131  1.205469E-04  2.051754E-04  1.752674E-03
       132  4.552059E-04  1.485841E-04  1.640039E-03
       133 -3.530989E-04  1.827320E-04 -2.511491E-05
       134 -5.489161E-04  2.664411E-04  2.852897E-04
       135  3.874248E-04  9.257121E-05  7.343824E-04
       136 -3.243457E-04 -1.643451E-04  1.486783E-04
       137 -4.970006E-04 -2.414111E-04 -1.519080E-04
       138  4.096062E-04 -7.353973E-05 -6.759758E-04
       139  2.931182E-04 -1.561179E-04 -2.663115E-04
       140  4.492232E-04 -2.287088E-04 -6.422298E-06
       141 -4.225268E-04 -6.809672E-05  6.018171E-04
       142  2.763214E-04  1.630964E-04  1.505785E-04
       143  4.386962E-04  2.396287E-04 -9.424630E-05
       144 -4.148404E-04  8.489916E-05 -6.061253E-04
       145  2.589411E-04 -1.445593E-07 -2.031650E-03
       146 -1.584788E-04  2.658013E-05 -2.029550E-03
       147  2.075361E-04  2.777223E-05  1.936625E-03
       148 -9.201640E-05  1.739685E-06  1.939008E-03
       149  1.459611E-03  7.095517E-06  2.858853E-04
       150  1.455513E-03  1.672101E-05 -3.561913E-04
       151 -1.318285E-03  1.513672E-05  2.681801E-04
       152 -1.322258E-03  1.498549E-05 -3.322696E-04
       153  1.394442E-03  8.350937E-05 -3.198086E-03
       154  2.268988E-03  5.631031E-04 -6.283150E-03
       155  3.899576E-03  1.310530E-03 -1.069364E-02
       156  4.755976E-03  1.812881E-03 -1.340857E-02
       157  4.030814E-03  1.745131E-03 -1.315838E-02
       158  1.694803E-03  1.134729E-03 -1.053562E-02
       159 -1.567315E-03  4.380846E-04 -7.724843E-03
       160 -1.300501E-03 -5.170622E-05 -3.205874E-03
       161 -7.234108E-04 -5.211274E-04 -6.224840E-03
       162  6.218789E-05 -1.229913E-03 -1.042464E-02
       163  3.744046E-04 -1.675920E-03 -1.285179E-02
       164  2.266959E-04 -1.559849E-03 -1.237891E-02
       165  3.647124E-04 -9.456106E-04 -9.747618E-03
       166  2.064211E-03 -3.271978E-04 -7.265019E-03
       167  1.175976E-03 -6.968367E-05  3.258806E-03
       168  4.000967E-04 -5.631269E-04  6.431300E-03
       169 -5.991571E-04 -1.285901E-03  1.070253E-02
       170 -1.044852E-03 -1.730717E-03  1.311801E-02
       171 -8.725019E-04 -1.593843E-03  1.253940E-02
       172 -8.270734E-04 -9.435960E-04  9.746353E-03
       173 -2.259010E-03 -3.061498E-04  7.173214E-03
       174 -1.361685E-03  9.852609E-05  3.215591E-03
       175 -2.153242E-03  5.897139E-04  6.379334E-03
       176 -3.737977E-03  1.335858E-03  1.079027E-02
       177 -4.613509E-03  1.827734E-03  1.345678E-02
       178 -3.984553E-03  1.749688E-03  1.316386E-02
       179 -1.762479E-03  1.136753E-03  1.053526E-02
       180  1.493220E-03  4.393180E-04  7.727747E-03
       181  1.129383E-03  1.086928E-04 -1.884391E-03
       182 -1.706758E-03  9.219774E-04 -5.932950E-04
       183 -6.273590E-03  2.158227E-03  1.553101E-03
       184 -8.606045E-03  2.753757E-03  3.651671E-03
       185 -6.940907E-03  2.383236E-03  5.100567E-03
       186 -2.145139E-03  1.377174E-03  5.765010E-03
       187  2.439582E-03  4.766038E-04  5.949815E-03
       188  1.084601E-03 -9.283374E-05  1.875539E-03
       189 -1.834731E-03 -9.323129E-04  1.681299E-03
       190 -6.474594E-03 -2.190306E-03  1.611079E-03
       191 -8.832780E-03 -2.794572E-03  6.905974E-04
       192 -7.099389E-03 -2.410565E-03 -1.315889E-03
       193 -2.139209E-03 -1.371875E-03 -3.832894E-03
       194  2.561622E-03 -4.500997E-04 -5.477208E-03
       195 -1.198649E-03 -6.211722E-05 -2.023685E-03
       196  1.727466E-03 -9.028960E-04 -1.629411E-03
       197  6.563441E-03 -2.212143E-03 -1.074286E-03
       198  9.026846E-03 -2.841540E-03  6.770212E-05
       199  7.227298E-03 -2.441161E-03  1.862948E-03
       200  2.122996E-03 -1.370704E-03  3.922899E-03
       201 -2.597956E-03 -4.438050E-04  5.345355E-03
       202 -1.250391E-03  7.950710E-05  1.988601E-03
       203  1.380169E-03  8.374243E-04  4.525024E-04
       204  5.838502E-03  2.045590E-03 -2.388041E-03
       205  8.273658E-03  2.668163E-03 -4.978508E-03
       206  6.871705E-03  2.359437E-03 -6.424837E-03
       207  2.326791E-03  1.408305E-03 -6.652326E-03
       208 -2.217667E-03  5.156039E-04 -6.311684E-03

 forces (fx,fy,fz) for set RIGHT and time  0.1000000E+01

        21  2.062519E+03  8.926496E+02 -2.710532E+03
        22  5.910244E+02 -1.291135E+02  3.065540E+03
        23 -2.783430E+03  7.483782E+02  6.100968E+01
        24  1.217190E+02  6.926902E+02 -4.091700E+02

 internal energy (element, energy) for set ALL and time  0.1000000E+01

         1  6.178406E-02
         2  6.322922E-02
         3  6.741530E-02
         4  6.749630E-02
         5  1.779584E-03
         6  4.000051E-03
         7  2.446817E-03
         8  2.238932E-03
         9  1.924691E-03
        10  3.076486E-03
        11  2.831880E-03
        12  2.697944E-03
        13  2.685537E-02
        14  2.983494E-02
        15  3.674313E-02
        16  2.632036E-02
        17  5.095270E-03
        18  9.451712E-03
        19  2.353908E-02
        20  7.357536E-03
        21  7.566105E-03
        22  8.845443E-03
        23  1.241170E-02
        24  1.285350E-02
        25  1.064239E-02
        26  1.897937E-02
        27  6.239959E-02
        28  3.953523E-02
        29  9.099578E-03
        30  1.225449E-02
        31  1.264444E-02
        32  1.124342E-02
        33  1.040987E-02
        34  1.746818E-02
        35  5.383959E-02
        36  3.982941E-02
        37  5.991840E-03
        38  7.069115E-03
        39  7.478273E-03
        40  6.304126E-03
        41  5.863073E-03
        42  1.226480E-02
        43  4.327648E-02
        44  5.186597E-02
        45  7.397744E-03
        46  7.832973E-03
        47  1.004713E-02
        48  1.010930E-02
        49  9.099438E-03
        50  1.719990E-02
        51  4.913323E-02
        52  3.117079E-02
        53  2.366173E-04
        54  1.614259E-04
        55  5.073209E-04
        56  2.419746E-04
        57  1.972638E-04
        58  3.771556E-04
        59  1.058204E-04
        60  1.314414E-04
        61  1.226555E-01
        62  1.299693E-01
        63  1.326664E-01
        64  1.379054E-01
        65  3.092781E-02
        66  6.594983E-02
        67  2.698295E-02
        68  3.947676E-02
        69  7.224581E-03
        70  1.002342E-03
        71  1.183065E-03
        72  7.857820E-03
        73  5.554316E-03
        74  8.477650E-04
        75  7.806181E-04
        76  5.567514E-03
        77  2.203047E-03
        78  2.944091E-04
        79  3.320290E-04
        80  2.226803E-03
        81  1.252254E-03
        82  2.209075E-04
        83  1.536947E-04
        84  1.125617E-03
        85  5.294306E-02
        86  6.719509E-03
        87  8.692959E-03
        88  5.770449E-02
        89  5.277319E-02
        90  6.643763E-03
        91  8.609521E-03
        92  5.860274E-02
        93  2.062377E-03
        94  3.172608E-04
        95  3.538067E-04
        96  2.883209E-03
        97  2.982076E-03
        98  3.588699E-04
        99  5.449907E-04
       100  3.740736E-03
       101  1.928537E-01
       102  4.241898E-02
       103  4.060198E-02
       104  2.272510E-01
       105  2.970597E-01
       106  4.227272E-02
       107  3.713907E-02
       108  1.869582E-01
       109  1.328319E-01
       110  5.292384E-02
       111  6.033377E-02
       112  1.995257E-01
       113  1.796055E-01
       114  5.591273E-02
       115  4.892275E-02
       116  1.152346E-01
       117  4.740985E-03
       118  3.627565E-03
       119  3.854676E-03
       120  5.258598E-03
       121  9.528689E-03
       122  5.257044E-03
       123  7.125132E-03
       124  7.307133E-03
       125  8.002440E-03
       126  5.107954E-03
       127  6.279322E-03
       128  9.124422E-03
       129  4.793362E-03
       130  3.496621E-03
       131  4.008248E-03
       132  4.739244E-03
       133  9.006939E-03
       134  6.237143E-03
       135  5.135164E-03
       136  6.790391E-03
       137  5.694256E-03
       138  4.051043E-03
       139  3.535252E-03
       140  4.914644E-03
       141  5.720764E-03
       142  4.574546E-03
       143  4.069024E-03
       144  4.477574E-03
       145  9.253872E-03
       146  6.870831E-03
       147  6.209362E-03
       148  7.403410E-03
       149  1.377667E-01
       150  1.090796E-01
       151  1.175598E-01
       152  1.345494E-01
       153  1.776035E-01
       154  1.300164E-01
       155  1.525711E-01
       156  1.403396E-01
       157  1.648874E-01
       158  1.141158E-01
       159  1.235795E-01
       160  1.641710E-01
       161  1.639109E-01
       162  1.137037E-01
       163  1.271107E-01
       164  1.493889E-01
       165  1.975219E-01
       166  1.393701E-01
       167  1.337601E-01
       168  1.778015E-01
       169  1.860560E-01
       170  1.309772E-01
       171  1.282933E-01
       172  1.710352E-01
       173  1.722501E-01
       174  1.380701E-01
       175  1.306326E-01
       176  1.594059E-01
       177  1.836146E-01
       178  1.541762E-01
       179  1.469577E-01
       180  1.799069E-01
       181  1.519457E-01
       182  1.923629E-01
       183  1.439084E-01
       184  1.388116E-01
       185  2.365979E-01
       186  2.138718E-01
       187  1.311017E-01
       188  1.710371E-01
       189  1.822339E-01
       190  1.187665E-01
       191  1.766181E-01
       192  1.239617E-01
       193  1.712764E-01
       194  1.916834E-01
       195  1.379039E-01
       196  1.520665E-01
       197  2.204968E-01
       198  1.254269E-01
       199  1.966274E-01
       200  1.017079E-01
       201  1.656591E-01
       202  2.138456E-01
       203  1.692749E-01
       204  2.250801E-01
       205  2.892842E-01
       206  4.075869E-01
       207  7.732540E-02
       208  2.721290E-01
       209  3.441750E-01
       210  1.430915E-01
       211  1.785910E-01
       212  1.169819E-01
       213  3.293944E-01
       214  4.226284E-01
       215  1.036980E-01
       216  3.131122E-01
       217  3.732116E-01
       218  1.643970E-01
       219  2.595155E-01
       220  1.342744E-01
       221  3.572227E-01
       222  3.657301E-01
       223  7.958986E-02
       224  2.850345E-01
       225  3.371626E-01
       226  1.408789E-01
       227  2.409453E-01
       228  1.897470E-01
       229  3.612209E-01
       230  4.278030E-01
       231  8.424818E-02
       232  2.973371E-01
       233  3.701398E-01
       234  1.487395E-01
       235  1.970722E-01
       236  1.303078E-01
       237  1.677204E-01
       238  4.210746E-01
       239  7.572648E-02
       240  2.972948E-01
       241  3.454962E-01
       242  1.253230E-01
       243  2.139665E-01
       244  2.286992E-01
       245  2.241061E-01
       246  4.853273E-01
       247  8.308036E-02
       248  3.557246E-01
       249  4.182227E-01
       250  1.577476E-01
       251  2.751021E-01
       252  3.015796E-01
       253  1.565852E-01
       254  4.879107E-01
       255  9.096888E-02
       256  3.524703E-01
       257  4.063349E-01
       258  1.506736E-01
       259  2.725612E-01
       260  2.460612E-01
       261  1.352343E-01
       262  4.798436E-01
       263  8.473573E-02
       264  3.172202E-01
       265  3.849004E-01
       266  1.578510E-01
       267  2.044810E-01
       268  1.982252E-01

 total internal energy for set ALL and time  0.1000000E+01

        2.920581E+01
