
                        S T E P       1


                                INCREMENT     1


 displacements (vx,vy,vz) for set NALL and time  0.1000000E+01

         1  0.000000E+00  6.617445E-25  0.000000E+00
         2  6.617445E-25  0.000000E+00 -3.308722E-25
         3  0.000000E+00 -6.617445E-25  1.829724E-22
         4  0.000000E+00  0.000000E+00  1.786710E-23
         5  1.779183E-04  2.069622E-06 -2.162721E-04
         6  1.780658E-04  9.355842E-06  1.939859E-04
         7 -1.660093E-04  1.059341E-05 -2.163493E-04
         8 -1.659908E-04  6.480241E-06  1.942702E-04
         9  3.821452E-04  6.358483E-06 -4.931627E-04
        10  3.819899E-04  1.303947E-05  4.472098E-04
        11 -3.998719E-04  9.383531E-06 -4.931206E-04
        12 -3.998726E-04  1.424275E-05  4.470480E-04
        13  5.268965E-04 -1.207113E-06 -7.265609E-04
        14  5.263701E-04  2.402879E-05  6.460146E-04
        15 -6.079024E-04  2.312587E-05 -7.277039E-04
        16 -6.075382E-04  1.189930E-05  6.469777E-04
        17  2.505449E-03 -8.540112E-06 -2.850662E-03
        18  2.506143E-03  5.111059E-05  2.815039E-03
        19 -2.537052E-03  5.244077E-05 -2.851720E-03
        20 -2.537346E-03 -1.014051E-05  2.815921E-03
        21  5.000000E-03  0.000000E+00 -6.000000E-03
        22  5.000000E-03  6.776264E-22  6.000000E-03
        23 -5.000000E-03  5.505714E-20 -6.000000E-03
        24 -5.000000E-03 -1.897354E-20  6.000000E-03
        25  2.873757E-03 -2.257860E-05 -3.176102E-03
        26  2.859517E-03 -2.596075E-05 -3.332615E-03
        27  2.736882E-03 -3.169773E-05 -3.636147E-03
        28  2.719606E-03 -3.522544E-05 -4.265944E-03
        29  2.938738E-03 -2.458085E-05 -5.178071E-03
        30  3.433564E-03  1.287319E-07 -6.053648E-03
        31  4.160553E-03  1.647238E-05 -6.376017E-03
        32  2.743641E-03  3.114229E-05  3.276207E-03
        33  2.767715E-03  1.577402E-05  3.717141E-03
        34  2.612912E-03  2.198432E-06  4.292500E-03
        35  2.402191E-03 -3.302357E-06  5.058163E-03
        36  2.320440E-03  5.915150E-06  5.914934E-03
        37  2.593348E-03  2.568921E-05  6.605692E-03
        38  3.514656E-03  2.960717E-05  6.696537E-03
        39 -2.749826E-03  3.135484E-05 -3.320051E-03
        40 -2.749115E-03  1.518521E-05 -3.778893E-03
        41 -2.572995E-03  1.771047E-06 -4.342934E-03
        42 -2.348697E-03 -3.520825E-06 -5.070585E-03
        43 -2.258227E-03  5.170725E-06 -5.880476E-03
        44 -2.518983E-03  2.387926E-05 -6.540742E-03
        45 -3.423236E-03  2.922664E-05 -6.658089E-03
        46 -2.910483E-03 -2.275537E-05  3.155918E-03
        47 -2.930417E-03 -2.738939E-05  3.321943E-03
        48 -2.816858E-03 -3.341316E-05  3.633240E-03
        49 -2.781654E-03 -3.710093E-05  4.250106E-03
        50 -2.960893E-03 -2.706970E-05  5.120884E-03
        51 -3.415458E-03 -3.664660E-06  5.954562E-03
        52 -4.135894E-03  1.273751E-05  6.288667E-03
        53  3.303422E-07 -3.711075E-07  1.353635E-07
        54  2.418969E-07  4.928831E-07 -1.482322E-07
        55  3.667792E-07  8.677487E-07 -2.585862E-07
        56  4.034036E-07  1.776690E-06 -5.501666E-07
        57  2.169374E-07  2.428809E-06 -7.846150E-07
        58  2.216560E-07  6.620037E-07 -2.117775E-07
        59 -5.659381E-07  1.440760E-06  1.156474E-07
        60 -1.222737E-06  2.991483E-06 -5.059010E-08
        61 -6.619945E-07  1.566737E-06 -2.635597E-07
        62 -4.591775E-07  1.081959E-06 -2.293468E-07
        63 -8.048628E-07  1.964869E-06 -7.181841E-08
        64 -3.540252E-07  8.929955E-07  1.992664E-08
        65  2.501702E-03 -9.012343E-05 -1.361394E-03
        66  2.504105E-03  2.531576E-05  3.008637E-05
        67  2.502116E-03  1.366878E-04  1.398577E-03
        68 -2.540730E-03  1.332931E-04 -1.386435E-03
        69 -2.538739E-03  2.403393E-05  4.134338E-05
        70 -2.541012E-03 -8.791871E-05  1.439872E-03
        71  1.231334E-03  8.058992E-05 -2.854940E-03
        72 -3.528324E-05  2.120873E-05 -2.853894E-03
        73 -1.292141E-03 -3.760549E-05 -2.855093E-03
        74  1.254242E-03 -4.234754E-05  2.811549E-03
        75 -4.390240E-05  1.913594E-05  2.812721E-03
        76 -1.327701E-03  8.222711E-05  2.811553E-03
        77  4.992028E-03 -2.204374E-04 -3.040736E-03
        78  4.995499E-03  2.413761E-05 -1.102737E-04
        79  4.991143E-03  2.647581E-04  2.873923E-03
        80 -5.013539E-03  3.107840E-04 -3.168520E-03
        81 -5.007067E-03  5.183040E-05 -1.064001E-04
        82 -5.011071E-03 -2.126172E-04  3.003405E-03
        83  2.455845E-03 -8.521102E-05 -5.994085E-03
        84 -1.499236E-04  6.237528E-05 -5.995881E-03
        85 -2.683894E-03  1.871490E-04 -5.991841E-03
        86  2.358655E-03  1.947297E-04  6.005366E-03
        87 -1.419281E-04  8.181324E-05  6.002169E-03
        88 -2.575426E-03 -6.200089E-05  6.002881E-03
        89  7.823376E-06  7.826213E-06 -5.795425E-05
        90  5.780010E-05  3.638211E-05 -2.414129E-04
        91  1.331889E-04  7.225437E-05 -4.543604E-04
        92  1.592492E-04  8.845085E-05 -5.441495E-04
        93  1.098335E-04  7.162716E-05 -4.683005E-04
        94  5.378013E-06  3.194401E-05 -2.977104E-04
        95 -9.167046E-05  7.369275E-06 -2.002005E-04
        96  4.349954E-05 -8.006476E-06 -6.729925E-05
        97  1.424443E-04 -4.356346E-05 -2.981032E-04
        98  2.241719E-04 -9.008150E-05 -5.754419E-04
        99  2.304308E-04 -1.098621E-04 -6.866856E-04
       100  1.603201E-04 -8.443701E-05 -5.722544E-04
       101  7.537160E-05 -2.864574E-05 -3.328386E-04
       102  8.535918E-05  5.167412E-06 -1.998951E-04
       103 -1.159750E-05 -1.132170E-05  8.214553E-05
       104 -6.974455E-05 -4.926775E-05  3.262732E-04
       105 -1.487856E-04 -9.498947E-05  5.977642E-04
       106 -1.776630E-04 -1.136094E-04  7.017533E-04
       107 -1.375457E-04 -8.777851E-05  5.842599E-04
       108 -7.397789E-05 -3.118596E-05  3.405181E-04
       109 -8.355103E-05  5.939166E-06  1.921698E-04
       110  5.184264E-06  6.614557E-06  5.105467E-05
       111 -2.207516E-05  3.152394E-05  2.126179E-04
       112 -7.705719E-05  6.305750E-05  4.002611E-04
       113 -9.546366E-05  7.693102E-05  4.778907E-04
       114 -5.411325E-05  6.138841E-05  4.081535E-04
       115  3.135404E-05  2.613357E-05  2.570081E-04
       116  1.109047E-04  5.419225E-06  1.755995E-04
       117 -4.347830E-05  1.353504E-05  5.971813E-06
       118 -2.475874E-04  7.223142E-05  3.430178E-05
       119 -5.313985E-04  1.491482E-04  8.465801E-05
       120 -6.423483E-04  1.778014E-04  1.195695E-04
       121 -4.821710E-04  1.418458E-04  1.225598E-04
       122 -1.435950E-04  7.081347E-05  1.103085E-04
       123  1.049409E-04  2.232367E-05  1.320550E-04
       124 -3.646228E-05 -1.135138E-05  2.385133E-06
       125 -1.885380E-04 -5.521443E-05  4.041155E-05
       126 -3.919165E-04 -1.104093E-04  1.023017E-04
       127 -4.682197E-04 -1.302431E-04  1.239945E-04
       128 -3.455855E-04 -1.027595E-04  7.717251E-05
       129 -8.817597E-05 -4.881620E-05 -2.434209E-05
       130  1.099749E-04 -1.012768E-05 -1.279038E-04
       131  1.642477E-05 -5.144549E-06 -9.634185E-06
       132  1.374413E-04 -3.980634E-05 -3.990407E-05
       133  3.215751E-04 -8.978587E-05 -7.622377E-05
       134  3.923341E-04 -1.080799E-04 -8.559347E-05
       135  2.844053E-04 -8.384870E-05 -5.146988E-05
       136  5.703198E-05 -3.616147E-05  2.170205E-05
       137 -1.112465E-04 -3.255084E-06  1.081710E-04
       138  3.522052E-05  1.100091E-05  5.609029E-06
       139  2.256942E-04  6.585843E-05 -3.291009E-05
       140  5.024259E-04  1.410175E-04 -1.178448E-04
       141  6.156978E-04  1.703599E-04 -1.716586E-04
       142  4.670232E-04  1.371599E-04 -1.654069E-04
       143  1.417734E-04  6.909776E-05 -1.281702E-04
       144 -9.710147E-05  2.253466E-05 -1.428485E-04
       145  4.955873E-05  1.203236E-06 -3.775705E-04
       146 -4.628717E-05  1.085808E-05 -3.754936E-04
       147  3.402666E-05  6.547249E-06  3.342304E-04
       148 -2.226526E-05  1.248184E-05  3.347098E-04
       149  3.006692E-04  9.802206E-06  3.855784E-05
       150  2.993418E-04  6.939952E-06 -6.369805E-05
       151 -2.816098E-04  2.856562E-05  1.573962E-05
       152 -2.829741E-04 -3.974380E-06 -6.727934E-05
       153  5.352781E-04  5.710876E-05 -1.210467E-03
       154  1.095501E-03  3.478761E-04 -3.094042E-03
       155  1.987745E-03  7.630070E-04 -5.562592E-03
       156  2.282544E-03  9.628816E-04 -6.671468E-03
       157  1.599872E-03  7.710926E-04 -5.811519E-03
       158  1.589904E-04  3.015967E-04 -3.795864E-03
       159 -1.295918E-03  1.157928E-05 -2.647950E-03
       160 -4.811054E-04 -3.133637E-05 -1.215103E-03
       161  6.594308E-05 -3.325975E-04 -3.171230E-03
       162  8.744888E-04 -7.621500E-04 -5.737829E-03
       163  1.243077E-03 -9.559442E-04 -6.825869E-03
       164  1.043092E-03 -7.330594E-04 -5.828877E-03
       165  7.376804E-04 -2.310088E-04 -3.677937E-03
       166  1.259560E-03  5.420631E-05 -2.566471E-03
       167  3.321305E-04 -4.136435E-05  1.179301E-03
       168 -3.358346E-04 -3.543226E-04  3.205539E-03
       169 -1.277430E-03 -7.950529E-04  5.825256E-03
       170 -1.744546E-03 -1.006047E-03  6.995439E-03
       171 -1.554232E-03 -8.010712E-04  6.075232E-03
       172 -1.146284E-03 -2.988953E-04  3.918193E-03
       173 -1.474408E-03  2.215775E-05  2.644229E-03
       174 -5.519359E-04  7.342231E-05  1.167980E-03
       175 -9.979122E-04  3.790599E-04  3.151994E-03
       176 -1.771136E-03  8.063770E-04  5.701543E-03
       177 -1.977254E-03  1.002349E-03  6.798534E-03
       178 -1.281853E-03  7.903570E-04  5.850552E-03
       179  7.889637E-05  2.981311E-04  3.741738E-03
       180  1.379880E-03  2.316455E-06  2.579223E-03
       181  2.905913E-04  7.748237E-05 -5.167786E-04
       182 -1.608347E-03  6.232112E-04 -7.655481E-05
       183 -4.605411E-03  1.435801E-03  5.813621E-04
       184 -5.916217E-03  1.772955E-03  1.069625E-03
       185 -4.431128E-03  1.440732E-03  1.248668E-03
       186 -1.018601E-03  7.251719E-04  1.317886E-03
       187  1.603713E-03  2.133738E-04  1.825051E-03
       188  2.958711E-04 -5.305469E-05  4.236484E-04
       189 -1.466621E-03 -5.610974E-04  6.681454E-04
       190 -4.241373E-03 -1.314653E-03  1.325276E-03
       191 -5.476077E-03 -1.633387E-03  1.517970E-03
       192 -4.114675E-03 -1.330195E-03  8.584136E-04
       193 -9.215648E-04 -6.618393E-04 -4.744710E-04
       194  1.594565E-03 -1.715727E-04 -1.778285E-03
       195 -4.109590E-04 -4.328169E-05 -5.932192E-04
       196  1.356658E-03 -5.518314E-04 -7.050700E-04
       197  4.187775E-03 -1.319479E-03 -1.003708E-03
       198  5.428498E-03 -1.638729E-03 -1.007090E-03
       199  4.017825E-03 -1.323174E-03 -4.603249E-04
       200  7.776929E-04 -6.440032E-04  5.775331E-04
       201 -1.693472E-03 -1.611497E-04  1.726341E-03
       202 -4.062005E-04  8.012294E-05  5.132843E-04
       203  1.339308E-03  5.841397E-04 -4.637183E-05
       204  4.133952E-03  1.343197E-03 -1.016024E-03
       205  5.373241E-03  1.663404E-03 -1.636107E-03
       206  3.985841E-03  1.354451E-03 -1.656085E-03
       207  7.654591E-04  6.808069E-04 -1.412862E-03
       208 -1.695579E-03  2.009930E-04 -1.794512E-03
       209  2.591323E-03  1.313499E-04 -3.876766E-03
       210  3.285110E-03  5.673622E-04 -6.677084E-03
       211  4.327391E-03  1.197196E-03 -1.039249E-02
       212  4.556420E-03  1.599518E-03 -1.256957E-02
       213  3.412796E-03  1.511434E-03 -1.221022E-02
       214  9.947723E-04  9.689515E-04 -9.875968E-03
       215 -2.009358E-03  3.689970E-04 -7.453024E-03
       216 -2.483817E-03 -8.127185E-05 -3.859618E-03
       217 -1.955872E-03 -4.957540E-04 -6.520577E-03
       218 -1.041407E-03 -1.075442E-03 -9.953856E-03
       219 -3.639518E-04 -1.421590E-03 -1.184030E-02
       220  9.912327E-06 -1.300848E-03 -1.132944E-02
       221  5.981746E-04 -7.767475E-04 -9.080979E-03
       222  2.345664E-03 -2.622131E-04 -7.013266E-03
       223  2.420698E-03 -9.689120E-05  3.898455E-03
       224  1.762915E-03 -5.295359E-04  6.675762E-03
       225  6.670287E-04 -1.123212E-03  1.018301E-02
       226 -1.429396E-04 -1.471536E-03  1.207698E-02
       227 -5.214232E-04 -1.334955E-03  1.148585E-02
       228 -9.766004E-04 -7.802509E-04  9.100379E-03
       229 -2.512237E-03 -2.484377E-04  6.952462E-03
       230 -2.576520E-03  1.408400E-04  3.917348E-03
       231 -3.187649E-03  5.846114E-04  6.768528E-03
       232 -4.172889E-03  1.203310E-03  1.042436E-02
       233 -4.410516E-03  1.588829E-03  1.251698E-02
       234 -3.357645E-03  1.493112E-03  1.212500E-02
       235 -1.054105E-03  9.580806E-04  9.826495E-03
       236  1.936448E-03  3.666934E-04  7.443095E-03
       237  2.679008E-03 -4.784318E-05 -2.306054E-03
       238  7.698459E-04  5.009295E-04 -1.098442E-03
       239 -2.763765E-03  1.457566E-03  8.866130E-04
       240 -4.756294E-03  1.965253E-03  2.898420E-03
       241 -3.744746E-03  1.742350E-03  4.420767E-03
       242 -3.025751E-04  1.021042E-03  5.302834E-03
       243  3.080989E-03  3.568006E-04  5.737384E-03
       244  2.627025E-03  7.387917E-05  2.342977E-03
       245  5.793650E-04 -5.165393E-04  2.030684E-03
       246 -3.116916E-03 -1.518721E-03  1.717576E-03
       247 -5.188490E-03 -2.048266E-03  6.637804E-04
       248 -4.098605E-03 -1.809369E-03 -1.284947E-03
       249 -4.381114E-04 -1.043778E-03 -3.642583E-03
       250  3.121642E-03 -3.462572E-04 -5.285381E-03
       251 -2.689784E-03  8.568936E-05 -2.442449E-03
       252 -6.345211E-04 -5.061926E-04 -1.961733E-03
       253  3.165538E-03 -1.534950E-03 -1.249750E-03
       254  5.276562E-03 -2.073240E-03 -1.316038E-05
       255  4.128524E-03 -1.819853E-03  1.762874E-03
       256  3.823103E-04 -1.034917E-03  3.743361E-03
       257 -3.168135E-03 -3.382485E-04  5.195043E-03
       258 -2.740322E-03 -5.881115E-05  2.479026E-03
       259 -9.774957E-04  4.509096E-04  1.143243E-03
       260  2.429736E-03  1.374209E-03 -1.365366E-03
       261  4.460842E-03  1.892480E-03 -3.785139E-03
       262  3.638883E-03  1.714005E-03 -5.357147E-03
       263  4.065052E-04  1.038360E-03 -5.956422E-03
       264 -2.926020E-03  3.841199E-04 -6.015714E-03

 forces (fx,fy,fz) for set RIGHT and time  0.1000000E+01

        21  1.497807E+03  9.986759E+02 -2.380760E+03
        22  5.684320E+02 -1.922950E+02  2.613228E+03
        23 -2.014937E+03  3.339206E+02  2.276984E+02
        24 -2.737718E+01  9.828213E+02 -4.707364E+02

 internal energy (element, energy) for set ALL and time  0.1000000E+01

         1  4.783828E-02
         2  5.519009E-02
         3  5.961284E-02
         4  4.774133E-02
         5  4.874492E-03
         6  6.263577E-03
         7  5.925944E-03
         8  6.438244E-03
         9  1.983352E-02
        10  1.914661E-02
        11  2.175209E-02
        12  1.648740E-02
        13  6.104033E-02
        14  5.691051E-02
        15  4.787706E-02
        16  3.636847E-02
        17  1.266205E-02
        18  5.706711E-03
        19  6.323947E-03
        20  8.355144E-03
        21  6.970816E-03
        22  1.139318E-02
        23  4.312579E-02
        24  2.741077E-02
        25  6.610210E-03
        26  6.787641E-03
        27  6.454322E-03
        28  6.089426E-03
        29  5.477338E-03
        30  1.013717E-02
        31  3.646101E-02
        32  2.792947E-02
        33  4.619135E-03
        34  3.984514E-03
        35  3.175581E-03
        36  2.939190E-03
        37  2.638647E-03
        38  6.907866E-03
        39  2.977792E-02
        40  3.530750E-02
        41  1.226373E-02
        42  5.139729E-03
        43  6.173840E-03
        44  7.389554E-03
        45  6.391550E-03
        46  1.088724E-02
        47  3.675539E-02
        48  2.318111E-02
        49  3.690015E-04
        50  2.847717E-05
        51  4.268578E-05
        52  5.448617E-04
        53  8.619458E-04
        54  7.043617E-05
        55  7.178518E-06
        56  7.950808E-05
        57  2.979198E-04
        58  3.663242E-05
        59  7.119899E-05
        60  7.109840E-04
        61  4.464805E-04
        62  4.216476E-05
        63  9.909797E-06
        64  6.073143E-05
        65  1.880184E-01
        66  1.483695E-01
        67  1.716615E-01
        68  1.555004E-01
        69  5.115411E-02
        70  7.438670E-02
        71  5.806582E-02
        72  7.014133E-02
        73  1.008552E-01
        74  8.961214E-02
        75  2.892635E-02
        76  2.678018E-02
        77  2.141935E-02
        78  4.719953E-03
        79  5.140860E-03
        80  1.969495E-02
        81  2.411431E-02
        82  6.277814E-03
        83  4.557841E-03
        84  2.167341E-02
        85  2.715418E-02
        86  5.735150E-03
        87  6.554271E-03
        88  2.901814E-02
        89  2.734458E-02
        90  6.315042E-03
        91  5.830918E-03
        92  2.717906E-02
        93  1.163380E-01
        94  2.566430E-02
        95  2.458444E-02
        96  1.315221E-01
        97  1.684387E-01
        98  2.475960E-02
        99  2.233696E-02
       100  1.101148E-01
       101  8.149014E-02
       102  3.135361E-02
       103  3.690543E-02
       104  1.300014E-01
       105  1.193004E-01
       106  3.456871E-02
       107  2.874460E-02
       108  7.018426E-02
       109  1.278524E-03
       110  9.478233E-04
       111  3.972248E-04
       112  1.023209E-03
       113  9.384193E-04
       114  2.726841E-04
       115  1.307303E-03
       116  6.578914E-04
       117  4.143476E-03
       118  1.969215E-03
       119  7.869922E-04
       120  2.117239E-03
       121  1.927468E-03
       122  5.508786E-04
       123  2.917945E-03
       124  1.004518E-03
       125  2.389309E-03
       126  1.463773E-03
       127  6.796311E-04
       128  1.790578E-03
       129  1.609193E-03
       130  4.319327E-04
       131  2.214296E-03
       132  1.262845E-03
       133  1.254739E-03
       134  7.727093E-04
       135  3.287842E-04
       136  9.008154E-04
       137  8.038947E-04
       138  2.196289E-04
       139  1.193258E-03
       140  6.321481E-04
       141  1.158912E-03
       142  1.603104E-03
       143  3.686276E-04
       144  1.496029E-03
       145  1.458976E-03
       146  3.669743E-04
       147  1.698841E-03
       148  1.051468E-03
       149  9.199218E-04
       150  9.914144E-04
       151  2.422020E-04
       152  9.331600E-04
       153  9.179868E-04
       154  2.652506E-04
       155  1.025475E-03
       156  7.233396E-04
       157  9.632629E-04
       158  7.656287E-04
       159  2.399039E-04
       160  7.259090E-04
       161  7.360653E-04
       162  2.629534E-04
       163  8.276177E-04
       164  3.877617E-04
       165  1.067755E-03
       166  1.738573E-03
       167  4.704644E-04
       168  1.674844E-03
       169  1.684549E-03
       170  5.124655E-04
       171  1.870713E-03
       172  1.014484E-03
       173  4.231929E-02
       174  2.164240E-02
       175  3.777038E-02
       176  2.606300E-02
       177  2.975843E-02
       178  6.074293E-02
       179  1.882735E-02
       180  3.428662E-02
       181  9.602040E-02
       182  3.656851E-02
       183  7.231215E-02
       184  2.767559E-02
       185  3.750263E-02
       186  9.497806E-02
       187  3.414190E-02
       188  7.744766E-02
       189  3.168015E-02
       190  5.519808E-02
       191  4.269867E-02
       192  4.207782E-02
       193  7.253945E-02
       194  6.556004E-02
       195  6.199075E-02
       196  8.758895E-02
       197  1.374611E-01
       198  1.538759E-01
       199  5.411718E-02
       200  1.475980E-01
       201  1.425297E-01
       202  4.655091E-02
       203  1.950567E-01
       204  9.191694E-02
       205  1.748139E-01
       206  1.909909E-01
       207  7.207116E-02
       208  1.873385E-01
       209  1.762756E-01
       210  5.485211E-02
       211  2.704287E-01
       212  8.694646E-02
       213  1.681276E-01
       214  1.613498E-01
       215  5.155469E-02
       216  1.565674E-01
       217  1.514881E-01
       218  4.313529E-02
       219  2.058704E-01
       220  1.163850E-01
       221  1.778094E-01
       222  1.718063E-01
       223  6.079633E-02
       224  1.710538E-01
       225  1.607083E-01
       226  4.535401E-02
       227  2.335436E-01
       228  1.203787E-01
       229  7.763816E-02
       230  1.874330E-01
       231  3.605376E-02
       232  1.546785E-01
       233  1.619674E-01
       234  4.526897E-02
       235  1.691750E-01
       236  1.054641E-01
       237  8.085757E-02
       238  1.851512E-01
       239  3.642572E-02
       240  1.524234E-01
       241  1.620478E-01
       242  4.675201E-02
       243  1.593882E-01
       244  1.170184E-01
       245  6.074456E-02
       246  1.731615E-01
       247  3.618963E-02
       248  1.436115E-01
       249  1.500471E-01
       250  4.521990E-02
       251  1.562561E-01
       252  8.596772E-02
       253  6.976828E-02
       254  1.981757E-01
       255  4.391655E-02
       256  1.653340E-01
       257  1.749506E-01
       258  5.765148E-02
       259  1.792471E-01
       260  9.681756E-02
       261  1.930125E-01
       262  2.429045E-01
       263  5.658335E-02
       264  2.007283E-01
       265  2.419290E-01
       266  9.263811E-02
       267  1.241551E-01
       268  8.594250E-02
       269  1.926463E-01
       270  2.342047E-01
       271  7.139530E-02
       272  2.159152E-01
       273  2.454712E-01
       274  9.951229E-02
       275  1.679783E-01
       276  9.700277E-02
       277  2.099164E-01
       278  2.063221E-01
       279  5.801320E-02
       280  2.007829E-01
       281  2.263808E-01
       282  8.662558E-02
       283  1.575016E-01
       284  1.294876E-01
       285  2.211446E-01
       286  2.422136E-01
       287  6.158924E-02
       288  2.127537E-01
       289  2.514341E-01
       290  9.392402E-02
       291  1.330581E-01
       292  9.129721E-02
       293  1.090485E-01
       294  2.977618E-01
       295  4.405698E-02
       296  1.639372E-01
       297  2.013933E-01
       298  7.719318E-02
       299  1.165678E-01
       300  1.282823E-01
       301  1.578690E-01
       302  3.653080E-01
       303  5.246300E-02
       304  2.080248E-01
       305  2.574095E-01
       306  1.026798E-01
       307  1.606094E-01
       308  1.764051E-01
       309  1.070440E-01
       310  3.460724E-01
       311  5.489729E-02
       312  2.017994E-01
       313  2.430201E-01
       314  9.380943E-02
       315  1.541508E-01
       316  1.439453E-01
       317  8.605203E-02
       318  3.282331E-01
       319  4.997289E-02
       320  1.722252E-01
       321  2.197192E-01
       322  9.534879E-02
       323  1.105928E-01
       324  1.114689E-01

 total internal energy for set ALL and time  0.1000000E+01

        2.315804E+01
