
                        S T E P       1


                                INCREMENT     1


 displacements (vx,vy,vz) for set NALL and time  0.1000000E+01

         1  0.000000E+00  0.000000E+00  6.617445E-25
         2  0.000000E+00 -2.646978E-24 -1.323489E-24
         3 -6.617445E-25  0.000000E+00  2.283018E-22
         4  0.000000E+00 -6.617445E-25 -6.617445E-23
         5  3.018216E-03 -1.407061E-05 -3.240458E-03
         6  3.019100E-03  3.020982E-05  3.270776E-03
         7 -2.922246E-03  2.809807E-05 -3.240268E-03
         8 -2.923481E-03 -1.180641E-05  3.271074E-03
         9  3.359198E-03 -9.855779E-06 -4.040810E-03
        10  3.359421E-03  2.111721E-05  4.032041E-03
        11 -3.289422E-03  1.985186E-05 -4.040774E-03
        12 -3.289220E-03 -5.010632E-06  4.032241E-03
        13  3.815364E-03 -1.688566E-06 -4.707034E-03
        14  3.815664E-03  1.182368E-05  4.697679E-03
        15 -3.825523E-03  5.871811E-06 -4.707074E-03
        16 -3.825339E-03  4.517628E-06  4.698107E-03
        17  4.525744E-03  5.904454E-06 -5.568823E-03
        18  4.526613E-03 -4.859113E-06  5.589280E-03
        19 -4.547822E-03 -7.362391E-06 -5.568924E-03
        20 -4.547713E-03  1.333557E-05  5.589751E-03
        21  5.000000E-03  5.293956E-24 -6.000000E-03
        22  5.000000E-03  1.058791E-23  6.000000E-03
        23 -5.000000E-03  0.000000E+00 -6.000000E-03
        24 -5.000000E-03 -8.629148E-22  6.000000E-03
        25  1.441656E-04 -2.337976E-05 -4.817773E-04
        26  1.044207E-03 -4.734396E-05 -1.686899E-03
        27  2.443986E-03 -3.020795E-05 -2.821317E-03
        28  1.505878E-04 -1.002617E-05  2.766106E-04
        29  8.104812E-04 -2.668409E-05  1.153106E-03
        30  2.011685E-03 -1.608529E-07  2.511550E-03
        31 -3.502243E-04 -1.009592E-05 -2.150686E-04
        32 -1.202021E-03 -2.670235E-05 -1.133911E-03
        33 -2.201461E-03 -2.064606E-06 -2.526636E-03
        34 -4.192391E-04 -1.991416E-05  4.820490E-04
        35 -1.589496E-03 -4.514123E-05  1.655802E-03
        36 -2.726431E-03 -2.435962E-05  2.820500E-03
        37  3.816185E-03 -2.249865E-05 -3.665255E-03
        38  2.822013E-03  1.301090E-05  3.668632E-03
        39 -2.677057E-03  9.334459E-06 -3.677085E-03
        40 -3.547348E-03 -1.742090E-05  3.650334E-03
        41  5.219361E-03 -9.459460E-09 -5.708032E-03
        42  5.623817E-03 -3.397949E-06 -5.855978E-03
        43  5.485031E-03 -3.034001E-06 -5.920087E-03
        44  4.185784E-03 -7.337580E-06  5.647541E-03
        45  4.122436E-03 -8.542640E-06  5.727134E-03
        46  4.426727E-03 -6.182330E-06  5.857486E-03
        47 -4.143439E-03 -8.906466E-06 -5.616412E-03
        48 -4.040331E-03 -9.939580E-06 -5.693813E-03
        49 -4.361629E-03 -6.607942E-06 -5.855494E-03
        50 -5.182011E-03  5.056718E-06  5.766926E-03
        51 -5.520688E-03  7.710412E-07  5.960112E-03
        52 -5.403585E-03  2.397674E-08  5.977918E-03
        53  9.910981E-07  1.773665E-07 -2.262622E-08
        54  8.031418E-07  4.451437E-06 -1.415488E-06
        55  1.323286E-06  4.295778E-06 -1.309483E-06
        56 -5.814437E-07 -1.288698E-06  3.818376E-07
        57 -3.886630E-07 -5.819252E-07  1.692862E-07
        58 -5.386561E-07  7.014229E-07 -2.527095E-07
        59 -3.774123E-07  1.055996E-06  6.797593E-07
        60 -3.558400E-07  9.196075E-07  4.281124E-07
        61  7.662543E-08 -1.264769E-07  5.655118E-07
        62 -1.121791E-06  2.589373E-06 -1.085829E-06
        63 -1.477758E-06  3.556824E-06 -5.902297E-07
        64 -4.298285E-07  9.805321E-07 -6.321812E-07
        65  3.017986E-03 -3.171163E-05 -1.516450E-03
        66  3.018750E-03  9.765879E-06  2.917625E-06
        67  3.018151E-03  4.956834E-05  1.529382E-03
        68 -2.923185E-03  3.335275E-05 -1.530653E-03
        69 -2.922837E-03  2.144746E-05  1.418571E-05
        70 -2.923454E-03  1.949558E-06  1.559554E-03
        71  1.495762E-03 -7.154694E-06 -3.240414E-03
        72  2.963306E-05  2.498148E-06 -3.240688E-03
        73 -1.427151E-03  1.484105E-05 -3.240300E-03
        74  1.483804E-03  2.255509E-05  3.270538E-03
        75  1.936971E-05  4.414087E-06  3.270285E-03
        76 -1.430910E-03 -1.135658E-05  3.270486E-03
        77  3.359512E-03  7.980320E-06  5.062528E-05
        78 -3.289405E-03  7.184858E-06  3.937157E-05
        79 -1.108792E-06  3.370031E-06 -4.041189E-03
        80  7.882443E-06  6.365109E-06  4.031674E-03
        81  3.814716E-03 -1.893335E-05 -3.646407E-03
        82  3.814686E-03 -2.004973E-05 -2.496727E-03
        83  3.814985E-03 -1.039059E-05 -1.284892E-03
        84  3.815158E-03  4.405968E-06 -4.012560E-05
        85  3.815066E-03  1.906637E-05  1.208946E-03
        86  3.814857E-03  2.848182E-05  2.433825E-03
        87  3.814944E-03  2.756571E-05  3.605641E-03
        88 -3.826612E-03  2.789070E-05 -3.624412E-03
        89 -3.826679E-03  3.076622E-05 -2.469946E-03
        90 -3.826404E-03  2.064714E-05 -1.264890E-03
        91 -3.826234E-03  4.175317E-06 -3.271796E-05
        92 -3.826366E-03 -1.204875E-05  1.203145E-03
        93 -3.826591E-03 -2.152897E-05  2.419126E-03
        94 -3.826450E-03 -1.790189E-05  3.591378E-03
        95  2.942062E-03  2.269381E-05 -4.708064E-03
        96  2.007780E-03  2.720151E-05 -4.708264E-03
        97  1.029933E-03  1.820827E-05 -4.708023E-03
        98  2.792616E-05  2.604621E-06 -4.707882E-03
        99 -9.786539E-04 -1.297317E-05 -4.708023E-03
       100 -1.969815E-03 -2.196722E-05 -4.708264E-03
       101 -2.925075E-03 -1.772190E-05 -4.708078E-03
       102  2.919361E-03 -1.315176E-05  4.696533E-03
       103  1.978272E-03 -1.722761E-05  4.696422E-03
       104  1.005888E-03 -7.121588E-06  4.696719E-03
       105  1.680496E-05  9.887997E-06  4.696912E-03
       106 -9.747510E-04  2.661963E-05  4.696794E-03
       107 -1.954764E-03  3.593620E-05  4.696591E-03
       108 -2.909237E-03  3.071580E-05  4.696816E-03
       109  4.526618E-03  2.685525E-06  9.073593E-06
       110 -4.547900E-03  3.421732E-06 -4.158585E-06
       111  3.496557E-06 -3.035258E-06 -5.568353E-03
       112  1.406478E-05  4.401493E-06  5.589926E-03
       113  4.999904E-03 -4.315895E-06 -3.023653E-03
       114  4.999949E-03  1.125195E-06  2.161116E-05
       115  4.999866E-03  6.390662E-06  3.055656E-03
       116 -5.000394E-03  1.265908E-05 -3.056218E-03
       117 -5.000185E-03  2.070848E-07 -1.978323E-05
       118 -5.000331E-03 -1.187564E-05  3.026759E-03
       119  2.520801E-03  1.002024E-05 -6.000338E-03
       120 -1.742029E-05  1.759117E-06 -6.000205E-03
       121 -2.547108E-03 -7.653681E-06 -6.000395E-03
       122  2.545433E-03 -1.163217E-05  5.999520E-03
       123  1.520259E-05 -2.331225E-06  5.999801E-03
       124 -2.521998E-03  7.386609E-06  5.999754E-03
       125  3.278681E-05  1.191735E-04 -9.080027E-04
       126  7.015988E-04  6.059353E-04 -4.047706E-03
       127  1.851600E-03  1.264912E-03 -7.952702E-03
       128  2.215188E-03  1.602316E-03 -9.807997E-03
       129  1.340406E-03  1.353434E-03 -8.698065E-03
       130 -3.993940E-04  6.567191E-04 -5.702853E-03
       131 -1.897735E-03  1.337548E-04 -3.610889E-03
       132  2.993736E-04 -1.578045E-04 -1.164391E-03
       133  1.218733E-03 -6.825559E-04 -4.550142E-03
       134  2.300522E-03 -1.314237E-03 -8.302383E-03
       135  2.734333E-03 -1.594617E-03 -9.863384E-03
       136  2.332815E-03 -1.294663E-03 -8.514962E-03
       137  1.678695E-03 -5.858573E-04 -5.469092E-03
       138  1.936203E-03 -9.366086E-05 -3.515094E-03
       139 -3.364724E-04 -1.485805E-04  1.100221E-03
       140 -1.456321E-03 -6.716497E-04  4.460112E-03
       141 -2.796398E-03 -1.330052E-03  8.359147E-03
       142 -3.397592E-03 -1.652321E-03  1.013184E-02
       143 -2.996746E-03 -1.387648E-03  8.943641E-03
       144 -2.158123E-03 -6.782971E-04  5.890884E-03
       145 -2.111005E-03 -1.374645E-04  3.719667E-03
       146  3.330843E-05  1.323467E-04  9.975423E-04
       147 -5.495148E-04  6.271877E-04  4.196230E-03
       148 -1.543542E-03  1.267423E-03  7.997542E-03
       149 -1.798753E-03  1.580806E-03  9.731679E-03
       150 -9.498171E-04  1.322987E-03  8.583781E-03
       151  6.487053E-04  6.406209E-04  5.655167E-03
       152  2.007328E-03  1.341329E-04  3.637461E-03
       153 -6.271501E-04  1.954398E-04  1.231238E-04
       154 -3.616989E-03  1.053997E-03  6.817907E-04
       155 -7.722397E-03  2.167628E-03  1.650105E-03
       156 -9.169795E-03  2.543280E-03  2.389069E-03
       157 -6.569467E-03  1.958507E-03  2.587959E-03
       158 -1.392508E-03  8.722977E-04  2.436561E-03
       159  2.221012E-03  1.674951E-04  2.621314E-03
       160 -5.410749E-04 -1.696612E-04  2.084416E-05
       161 -3.317678E-03 -9.710377E-04  6.388405E-04
       162 -7.259802E-03 -2.042016E-03  1.613371E-03
       163 -8.729366E-03 -2.424764E-03  1.782044E-03
       164 -6.314355E-03 -1.884053E-03  7.322174E-04
       165 -1.348391E-03 -8.442335E-04 -1.102428E-03
       166  2.196664E-03 -1.539494E-04 -2.496548E-03
       167  5.227699E-04 -1.633487E-04 -1.020764E-04
       168  3.321297E-03 -9.686208E-04 -4.803803E-04
       169  7.287753E-03 -2.044806E-03 -9.344025E-04
       170  8.677847E-03 -2.406126E-03 -8.641830E-04
       171  6.121003E-03 -1.831237E-03 -3.297793E-05
       172  1.079344E-03 -7.739235E-04  1.323269E-03
       173 -2.320155E-03 -1.108393E-04  2.483169E-03
       174  5.454058E-04  1.705345E-04  2.208425E-05
       175  3.329170E-03  9.739973E-04 -7.059509E-04
       176  7.255021E-03  2.040958E-03 -2.160667E-03
       177  8.665214E-03  2.409158E-03 -3.123530E-03
       178  6.168721E-03  1.849903E-03 -3.101662E-03
       179  1.164037E-03  8.023749E-04 -2.486403E-03
       180 -2.262207E-03  1.351691E-04 -2.485157E-03
       181  5.281587E-04 -5.981881E-06 -3.667235E-03
       182 -4.318852E-04  1.382817E-05 -3.687864E-03
       183  4.828277E-04  1.825603E-05  3.674814E-03
       184 -3.067168E-04 -3.240515E-06  3.647543E-03
       185  3.304399E-03 -2.517492E-05  8.502685E-04
       186  3.315990E-03  3.996420E-05 -8.256555E-04
       187 -3.143827E-03  3.146211E-05  8.146472E-04
       188 -3.096287E-03 -5.582391E-06 -8.132828E-04
       189  4.498023E-04 -5.520783E-05 -4.193205E-03
       190 -3.850076E-04  6.241734E-05 -4.191030E-03
       191  4.840337E-04  6.785777E-05  4.153623E-03
       192 -3.768311E-04 -5.090095E-05  4.155744E-03
       193  3.495966E-03  2.052726E-05  6.752716E-04
       194  3.493815E-03 -1.283929E-05 -6.620573E-04
       195 -3.400212E-03 -1.323360E-05  5.802594E-04
       196 -3.404439E-03  2.534773E-05 -5.815318E-04
       197  2.703146E-03  8.985657E-05 -5.479318E-03
       198  1.067252E-03  1.984163E-04 -6.218997E-03
       199 -1.488455E-03  1.111481E-04 -5.947023E-03
       200 -2.691658E-03 -6.916650E-05 -5.391009E-03
       201 -1.035901E-03 -1.668963E-04 -6.070526E-03
       202  1.492987E-03 -9.648448E-05 -5.887771E-03
       203  2.556558E-03 -9.117536E-05  5.526410E-03
       204  7.751786E-04 -2.190566E-04  6.365846E-03
       205 -1.665437E-03 -1.268519E-04  6.059407E-03
       206 -2.619518E-03  1.032886E-04  5.525644E-03
       207 -8.467731E-04  2.143113E-04  6.285495E-03
       208  1.627753E-03  1.179985E-04  5.980819E-03
       209  3.549307E-03  1.037780E-04 -2.576721E-03
       210  3.291549E-03  1.978702E-04  1.549308E-04
       211  3.935209E-03  8.262212E-05  3.140501E-03
       212  3.499270E-03 -1.092738E-04  2.512612E-03
       213  3.255140E-03 -2.014721E-04 -2.027305E-04
       214  3.946952E-03 -7.728036E-05 -3.134813E-03
       215 -3.626364E-03 -8.111759E-05 -2.612756E-03
       216 -3.446424E-03 -1.577520E-04  5.040220E-05
       217 -4.054196E-03 -5.261378E-05  3.038740E-03
       218 -3.682852E-03  7.478905E-05  2.569953E-03
       219 -3.510317E-03  1.498109E-04 -8.381251E-05
       220 -4.062245E-03  5.662990E-05 -3.040452E-03

 forces (fx,fy,fz) for set RIGHT and time  0.1000000E+01

        21  1.657772E+03 -3.080054E+02 -1.319235E+03
        22  1.482647E+03 -1.470172E+02  1.160372E+03
        23 -1.561784E+03  5.296931E+02 -1.130626E+03
        24 -1.594294E+03 -1.075161E+03  1.262283E+03

 internal energy (element, energy) for set ALL and time  0.1000000E+01

         1  2.755040E-02
         2  2.144532E-02
         3  1.565775E-02
         4  1.619205E-02
         5  1.466257E-02
         6  2.715494E-02
         7  1.406242E-02
         8  2.534680E-02
         9  1.428293E-02
        10  1.885568E-02
        11  1.557679E-02
        12  2.782861E-02
        13  3.532863E-02
        14  3.973282E-02
        15  2.244880E-02
        16  2.296949E-02
        17  3.461716E-03
        18  9.409155E-04
        19  2.663362E-03
        20  3.830636E-03
        21  1.015038E-02
        22  2.197688E-03
        23  7.699799E-03
        24  1.718155E-03
        25  3.997738E-03
        26  8.556516E-03
        27  1.007401E-02
        28  5.315141E-03
        29  1.190660E-02
        30  1.805388E-02
        31  1.610885E-02
        32  1.176889E-02
        33  5.083421E-04
        34  1.900068E-04
        35  1.597275E-04
        36  3.450909E-04
        37  2.729985E-05
        38  2.877054E-05
        39  3.158995E-05
        40  5.863681E-05
        41  4.374277E-05
        42  7.301621E-05
        43  7.059893E-05
        44  1.562442E-04
        45  3.644993E-04
        46  2.658937E-04
        47  3.318844E-04
        48  5.066230E-04
        49  2.696529E-03
        50  2.085475E-04
        51  6.370220E-04
        52  7.997168E-03
        53  1.340719E-03
        54  1.047788E-04
        55  7.791167E-05
        56  1.008091E-03
        57  2.196966E-03
        58  1.734813E-04
        59  8.455877E-05
        60  1.132662E-03
        61  6.644498E-03
        62  5.513750E-04
        63  6.993664E-05
        64  8.837798E-04
        65  2.420680E-02
        66  2.975762E-03
        67  3.731047E-03
        68  2.522088E-02
        69  1.981897E-02
        70  2.700312E-03
        71  2.449988E-03
        72  1.916409E-02
        73  3.064328E-03
        74  6.688365E-04
        75  2.600600E-04
        76  2.691931E-03
        77  3.224118E-03
        78  7.027604E-04
        79  2.278099E-04
        80  2.764904E-03
        81  7.543600E-04
        82  6.439705E-04
        83  1.912959E-03
        84  5.119574E-03
        85  3.252100E-03
        86  9.795024E-04
        87  1.799333E-03
        88  4.093383E-03
        89  2.739005E-02
        90  1.559943E-02
        91  5.947692E-03
        92  1.091461E-03
        93  5.092191E-04
        94  4.158212E-03
        95  1.239411E-02
        96  2.290394E-02
        97  1.366035E-02
        98  7.835222E-03
        99  3.095671E-03
       100  6.428816E-04
       101  2.892662E-04
       102  2.057377E-03
       103  6.111641E-03
       104  1.143106E-02
       105  2.109268E-02
       106  1.214679E-02
       107  4.752127E-03
       108  9.006669E-04
       109  2.865375E-04
       110  2.986159E-03
       111  9.334193E-03
       112  1.766508E-02
       113  7.342292E-03
       114  4.167520E-03
       115  1.644489E-03
       116  3.524473E-04
       117  1.952937E-04
       118  1.138514E-03
       119  3.195858E-03
       120  5.901452E-03
       121  1.242022E-03
       122  1.050320E-03
       123  3.875861E-03
       124  5.203325E-03
       125  6.469734E-03
       126  8.224986E-03
       127  9.932148E-03
       128  1.437755E-02
       129  3.786849E-03
       130  4.108123E-04
       131  9.753070E-04
       132  5.329886E-03
       133  4.467940E-03
       134  7.916004E-04
       135  3.537307E-04
       136  3.308911E-03
       137  4.409577E-03
       138  5.090370E-04
       139  9.456624E-04
       140  5.764316E-03
       141  4.055052E-03
       142  6.754331E-04
       143  3.649608E-04
       144  2.964580E-03
       145  3.455010E-01
       146  3.284680E-01
       147  1.139602E-01
       148  3.194751E-01
       149  3.180839E-01
       150  9.991233E-02
       151  3.209052E-01
       152  1.651831E-01
       153  4.629547E-01
       154  2.795539E-01
       155  1.328857E-01
       156  3.475678E-01
       157  3.173255E-01
       158  8.872095E-02
       159  3.825424E-01
       160  1.302435E-01
       161  3.892870E-01
       162  2.781781E-01
       163  1.069098E-01
       164  3.053558E-01
       165  2.962923E-01
       166  8.401213E-02
       167  3.024606E-01
       168  1.966849E-01
       169  4.094585E-01
       170  3.065396E-01
       171  1.120375E-01
       172  3.252789E-01
       173  3.128667E-01
       174  8.543479E-02
       175  3.293824E-01
       176  1.922875E-01
       177  2.298743E-01
       178  3.337449E-01
       179  8.954665E-02
       180  3.394222E-01
       181  3.206070E-01
       182  7.669347E-02
       183  4.272820E-01
       184  2.498724E-01
       185  2.148836E-01
       186  3.707956E-01
       187  8.967245E-02
       188  3.569076E-01
       189  3.473738E-01
       190  9.000231E-02
       191  4.386293E-01
       192  2.809745E-01
       193  1.730758E-01
       194  3.339744E-01
       195  9.832445E-02
       196  3.409108E-01
       197  3.223773E-01
       198  8.904382E-02
       199  4.404329E-01
       200  2.156539E-01
       201  1.986754E-01
       202  3.804144E-01
       203  1.155817E-01
       204  3.867481E-01
       205  3.700351E-01
       206  1.083304E-01
       207  4.839368E-01
       208  2.483343E-01
       209  2.147775E-01
       210  1.831576E-01
       211  1.898680E-01
       212  1.686788E-01
       213  1.703538E-01
       214  1.772721E-01
       215  1.606854E-01
       216  2.088590E-01
       217  2.090705E-01
       218  1.629899E-01
       219  2.422182E-01
       220  1.804962E-01
       221  1.510101E-01
       222  2.140104E-01
       223  1.395808E-01
       224  2.144714E-01
       225  2.567978E-01
       226  1.752504E-01
       227  2.359744E-01
       228  1.610123E-01
       229  2.315381E-01
       230  2.014373E-01
       231  2.287363E-01
       232  1.970389E-01
       233  2.187727E-01
       234  1.809714E-01
       235  2.428556E-01
       236  1.675659E-01
       237  1.990404E-01
       238  2.622260E-01
       239  1.904599E-01
       240  2.355333E-01
       241  1.116271E-01
       242  1.034610E-01
       243  1.096519E-01
       244  1.195300E-01
       245  1.191722E-01
       246  9.815252E-02
       247  1.188612E-01
       248  1.055487E-01
       249  1.069937E-01
       250  7.894650E-02
       251  8.822220E-02
       252  1.268019E-01
       253  1.286034E-01
       254  9.252548E-02
       255  1.071612E-01
       256  1.386381E-01
       257  1.469214E-01
       258  1.104842E-01
       259  9.192679E-02
       260  1.200796E-01
       261  1.638662E-01
       262  1.124741E-01
       263  1.005180E-01
       264  1.299352E-01
       265  1.479400E-01
       266  1.292975E-01
       267  1.140183E-01
       268  1.258634E-01
       269  1.350409E-01
       270  1.289250E-01
       271  1.127340E-01
       272  1.274139E-01
       273  3.045305E-01
       274  3.142503E-01
       275  2.823664E-01
       276  2.876560E-01
       277  3.482405E-01
       278  3.789754E-01
       279  3.340485E-01
       280  2.801492E-01

 total internal energy for set ALL and time  0.1000000E+01

        3.035879E+01
