
                        S T E P       1


                                INCREMENT     1


 displacements (vx,vy,vz) for set TIP_TOP and time  0.1000000E+01

       887  8.879524E-02 -1.680852E-03 -2.380537E+00
       888  8.883186E-02 -1.650194E-03 -2.377013E+00
       891  8.886849E-02 -1.554204E-03 -2.373640E+00
       894  8.900062E-02 -1.312913E-03 -2.370610E+00
       896  8.912742E-02 -5.044193E-04 -2.368809E+00
       898  8.916708E-02 -4.678754E-05 -2.368716E+00
       900  8.912839E-02  4.108482E-04 -2.368808E+00
       903  8.900422E-02  1.219355E-03 -2.370606E+00
       906  8.887472E-02  1.460642E-03 -2.373634E+00
       909  8.884073E-02  1.556624E-03 -2.377005E+00
       912  8.880673E-02  1.587279E-03 -2.380527E+00
      2539  8.900793E-02 -9.736371E-04 -2.369534E+00
      2559  8.915511E-02 -2.734367E-04 -2.368750E+00
      2579  8.915559E-02  1.798627E-04 -2.368750E+00
      2603  8.901022E-02  8.800744E-04 -2.369532E+00

 forces (fx,fy,fz) for set CLAMP and time  0.1000000E+01

         1  1.289168E+03  2.857752E+03  8.156055E+02
         4  2.176072E+03  7.006020E-03  1.626598E+03
         5  1.595320E+03  4.238010E+03  9.050383E+01
         8  2.488483E+03  1.238188E-02  1.840426E+02
         9  1.133853E+03  2.760709E+03  5.125382E+01
        12  1.705653E+03  6.539051E-03  1.079689E+02
        13  1.350900E+03  3.326985E+03  8.896309E+01
        16  2.383941E+03  2.225151E-02  3.235984E+02
        17  1.190251E+02  1.899434E+02 -6.885346E+02
        20  2.375391E+02  2.069152E-02 -1.364950E+03
        21 -2.093416E+02 -1.945009E+03 -2.646116E+03
        24 -1.522942E+03  3.103907E-03 -8.683386E+02
        26  1.289214E+03 -2.857771E+03  8.156106E+02
        28  1.595388E+03 -4.238048E+03  9.050220E+01
        30  1.133918E+03 -2.760733E+03  5.125561E+01
        32  1.351009E+03 -3.327008E+03  8.898536E+01
        34  1.191213E+02 -1.899650E+02 -6.885382E+02
        36 -2.093298E+02  1.945002E+03 -2.646127E+03
        37  1.116270E+02 -9.017801E+02 -2.410059E+03
        40  1.011085E+03 -8.572633E+01 -4.565189E+03
        41 -2.107896E+03 -2.093437E+03 -5.957385E+02
        44 -2.916789E+03 -2.027565E+02 -1.180577E+03
        45 -2.395417E+03 -1.192884E+03  2.947491E+03
        48 -4.284527E+03 -1.172874E+02  5.700038E+03
        50  1.210049E+03 -9.537399E+01 -4.384579E+03
        52 -2.833646E+03 -2.117389E+02 -1.192364E+03
        54 -4.411105E+03 -1.160301E+02  5.577982E+03
        56  1.270356E+03 -8.891244E+01 -4.373145E+03
        58 -2.842271E+03 -1.762583E+02 -1.201742E+03
        60 -4.489209E+03 -8.941636E+01  5.591711E+03
        62 -1.964875E+03 -7.793960E+01 -7.961162E+02
        64 -3.086626E+03 -3.623026E+01  3.854952E+03
        66 -1.055188E+03  4.066353E-04 -4.166729E+02
        68 -1.650513E+03  6.677662E-04  2.067343E+03
        70 -1.964875E+03  7.793898E+01 -7.961129E+02
        72 -3.086618E+03  3.623193E+01  3.854951E+03
        74  1.270324E+03  8.890863E+01 -4.373158E+03
        76 -2.842276E+03  1.762561E+02 -1.201727E+03
        78 -4.489183E+03  8.941783E+01  5.591711E+03
        80  1.209999E+03  9.537081E+01 -4.384602E+03
        82 -2.833654E+03  2.117366E+02 -1.192339E+03
        84 -4.411065E+03  1.160310E+02  5.577986E+03
        86  1.011021E+03  8.572365E+01 -4.565223E+03
        88 -2.916801E+03  2.027542E+02 -1.180545E+03
        90 -4.284477E+03  1.172878E+02  5.700047E+03
        92  1.115893E+02  9.017885E+02 -2.410079E+03
        94 -2.107907E+03  2.093447E+03 -5.957205E+02
        96 -2.395391E+03  1.192886E+03  2.947497E+03
      1114  1.870857E+03  5.088654E+03  1.264906E+02
      1115  2.180662E+03  1.077872E+01  1.628035E+03
      1116  2.981399E+03  2.867405E+01  2.808135E+02
      1117  2.492914E+03  2.586834E+01  1.822525E+02
      1118  2.971164E+03  1.172883E-02  2.857664E+02
      1133  2.180669E+03 -1.076469E+01  1.628041E+03
      1134  2.981415E+03 -2.864959E+01  2.808107E+02
      1135  2.492929E+03 -2.584380E+01  1.822505E+02
      1136  1.870937E+03 -5.088696E+03  1.264853E+02
      1729  1.359578E+03  3.455059E+03  7.865596E+01
      1730  2.080239E+03  2.669910E+01  1.586089E+02
      1731  1.702235E+03  2.075830E+01  1.019836E+02
      1732  2.077227E+03  9.493847E-03  1.605543E+02
      1743  9.205749E+02  2.155032E+03  1.105634E+02
      1744  1.382068E+03  1.626782E+01  2.268470E+02
      1745  1.479345E+02  2.014091E+01 -6.402568E+02
      1746  1.384969E+03  1.755520E-03  2.415083E+02
      1785  2.080252E+03 -2.668097E+01  1.586068E+02
      1786  1.702245E+03 -2.074967E+01  1.019828E+02
      1787  1.359640E+03 -3.455091E+03  7.865419E+01
      1795  1.382074E+03 -1.626878E+01  2.268463E+02
      1796  1.479392E+02 -2.013682E+01 -6.402547E+02
      1797  9.206507E+02 -2.155055E+03  1.105650E+02

 internal energy (element, energy) for set EALL and time  0.1000000E+01

         1  1.527384E+01
         2  1.060304E+01
         3  1.520109E+01
         4  1.055765E+01
         5  1.873716E+00
         6  1.779883E+00
         7  1.898124E+00
         8  1.794991E+00
         9  1.944600E+00
        10  1.762353E+00
        11  1.928802E+00
        12  1.759871E+00
        13  1.205031E+01
        14  1.911614E+00
        15  1.803138E+00
        16  1.918248E+00
        17  1.807227E+00
        18  1.919976E+00
        19  1.758958E+00
        20  1.916661E+00
        21  1.758873E+00
        22  1.210734E+01
        23  7.344166E+00
        24  4.956536E+00
        25  7.313910E+00
        26  4.931679E+00
        27  8.967496E+00
        28  6.144658E+00
        29  9.009379E+00
        30  6.174422E+00
        31  3.176823E+00
        32  2.106539E+00
        33  3.173424E+00
        34  2.089278E+00
        35  3.791511E+00
        36  2.008480E+00
        37  3.818844E+00
        38  2.003576E+00
        39  4.789172E+00
        40  4.305958E+00
        41  1.520116E+01
        42  1.055770E+01
        43  1.527405E+01
        44  1.060321E+01
        45  1.918253E+00
        46  1.807232E+00
        47  1.911628E+00
        48  1.803152E+00
        49  1.916666E+00
        50  1.758877E+00
        51  1.919988E+00
        52  1.758970E+00
        53  1.210740E+01
        54  1.898149E+00
        55  1.795013E+00
        56  1.873750E+00
        57  1.779914E+00
        58  1.928823E+00
        59  1.759891E+00
        60  1.944630E+00
        61  1.762380E+00
        62  1.205048E+01
        63  7.313950E+00
        64  4.931707E+00
        65  7.344288E+00
        66  4.956620E+00
        67  9.009421E+00
        68  6.174454E+00
        69  8.967623E+00
        70  6.144757E+00
        71  3.173442E+00
        72  2.089284E+00
        73  3.176877E+00
        74  2.106555E+00
        75  3.818868E+00
        76  2.003588E+00
        77  3.791587E+00
        78  2.008515E+00
        79  4.789230E+00
        80  4.305958E+00
        81  8.636100E+00
        82  1.253754E+01
        83  8.171567E+00
        84  1.204712E+01
        85  8.082619E+00
        86  1.200258E+01
        87  8.186750E+00
        88  1.216813E+01
        89  3.000449E+00
        90  4.467535E+00
        91  3.000449E+00
        92  4.467533E+00
        93  8.186743E+00
        94  1.216810E+01
        95  8.082616E+00
        96  1.200253E+01
        97  8.171576E+00
        98  1.204705E+01
        99  8.636130E+00
       100  1.253747E+01
       101  1.447077E+01
       102  1.127176E+01
       103  1.447838E+01
       104  1.124696E+01
       105  1.502178E+01
       106  1.120210E+01
       107  1.501765E+01
       108  1.120815E+01
       109  8.441175E+00
       110  6.021999E+00
       111  8.417167E+00
       112  6.008337E+00
       113  8.092601E+00
       114  5.703674E+00
       115  8.106427E+00
       116  5.701839E+00
       117  2.431733E+01
       118  6.804390E+00
       119  6.352949E-01
       120  1.165805E+00
       121  6.310522E-01
       122  1.152785E+00
       123  2.186394E-01
       124  7.389119E-01
       125  2.221045E-01
       126  7.450382E-01
       127  1.447842E+01
       128  1.124700E+01
       129  1.447091E+01
       130  1.127186E+01
       131  1.501769E+01
       132  1.120819E+01
       133  1.502192E+01
       134  1.120223E+01
       135  8.417190E+00
       136  6.008347E+00
       137  8.441244E+00
       138  6.022028E+00
       139  8.106462E+00
       140  5.701865E+00
       141  8.092707E+00
       142  5.703752E+00
       143  2.431745E+01
       144  6.804380E+00
       145  6.310415E-01
       146  1.152775E+00
       147  6.352628E-01
       148  1.165774E+00
       149  2.221088E-01
       150  7.450428E-01
       151  2.186522E-01
       152  7.389261E-01
       153  8.784907E+00
       154  1.268794E+01
       155  9.280913E+00
       156  1.329018E+01
       157  9.483131E+00
       158  1.353218E+01
       159  9.616063E+00
       160  1.366596E+01
       161  3.511169E+00
       162  4.979341E+00
       163  3.511166E+00
       164  4.979337E+00
       165  9.616040E+00
       166  1.366591E+01
       167  9.483112E+00
       168  1.353206E+01
       169  9.280895E+00
       170  1.328999E+01
       171  8.784881E+00
       172  1.268770E+01
       173  1.433747E+01
       174  1.120706E+01
       175  1.434094E+01
       176  1.120761E+01
       177  1.415894E+01
       178  1.092611E+01
       179  1.415551E+01
       180  1.092198E+01
       181  5.571496E+01
       182  2.311758E+01
       183  5.891115E+00
       184  4.644831E+00
       185  1.434096E+01
       186  1.120762E+01
       187  1.433753E+01
       188  1.120709E+01
       189  1.415552E+01
       190  1.092200E+01
       191  1.415899E+01
       192  1.092618E+01
       193  5.571515E+01
       194  2.311766E+01
       195  5.891109E+00
       196  4.644761E+00
       197  8.304949E+00
       198  1.222374E+01
       199  8.328225E+00
       200  1.223363E+01
       201  8.414937E+00
       202  1.232145E+01
       203  8.464832E+00
       204  1.234149E+01
       205  3.074411E+00
       206  4.476358E+00
       207  3.074406E+00
       208  4.476350E+00
       209  8.464767E+00
       210  1.234136E+01
       211  8.414846E+00
       212  1.232115E+01
       213  8.328095E+00
       214  1.223316E+01
       215  8.304785E+00
       216  1.222311E+01
       217  1.416690E+01
       218  1.087114E+01
       219  1.416941E+01
       220  1.087136E+01
       221  1.339466E+01
       222  1.031101E+01
       223  1.339339E+01
       224  1.031113E+01
       225  5.243018E+01
       226  2.183215E+01
       227  5.886283E+00
       228  4.313229E+00
       229  1.416942E+01
       230  1.087136E+01
       231  1.416692E+01
       232  1.087114E+01
       233  1.339338E+01
       234  1.031113E+01
       235  1.339465E+01
       236  1.031101E+01
       237  5.243027E+01
       238  2.183226E+01
       239  5.886214E+00
       240  4.313127E+00
       241  7.962688E+00
       242  1.177271E+01
       243  7.935309E+00
       244  1.172578E+01
       245  7.920194E+00
       246  1.169162E+01
       247  7.943585E+00
       248  1.169211E+01
       249  2.885322E+00
       250  4.247786E+00
       251  2.885310E+00
       252  4.247766E+00
       253  7.943413E+00
       254  1.169183E+01
       255  7.919925E+00
       256  1.169098E+01
       257  7.934945E+00
       258  1.172475E+01
       259  7.962244E+00
       260  1.177135E+01
       261  1.326166E+01
       262  1.026118E+01
       263  1.326198E+01
       264  1.026016E+01
       265  1.255454E+01
       266  9.718245E+00
       267  1.255409E+01
       268  9.717362E+00
       269  4.998262E+01
       270  2.119065E+01
       271  5.876006E+00
       272  4.014344E+00
       273  1.326197E+01
       274  1.026015E+01
       275  1.326162E+01
       276  1.026117E+01
       277  1.255411E+01
       278  9.717381E+00
       279  1.255458E+01
       280  9.718302E+00
       281  4.998262E+01
       282  2.119061E+01
       283  5.876169E+00
       284  4.014138E+00
       285  7.423160E+00
       286  1.112772E+01
       287  7.434590E+00
       288  1.113913E+01
       289  7.452677E+00
       290  1.116153E+01
       291  7.489103E+00
       292  1.118544E+01
       293  2.720520E+00
       294  4.063766E+00
       295  2.720500E+00
       296  4.063740E+00
       297  7.488810E+00
       298  1.118503E+01
       299  7.452208E+00
       300  1.116050E+01
       301  7.433868E+00
       302  1.113729E+01
       303  7.422203E+00
       304  1.112512E+01
       305  1.239665E+01
       306  9.606830E+00
       307  1.239632E+01
       308  9.606255E+00
       309  1.174517E+01
       310  9.083058E+00
       311  1.174632E+01
       312  9.083812E+00
       313  4.688212E+01
       314  2.024791E+01
       315  5.934605E+00
       316  4.950673E-01
       317  7.553391E-01
       318  4.914413E-01
       319  7.429076E-01
       320  1.694932E-01
       321  4.242569E-01
       322  1.677961E-01
       323  4.343532E-01
       324  1.239637E+01
       325  9.606296E+00
       326  1.239679E+01
       327  9.606937E+00
       328  1.174646E+01
       329  9.083918E+00
       330  1.174562E+01
       331  9.083399E+00
       332  4.688297E+01
       333  2.024875E+01
       334  5.934015E+00
       335  4.913921E-01
       336  7.428061E-01
       337  4.949292E-01
       338  7.550283E-01
       339  1.678057E-01
       340  4.344099E-01
       341  1.695166E-01
       342  4.244240E-01
       343  6.940668E+00
       344  1.054070E+01
       345  6.953539E+00
       346  1.055571E+01
       347  6.976605E+00
       348  1.058362E+01
       349  7.022121E+00
       350  1.061234E+01
       351  2.549287E+00
       352  3.854732E+00
       353  2.549256E+00
       354  3.854717E+00
       355  7.021673E+00
       356  1.061187E+01
       357  6.975851E+00
       358  1.058213E+01
       359  6.952347E+00
       360  1.055295E+01
       361  6.939066E+00
       362  1.053675E+01
       363  1.154525E+01
       364  8.990256E+00
       365  1.154396E+01
       366  8.987607E+00
       367  1.047136E+01
       368  8.330835E+00
       369  1.047483E+01
       370  8.332253E+00
       371  4.440404E+01
       372  1.970130E+01
       373  5.914580E+00
       374  4.759382E-01
       375  6.795007E-01
       376  4.804514E-01
       377  6.574794E-01
       378  1.628954E-01
       379  3.659039E-01
       380  1.613230E-01
       381  3.752305E-01
       382  1.154436E+01
       383  8.987823E+00
       384  1.154637E+01
       385  8.990950E+00
       386  1.047532E+01
       387  8.333660E+00
       388  1.047388E+01
       389  8.334828E+00
       390  4.440548E+01
       391  1.970036E+01
       392  5.916169E+00
       393  4.804137E-01
       394  6.573424E-01
       395  4.758386E-01
       396  6.790738E-01
       397  1.613165E-01
       398  3.753161E-01
       399  1.628627E-01
       400  3.661335E-01
       401  6.443780E+00
       402  9.922956E+00
       403  6.457784E+00
       404  9.938308E+00
       405  6.481613E+00
       406  9.966431E+00
       407  6.526375E+00
       408  9.993266E+00
       409  2.372452E+00
       410  3.627917E+00
       411  2.372365E+00
       412  3.627801E+00
       413  6.525331E+00
       414  9.992076E+00
       415  6.480496E+00
       416  9.964472E+00
       417  6.456825E+00
       418  9.936015E+00
       419  6.442882E+00
       420  9.920303E+00
       421  1.080669E+01
       422  8.189477E+00
       423  1.079890E+01
       424  8.186380E+00
       425  9.747350E+00
       426  7.492896E+00
       427  9.757040E+00
       428  7.496564E+00
       429  5.997052E+00
       430  4.383406E+00
       431  6.005042E+00
       432  4.385506E+00
       433  5.560555E+00
       434  4.003297E+00
       435  5.560160E+00
       436  3.998823E+00
       437  1.787495E+01
       438  5.692411E+00
       439  4.793505E-01
       440  6.438449E-01
       441  4.830259E-01
       442  6.209796E-01
       443  1.469278E-01
       444  3.087010E-01
       445  1.456173E-01
       446  3.191272E-01
       447  1.079921E+01
       448  8.182982E+00
       449  1.080373E+01
       450  8.180328E+00
       451  9.738651E+00
       452  7.503096E+00
       453  9.708354E+00
       454  7.509153E+00
       455  6.003943E+00
       456  4.384638E+00
       457  5.994206E+00
       458  4.381174E+00
       459  5.561867E+00
       460  4.001601E+00
       461  5.565175E+00
       462  4.010630E+00
       463  1.788966E+01
       464  5.691921E+00
       465  4.827760E-01
       466  6.205292E-01
       467  4.786355E-01
       468  6.424187E-01
       469  1.458593E-01
       470  3.193171E-01
       471  1.477341E-01
       472  3.092410E-01
       473  5.923013E+00
       474  9.240658E+00
       475  5.945222E+00
       476  9.270846E+00
       477  5.982603E+00
       478  9.320236E+00
       479  6.044179E+00
       480  9.368999E+00
       481  2.196007E+00
       482  3.403385E+00
       483  2.195868E+00
       484  3.403368E+00
       485  6.043321E+00
       486  9.369075E+00
       487  5.983037E+00
       488  9.321214E+00
       489  5.946891E+00
       490  9.273443E+00
       491  5.925926E+00
       492  9.244953E+00
       493  9.361274E+00
       494  7.270461E+00
       495  9.369316E+00
       496  7.277209E+00
       497  8.704240E+00
       498  6.721122E+00
       499  8.742707E+00
       500  6.729020E+00
       501  5.513458E+00
       502  4.102472E+00
       503  5.525105E+00
       504  4.101783E+00
       505  4.978412E+00
       506  3.639173E+00
       507  4.990863E+00
       508  3.641935E+00
       509  1.683936E+01
       510  5.565836E+00
       511  4.967225E-01
       512  6.174864E-01
       513  5.006103E-01
       514  5.886129E-01
       515  1.314131E-01
       516  2.513588E-01
       517  1.298730E-01
       518  2.626595E-01
       519  1.269245E+00
       520  1.119565E+00
       521  1.290684E+00
       522  1.125413E+00
       523  1.217414E+00
       524  1.082728E+00
       525  1.194941E+00
       526  1.077350E+00
       527  7.285523E+00
       528  1.304612E+00
       529  1.130169E+00
       530  1.312289E+00
       531  1.133349E+00
       532  1.182121E+00
       533  1.074058E+00
       534  1.176665E+00
       535  1.072835E+00
       536  7.296671E+00
       537  8.798639E+00
       538  6.734914E+00
       539  8.834053E+00
       540  6.744644E+00
       541  5.534791E+00
       542  4.111707E+00
       543  5.539942E+00
       544  4.131030E+00
       545  4.996965E+00
       546  3.641039E+00
       547  5.003297E+00
       548  3.643251E+00
       549  1.686945E+01
       550  5.568838E+00
       551  4.996141E-01
       552  5.880174E-01
       553  4.937484E-01
       554  6.157056E-01
       555  1.301035E-01
       556  2.627892E-01
       557  1.319870E-01
       558  2.517683E-01
       559  5.376826E+00
       560  8.492431E+00
       561  5.397569E+00
       562  8.519557E+00
       563  5.434999E+00
       564  8.570649E+00
       565  5.510208E+00
       566  8.627014E+00
       567  2.005139E+00
       568  3.133086E+00
       569  2.005125E+00
       570  3.133395E+00
       571  5.511149E+00
       572  8.630405E+00
       573  5.438626E+00
       574  8.577313E+00
       575  5.403217E+00
       576  8.529493E+00
       577  5.384465E+00
       578  8.505453E+00
       579  1.170623E+00
       580  1.009007E+00
       581  1.164397E+00
       582  1.006128E+00
       583  1.037954E+00
       584  9.501760E-01
       585  1.041704E+00
       586  9.503337E-01
       587  6.504865E+00
       588  1.150948E+00
       589  1.001294E+00
       590  1.129289E+00
       591  9.950750E-01
       592  1.053799E+00
       593  9.530275E-01
       594  1.076700E+00
       595  9.581001E-01
       596  6.482001E+00
       597  7.605014E+00
       598  5.865150E+00
       599  7.552873E+00
       600  5.844454E+00
       601  5.002642E+00
       602  3.780716E+00
       603  4.978424E+00
       604  3.774721E+00
       605  4.386320E+00
       606  3.235367E+00
       607  4.368891E+00
       608  3.239355E+00
       609  1.559423E+01
       610  5.466933E+00
       611  4.826700E-01
       612  5.731374E-01
       613  4.875349E-01
       614  5.444194E-01
       615  1.240076E-01
       616  1.992971E-01
       617  1.229257E-01
       618  2.085195E-01
       619  8.293753E+00
       620  6.464613E+00
       621  8.264329E+00
       622  6.448043E+00
       623  7.506020E+00
       624  5.823294E+00
       625  7.484530E+00
       626  5.800112E+00
       627  4.950539E+00
       628  3.739282E+00
       629  4.925065E+00
       630  3.658091E+00
       631  4.345052E+00
       632  3.195542E+00
       633  4.319319E+00
       634  3.114880E+00
       635  2.572026E+00
       636  1.703051E+00
       637  2.495079E+00
       638  1.677412E+00
       639  2.189893E+00
       640  1.339197E+00
       641  2.133820E+00
       642  1.331376E+00
       643  5.432094E+00
       644  4.875577E-01
       645  5.441908E-01
       646  4.826332E-01
       647  5.724818E-01
       648  1.231884E-01
       649  2.086079E-01
       650  1.245637E-01
       651  1.995410E-01
       652  4.830495E+00
       653  7.717462E+00
       654  4.831557E+00
       655  7.709513E+00
       656  4.843144E+00
       657  7.715673E+00
       658  4.898838E+00
       659  7.729607E+00
       660  1.784701E+00
       661  2.797768E+00
       662  1.784919E+00
       663  2.798321E+00
       664  4.901708E+00
       665  7.735395E+00
       666  4.849072E+00
       667  7.725915E+00
       668  4.839350E+00
       669  7.723081E+00
       670  4.840185E+00
       671  7.734067E+00
       672  7.230940E+00
       673  5.617279E+00
       674  7.244571E+00
       675  5.622218E+00
       676  6.442078E+00
       677  5.000644E+00
       678  6.450607E+00
       679  5.009136E+00
       680  4.287937E+00
       681  3.191669E+00
       682  4.286017E+00
       683  3.201826E+00
       684  3.695276E+00
       685  2.603044E+00
       686  3.703697E+00
       687  2.612578E+00
       688  2.191362E+00
       689  1.551620E+00
       690  2.196596E+00
       691  1.552065E+00
       692  1.737155E+00
       693  1.116062E+00
       694  1.743686E+00
       695  1.114303E+00
       696  4.916899E+00
       697  4.767337E-01
       698  5.242396E-01
       699  4.831665E-01
       700  4.776643E-01
       701  1.151967E-01
       702  1.889510E-01
       703  1.147555E-01
       704  1.603897E-01
       705  7.256136E+00
       706  5.629457E+00
       707  7.262908E+00
       708  5.641651E+00
       709  6.458757E+00
       710  5.015982E+00
       711  6.467901E+00
       712  5.020218E+00
       713  4.285007E+00
       714  3.180901E+00
       715  4.292675E+00
       716  3.146475E+00
       717  3.709246E+00
       718  2.615775E+00
       719  3.710012E+00
       720  2.611874E+00
       721  2.215619E+00
       722  1.550942E+00
       723  2.199178E+00
       724  1.543349E+00
       725  1.749738E+00
       726  1.116880E+00
       727  1.749689E+00
       728  1.122445E+00
       729  4.939191E+00
       730  4.837004E-01
       731  4.781701E-01
       732  4.780046E-01
       733  5.262371E-01
       734  1.143607E-01
       735  1.601758E-01
       736  1.140888E-01
       737  1.884992E-01
       738  4.288284E+00
       739  6.918842E+00
       740  4.297694E+00
       741  6.920699E+00
       742  4.306314E+00
       743  6.925701E+00
       744  4.349552E+00
       745  6.915692E+00
       746  2.009812E-01
       747  2.449802E-01
       748  2.044862E-01
       749  2.514173E-01
       750  1.500784E-01
       751  2.038340E-01
       752  1.372095E-01
       753  2.089969E-01
       754  2.494944E+00
       755  2.046250E-01
       756  2.515116E-01
       757  2.012455E-01
       758  2.451736E-01
       759  1.371506E-01
       760  2.089556E-01
       761  1.499468E-01
       762  2.037181E-01
       763  2.495194E+00
       764  4.352687E+00
       765  6.919022E+00
       766  4.310594E+00
       767  6.932218E+00
       768  4.303296E+00
       769  6.929795E+00
       770  4.295301E+00
       771  6.930468E+00
       772  6.220677E+00
       773  4.814435E+00
       774  6.223726E+00
       775  4.815753E+00
       776  5.599134E+00
       777  4.335971E+00
       778  5.601426E+00
       779  4.338213E+00
       780  3.640815E+00
       781  2.661587E+00
       782  3.639788E+00
       783  2.658904E+00
       784  3.238561E+00
       785  2.305591E+00
       786  3.241052E+00
       787  2.308353E+00
       788  1.854275E+00
       789  1.227685E+00
       790  1.852782E+00
       791  1.224736E+00
       792  1.536621E+00
       793  9.346580E-01
       794  1.539145E+00
       795  9.361353E-01
       796  6.951452E-01
       797  4.093759E-01
       798  6.948848E-01
       799  4.098401E-01
       800  4.995474E-01
       801  2.251440E-01
       802  4.995697E-01
       803  2.255510E-01
       804  3.244104E-01
       805  5.024807E-01
       806  3.281378E-01
       807  3.946550E-01
       808  1.033173E-01
       809  2.460842E-01
       810  1.058670E-01
       811  1.548333E-01
       812  6.227068E+00
       813  4.818510E+00
       814  6.230558E+00
       815  4.822907E+00
       816  5.602779E+00
       817  4.339342E+00
       818  5.603249E+00
       819  4.339310E+00
       820  3.641337E+00
       821  2.658776E+00
       822  3.646235E+00
       823  2.662626E+00
       824  3.242075E+00
       825  2.309391E+00
       826  3.241445E+00
       827  2.308354E+00
       828  1.853902E+00
       829  1.226024E+00
       830  1.857184E+00
       831  1.231697E+00
       832  1.539819E+00
       833  9.363590E-01
       834  1.538465E+00
       835  9.352987E-01
       836  6.952257E-01
       837  4.102211E-01
       838  6.962453E-01
       839  4.104612E-01
       840  4.998034E-01
       841  2.256411E-01
       842  5.001932E-01
       843  2.254044E-01
       844  3.285643E-01
       845  3.949234E-01
       846  3.258476E-01
       847  5.030599E-01
       848  1.058399E-01
       849  1.547744E-01
       850  1.032733E-01
       851  2.457467E-01
       852  3.716742E+00
       853  6.040068E+00
       854  3.758735E+00
       855  6.098119E+00
       856  3.836534E+00
       857  6.204221E+00
       858  3.950067E+00
       859  6.329526E+00
       860  1.972552E-01
       861  2.291338E-01
       862  1.960651E-01
       863  2.365295E-01
       864  1.429526E-01
       865  1.844724E-01
       866  1.264375E-01
       867  1.940903E-01
       868  2.306646E+00
       869  1.961176E-01
       870  2.365582E-01
       871  1.974023E-01
       872  2.292457E-01
       873  1.264114E-01
       874  1.940604E-01
       875  1.428958E-01
       876  1.844067E-01
       877  2.306367E+00
       878  3.950796E+00
       879  6.328033E+00
       880  3.836700E+00
       881  6.203360E+00
       882  3.759608E+00
       883  6.098746E+00
       884  3.718167E+00
       885  6.042098E+00
       886  4.932937E+00
       887  3.845605E+00
       888  4.933069E+00
       889  3.845609E+00
       890  4.308238E+00
       891  3.359594E+00
       892  4.308372E+00
       893  3.359674E+00
       894  2.901093E+00
       895  2.101616E+00
       896  2.900849E+00
       897  2.101038E+00
       898  2.539137E+00
       899  1.840490E+00
       900  2.539234E+00
       901  1.840640E+00
       902  1.447306E+00
       903  9.379652E-01
       904  1.446496E+00
       905  9.368721E-01
       906  1.259394E+00
       907  7.932572E-01
       908  1.259602E+00
       909  7.934788E-01
       910  5.682631E-01
       911  3.511430E-01
       912  5.671765E-01
       913  3.506008E-01
       914  4.424780E-01
       915  2.092173E-01
       916  4.424731E-01
       917  2.095670E-01
       918  2.987172E-01
       919  5.133899E-01
       920  3.036672E-01
       921  3.828462E-01
       922  1.027081E-01
       923  1.820784E-01
       924  1.051926E-01
       925  1.343259E-01
       926  4.933423E+00
       927  3.845898E+00
       928  4.933997E+00
       929  3.846473E+00
       930  4.308327E+00
       931  3.359623E+00
       932  4.308092E+00
       933  3.359436E+00
       934  2.901026E+00
       935  2.101071E+00
       936  2.901660E+00
       937  2.101811E+00
       938  2.539197E+00
       939  1.840626E+00
       940  2.539012E+00
       941  1.840421E+00
       942  1.446532E+00
       943  9.369711E-01
       944  1.447450E+00
       945  9.382537E-01
       946  1.259587E+00
       947  7.934448E-01
       948  1.259330E+00
       949  7.931516E-01
       950  5.671873E-01
       951  3.506171E-01
       952  5.683234E-01
       953  3.512139E-01
       954  4.424615E-01
       955  2.095573E-01
       956  4.424324E-01
       957  2.091835E-01
       958  3.037330E-01
       959  3.829472E-01
       960  2.988885E-01
       961  5.138574E-01
       962  1.051715E-01
       963  1.343357E-01
       964  1.026662E-01
       965  1.818695E-01
       966  3.088078E+00
       967  5.039748E+00
       968  3.125210E+00
       969  5.089302E+00
       970  3.187040E+00
       971  5.177691E+00
       972  3.328472E+00
       973  5.266866E+00
       974  1.846743E-01
       975  2.063679E-01
       976  1.843451E-01
       977  2.128138E-01
       978  1.051765E-01
       979  1.375546E-01
       980  9.509435E-02
       981  1.399370E-01
       982  1.903723E+00
       983  1.843704E-01
       984  2.128138E-01
       985  1.846906E-01
       986  2.063767E-01
       987  9.507825E-02
       988  1.399280E-01
       989  1.051905E-01
       990  1.375546E-01
       991  1.903534E+00
       992  3.328288E+00
       993  5.265164E+00
       994  3.186037E+00
       995  5.175080E+00
       996  3.123751E+00
       997  5.086208E+00
       998  3.086152E+00
       999  5.036335E+00
      1000  3.680505E+00
      1001  2.884554E+00
      1002  3.680426E+00
      1003  2.884430E+00
      1004  3.070007E+00
      1005  2.404323E+00
      1006  3.069963E+00
      1007  2.404295E+00
      1008  2.194617E+00
      1009  1.610430E+00
      1010  2.194451E+00
      1011  1.610152E+00
      1012  1.826041E+00
      1013  1.332457E+00
      1014  1.826061E+00
      1015  1.332529E+00
      1016  1.131588E+00
      1017  7.588297E-01
      1018  1.131139E+00
      1019  7.580760E-01
      1020  9.211902E-01
      1021  5.904091E-01
      1022  9.213326E-01
      1023  5.906123E-01
      1024  4.941700E-01
      1025  3.442716E-01
      1026  4.927429E-01
      1027  3.414805E-01
      1028  3.396736E-01
      1029  1.712139E-01
      1030  3.398038E-01
      1031  1.712923E-01
      1032  3.173556E-01
      1033  4.652032E-01
      1034  3.262831E-01
      1035  4.130256E-01
      1036  9.163726E-02
      1037  1.186725E-01
      1038  9.608629E-02
      1039  1.169944E-01
      1040  3.680278E+00
      1041  2.884297E+00
      1042  3.680049E+00
      1043  2.884151E+00
      1044  3.069844E+00
      1045  2.404192E+00
      1046  3.069641E+00
      1047  2.404010E+00
      1048  2.194341E+00
      1049  1.610060E+00
      1050  2.194289E+00
      1051  1.610159E+00
      1052  1.825981E+00
      1053  1.332472E+00
      1054  1.825801E+00
      1055  1.332283E+00
      1056  1.131068E+00
      1057  7.580301E-01
      1058  1.131377E+00
      1059  7.586901E-01
      1060  9.212935E-01
      1061  5.905860E-01
      1062  9.210716E-01
      1063  5.903300E-01
      1064  4.927085E-01
      1065  3.414659E-01
      1066  4.940695E-01
      1067  3.442298E-01
      1068  3.397895E-01
      1069  1.712844E-01
      1070  3.396294E-01
      1071  1.711883E-01
      1072  3.262993E-01
      1073  4.130999E-01
      1074  3.174003E-01
      1075  4.654553E-01
      1076  9.607745E-02
      1077  1.169876E-01
      1078  9.161438E-02
      1079  1.186488E-01
      1080  2.414441E+00
      1081  3.938598E+00
      1082  2.433651E+00
      1083  3.955972E+00
      1084  2.467927E+00
      1085  3.996616E+00
      1086  2.582140E+00
      1087  4.027724E+00
      1088  9.525950E-01
      1089  1.438985E+00
      1090  9.526051E-01
      1091  1.438933E+00
      1092  2.582230E+00
      1093  4.027041E+00
      1094  2.467392E+00
      1095  3.995166E+00
      1096  2.432431E+00
      1097  3.953592E+00
      1098  2.412524E+00
      1099  3.935408E+00
      1100  2.509944E+00
      1101  1.974406E+00
      1102  2.509976E+00
      1103  1.974348E+00
      1104  1.951961E+00
      1105  1.534298E+00
      1106  1.952102E+00
      1107  1.534403E+00
      1108  1.514031E+00
      1109  1.126446E+00
      1110  1.513880E+00
      1111  1.126159E+00
      1112  1.174881E+00
      1113  8.696959E-01
      1114  1.174980E+00
      1115  8.698117E-01
      1116  8.100370E-01
      1117  5.643892E-01
      1118  8.095634E-01
      1119  5.636072E-01
      1120  6.153847E-01
      1121  4.094423E-01
      1122  6.155424E-01
      1123  4.096546E-01
      1124  3.909105E-01
      1125  2.937611E-01
      1126  3.895364E-01
      1127  2.922794E-01
      1128  2.505265E-01
      1129  1.392503E-01
      1130  2.507787E-01
      1131  1.396914E-01
      1132  2.805736E-01
      1133  4.165285E-01
      1134  2.858623E-01
      1135  3.334048E-01
      1136  7.923008E-02
      1137  1.068249E-01
      1138  8.143651E-02
      1139  6.943544E-02
      1140  2.509912E+00
      1141  1.974293E+00
      1142  2.509745E+00
      1143  1.974240E+00
      1144  1.952081E+00
      1145  1.534387E+00
      1146  1.951897E+00
      1147  1.534251E+00
      1148  1.513840E+00
      1149  1.126132E+00
      1150  1.513911E+00
      1151  1.126364E+00
      1152  1.174971E+00
      1153  8.698085E-01
      1154  1.174854E+00
      1155  8.696862E-01
      1156  8.095471E-01
      1157  5.636012E-01
      1158  8.099887E-01
      1159  5.643712E-01
      1160  6.155437E-01
      1161  4.096590E-01
      1162  6.153887E-01
      1163  4.094557E-01
      1164  3.895388E-01
      1165  2.922904E-01
      1166  3.909182E-01
      1167  2.937959E-01
      1168  2.507851E-01
      1169  1.396982E-01
      1170  2.505455E-01
      1171  1.392708E-01
      1172  2.858861E-01
      1173  3.334447E-01
      1174  2.806399E-01
      1175  4.166707E-01
      1176  8.144272E-02
      1177  6.943798E-02
      1178  7.924643E-02
      1179  1.068451E-01
      1180  1.766847E+00
      1181  2.856321E+00
      1182  1.768697E+00
      1183  2.839143E+00
      1184  1.796724E+00
      1185  2.870461E+00
      1186  1.943937E+00
      1187  2.921256E+00
      1188  1.228114E-01
      1189  1.309452E-01
      1190  1.284031E-01
      1191  1.390254E-01
      1192  4.964762E-02
      1193  6.417197E-02
      1194  4.201336E-02
      1195  6.372153E-02
      1196  1.035412E+00
      1197  1.284090E-01
      1198  1.390275E-01
      1199  1.228262E-01
      1200  1.309525E-01
      1201  4.201406E-02
      1202  6.371989E-02
      1203  4.964868E-02
      1204  6.416726E-02
      1205  1.035374E+00
      1206  1.943998E+00
      1207  2.920846E+00
      1208  1.796447E+00
      1209  2.869715E+00
      1210  1.768074E+00
      1211  2.837980E+00
      1212  1.765856E+00
      1213  2.854762E+00
      1214  1.437055E+00
      1215  1.140811E+00
      1216  1.437052E+00
      1217  1.140722E+00
      1218  9.711997E-01
      1219  7.703396E-01
      1220  9.713405E-01
      1221  7.704469E-01
      1222  8.886502E-01
      1223  6.785519E-01
      1224  8.884658E-01
      1225  6.782320E-01
      1226  5.981894E-01
      1227  4.532623E-01
      1228  5.982990E-01
      1229  4.533941E-01
      1230  5.094028E-01
      1231  3.806919E-01
      1232  5.089035E-01
      1233  3.799117E-01
      1234  3.328623E-01
      1235  2.349608E-01
      1236  3.330345E-01
      1237  2.351818E-01
      1238  2.930309E-01
      1239  2.485958E-01
      1240  2.917237E-01
      1241  2.469465E-01
      1242  1.582805E-01
      1243  1.026968E-01
      1244  1.585445E-01
      1245  1.030800E-01
      1246  2.493343E-01
      1247  3.429625E-01
      1248  2.557091E-01
      1249  2.813423E-01
      1250  6.863953E-02
      1251  7.427483E-02
      1252  7.211929E-02
      1253  5.791299E-02
      1254  1.437055E+00
      1255  1.140728E+00
      1256  1.437063E+00
      1257  1.140828E+00
      1258  9.713501E-01
      1259  7.704574E-01
      1260  9.712290E-01
      1261  7.703715E-01
      1262  8.884737E-01
      1263  6.782421E-01
      1264  8.886741E-01
      1265  6.785824E-01
      1266  5.983100E-01
      1267  4.534051E-01
      1268  5.982225E-01
      1269  4.532956E-01
      1270  5.089154E-01
      1271  3.799254E-01
      1272  5.094389E-01
      1273  3.807331E-01
      1274  3.330455E-01
      1275  2.351923E-01
      1276  3.328952E-01
      1277  2.349923E-01
      1278  2.917390E-01
      1279  2.469634E-01
      1280  2.930770E-01
      1281  2.486471E-01
      1282  1.585544E-01
      1283  1.030889E-01
      1284  1.583099E-01
      1285  1.027234E-01
      1286  2.557290E-01
      1287  2.813695E-01
      1288  2.493918E-01
      1289  3.430496E-01
      1290  7.212750E-02
      1291  5.792148E-02
      1292  6.866260E-02
      1293  7.430454E-02
      1294  1.232474E+00
      1295  1.916216E+00
      1296  1.188283E+00
      1297  1.809858E+00
      1298  1.160038E+00
      1299  1.755684E+00
      1300  1.301076E+00
      1301  1.782912E+00
      1302  4.753023E-01
      1303  6.214091E-01
      1304  4.753183E-01
      1305  6.213906E-01
      1306  1.301157E+00
      1307  1.782717E+00
      1308  1.159936E+00
      1309  1.755368E+00
      1310  1.188041E+00
      1311  1.809406E+00
      1312  1.232074E+00
      1313  1.915632E+00
      1314  5.985965E-01
      1315  4.810256E-01
      1316  5.985373E-01
      1317  4.808695E-01
      1318  2.889231E-01
      1319  2.403978E-01
      1320  2.890132E-01
      1321  2.404651E-01
      1322  3.871244E-01
      1323  3.116303E-01
      1324  3.868657E-01
      1325  3.112501E-01
      1326  1.964533E-01
      1327  1.617270E-01
      1328  1.965033E-01
      1329  1.617708E-01
      1330  2.534874E-01
      1331  2.119902E-01
      1332  2.529604E-01
      1333  2.112560E-01
      1334  1.336412E-01
      1335  1.103949E-01
      1336  1.337007E-01
      1337  1.104803E-01
      1338  1.870948E-01
      1339  1.796191E-01
      1340  1.860291E-01
      1341  1.784275E-01
      1342  9.095987E-02
      1343  7.499772E-02
      1344  9.108212E-02
      1345  7.545406E-02
      1346  1.891682E-01
      1347  2.572549E-01
      1348  1.945098E-01
      1349  2.056349E-01
      1350  6.241984E-02
      1351  8.090446E-02
      1352  6.483623E-02
      1353  5.244435E-02
      1354  5.985464E-01
      1355  4.808797E-01
      1356  5.986247E-01
      1357  4.810567E-01
      1358  2.890187E-01
      1359  2.404713E-01
      1360  2.889399E-01
      1361  2.404165E-01
      1362  3.868763E-01
      1363  3.112608E-01
      1364  3.871564E-01
      1365  3.116627E-01
      1366  1.965099E-01
      1367  1.617774E-01
      1368  1.964730E-01
      1369  1.617469E-01
      1370  2.529712E-01
      1371  2.112669E-01
      1372  2.535201E-01
      1373  2.120232E-01
      1374  1.337073E-01
      1375  1.104867E-01
      1376  1.336609E-01
      1377  1.104140E-01
      1378  1.860401E-01
      1379  1.784386E-01
      1380  1.871280E-01
      1381  1.796525E-01
      1382  9.108823E-02
      1383  7.545985E-02
      1384  9.097819E-02
      1385  7.501500E-02
      1386  1.945216E-01
      1387  2.056492E-01
      1388  1.892021E-01
      1389  2.573033E-01
      1390  6.484215E-02
      1391  5.245096E-02
      1392  6.243620E-02
      1393  8.092777E-02
      1394  7.528701E-01
      1395  1.020506E+00
      1396  7.470525E-01
      1397  9.270260E-01
      1398  7.361387E-01
      1399  8.816792E-01
      1400  8.909377E-01
      1401  8.394157E-01
      1402  2.916769E-01
      1403  2.733674E-01
      1404  2.916891E-01
      1405  2.733626E-01
      1406  8.910360E-01
      1407  8.393577E-01
      1408  7.361479E-01
      1409  8.815841E-01
      1410  7.470045E-01
      1411  9.268942E-01
      1412  7.527516E-01
      1413  1.020336E+00
      1414  1.603979E-02
      1415  1.279993E-02
      1416  1.604267E-02
      1417  1.279335E-02
      1418  7.956256E-03
      1419  9.486634E-03
      1420  7.948021E-03
      1421  9.472048E-03
      1422  8.797154E-02
      1423  1.604035E-02
      1424  1.278915E-02
      1425  1.603976E-02
      1426  1.278675E-02
      1427  7.942385E-03
      1428  9.464172E-03
      1429  7.939609E-03
      1430  9.460281E-03
      1431  8.774619E-02
      1432  1.826743E-03
      1433  1.683330E-03
      1434  1.813969E-03
      1435  1.670866E-03
      1436  4.349901E-04
      1437  7.974625E-04
      1438  4.313749E-04
      1439  7.960765E-04
      1440  1.017740E-02
      1441  1.807511E-03
      1442  1.663314E-03
      1443  1.804539E-03
      1444  1.660247E-03
      1445  4.295685E-04
      1446  7.942482E-04
      1447  4.288341E-04
      1448  7.928186E-04
      1449  1.007705E-02
      1450  8.665675E-02
      1451  8.886092E-02
      1452  8.633771E-02
      1453  8.847210E-02
      1454  1.499946E-02
      1455  2.193546E-02
      1456  1.483339E-02
      1457  2.166154E-02
      1458  9.288597E-02
      1459  9.738684E-02
      1460  9.242508E-02
      1461  9.684922E-02
      1462  3.101535E-02
      1463  4.229567E-02
      1464  3.059719E-02
      1465  4.171901E-02
      1466  1.013271E-01
      1467  1.042176E-01
      1468  1.007630E-01
      1469  1.036781E-01
      1470  5.574983E-02
      1471  6.978435E-02
      1472  5.540141E-02
      1473  7.276095E-02
      1474  1.050589E-01
      1475  1.521743E-01
      1476  1.070677E-01
      1477  1.073858E-01
      1478  8.733270E-02
      1479  2.004186E-01
      1480  8.872608E-02
      1481  8.014866E-02
      1482  1.603995E-02
      1483  1.278692E-02
      1484  1.604090E-02
      1485  1.278963E-02
      1486  7.939704E-03
      1487  9.460413E-03
      1488  7.942670E-03
      1489  9.464582E-03
      1490  8.774955E-02
      1491  1.604365E-02
      1492  1.279419E-02
      1493  1.604124E-02
      1494  1.280116E-02
      1495  7.948485E-03
      1496  9.472728E-03
      1497  7.956883E-03
      1498  9.487601E-03
      1499  8.798184E-02
      1500  1.804568E-03
      1501  1.660284E-03
      1502  1.807602E-03
      1503  1.663422E-03
      1504  4.288410E-04
      1505  7.928382E-04
      1506  4.295887E-04
      1507  7.943095E-04
      1508  1.007774E-02
      1509  1.814133E-03
      1510  1.671061E-03
      1511  1.827004E-03
      1512  1.683629E-03
      1513  4.314064E-04
      1514  7.961799E-04
      1515  4.350281E-04
      1516  7.976120E-04
      1517  1.017956E-02
      1518  8.634168E-02
      1519  8.847649E-02
      1520  8.666873E-02
      1521  8.887412E-02
      1522  1.483456E-02
      1523  2.166319E-02
      1524  1.500303E-02
      1525  2.194052E-02
      1526  9.242979E-02
      1527  9.685415E-02
      1528  9.290009E-02
      1529  9.740163E-02
      1530  3.059937E-02
      1531  4.172175E-02
      1532  3.102202E-02
      1533  4.230404E-02
      1534  1.007681E-01
      1535  1.036832E-01
      1536  1.013423E-01
      1537  1.042329E-01
      1538  5.540473E-02
      1539  7.276488E-02
      1540  5.575993E-02
      1541  6.979605E-02
      1542  1.070733E-01
      1543  1.073913E-01
      1544  1.050742E-01
      1545  1.521984E-01
      1546  8.873093E-02
      1547  8.015225E-02
      1548  8.734631E-02
      1549  2.004424E-01
      1550  2.527943E-01
      1551  2.784695E-01
      1552  2.808517E-01
      1553  2.213445E-01
      1554  3.840536E-01
      1555  3.036973E-01
      1556  9.176066E-02
      1557  5.532716E-02
      1558  1.844161E-01
      1559  6.662094E-02
      1560  9.608843E-02
      1561  5.084343E-02
      1562  2.532953E-01
      1563  8.707132E-02
      1564  5.390517E-02
      1565  8.450560E-02
      1566  5.929633E-02
      1567  1.293646E-01
      1568  6.269846E-02
      1569  1.454282E-01
      1570  1.190316E-01
      1571  2.768124E-01
      1572  3.854639E-02
      1573  1.747058E-02
      1574  3.692513E-02
      1575  1.936792E-02
      1576  4.622796E-02
      1577  2.681925E-02
      1578  3.506755E-02
      1579  2.546436E-02
      1580  1.888383E-02
      1581  5.927813E-02
      1582  1.738744E-02
      1583  5.646018E-02
      1584  5.672046E-02
      1585  1.550536E-01
      1586  6.436284E-02
      1587  1.611515E-01
      1588  3.692621E-02
      1589  1.936808E-02
      1590  3.854969E-02
      1591  1.747143E-02
      1592  3.506883E-02
      1593  2.546489E-02
      1594  4.623224E-02
      1595  2.682073E-02
      1596  1.738720E-02
      1597  5.646027E-02
      1598  1.888360E-02
      1599  5.927860E-02
      1600  6.436329E-02
      1601  1.611525E-01
      1602  5.672138E-02
      1603  1.550563E-01
      1604  1.844390E-01
      1605  6.662638E-02
      1606  9.177414E-02
      1607  5.533043E-02
      1608  2.533202E-01
      1609  8.707839E-02
      1610  9.609936E-02
      1611  5.084790E-02
      1612  5.929517E-02
      1613  1.293646E-01
      1614  5.390312E-02
      1615  8.450299E-02
      1616  1.190343E-01
      1617  2.768175E-01
      1618  6.269943E-02
      1619  1.454296E-01
      1620  3.840963E-01
      1621  3.036910E-01
      1622  2.808754E-01
      1623  2.213396E-01
      1624  2.527962E-01
      1625  2.784635E-01
