
                        S T E P       1


                                INCREMENT     1


 displacements (vx,vy,vz) for set TIP_TOP and time  0.1000000E+01

       887  1.296929E-01  3.395772E-01 -3.024091E+00
       888  1.224696E-01  3.396061E-01 -2.936950E+00
       891  1.151524E-01  3.396831E-01 -2.849927E+00
       894  1.079619E-01  3.400543E-01 -2.763554E+00
       896  1.009120E-01  3.410300E-01 -2.679375E+00
       898  9.904740E-02  3.415980E-01 -2.658456E+00
       900  9.718076E-02  3.421376E-01 -2.637890E+00
       903  9.463609E-02  3.427196E-01 -2.610356E+00
       906  9.213831E-02  3.430652E-01 -2.583423E+00
       909  8.968452E-02  3.432037E-01 -2.556738E+00
       912  8.720077E-02  3.432514E-01 -2.530169E+00

 forces (fx,fy,fz) for set CLAMP and time  0.1000000E+01

         1  3.113321E+03  1.152547E+04  3.299210E+03
         4  8.896669E+03  6.954713E+02  6.843003E+03
         5  2.810545E+03  1.816994E+04 -5.096352E+02
         8  1.099080E+04  1.243418E+03 -1.067107E+03
         9  9.828642E+02  1.149433E+04 -6.307023E+02
        12  7.081561E+03  1.104010E+03 -1.321899E+03
        13 -7.185320E+02  5.125963E+03 -7.498875E+02
        16  3.361395E+03  9.579290E+02 -1.558739E+03
        17 -2.442233E+03 -1.248655E+03 -8.029057E+02
        20 -3.682741E+02  7.953212E+02 -1.677737E+03
        21 -1.707157E+03 -2.755088E+03 -2.491211E+03
        24 -2.140560E+03  3.994237E+02 -1.091272E+03
        26  6.599690E+03 -1.222902E+04  3.549330E+03
        28  9.501965E+03 -1.957560E+04 -5.570828E+02
        30  6.981645E+03 -1.275064E+04 -6.906259E+02
        32  4.508756E+03 -6.217729E+03 -8.092058E+02
        34  2.039301E+03  3.171283E+02 -8.712891E+02
        36  1.268689E+03  2.591322E+03 -4.494472E+03
        37 -5.282310E+02 -1.790500E+03 -2.819372E+03
        40  6.030761E+02  1.367056E+02 -5.242316E+03
        41 -3.247880E+03 -4.037413E+03 -4.735618E+02
        44 -3.122947E+03  2.671348E+02 -1.060174E+03
        45 -2.913941E+03 -2.247642E+03  3.380838E+03
        48 -4.100105E+03  1.329377E+02  6.229830E+03
        50  7.899057E+02  9.148951E+01 -4.666456E+03
        52 -2.825907E+03  1.949296E+02 -1.020211E+03
        54 -3.969295E+03  1.070644E+02  5.656478E+03
        56  8.974171E+02  5.658026E+01 -4.208119E+03
        58 -2.589249E+03  1.653415E+02 -9.724672E+02
        60 -3.821640E+03  1.055814E+02  5.184430E+03
        62 -2.027380E+03  1.142923E+02 -7.250601E+02
        64 -3.072135E+03  7.597199E+01  3.986953E+03
        66 -1.508509E+03  1.622613E+02 -5.494578E+02
        68 -2.354972E+03  8.833593E+01  2.945952E+03
        70 -3.375921E+03  4.519092E+02 -1.380742E+03
        72 -5.560800E+03  2.449024E+02  6.563194E+03
        74  2.964090E+03  3.688430E+02 -6.112012E+03
        76 -4.175475E+03  8.150545E+02 -2.118113E+03
        78 -7.701221E+03  4.456498E+02  8.362213E+03
        80  3.013031E+03  3.798836E+02 -3.761868E+03
        82 -2.686108E+03  8.541504E+02 -1.910778E+03
        84 -6.075289E+03  4.728304E+02  5.689947E+03
        86  2.865588E+03  3.752776E+02 -1.659518E+03
        88 -1.331258E+03  8.525185E+02 -1.683384E+03
        90 -4.388178E+03  4.760358E+02  3.215016E+03
        92  1.323905E+03  1.168466E+02 -2.132754E+02
        94 -2.425475E+02  4.988379E+02 -8.186826E+02
        96 -1.598466E+03  3.811921E+02  8.129465E+02

 internal energy (element, energy) for set EALL and time  0.1000000E+01

         1  1.275674E+02
         2  6.266230E+01
         3  2.347588E+01
         4  5.927619E+00
         5  9.430285E+00
         6  1.422523E+02
         7  7.196518E+01
         8  2.829093E+01
         9  7.179315E+00
        10  8.139146E+00
        11  1.955189E+01
        12  2.657466E+01
        13  1.625631E+01
        14  2.252965E+01
        15  1.368412E+01
        16  1.927850E+01
        17  1.154810E+01
        18  1.653199E+01
        19  6.389154E+00
        20  9.297647E+00
        21  5.670762E+00
        22  8.344419E+00
        23  1.664297E+01
        24  2.530449E+01
        25  9.066312E+00
        26  1.458969E+01
        27  4.499636E+00
        28  7.503213E+00
        29  2.319830E+00
        30  3.400929E+00
        31  1.348724E+02
        32  7.327838E+01
        33  2.941705E+01
        34  8.195406E+00
        35  1.060302E+01
        36  1.462338E+02
        37  8.037401E+01
        38  3.283042E+01
        39  8.781018E+00
        40  9.102229E+00
        41  1.874723E+01
        42  2.555393E+01
        43  1.702427E+01
        44  2.329791E+01
        45  1.500494E+01
        46  2.062291E+01
        47  1.300277E+01
        48  1.794331E+01
        49  6.701810E+00
        50  9.370787E+00
        51  6.016114E+00
        52  8.529953E+00
        53  1.781038E+01
        54  2.587454E+01
        55  1.070718E+01
        56  1.612869E+01
        57  5.919589E+00
        58  9.030476E+00
        59  3.619707E+00
        60  4.684137E+00
        61  1.226502E+02
        62  6.413073E+01
        63  2.618329E+01
        64  7.455563E+00
        65  8.250952E+00
        66  1.305569E+02
        67  6.904251E+01
        68  2.850196E+01
        69  7.722331E+00
        70  6.967653E+00
        71  1.687021E+01
        72  2.336411E+01
        73  1.468342E+01
        74  2.058342E+01
        75  1.279473E+01
        76  1.811052E+01
        77  1.112200E+01
        78  1.583282E+01
        79  5.336652E+00
        80  7.767506E+00
        81  4.849496E+00
        82  7.169304E+00
        83  1.449798E+01
        84  2.177000E+01
        85  9.690006E+00
        86  1.487768E+01
        87  6.184293E+00
        88  9.490528E+00
        89  4.062798E+00
        90  5.788183E+00
        91  1.139079E+02
        92  6.078346E+01
        93  2.525726E+01
        94  7.415403E+00
        95  7.121582E+00
        96  1.192988E+02
        97  6.399126E+01
        98  2.665103E+01
        99  7.365548E+00
       100  5.856978E+00
       101  1.523999E+01
       102  2.135975E+01
       103  1.343651E+01
       104  1.894541E+01
       105  1.170616E+01
       106  1.662734E+01
       107  1.023214E+01
       108  1.451918E+01
       109  4.544603E+00
       110  6.679443E+00
       111  4.145678E+00
       112  6.218723E+00
       113  1.232292E+01
       114  1.865213E+01
       115  8.875357E+00
       116  1.370041E+01
       117  6.279815E+00
       118  9.741291E+00
       119  4.495356E+00
       120  6.780418E+00
       121  1.039452E+02
       122  5.627338E+01
       123  2.412765E+01
       124  7.418192E+00
       125  6.268734E+00
       126  1.074302E+02
       127  5.822187E+01
       128  2.478650E+01
       129  7.065325E+00
       130  4.983736E+00
       131  1.323732E+01
       132  1.892000E+01
       133  1.181345E+01
       134  1.692641E+01
       135  1.044192E+01
       136  1.502318E+01
       137  9.319328E+00
       138  1.327563E+01
       139  3.878149E+00
       140  5.803327E+00
       141  3.564041E+00
       142  5.471951E+00
       143  1.055943E+01
       144  1.621264E+01
       145  8.164673E+00
       146  1.269283E+01
       147  6.279346E+00
       148  9.801301E+00
       149  4.821397E+00
       150  7.485867E+00
       151  9.437073E+01
       152  5.174141E+01
       153  2.274789E+01
       154  7.326390E+00
       155  5.617723E+00
       156  9.638803E+01
       157  5.267798E+01
       158  2.280859E+01
       159  6.714401E+00
       160  4.294144E+00
       161  1.131531E+01
       162  1.650502E+01
       163  1.027713E+01
       164  1.493381E+01
       165  9.237198E+00
       166  1.341775E+01
       167  8.461716E+00
       168  1.203691E+01
       169  3.319645E+00
       170  5.036566E+00
       171  3.077557E+00
       172  4.817766E+00
       173  9.080320E+00
       174  1.410479E+01
       175  7.515821E+00
       176  1.174201E+01
       177  6.211657E+00
       178  9.730347E+00
       179  5.082453E+00
       180  8.019954E+00
       181  8.472403E+01
       182  4.701634E+01
       183  2.117301E+01
       184  7.139902E+00
       185  5.108893E+00
       186  8.563382E+01
       187  4.717440E+01
       188  2.075374E+01
       189  6.304232E+00
       190  3.729031E+00
       191  9.471904E+00
       192  1.412422E+01
       193  8.814332E+00
       194  1.298341E+01
       195  8.109458E+00
       196  1.186609E+01
       197  7.673001E+00
       198  1.085723E+01
       199  2.848530E+00
       200  4.377463E+00
       201  2.663022E+00
       202  4.251337E+00
       203  7.791141E+00
       204  1.225924E+01
       205  6.862428E+00
       206  1.079388E+01
       207  6.054711E+00
       208  9.524281E+00
       209  5.273132E+00
       210  8.383983E+00
       211  7.507990E+01
       212  4.213450E+01
       213  1.940917E+01
       214  6.857861E+00
       215  4.709700E+00
       216  7.516385E+01
       217  4.169848E+01
       218  1.861132E+01
       219  5.832044E+00
       220  3.260373E+00
       221  7.787520E+00
       222  1.185781E+01
       223  7.474518E+00
       224  1.112412E+01
       225  7.076912E+00
       226  1.038858E+01
       227  6.956371E+00
       228  9.741379E+00
       229  2.453040E+00
       230  3.809023E+00
       231  2.311402E+00
       232  3.759136E+00
       233  6.670890E+00
       234  1.064036E+01
       235  6.216001E+00
       236  9.851199E+00
       237  5.812117E+00
       238  9.175951E+00
       239  5.360976E+00
       240  8.535112E+00
       241  6.546496E+01
       242  3.713260E+01
       243  1.748315E+01
       244  6.478729E+00
       245  4.381035E+00
       246  6.494642E+01
       247  3.625168E+01
       248  1.639148E+01
       249  5.294931E+00
       250  2.856907E+00
       251  6.305070E+00
       252  9.765941E+00
       253  6.278454E+00
       254  9.390693E+00
       255  6.143451E+00
       256  8.998227E+00
       257  6.300455E+00
       258  8.684436E+00
       259  2.116022E+00
       260  3.312914E+00
       261  2.007566E+00
       262  3.324679E+00
       263  5.679697E+00
       264  9.196841E+00
       265  5.564572E+00
       266  8.896072E+00
       267  5.474002E+00
       268  8.672928E+00
       269  5.309785E+00
       270  8.437158E+00
       271  5.594132E+01
       272  3.206122E+01
       273  1.542701E+01
       274  6.008136E+00
       275  4.091597E+00
       276  5.500144E+01
       277  3.086110E+01
       278  1.411783E+01
       279  4.699778E+00
       280  2.495033E+00
       281  5.047686E+00
       282  7.887058E+00
       283  5.233394E+00
       284  7.801981E+00
       285  5.303618E+00
       286  7.697057E+00
       287  5.689899E+00
       288  7.673746E+00
       289  1.823023E+00
       290  2.871363E+00
       291  1.738670E+00
       292  2.931344E+00
       293  4.786537E+00
       294  7.882098E+00
       295  4.898488E+00
       296  7.910183E+00
       297  5.032389E+00
       298  8.004671E+00
       299  5.092876E+00
       300  8.067313E+00
       301  4.658983E+01
       302  2.698448E+01
       303  1.328132E+01
       304  5.456985E+00
       305  3.816324E+00
       306  4.538320E+01
       307  2.557590E+01
       308  1.182558E+01
       309  4.059212E+00
       310  2.156879E+00
       311  4.011505E+00
       312  6.238025E+00
       313  4.329635E+00
       314  6.363288E+00
       315  4.542089E+00
       316  6.478334E+00
       317  5.103347E+00
       318  6.689965E+00
       319  1.560639E+00
       320  2.467552E+00
       321  1.492757E+00
       322  2.563256E+00
       323  3.966057E+00
       324  6.658167E+00
       325  4.211576E+00
       326  6.881760E+00
       327  4.485790E+00
       328  7.170485E+00
       329  4.698190E+00
       330  7.421154E+00
       331  3.752446E+01
       332  2.198419E+01
       333  1.109555E+01
       334  4.841647E+00
       335  3.536914E+00
       336  3.618263E+01
       337  2.046490E+01
       338  9.559419E+00
       339  3.390708E+00
       340  1.830288E+00
       341  3.172403E+00
       342  4.819852E+00
       343  3.546394E+00
       344  5.071530E+00
       345  3.838637E+00
       346  5.331394E+00
       347  4.518101E+00
       348  5.711444E+00
       349  1.317571E+00
       350  2.086524E+00
       351  1.259659E+00
       352  2.206061E+00
       353  3.200531E+00
       354  5.497558E+00
       355  3.503582E+00
       356  5.808137E+00
       357  3.842293E+00
       358  6.182805E+00
       359  4.132453E+00
       360  6.516902E+00
       361  2.889646E+01
       362  1.716219E+01
       363  8.928811E+00
       364  4.183837E+00
       365  3.243035E+00
       366  2.752106E+01
       367  1.561314E+01
       368  7.371898E+00
       369  2.716025E+00
       370  1.508938E+00
       371  2.496265E+00
       372  3.627373E+00
       373  2.860781E+00
       374  3.924580E+00
       375  3.175194E+00
       376  4.249466E+00
       377  3.915274E+00
       378  4.720257E+00
       379  1.085131E+00
       380  1.716537E+00
       381  1.031460E+00
       382  1.848522E+00
       383  2.480373E+00
       384  4.386276E+00
       385  2.781630E+00
       386  4.699260E+00
       387  3.121484E+00
       388  5.070710E+00
       389  3.422509E+00
       390  5.398351E+00
       391  2.089215E+01
       392  1.263816E+01
       393  6.847150E+00
       394  3.508479E+00
       395  2.933027E+00
       396  1.955126E+01
       397  1.112257E+01
       398  5.323526E+00
       399  2.061417E+00
       400  1.193622E+00
       401  1.954862E+00
       402  2.661773E+00
       403  2.257889E+00
       404  2.927873E+00
       405  2.541954E+00
       406  3.232245E+00
       407  3.286490E+00
       408  3.705969E+00
       409  8.584148E-01
       410  1.350296E+00
       411  8.038674E-01
       412  1.483744E+00
       413  1.807014E+00
       414  3.327386E+00
       415  2.064800E+00
       416  3.584801E+00
       417  2.358501E+00
       418  3.887812E+00
       419  2.618484E+00
       420  4.140535E+00
       421  1.373653E+01
       422  8.540768E+00
       423  4.914525E+00
       424  2.843414E+00
       425  2.617118E+00
       426  1.249616E+01
       427  7.126762E+00
       428  3.482492E+00
       429  1.458718E+00
       430  8.939377E-01
       431  1.550481E+00
       432  1.948211E+00
       433  1.737762E+00
       434  2.092329E+00
       435  1.934519E+00
       436  2.273703E+00
       437  2.633180E+00
       438  2.661259E+00
       439  6.371534E-01
       440  9.845667E-01
       441  5.774670E-01
       442  1.111396E+00
       443  1.192576E+00
       444  2.343742E+00
       445  1.385331E+00
       446  2.518985E+00
       447  1.607531E+00
       448  2.721852E+00
       449  1.797364E+00
       450  2.868137E+00
       451  7.642427E+00
       452  5.034095E+00
       453  3.244223E+00
       454  2.230520E+00
       455  2.289218E+00
       456  6.629824E+00
       457  3.806226E+00
       458  1.969157E+00
       459  9.748326E-01
       460  6.507428E-01
       461  1.302166E+00
       462  1.490361E+00
       463  1.346947E+00
       464  1.446998E+00
       465  1.392067E+00
       466  1.416510E+00
       467  1.975866E+00
       468  1.626306E+00
       469  4.288552E-01
       470  6.268213E-01
       471  3.636462E-01
       472  7.333913E-01
       473  6.652180E-01
       474  1.458721E+00
       475  7.937018E-01
       476  1.565724E+00
       477  9.517951E-01
       478  1.696365E+00
       479  1.096618E+00
       480  1.784148E+00
       481  2.873627E+00
       482  2.356034E+00
       483  1.990557E+00
       484  1.761017E+00
       485  1.929144E+00
       486  2.212913E+00
       487  1.399365E+00
       488  9.239976E-01
       489  6.778055E-01
       490  5.126604E-01
       491  1.081991E+00
       492  1.107921E+00
       493  1.109140E+00
       494  1.001695E+00
       495  1.107139E+00
       496  8.478044E-01
       497  1.528245E+00
       498  8.618435E-01
       499  2.504582E-01
       500  3.457182E-01
       501  1.955729E-01
       502  4.002819E-01
       503  3.089291E-01
       504  7.317501E-01
       505  3.814364E-01
       506  7.984621E-01
       507  5.010920E-01
       508  9.135201E-01
       509  6.253853E-01
       510  1.020751E+00
       511  4.265323E-01
       512  6.587916E-01
       513  8.880603E-01
       514  1.134486E+00
       515  1.600921E+00
       516  2.343134E-01
       517  1.926382E-01
       518  2.229722E-01
       519  3.519153E-01
       520  5.795463E-01
       521  6.504821E-01
       522  6.883635E-01
       523  7.599621E-01
       524  6.471699E-01
       525  9.689629E-01
       526  7.149734E-01
       527  2.192229E+00
       528  1.406552E+00
       529  1.905849E-01
       530  8.770693E-01
       531  1.591175E-01
       532  7.768456E-01
       533  7.923013E-01
       534  7.807753E-01
       535  2.936403E-01
       536  4.078594E-01
       537  2.112592E-01
       538  2.574306E-01
       539  2.284315E-01
       540  3.087895E-01
