
                        S T E P       1


                                INCREMENT     1


 displacements (vx,vy,vz) for set TIP_TOP and time  0.1000000E+01

       887 -3.030325E-02 -2.243988E-03 -2.967095E+00
       888 -2.930615E-02 -2.210069E-03 -2.961600E+00
       891 -2.837945E-02 -2.057734E-03 -2.956345E+00
       894 -2.750232E-02 -1.594094E-03 -2.951813E+00
       896 -2.688024E-02 -6.217537E-04 -2.949059E+00
       898 -2.682769E-02  2.098037E-11 -2.948868E+00
       900 -2.688024E-02  6.217538E-04 -2.949059E+00
       903 -2.750232E-02  1.594094E-03 -2.951813E+00
       906 -2.837945E-02  2.057734E-03 -2.956345E+00
       909 -2.930615E-02  2.210069E-03 -2.961600E+00
       912 -3.030325E-02  2.243988E-03 -2.967095E+00

 forces (fx,fy,fz) for set CLAMP and time  0.1000000E+01

         1  7.282433E+03  1.322255E+04  6.538493E+03
         4  1.373730E+04  2.153078E-08  1.311519E+04
         5  6.723480E+03  2.140438E+04 -1.459149E+03
         8  1.205656E+04  3.600783E-08 -2.831516E+03
         9  4.962124E+03  1.460111E+04 -1.295116E+03
        12  8.922170E+03  2.873888E-08 -2.507991E+03
        13  3.354532E+03  8.325050E+03 -1.303171E+03
        16  6.101707E+03  2.105743E-08 -2.519839E+03
        17  1.807395E+03  2.160111E+03 -1.405780E+03
        20  3.404585E+03  1.267774E-08 -2.743190E+03
        21  8.925395E+03 -1.176113E+03 -7.143906E+03
        24  1.271482E+03  1.425703E-10 -2.667625E+03
        26  7.282433E+03 -1.322255E+04  6.538493E+03
        28  6.723480E+03 -2.140438E+04 -1.459149E+03
        30  4.962124E+03 -1.460111E+04 -1.295116E+03
        32  3.354532E+03 -8.325050E+03 -1.303171E+03
        34  1.807395E+03 -2.160111E+03 -1.405780E+03
        36  8.925395E+03  1.176113E+03 -7.143906E+03
        37  5.442844E+03 -1.154035E+03 -4.930188E+03
        40  1.278863E+04  1.440535E+02 -9.969282E+03
        41 -1.595413E+03 -3.921682E+03 -3.003566E+03
        44 -1.440257E+03 -3.808302E+02 -5.927657E+03
        45 -9.733441E+03 -2.953276E+03  7.194583E+03
        48 -1.980984E+04 -7.986479E+02  1.494437E+04
        50  1.441238E+04  2.768384E+01 -1.032500E+04
        52 -1.415937E+03 -4.503120E+02 -5.965400E+03
        54 -2.171885E+04 -6.960512E+02  1.587346E+04
        56  1.578269E+04 -1.459868E+02 -1.097497E+04
        58 -1.620926E+03 -5.392675E+02 -5.963217E+03
        60 -2.353645E+04 -5.747278E+02  1.699362E+04
        62 -1.407364E+03 -3.424001E+02 -3.880556E+03
        64 -1.693821E+04 -2.587669E+02  1.224032E+04
        66 -8.244797E+02  2.081731E-09 -1.994676E+03
        68 -9.199749E+03  3.020641E-09  6.673835E+03
        70 -1.407364E+03  3.424001E+02 -3.880556E+03
        72 -1.693821E+04  2.587669E+02  1.224032E+04
        74  1.578269E+04  1.459868E+02 -1.097497E+04
        76 -1.620926E+03  5.392675E+02 -5.963217E+03
        78 -2.353645E+04  5.747278E+02  1.699362E+04
        80  1.441238E+04 -2.768384E+01 -1.032500E+04
        82 -1.415937E+03  4.503120E+02 -5.965400E+03
        84 -2.171885E+04  6.960512E+02  1.587346E+04
        86  1.278863E+04 -1.440535E+02 -9.969282E+03
        88 -1.440257E+03  3.808302E+02 -5.927657E+03
        90 -1.980984E+04  7.986479E+02  1.494437E+04
        92  5.442844E+03  1.154035E+03 -4.930188E+03
        94 -1.595413E+03  3.921682E+03 -3.003566E+03
        96 -9.733441E+03  2.953276E+03  7.194583E+03

 internal energy (element, energy) for set EALL and time  0.1000000E+01

         1  3.137789E+02
         2  1.764712E+02
         3  8.770130E+01
         4  3.681364E+01
         5  2.018728E+01
         6  3.137789E+02
         7  1.764712E+02
         8  8.770130E+01
         9  3.681364E+01
        10  2.018728E+01
        11  3.966964E+01
        12  6.591331E+01
        13  4.154476E+01
        14  6.878954E+01
        15  4.462254E+01
        16  7.331889E+01
        17  4.727502E+01
        18  7.803295E+01
        19  1.742242E+01
        20  2.916433E+01
        21  1.742242E+01
        22  2.916433E+01
        23  4.727502E+01
        24  7.803295E+01
        25  4.462254E+01
        26  7.331889E+01
        27  4.154476E+01
        28  6.878954E+01
        29  3.966964E+01
        30  6.591331E+01
        31  2.564191E+02
        32  1.537350E+02
        33  7.725661E+01
        34  3.256790E+01
        35  2.038860E+01
        36  2.564191E+02
        37  1.537350E+02
        38  7.725661E+01
        39  3.256790E+01
        40  2.038860E+01
        41  2.643864E+01
        42  3.831905E+01
        43  2.580571E+01
        44  3.756834E+01
        45  2.477892E+01
        46  3.626444E+01
        47  2.534261E+01
        48  3.540158E+01
        49  9.304005E+00
        50  1.269309E+01
        51  9.304005E+00
        52  1.269309E+01
        53  2.534261E+01
        54  3.540158E+01
        55  2.477892E+01
        56  3.626444E+01
        57  2.580571E+01
        58  3.756834E+01
        59  2.643864E+01
        60  3.831905E+01
        61  1.711311E+02
        62  9.498881E+01
        63  4.446213E+01
        64  1.691509E+01
        65  1.108955E+01
        66  1.711311E+02
        67  9.498881E+01
        68  4.446213E+01
        69  1.691509E+01
        70  1.108955E+01
        71  1.443911E+01
        72  2.189401E+01
        73  1.400040E+01
        74  2.119650E+01
        75  1.382589E+01
        76  2.093054E+01
        77  1.439830E+01
        78  2.097315E+01
        79  5.132276E+00
        80  7.564974E+00
        81  5.132276E+00
        82  7.564974E+00
        83  1.439830E+01
        84  2.097315E+01
        85  1.382589E+01
        86  2.093054E+01
        87  1.400040E+01
        88  2.119650E+01
        89  1.443911E+01
        90  2.189401E+01
        91  1.178922E+02
        92  6.541301E+01
        93  2.951067E+01
        94  1.070031E+01
        95  8.136411E+00
        96  1.178922E+02
        97  6.541301E+01
        98  2.951067E+01
        99  1.070031E+01
       100  8.136411E+00
       101  9.375734E+00
       102  1.339373E+01
       103  9.344237E+00
       104  1.327512E+01
       105  9.276273E+00
       106  1.323604E+01
       107  9.612088E+00
       108  1.321866E+01
       109  4.711483E-01
       110  5.600558E-01
       111  4.945658E-01
       112  5.507465E-01
       113  2.957953E-01
       114  3.718453E-01
       115  2.894797E-01
       116  3.764777E-01
       117  4.715711E+00
       118  4.945658E-01
       119  5.507465E-01
       120  4.711483E-01
       121  5.600558E-01
       122  2.894797E-01
       123  3.764777E-01
       124  2.957953E-01
       125  3.718453E-01
       126  4.715711E+00
       127  9.612088E+00
       128  1.321866E+01
       129  9.276273E+00
       130  1.323604E+01
       131  9.344237E+00
       132  1.327512E+01
       133  9.375734E+00
       134  1.339373E+01
       135  8.199763E+01
       136  4.488364E+01
       137  1.984177E+01
       138  7.023266E+00
       139  6.029998E+00
       140  8.199763E+01
       141  4.488364E+01
       142  1.984177E+01
       143  7.023266E+00
       144  6.029998E+00
       145  6.468644E+00
       146  8.888810E+00
       147  6.495564E+00
       148  8.927952E+00
       149  6.486481E+00
       150  8.989274E+00
       151  6.684826E+00
       152  8.992765E+00
       153  3.173771E-01
       154  3.747570E-01
       155  3.354985E-01
       156  3.627001E-01
       157  2.173021E-01
       158  2.682478E-01
       159  2.160009E-01
       160  2.685078E-01
       161  3.203233E+00
       162  3.354985E-01
       163  3.627001E-01
       164  3.173771E-01
       165  3.747570E-01
       166  2.160009E-01
       167  2.685078E-01
       168  2.173021E-01
       169  2.682478E-01
       170  3.203233E+00
       171  6.684826E+00
       172  8.992765E+00
       173  6.486481E+00
       174  8.989274E+00
       175  6.495564E+00
       176  8.927952E+00
       177  6.468644E+00
       178  8.888810E+00
       179  5.884481E+01
       180  3.182076E+01
       181  1.367811E+01
       182  4.666092E+00
       183  4.491062E+00
       184  5.884481E+01
       185  3.182076E+01
       186  1.367811E+01
       187  4.666092E+00
       188  4.491062E+00
       189  4.711326E+00
       190  6.322468E+00
       191  4.735805E+00
       192  6.370439E+00
       193  4.743268E+00
       194  6.433203E+00
       195  4.901421E+00
       196  6.457393E+00
       197  1.727388E+00
       198  2.308840E+00
       199  1.727388E+00
       200  2.308840E+00
       201  4.901421E+00
       202  6.457393E+00
       203  4.743268E+00
       204  6.433203E+00
       205  4.735805E+00
       206  6.370439E+00
       207  4.711326E+00
       208  6.322468E+00
       209  4.338831E+01
       210  2.322981E+01
       211  9.755953E+00
       212  3.204259E+00
       213  3.385466E+00
       214  4.338831E+01
       215  2.322981E+01
       216  9.755953E+00
       217  3.204259E+00
       218  3.385466E+00
       219  3.527449E+00
       220  4.695143E+00
       221  3.554600E+00
       222  4.740418E+00
       223  3.577116E+00
       224  4.797896E+00
       225  3.718513E+00
       226  4.833998E+00
       227  1.302397E+00
       228  1.739907E+00
       229  1.302397E+00
       230  1.739907E+00
       231  3.718513E+00
       232  4.833998E+00
       233  3.577116E+00
       234  4.797896E+00
       235  3.554600E+00
       236  4.740418E+00
       237  3.527449E+00
       238  4.695143E+00
       239  3.293250E+01
       240  1.748836E+01
       241  7.206976E+00
       242  2.284906E+00
       243  2.594097E+00
       244  3.293250E+01
       245  1.748836E+01
       246  7.206976E+00
       247  2.284906E+00
       248  2.594097E+00
       249  2.711416E+00
       250  3.600320E+00
       251  2.740177E+00
       252  3.640515E+00
       253  2.771134E+00
       254  3.692949E+00
       255  2.896582E+00
       256  3.734888E+00
       257  1.010172E+00
       258  1.352229E+00
       259  1.010172E+00
       260  1.352229E+00
       261  2.896582E+00
       262  3.734888E+00
       263  2.771134E+00
       264  3.692949E+00
       265  2.740177E+00
       266  3.640515E+00
       267  2.711416E+00
       268  3.600320E+00
       269  2.565390E+01
       270  1.354497E+01
       271  5.509507E+00
       272  1.697829E+00
       273  2.017504E+00
       274  2.565390E+01
       275  1.354497E+01
       276  5.509507E+00
       277  1.697829E+00
       278  2.017504E+00
       279  2.134279E+00
       280  2.835471E+00
       281  2.161818E+00
       282  2.871032E+00
       283  2.194577E+00
       284  2.918245E+00
       285  2.301945E+00
       286  2.960724E+00
       287  8.019713E-01
       288  1.076625E+00
       289  8.019713E-01
       290  1.076625E+00
       291  2.301945E+00
       292  2.960724E+00
       293  2.194577E+00
       294  2.918245E+00
       295  2.161818E+00
       296  2.871032E+00
       297  2.134279E+00
       298  2.835471E+00
       299  2.041889E+01
       300  1.074839E+01
       301  4.348005E+00
       302  1.318411E+00
       303  1.590309E+00
       304  2.041889E+01
       305  1.074839E+01
       306  4.348005E+00
       307  1.318411E+00
       308  1.590309E+00
       309  1.714030E+00
       310  2.284949E+00
       311  1.738335E+00
       312  2.316181E+00
       313  1.769322E+00
       314  2.358385E+00
       315  1.859141E+00
       316  2.398339E+00
       317  6.487432E-01
       318  8.743950E-01
       319  6.487432E-01
       320  8.743950E-01
       321  1.859141E+00
       322  2.398339E+00
       323  1.769322E+00
       324  2.358385E+00
       325  1.738335E+00
       326  2.316181E+00
       327  1.714030E+00
       328  2.284949E+00
       329  1.650926E+01
       330  8.689284E+00
       331  3.524198E+00
       332  1.073932E+00
       333  1.269038E+00
       334  1.650926E+01
       335  8.689284E+00
       336  3.524198E+00
       337  1.073932E+00
       338  1.269038E+00
       339  1.396916E+00
       340  1.875849E+00
       341  1.416649E+00
       342  1.902538E+00
       343  1.443712E+00
       344  1.939445E+00
       345  1.518090E+00
       346  1.975768E+00
       347  5.319583E-01
       348  7.210681E-01
       349  5.319583E-01
       350  7.210681E-01
       351  1.518090E+00
       352  1.975768E+00
       353  1.443712E+00
       354  1.939445E+00
       355  1.416649E+00
       356  1.902538E+00
       357  1.396916E+00
       358  1.875849E+00
       359  1.345250E+01
       360  7.104629E+00
       361  2.918949E+00
       362  9.129634E-01
       363  1.027504E+00
       364  1.345250E+01
       365  7.104629E+00
       366  2.918949E+00
       367  9.129634E-01
       368  1.027504E+00
       369  1.146289E+00
       370  1.558978E+00
       371  1.161848E+00
       372  1.581956E+00
       373  1.184840E+00
       374  1.613820E+00
       375  1.244455E+00
       376  1.642840E+00
       377  4.403703E-01
       378  5.982025E-01
       379  4.403703E-01
       380  5.982025E-01
       381  1.244455E+00
       382  1.642840E+00
       383  1.184840E+00
       384  1.613820E+00
       385  1.161848E+00
       386  1.581956E+00
       387  1.146289E+00
       388  1.558978E+00
       389  1.089633E+01
       390  5.803579E+00
       391  2.456177E+00
       392  8.192272E-01
       393  1.304497E-01
       394  1.954831E-01
       395  1.300086E-01
       396  1.827463E-01
       397  1.873880E-02
       398  8.021051E-02
       399  1.889788E-02
       400  7.227877E-02
       401  1.089633E+01
       402  5.803579E+00
       403  2.456177E+00
       404  8.192272E-01
       405  1.300086E-01
       406  1.827463E-01
       407  1.304497E-01
       408  1.954831E-01
       409  1.889788E-02
       410  7.227877E-02
       411  1.873880E-02
       412  8.021051E-02
       413  9.359739E-01
       414  1.301655E+00
       415  9.485873E-01
       416  1.321273E+00
       417  9.705660E-01
       418  1.350841E+00
       419  1.023343E+00
       420  1.381121E+00
       421  4.920163E-02
       422  5.445302E-02
       423  4.983819E-02
       424  5.552401E-02
       425  3.725022E-02
       426  4.585342E-02
       427  3.542237E-02
       428  4.658234E-02
       429  5.025050E-01
       430  4.983819E-02
       431  5.552401E-02
       432  4.920163E-02
       433  5.445302E-02
       434  3.542237E-02
       435  4.658234E-02
       436  3.725022E-02
       437  4.585342E-02
       438  5.025050E-01
       439  1.023343E+00
       440  1.381121E+00
       441  9.705660E-01
       442  1.350841E+00
       443  9.485873E-01
       444  1.321273E+00
       445  9.359739E-01
       446  1.301655E+00
       447  8.552066E+00
       448  4.626053E+00
       449  2.060462E+00
       450  7.825855E-01
       451  1.254390E-01
       452  1.595621E-01
       453  1.273889E-01
       454  1.463682E-01
       455  1.594938E-02
       456  6.087181E-02
       457  1.623901E-02
       458  5.256819E-02
       459  8.552066E+00
       460  4.626053E+00
       461  2.060462E+00
       462  7.825855E-01
       463  1.273889E-01
       464  1.463682E-01
       465  1.254390E-01
       466  1.595621E-01
       467  1.623901E-02
       468  5.256819E-02
       469  1.594938E-02
       470  6.087181E-02
       471  7.550066E-01
       472  1.091556E+00
       473  7.629851E-01
       474  1.101589E+00
       475  7.829154E-01
       476  1.123764E+00
       477  8.304203E-01
       478  1.147570E+00
       479  4.170549E-02
       480  4.491106E-02
       481  4.234296E-02
       482  4.496809E-02
       483  2.911521E-02
       484  3.657145E-02
       485  2.723418E-02
       486  3.720083E-02
       487  4.138192E-01
       488  4.234296E-02
       489  4.496809E-02
       490  4.170549E-02
       491  4.491106E-02
       492  2.723418E-02
       493  3.720083E-02
       494  2.911521E-02
       495  3.657145E-02
       496  4.138192E-01
       497  8.304203E-01
       498  1.147570E+00
       499  7.829154E-01
       500  1.123764E+00
       501  7.629851E-01
       502  1.101589E+00
       503  7.550066E-01
       504  1.091556E+00
       505  6.197468E+00
       506  3.448333E+00
       507  1.675337E+00
       508  7.735894E-01
       509  1.290097E-01
       510  1.478306E-01
       511  1.310489E-01
       512  1.312883E-01
       513  1.857346E-02
       514  5.075012E-02
       515  1.919293E-02
       516  3.984158E-02
       517  6.197468E+00
       518  3.448333E+00
       519  1.675337E+00
       520  7.735894E-01
       521  1.310489E-01
       522  1.312883E-01
       523  1.290097E-01
       524  1.478306E-01
       525  1.919293E-02
       526  3.984158E-02
       527  1.857346E-02
       528  5.075012E-02
       529  6.178705E-01
       530  9.382059E-01
       531  6.116777E-01
       532  9.164881E-01
       533  6.190019E-01
       534  9.132873E-01
       535  6.700217E-01
       536  9.250777E-01
       537  3.554118E-02
       538  3.698284E-02
       539  3.622593E-02
       540  3.702275E-02
       541  2.248164E-02
       542  2.848628E-02
       543  1.979872E-02
       544  2.874690E-02
       545  3.284005E-01
       546  3.622593E-02
       547  3.702275E-02
       548  3.554118E-02
       549  3.698284E-02
       550  1.979872E-02
       551  2.874690E-02
       552  2.248164E-02
       553  2.848628E-02
       554  3.284005E-01
       555  6.700217E-01
       556  9.250777E-01
       557  6.190019E-01
       558  9.132873E-01
       559  6.116777E-01
       560  9.164881E-01
       561  6.178705E-01
       562  9.382059E-01
       563  3.718759E+00
       564  2.219105E+00
       565  1.281344E+00
       566  7.819774E-01
       567  1.330364E-01
       568  1.423802E-01
       569  1.356976E-01
       570  1.243813E-01
       571  2.661774E-02
       572  4.487252E-02
       573  2.738064E-02
       574  3.448554E-02
       575  3.718759E+00
       576  2.219105E+00
       577  1.281344E+00
       578  7.819774E-01
       579  1.356976E-01
       580  1.243813E-01
       581  1.330364E-01
       582  1.423802E-01
       583  2.738064E-02
       584  3.448554E-02
       585  2.661774E-02
       586  4.487252E-02
       587  5.803819E-01
       588  8.601628E-01
       589  5.344489E-01
       590  7.631089E-01
       591  5.108180E-01
       592  7.059477E-01
       593  6.082241E-02
       594  6.859311E-02
       595  8.409272E-02
       596  8.229422E-02
       597  6.665257E-02
       598  7.150483E-02
       599  6.701381E-02
       600  6.499070E-02
       601  7.055252E-01
       602  3.361791E-02
       603  3.103589E-02
       604  3.366945E-02
       605  3.061726E-02
       606  1.602336E-02
       607  1.930351E-02
       608  1.437439E-02
       609  1.974169E-02
       610  2.479265E-01
       611  3.366945E-02
       612  3.061726E-02
       613  3.361791E-02
       614  3.103589E-02
       615  1.437439E-02
       616  1.974169E-02
       617  1.602336E-02
       618  1.930351E-02
       619  2.479265E-01
       620  8.409272E-02
       621  8.229422E-02
       622  6.082241E-02
       623  6.859311E-02
       624  6.701381E-02
       625  6.499070E-02
       626  6.665257E-02
       627  7.150483E-02
       628  7.055252E-01
       629  5.108180E-01
       630  7.059477E-01
       631  5.344489E-01
       632  7.631089E-01
       633  5.803819E-01
       634  8.601628E-01
       635  1.377984E+00
       636  1.032391E+00
       637  8.500855E-01
       638  7.523894E-01
       639  1.305444E-01
       640  1.549524E-01
       641  1.349643E-01
       642  1.165628E-01
       643  4.250646E-02
       644  9.207161E-02
       645  4.352875E-02
       646  5.572494E-02
       647  1.377984E+00
       648  1.032391E+00
       649  8.500855E-01
       650  7.523894E-01
       651  1.349643E-01
       652  1.165628E-01
       653  1.305444E-01
       654  1.549524E-01
       655  4.352875E-02
       656  5.572494E-02
       657  4.250646E-02
       658  9.207161E-02
       659  5.839313E-01
       660  7.496255E-01
       661  5.422334E-01
       662  6.134271E-01
       663  5.313199E-01
       664  5.569218E-01
       665  6.681512E-01
       666  5.964375E-01
       667  2.829315E-02
       668  1.904037E-02
       669  2.880182E-02
       670  1.870560E-02
       671  2.379002E-02
       672  1.074598E-02
       673  2.141108E-02
       674  1.214684E-02
       675  2.378661E-01
       676  2.880182E-02
       677  1.870560E-02
       678  2.829315E-02
       679  1.904037E-02
       680  2.141108E-02
       681  1.214684E-02
       682  2.379002E-02
       683  1.074598E-02
       684  2.378661E-01
       685  6.681512E-01
       686  5.964375E-01
       687  5.313199E-01
       688  5.569218E-01
       689  5.422334E-01
       690  6.134271E-01
       691  5.839313E-01
       692  7.496255E-01
       693  1.610702E-01
       694  2.008151E-01
       695  2.880547E-01
       696  4.078607E-01
       697  7.582335E-02
       698  1.578382E-01
       699  8.074978E-02
       700  9.201829E-02
       701  5.563689E-02
       702  2.782777E-01
       703  6.318617E-02
       704  1.028455E-01
       705  1.610702E-01
       706  2.008151E-01
       707  2.880547E-01
       708  4.078607E-01
       709  8.074978E-02
       710  9.201829E-02
       711  7.582335E-02
       712  1.578382E-01
       713  6.318617E-02
       714  1.028455E-01
       715  5.563689E-02
       716  2.782777E-01
       717  3.327930E-01
       718  4.163142E-01
       719  3.790816E-01
       720  3.469222E-01
       721  6.125099E-01
       722  6.065265E-01
       723  1.656376E+00
       724  1.523736E+00
       725  4.068061E-02
       726  9.993453E-03
       727  3.799992E-02
       728  1.168786E-02
       729  6.693177E-02
       730  1.533643E-02
       731  5.316567E-02
       732  1.765678E-02
       733  1.090615E+00
       734  3.799992E-02
       735  1.168786E-02
       736  4.068061E-02
       737  9.993453E-03
       738  5.316567E-02
       739  1.765678E-02
       740  6.693177E-02
       741  1.533643E-02
       742  1.090615E+00
       743  1.656376E+00
       744  1.523736E+00
       745  6.125099E-01
       746  6.065265E-01
       747  3.790816E-01
       748  3.469222E-01
       749  3.327930E-01
       750  4.163142E-01
