
                        S T E P       1


                                INCREMENT     1


 displacements (vx,vy,vz) for set NALL and time  0.1000000E+01

         1  0.000000E+00  1.240771E-24 -6.617445E-25
         2  0.000000E+00  0.000000E+00  6.617445E-25
         3  0.000000E+00 -6.617445E-25  1.389663E-22
         4  6.617445E-25  0.000000E+00  3.143286E-22
         5  7.068599E-04 -7.305347E-06 -8.501680E-04
         6  7.072110E-04  3.976549E-06  8.283381E-04
         7 -7.036004E-04 -2.108192E-06 -8.502569E-04
         8 -7.046565E-04 -6.314221E-07  8.287744E-04
         9  1.457556E-03 -8.259991E-07 -1.602122E-03
        10  1.458890E-03  8.589378E-06  1.626808E-03
        11 -1.534081E-03 -3.949665E-06 -1.602984E-03
        12 -1.534013E-03  6.333073E-06  1.627470E-03
        13  2.339893E-03 -1.077559E-05 -2.831591E-03
        14  2.340268E-03  1.186695E-05  3.011786E-03
        15 -2.528398E-03 -1.614701E-06 -2.832519E-03
        16 -2.527578E-03 -6.378158E-06  3.013831E-03
        17  3.551556E-03 -2.544416E-05 -4.353952E-03
        18  3.550050E-03 -1.055827E-05  4.469179E-03
        19 -3.651694E-03  1.934521E-05 -4.351260E-03
        20 -3.654147E-03 -5.340381E-06  4.467678E-03
        21  5.000000E-03  2.117582E-23 -6.000000E-03
        22  5.000000E-03  0.000000E+00  6.000000E-03
        23 -5.000000E-03 -8.978549E-21 -6.000000E-03
        24 -5.000000E-03  1.609363E-21  6.000000E-03
        25  3.257858E-04 -2.007018E-05 -4.380274E-04
        26  3.199175E-04 -1.335315E-05  3.654454E-04
        27 -2.673654E-04 -1.082285E-05 -4.187026E-04
        28 -3.237453E-04 -1.211015E-05  3.721286E-04
        29  1.061496E-03 -1.420906E-05 -9.320414E-04
        30  7.692154E-04 -1.737313E-06  9.658925E-04
        31 -8.650360E-04 -1.642185E-05 -9.471364E-04
        32 -9.673262E-04 -9.536540E-06  9.401779E-04
        33  2.595417E-03 -1.751531E-05 -2.971184E-03
        34  2.970135E-03 -2.998894E-05 -3.269433E-03
        35  3.353299E-03 -3.899898E-05 -3.589911E-03
        36  3.651253E-03 -4.189913E-05 -3.831630E-03
        37  3.804714E-03 -4.144566E-05 -3.961519E-03
        38  3.800903E-03 -4.012852E-05 -4.033053E-03
        39  3.664149E-03 -3.665974E-05 -4.157677E-03
        40  2.168434E-03  5.985325E-06  3.138393E-03
        41  2.027565E-03 -5.410335E-06  3.413580E-03
        42  1.974453E-03 -1.446482E-05  3.745887E-03
        43  2.055918E-03 -1.756856E-05  4.033642E-03
        44  2.293123E-03 -1.627202E-05  4.219652E-03
        45  2.674714E-03 -1.488391E-05  4.297606E-03
        46  3.154064E-03 -1.370938E-05  4.321667E-03
        47 -2.443942E-03 -3.481218E-06 -2.871913E-03
        48 -2.442998E-03 -7.037547E-06 -2.962969E-03
        49 -2.528105E-03 -1.068955E-05 -3.105741E-03
        50 -2.687938E-03 -1.241345E-05 -3.298244E-03
        51 -2.904373E-03 -1.019936E-05 -3.533249E-03
        52 -3.151238E-03 -3.403972E-06 -3.796146E-03
        53 -3.389999E-03  7.794592E-06 -4.073598E-03
        54 -2.741012E-03 -9.674282E-06  3.095918E-03
        55 -3.070313E-03 -1.783982E-05  3.289803E-03
        56 -3.421514E-03 -2.433750E-05  3.527865E-03
        57 -3.718374E-03 -2.672216E-05  3.748196E-03
        58 -3.905219E-03 -2.549070E-05  3.921984E-03
        59 -3.953899E-03 -2.213826E-05  4.064595E-03
        60 -3.862452E-03 -1.621852E-05  4.227243E-03
        61 -1.865189E-06 -4.949882E-09 -1.293343E-06
        62 -1.600470E-06  2.163753E-09 -1.107193E-06
        63 -4.987226E-08 -2.868475E-08 -4.549620E-08
        64  1.356965E-07 -3.467110E-08  1.566702E-07
        65  7.065846E-04 -4.514366E-06  1.292014E-04
        66 -7.054385E-04  7.808370E-06 -1.975845E-06
        67 -1.109313E-04 -9.973184E-06 -8.493841E-04
        68 -1.384553E-06  4.945931E-08  8.290611E-04
        69  1.459009E-03  1.741674E-05 -4.482992E-05
        70 -1.533908E-03 -9.365674E-06  2.053093E-05
        71  1.669221E-05 -8.300154E-07 -1.601078E-03
        72 -3.627641E-05  9.281967E-06  1.628357E-03
        73  3.556258E-03 -5.647661E-05  1.460241E-04
        74 -3.653367E-03  3.146745E-05  2.382404E-04
        75 -2.574108E-05 -1.824563E-05 -4.350170E-03
        76 -1.131473E-04 -4.423134E-06  4.467876E-03
        77  5.006428E-03  3.867504E-05 -1.983787E-05
        78 -4.999195E-03 -2.612957E-05 -2.110932E-04
        79 -8.519384E-05  1.755382E-05 -5.996857E-03
        80  6.712990E-05 -5.960823E-06  5.998131E-03
        81 -1.320085E-04 -2.425323E-05 -4.233858E-04
        82  6.095209E-06  3.290676E-06 -4.455452E-04
        83 -1.464711E-04  2.091710E-05  3.718915E-04
        84  2.130821E-04 -1.344714E-05  3.688631E-04
        85  3.242918E-04  1.092639E-05  2.680610E-04
        86  3.147427E-04 -1.106712E-05 -2.716031E-04
        87 -3.131741E-04  1.526456E-05  2.688870E-04
        88 -2.743568E-04 -4.919022E-06 -2.940822E-04
        89  3.863304E-05 -8.633465E-05 -9.296013E-04
        90 -1.351546E-04  7.525745E-05 -9.619442E-04
        91  6.783420E-05  7.791060E-05  9.333090E-04
        92 -4.568742E-05 -6.526061E-05  9.603024E-04
        93  8.923110E-04  4.233935E-05  2.479111E-04
        94  9.288181E-04 -3.714751E-05 -9.020127E-05
        95 -8.963378E-04 -3.194472E-05  7.080940E-06
        96 -8.998480E-04  3.177896E-05  1.214104E-05
        97  1.449189E-03  1.379454E-04 -2.736548E-03
        98  6.859325E-04  3.008883E-04 -3.821217E-03
        99 -8.677487E-04  1.794932E-04 -3.432665E-03
       100 -1.481742E-03 -1.195353E-04 -2.616644E-03
       101 -7.293872E-04 -2.572220E-04 -3.566276E-03
       102  7.359085E-04 -1.572141E-04 -3.299725E-03
       103  1.331413E-03 -1.460192E-04  2.857706E-03
       104  2.787924E-04 -3.462411E-04  4.153873E-03
       105 -1.195958E-03 -2.249095E-04  3.763250E-03
       106 -1.466540E-03  1.687568E-04  2.936498E-03
       107 -4.457349E-04  3.388324E-04  4.077037E-03
       108  1.029803E-03  1.950206E-04  3.607895E-03
       109  1.155734E-03  1.282809E-04 -1.439766E-03
       110  8.937035E-04  2.357281E-04 -2.111249E-04
       111  1.753983E-03  8.531051E-05  1.664964E-03
       112  1.207488E-03 -1.071132E-04  1.416519E-03
       113  8.914104E-04 -2.303342E-04  2.519357E-04
       114  1.696504E-03 -9.363165E-05 -1.515552E-03
       115 -1.259937E-03 -1.281838E-04 -1.501171E-03
       116 -1.053545E-03 -2.269577E-04 -3.132990E-04
       117 -1.944284E-03 -7.428233E-05  1.596148E-03
       118 -1.417756E-03  8.404664E-05  1.617650E-03
       119 -1.173119E-03  1.929780E-04  4.798149E-04
       120 -1.906007E-03  7.396979E-05 -1.431193E-03
       121  1.583072E-03  6.366723E-05 -3.646336E-03
       122  9.580617E-04  2.392369E-04 -4.875826E-03
       123 -8.109175E-04  1.478937E-04 -4.695528E-03
       124 -1.773481E-03 -6.659637E-05 -3.611547E-03
       125 -1.149641E-03 -2.496273E-04 -4.873314E-03
       126  5.997791E-04 -1.709708E-04 -4.753683E-03
       127  1.208453E-03 -8.196764E-05  3.935988E-03
       128 -1.995747E-04 -2.514097E-04  5.120781E-03
       129 -1.794504E-03 -1.318118E-04  4.793794E-03
       130 -1.480937E-03  7.338977E-05  3.876761E-03
       131 -3.384304E-04  2.660951E-04  5.208491E-03
       132  1.290341E-03  1.526509E-04  4.937644E-03
       133  1.583910E-03  2.543318E-04 -1.079980E-03
       134  1.330191E-03  3.655966E-04  4.547845E-04
       135  2.679506E-03  1.125532E-04  2.233169E-03
       136  1.474048E-03 -2.840527E-04  1.302489E-03
       137  7.838916E-04 -5.096082E-04 -2.565781E-04
       138  2.137640E-03 -2.542784E-04 -2.091867E-03
       139 -1.845652E-03 -2.441063E-04 -1.277504E-03
       140 -1.714668E-03 -3.238307E-04  2.348314E-04
       141 -3.000443E-03 -8.550073E-05  2.154126E-03
       142 -1.796072E-03  2.489764E-04  1.410711E-03
       143 -1.410578E-03  3.959488E-04 -6.343559E-05
       144 -2.672013E-03  1.612834E-04 -1.924833E-03
       145  2.551262E-03  1.200259E-04 -5.594991E-03
       146  1.356929E-03  3.693832E-04 -7.202645E-03
       147 -1.387018E-03  2.375424E-04 -6.825102E-03
       148 -2.082230E-03 -1.872925E-04 -5.939225E-03
       149 -4.034590E-04 -4.631182E-04 -7.655794E-03
       150  1.898309E-03 -2.644246E-04 -6.929322E-03
       151  2.248399E-03 -1.866077E-04  5.871581E-03
       152  8.255405E-04 -4.676380E-04  7.637340E-03
       153 -1.538120E-03 -3.075112E-04  7.088508E-03
       154 -2.309272E-03  1.603805E-04  5.818251E-03
       155 -1.213664E-03  3.963567E-04  7.337868E-03
       156  1.231427E-03  2.400116E-04  6.842824E-03
       157  1.827282E-03  5.042110E-04 -1.633753E-03
       158  8.162736E-04  8.036616E-04  1.053571E-03
       159  3.224487E-03  3.082370E-04  3.566181E-03
       160  2.761176E-03 -2.868316E-04  2.260941E-03
       161  2.103019E-03 -5.079317E-04 -3.541278E-04
       162  3.571194E-03 -2.294820E-04 -3.308743E-03
       163 -2.467777E-03 -3.590933E-04 -2.088092E-03
       164 -1.601431E-03 -6.247814E-04  4.365435E-04
       165 -3.296180E-03 -2.902746E-04  3.284651E-03
       166 -2.838171E-03  2.751120E-04  2.563322E-03
       167 -2.224163E-03  4.820317E-04 -2.789577E-04
       168 -3.548045E-03  2.327173E-04 -3.510945E-03

 forces (fx,fy,fz) for set RIGHT and time  0.1000000E+01

        21  2.667201E+03  1.497461E+02 -1.770276E+03
        22  1.443391E+03 -9.030819E+02  1.043075E+03
        23 -2.214293E+03 -5.015057E+02 -2.086596E+03
        24 -1.860057E+03  2.335113E+01  2.804159E+03

 internal energy (element, energy) for set ALL and time  0.1000000E+01

         1  1.326353E-02
         2  2.058201E-02
         3  1.633397E-02
         4  2.010048E-02
         5  1.254151E-02
         6  2.361437E-02
         7  8.994162E-03
         8  7.071249E-03
         9  1.493331E-03
        10  3.181618E-03
        11  1.556241E-02
        12  9.958815E-03
        13  2.399458E-02
        14  9.723128E-03
        15  4.853483E-03
        16  9.801775E-03
        17  3.556578E-02
        18  2.536311E-02
        19  2.484002E-02
        20  2.122321E-02
        21  3.224787E-03
        22  1.613933E-03
        23  1.218927E-03
        24  1.555038E-03
        25  1.548079E-03
        26  1.320726E-03
        27  2.831130E-03
        28  1.773620E-02
        29  2.619193E-03
        30  1.933735E-03
        31  1.206309E-03
        32  1.422698E-03
        33  1.533888E-03
        34  1.571945E-03
        35  1.798335E-03
        36  2.070378E-02
        37  1.908965E-03
        38  1.825967E-03
        39  1.677624E-03
        40  1.616164E-03
        41  1.601736E-03
        42  1.616286E-03
        43  1.935895E-03
        44  2.813893E-03
        45  2.461604E-03
        46  1.048801E-03
        47  5.746235E-04
        48  6.204849E-04
        49  6.639621E-04
        50  6.844296E-04
        51  9.757186E-04
        52  1.486519E-03
        53  3.593758E-02
        54  6.316892E-02
        55  1.405476E-01
        56  1.349456E-01
        57  3.423811E-03
        58  4.882883E-03
        59  2.777040E-03
        60  3.275439E-03
        61  2.162962E-03
        62  1.905900E-03
        63  3.523670E-03
        64  2.476963E-03
        65  4.742836E-03
        66  4.661545E-03
        67  1.283081E-02
        68  1.046796E-02
        69  5.237122E-03
        70  5.499412E-03
        71  1.178924E-02
        72  1.017496E-02
        73  8.705792E-02
        74  6.872065E-02
        75  3.319492E-02
        76  3.457190E-02
        77  1.440958E-01
        78  1.168715E-01
        79  6.556257E-02
        80  6.239560E-02
        81  1.116550E-02
        82  5.443580E-03
        83  2.224759E-02
        84  1.839085E-02
        85  5.132282E-02
        86  4.068135E-02
        87  2.804488E-02
        88  3.200670E-03
        89  6.971101E-02
        90  6.422442E-02
        91  3.331274E-02
        92  1.655932E-02
        93  7.486010E-02
        94  9.929628E-02
        95  6.285954E-02
        96  2.175076E-02
        97  8.706108E-02
        98  1.141314E-01
        99  3.785423E-02
       100  1.078030E-02
       101  4.589298E-01
       102  3.051914E-01
       103  3.409934E-01
       104  3.592595E-01
       105  3.435799E-01
       106  3.334014E-01
       107  2.908167E-01
       108  3.847733E-01
       109  4.824871E-01
       110  2.826069E-01
       111  4.625446E-01
       112  3.222507E-01
       113  2.799697E-01
       114  4.828730E-01
       115  2.508876E-01
       116  4.254771E-01
       117  4.420645E-01
       118  3.072753E-01
       119  5.000772E-01
       120  3.149720E-01
       121  4.400153E-01
       122  4.287850E-01
       123  4.044325E-01
       124  3.609348E-01
       125  4.965143E-01
       126  4.455353E-01
       127  5.384955E-01
       128  3.402459E-01
       129  3.632742E-01
       130  5.186977E-01
       131  3.885243E-01
       132  5.104671E-01
       133  2.014450E-01
       134  1.799255E-01
       135  1.927008E-01
       136  2.078043E-01
       137  2.149767E-01
       138  1.790280E-01
       139  2.162179E-01
       140  1.923580E-01
       141  2.135032E-01
       142  1.638736E-01
       143  1.788826E-01
       144  2.460043E-01
       145  2.530307E-01
       146  1.838358E-01
       147  2.132886E-01
       148  2.698958E-01
       149  3.060766E-01
       150  2.253787E-01
       151  1.946040E-01
       152  2.561196E-01
       153  3.364092E-01
       154  2.275935E-01
       155  2.027057E-01
       156  2.582200E-01
       157  3.425531E-01
       158  2.843974E-01
       159  2.499043E-01
       160  2.897026E-01
       161  3.084928E-01
       162  2.870031E-01
       163  2.444306E-01
       164  2.827496E-01
       165  3.770288E-01
       166  3.332075E-01
       167  3.668825E-01
       168  3.738109E-01
       169  4.105112E-01
       170  3.001895E-01
       171  3.837268E-01
       172  3.736816E-01
       173  3.704497E-01
       174  2.670481E-01
       175  3.004901E-01
       176  4.154389E-01
       177  4.272560E-01
       178  2.989915E-01
       179  3.750990E-01
       180  4.524495E-01
       181  3.962991E-01
       182  2.680507E-01
       183  2.646055E-01
       184  3.573234E-01
       185  4.114311E-01
       186  2.840002E-01
       187  2.677235E-01
       188  3.829008E-01
       189  3.463913E-01
       190  2.762317E-01
       191  2.680155E-01
       192  3.314849E-01
       193  3.422601E-01
       194  2.943760E-01
       195  2.897006E-01
       196  3.467453E-01
       197  3.398539E-01
       198  2.551415E-01
       199  3.291992E-01
       200  3.305274E-01
       201  3.033806E-01
       202  1.946422E-01
       203  2.648420E-01
       204  3.569450E-01
       205  3.185870E-01
       206  2.219663E-01
       207  2.911203E-01
       208  3.874444E-01
       209  3.054572E-01
       210  2.072164E-01
       211  3.257693E-01
       212  2.786026E-01
       213  4.712675E-01
       214  3.095682E-01
       215  2.206385E-01
       216  3.197550E-01
       217  4.582628E-01
       218  3.314442E-01
       219  2.969083E-01
       220  4.183153E-01
       221  3.944899E-01
       222  2.785658E-01
       223  2.414105E-01
       224  2.911196E-01
       225  3.667298E-01
       226  3.173345E-01
       227  2.746192E-01
       228  3.650712E-01

 total internal energy for set ALL and time  0.1000000E+01

        4.357468E+01
