
                        S T E P       1


                                INCREMENT     1


 displacements (vx,vy,vz) for set NALL and time  0.1000000E+01

         1  0.000000E+00  4.135903E-26  0.000000E+00
         2  0.000000E+00 -8.271806E-26  0.000000E+00
         3  0.000000E+00  0.000000E+00  0.000000E+00
         4  0.000000E+00  0.000000E+00  1.670905E-23
         5  1.672418E-04 -1.164118E-06 -1.885406E-04
         6  1.669647E-04  7.911864E-06  1.805934E-04
         7 -1.396542E-04  4.607985E-06 -1.888924E-04
         8 -1.395911E-04  1.714667E-07  1.810842E-04
         9  4.359461E-04  2.216416E-06 -5.557515E-04
        10  4.361006E-04  1.596783E-05  6.153264E-04
        11 -5.160701E-04 -2.076155E-06 -5.562590E-04
        12 -5.163985E-04  6.490109E-06  6.153824E-04
        13  7.297831E-04  6.151586E-07 -9.441968E-04
        14  7.293415E-04  1.853029E-05  1.090892E-03
        15 -9.628294E-04  7.038540E-06 -9.453496E-04
        16 -9.632635E-04  6.046657E-06  1.091123E-03
        17  9.391492E-04 -4.522929E-05 -1.838072E-03
        18  9.403551E-04  6.797071E-05  1.980384E-03
        19 -1.267066E-03  6.950919E-05 -1.838342E-03
        20 -1.268171E-03 -3.660618E-05  1.980400E-03
        21  5.000000E-03  0.000000E+00 -6.000000E-03
        22  5.000000E-03  3.388132E-22  6.000000E-03
        23 -5.000000E-03  7.894347E-20 -6.000000E-03
        24 -5.000000E-03 -2.676624E-20  6.000000E-03
        25  6.975471E-04 -4.415894E-06 -7.739027E-04
        26  4.864305E-04  1.074380E-05  8.950444E-04
        27 -6.802711E-04 -4.407973E-06 -7.707812E-04
        28 -8.873221E-04 -1.369763E-07  8.935861E-04
        29  8.727168E-04 -7.696540E-06 -1.113424E-03
        30  1.124310E-03 -2.299841E-05 -1.472121E-03
        31  1.381460E-03 -3.331199E-05 -1.831979E-03
        32  1.547799E-03 -3.623478E-05 -2.041031E-03
        33  1.566354E-03 -3.723042E-05 -2.044851E-03
        34  1.432666E-03 -4.158755E-05 -1.911830E-03
        35  1.185813E-03 -4.731536E-05 -1.804847E-03
        36  7.424272E-04  2.103013E-05  1.045236E-03
        37  8.274982E-04  2.725221E-05  9.091560E-04
        38  9.372859E-04  3.053338E-05  8.086547E-04
        39  1.021566E-03  3.087675E-05  8.483375E-04
        40  1.053363E-03  3.355431E-05  1.062890E-03
        41  1.036608E-03  4.300905E-05  1.402010E-03
        42  9.965271E-04  5.756200E-05  1.748604E-03
        43 -1.000299E-03  1.070128E-05 -8.733256E-04
        44 -1.153516E-03  2.009747E-05 -6.668643E-04
        45 -1.344812E-03  2.555501E-05 -4.935840E-04
        46 -1.487843E-03  2.647307E-05 -5.040864E-04
        47 -1.529593E-03  2.977554E-05 -7.522116E-04
        48 -1.462347E-03  4.146890E-05 -1.167937E-03
        49 -1.316158E-03  5.941926E-05 -1.587014E-03
        50 -1.081334E-03 -2.138505E-06  1.260356E-03
        51 -1.256553E-03 -1.730618E-05  1.613016E-03
        52 -1.412744E-03 -2.731750E-05  1.959349E-03
        53 -1.488639E-03 -3.010315E-05  2.146766E-03
        54 -1.466424E-03 -3.136046E-05  2.128662E-03
        55 -1.383146E-03 -3.597336E-05  1.987902E-03
        56 -1.315529E-03 -4.084855E-05  1.905292E-03
        57  7.898341E-04 -4.554673E-05 -1.900075E-03
        58  5.322030E-04 -4.539645E-05 -1.984730E-03
        59  3.576044E-04 -5.295387E-05 -2.383560E-03
        60  5.063394E-04 -5.836687E-05 -3.291854E-03
        61  1.098442E-03 -4.328105E-05 -4.614269E-03
        62  2.131816E-03 -7.379666E-06 -5.898014E-03
        63  3.490658E-03  1.846346E-05 -6.434381E-03
        64  7.309767E-04  5.619029E-05  2.253720E-03
        65  4.946557E-04  3.549421E-05  2.820249E-03
        66  2.823990E-04  1.341019E-05  3.715892E-03
        67  2.129790E-04  4.216280E-06  4.861691E-03
        68  4.602439E-04  1.615325E-05  6.041169E-03
        69  1.228279E-03  4.046024E-05  6.910426E-03
        70  2.787495E-03  4.226910E-05  6.962307E-03
        71 -1.271977E-03  5.900352E-05 -2.048805E-03
        72 -1.217660E-03  3.929965E-05 -2.582620E-03
        73 -9.774345E-04  1.514918E-05 -3.541841E-03
        74 -7.537999E-04  4.864647E-06 -4.764244E-03
        75 -7.881649E-04  1.695485E-05 -5.996610E-03
        76 -1.339736E-03  4.122271E-05 -6.887043E-03
        77 -2.734407E-03  4.452217E-05 -6.966710E-03
        78 -1.200879E-03 -3.571256E-05  2.038502E-03
        79 -9.839710E-04 -3.684076E-05  2.124334E-03
        80 -8.504156E-04 -4.596800E-05  2.568750E-03
        81 -9.951283E-04 -5.204696E-05  3.486822E-03
        82 -1.517956E-03 -3.810816E-05  4.742624E-03
        83 -2.425548E-03 -5.559678E-06  5.916272E-03
        84 -3.638343E-03  1.702350E-05  6.390112E-03
        85  1.570331E-07 -6.367227E-07  2.172455E-07
        86  8.738759E-08 -8.258111E-07  2.757256E-07
        87  9.487499E-08 -1.910223E-07  6.739276E-08
        88  1.467021E-07  3.263745E-07 -9.673689E-08
        89  9.798897E-08  1.496399E-07 -4.363989E-08
        90  1.356950E-07 -1.753762E-07  6.322192E-08
        91 -2.525811E-07  6.496530E-07  9.361724E-08
        92 -5.136817E-07  1.260163E-06  9.611891E-09
        93 -2.593408E-07  6.176040E-07 -6.596192E-08
        94 -1.447705E-07  3.464969E-07 -1.990753E-08
        95 -3.024743E-07  7.434750E-07  1.871515E-08
        96 -1.549999E-07  4.013100E-07  7.417315E-08
        97  4.362175E-04  9.172020E-06  5.509665E-06
        98 -5.162007E-04  2.430798E-06  6.139267E-05
        99 -1.977857E-05 -8.054992E-07 -5.555650E-04
       100 -6.522011E-05  1.198385E-05  6.156667E-04
       101  9.407818E-04 -1.745620E-05 -1.449031E-03
       102  9.415089E-04  1.042193E-06 -9.777055E-04
       103  9.418981E-04  1.212481E-05 -4.513291E-04
       104  9.420296E-04  1.831876E-05  1.005555E-04
       105  9.420734E-04  2.289000E-05  6.487825E-04
       106  9.419656E-04  2.972999E-05  1.164190E-03
       107  9.415639E-04  4.323729E-05  1.617153E-03
       108 -1.267648E-03  6.603701E-05 -1.425977E-03
       109 -1.267156E-03  5.626670E-05 -9.439429E-04
       110 -1.266879E-03  4.113536E-05 -4.161692E-04
       111 -1.266758E-03  2.203738E-05  1.310856E-04
       112 -1.267027E-03  1.358671E-06  6.713193E-04
       113 -1.267563E-03 -1.777815E-05  1.177603E-03
       114 -1.268285E-03 -3.173780E-05  1.622380E-03
       115  6.597279E-04 -2.563652E-05 -1.838760E-03
       116  3.895223E-04 -1.104659E-05 -1.839419E-03
       117  1.248144E-04  6.912517E-08 -1.839718E-03
       118 -1.385896E-04  9.520712E-06 -1.839840E-03
       119 -4.050087E-04  1.918154E-05 -1.839767E-03
       120 -6.788956E-04  3.100659E-05 -1.839528E-03
       121 -9.648737E-04  4.714030E-05 -1.838777E-03
       122  6.771168E-04  4.356936E-05  1.979128E-03
       123  4.035339E-04  2.850494E-05  1.978561E-03
       124  1.226769E-04  1.999405E-05  1.978317E-03
       125 -1.619958E-04  1.492661E-05  1.978262E-03
       126 -4.469657E-04  1.009814E-05  1.978286E-03
       127 -7.286601E-04  2.163744E-06  1.978503E-03
       128 -1.003494E-03 -1.231198E-05  1.978963E-03
       129  4.987373E-03 -2.971336E-04 -4.508015E-03
       130  4.985154E-03 -3.382690E-04 -3.042695E-03
       131  4.988540E-03 -2.012286E-04 -1.590430E-03
       132  4.990308E-03  2.609785E-05 -1.368082E-04
       133  4.987972E-03  2.540565E-04  1.332830E-03
       134  4.984057E-03  3.896012E-04  2.834080E-03
       135  4.986236E-03  3.352116E-04  4.384196E-03
       136 -5.018074E-03  3.820571E-04 -4.677829E-03
       137 -5.019425E-03  4.520099E-04 -3.233817E-03
       138 -5.015031E-03  3.160299E-04 -1.705289E-03
       139 -5.011906E-03  8.233136E-05 -1.298268E-04
       140 -5.013107E-03 -1.504333E-04  1.458412E-03
       141 -5.015815E-03 -2.933584E-04  3.028267E-03
       142 -5.014030E-03 -2.657825E-04  4.550723E-03
       143  3.730387E-03 -1.051002E-04 -5.993240E-03
       144  2.423683E-03 -1.012552E-04 -5.992683E-03
       145  1.097230E-03 -2.165799E-05 -5.993719E-03
       146 -2.272588E-04  9.420394E-05 -5.993837E-03
       147 -1.525296E-03  2.031201E-04 -5.991844E-03
       148 -2.770669E-03  2.577699E-04 -5.989542E-03
       149 -3.936654E-03  2.067120E-04 -5.990215E-03
       150  3.619954E-03  1.972052E-04  6.007042E-03
       151  2.296912E-03  2.478536E-04  6.008324E-03
       152  1.021666E-03  1.987854E-04  6.006004E-03
       153 -2.172229E-04  9.840868E-05  6.004146E-03
       154 -1.430713E-03 -9.384441E-06  6.004147E-03
       155 -2.628233E-03 -8.484034E-05  6.005215E-03
       156 -3.816705E-03 -9.169385E-05  6.004281E-03
       157 -1.600418E-05 -9.617636E-06 -5.960577E-05
       158 -3.203726E-05  9.586534E-06 -5.833891E-05
       159  3.069349E-05  9.009338E-06  5.462784E-05
       160  3.348068E-05 -7.528171E-06  5.452079E-05
       161  5.610122E-05  1.277458E-05  3.546816E-05
       162  5.672202E-05 -9.477258E-06 -1.707685E-05
       163 -4.088919E-05  3.128933E-06  9.693734E-06
       164 -4.418627E-05  3.073304E-06 -3.265168E-05
       165  9.604257E-05 -2.063620E-05 -3.623081E-04
       166 -9.098167E-05  1.788343E-05 -3.600183E-04
       167  6.551303E-05  1.303673E-05  3.592401E-04
       168 -4.913727E-05 -1.294637E-06  3.612972E-04
       169  3.034987E-04  2.380286E-05  5.434771E-05
       170  3.008871E-04 -9.763690E-06 -1.894067E-05
       171 -2.688304E-04  1.808608E-05  1.717895E-05
       172 -2.723199E-04 -6.772190E-06 -3.572801E-05
       173 -5.926006E-06 -1.470336E-06 -1.294595E-03
       174 -1.190183E-04  1.266339E-05 -1.313094E-03
       175 -7.238537E-05  2.607461E-05  1.416124E-03
       176 -8.098362E-05  1.015199E-06  1.422593E-03
       177  9.935050E-04 -1.451710E-06  4.166089E-04
       178  9.983065E-04  2.226879E-05 -3.178068E-04
       179 -1.118899E-03 -5.327619E-06  4.204739E-04
       180 -1.126781E-03  2.635787E-05 -1.989327E-04
       181  8.759181E-04  5.448579E-05 -2.651440E-03
       182  2.048242E-03  5.870347E-04 -6.070890E-03
       183  4.059887E-03  1.435204E-03 -1.107617E-02
       184  5.198552E-03  2.019092E-03 -1.422810E-02
       185  4.564706E-03  1.966762E-03 -1.406031E-02
       186  2.128929E-03  1.297657E-03 -1.118695E-02
       187 -1.339612E-03  5.107362E-04 -8.010509E-03
       188 -8.362272E-04 -1.249097E-04 -3.242220E-03
       189 -1.381331E-04 -7.286850E-04 -7.115933E-03
       190  4.250606E-04 -1.480489E-03 -1.156022E-02
       191  4.010809E-04 -1.898268E-03 -1.383965E-02
       192 -7.551751E-05 -1.707895E-03 -1.301170E-02
       193 -1.019334E-04 -1.009495E-03 -1.000968E-02
       194  1.724683E-03 -3.384218E-04 -7.308798E-03
       195  5.555323E-04 -5.514834E-05  2.935932E-03
       196 -2.364280E-04 -5.865111E-04  6.353415E-03
       197 -1.181655E-03 -1.371351E-03  1.099112E-02
       198 -1.469747E-03 -1.858739E-03  1.363685E-02
       199 -1.061170E-03 -1.717563E-03  1.304402E-02
       200 -7.968371E-04 -1.019590E-03  1.004656E-02
       201 -2.171405E-03 -3.316027E-04  7.270236E-03
       202 -1.158333E-03  8.738425E-05  2.940465E-03
       203 -2.090293E-03  6.189608E-04  6.358305E-03
       204 -3.896458E-03  1.413988E-03  1.105534E-02
       205 -4.977381E-03  1.942099E-03  1.391476E-02
       206 -4.468255E-03  1.872366E-03  1.366415E-02
       207 -2.229194E-03  1.234427E-03  1.092780E-02
       208  1.203017E-03  4.875395E-04  7.917715E-03
       209 -1.787678E-04  2.898684E-04 -1.211554E-03
       210 -4.034963E-03  1.392397E-03  2.682348E-04
       211 -8.999377E-03  2.735382E-03  2.449965E-03
       212 -1.115702E-02  3.287921E-03  4.449573E-03
       213 -8.857115E-03  2.771765E-03  5.696678E-03
       214 -3.218744E-03  1.587225E-03  6.117777E-03
       215  2.043160E-03  5.521558E-04  6.099948E-03
       216  3.230129E-04 -1.284782E-04  1.624107E-03
       217 -3.141474E-03 -1.124133E-03  1.648542E-03
       218 -8.537864E-03 -2.586977E-03  1.857000E-03
       219 -1.126995E-02 -3.286892E-03  1.095742E-03
       220 -9.255094E-03 -2.840304E-03 -9.445681E-04
       221 -3.481030E-03 -1.630941E-03 -3.638108E-03
       222  2.050115E-03 -5.458386E-04 -5.428150E-03
       223 -6.496656E-04 -1.215212E-04 -1.553425E-03
       224  2.758348E-03 -1.099818E-03 -1.305014E-03
       225  7.872268E-03 -2.483805E-03 -8.709319E-04
       226  1.033083E-02 -3.112642E-03  1.983082E-04
       227  8.241696E-03 -2.646122E-03  1.964806E-03
       228  2.686531E-03 -1.480467E-03  4.018107E-03
       229 -2.404328E-03 -4.802526E-04  5.408182E-03
       230 -9.269199E-04  7.643449E-05  1.729283E-03
       231  1.986836E-03  9.156722E-04  2.033764E-04
       232  6.872851E-03  2.239508E-03 -2.767162E-03
       233  9.553084E-03  2.924488E-03 -5.483336E-03
       234  8.050024E-03  2.593645E-03 -6.956135E-03
       235  3.103850E-03  1.558466E-03 -7.084612E-03
       236 -1.892604E-03  5.767244E-04 -6.550271E-03

 forces (fx,fy,fz) for set RIGHT and time  0.1000000E+01

        21  2.073594E+03  2.620185E+02 -3.355298E+03
        22  8.428220E+02 -1.289563E+02  3.367654E+03
        23 -3.031151E+03  3.797850E+02  5.600188E+02
        24  2.104269E+02  1.204374E+03 -5.531958E+02

 internal energy (element, energy) for set ALL and time  0.1000000E+01

         1  4.142265E-02
         2  5.769019E-02
         3  6.344374E-02
         4  4.815421E-02
         5  4.945164E-03
         6  1.079072E-02
         7  9.990536E-03
         8  2.488710E-03
         9  1.087771E-04
        10  4.462274E-04
        11  1.279376E-03
        12  5.653395E-04
        13  2.189843E-03
        14  2.480759E-03
        15  3.568967E-04
        16  2.948133E-04
        17  3.147438E-03
        18  9.623122E-04
        19  5.557336E-04
        20  1.609151E-03
        21  1.600316E-03
        22  6.340458E-04
        23  1.822016E-03
        24  4.371140E-03
        25  9.593903E-04
        26  3.499499E-04
        27  4.686460E-04
        28  1.113081E-03
        29  1.041484E-03
        30  3.513338E-04
        31  5.920449E-04
        32  2.187710E-03
        33  2.381549E-03
        34  9.369623E-04
        35  8.705402E-04
        36  2.134529E-03
        37  2.097050E-03
        38  8.646710E-04
        39  1.983632E-03
        40  1.339677E-02
        41  3.038665E-03
        42  9.357018E-04
        43  5.897196E-04
        44  1.652943E-03
        45  1.447712E-03
        46  3.496562E-04
        47  1.916733E-03
        48  6.731175E-03
        49  6.320206E-03
        50  1.185735E-02
        51  1.640378E-02
        52  1.990833E-02
        53  1.626023E-02
        54  2.331068E-02
        55  8.098790E-02
        56  6.029439E-02
        57  1.162284E-02
        58  1.448899E-02
        59  1.393376E-02
        60  1.225996E-02
        61  1.240887E-02
        62  2.103890E-02
        63  6.133651E-02
        64  5.108514E-02
        65  1.022180E-02
        66  1.401565E-02
        67  1.034306E-02
        68  7.424708E-03
        69  8.388977E-03
        70  1.863154E-02
        71  5.622101E-02
        72  6.567106E-02
        73  1.259090E-02
        74  9.247256E-03
        75  1.395588E-02
        76  1.485998E-02
        77  1.179619E-02
        78  1.975947E-02
        79  6.447733E-02
        80  4.594542E-02
        81  1.251865E-04
        82  1.016057E-05
        83  1.469366E-06
        84  1.771192E-05
        85  8.544961E-05
        86  6.678878E-06
        87  4.936636E-06
        88  6.388027E-05
        89  1.028693E-04
        90  1.069187E-05
        91  7.922473E-06
        92  6.961682E-05
        93  1.377978E-05
        94  1.862782E-06
        95  5.040302E-06
        96  5.184537E-05
        97  1.745931E-01
        98  9.334042E-02
        99  1.400069E-01
       100  1.129951E-01
       101  1.345347E-03
       102  2.860879E-03
       103  4.185893E-03
       104  1.949899E-03
       105  1.705544E-03
       106  3.442466E-03
       107  5.315197E-03
       108  2.697354E-03
       109  1.186691E-01
       110  6.571481E-02
       111  8.825520E-02
       112  6.616948E-02
       113  1.994881E-02
       114  1.043420E-02
       115  3.448641E-03
       116  3.743441E-04
       117  9.005637E-04
       118  4.993629E-03
       119  1.301861E-02
       120  2.291144E-02
       121  1.739578E-02
       122  7.645915E-03
       123  2.295066E-03
       124  1.948552E-04
       125  1.041979E-03
       126  4.852351E-03
       127  1.206642E-02
       128  2.155510E-02
       129  7.965850E-04
       130  2.199901E-04
       131  6.384329E-05
       132  3.562510E-05
       133  1.042315E-04
       134  2.866302E-04
       135  7.381066E-04
       136  3.407501E-03
       137  7.103826E-04
       138  3.469279E-04
       139  1.422389E-04
       140  3.803883E-05
       141  3.401488E-05
       142  1.367982E-04
       143  4.069670E-04
       144  1.496271E-03
       145  1.626995E-01
       146  9.150100E-02
       147  3.800208E-02
       148  1.152474E-02
       149  1.032870E-02
       150  3.713308E-02
       151  9.779624E-02
       152  1.863495E-01
       153  2.297440E-01
       154  1.170600E-01
       155  4.303115E-02
       156  1.146730E-02
       157  1.135051E-02
       158  3.487006E-02
       159  7.621708E-02
       160  1.294338E-01
       161  8.755175E-02
       162  5.854567E-02
       163  3.829664E-02
       164  2.834881E-02
       165  3.101483E-02
       166  5.028202E-02
       167  9.366460E-02
       168  1.560379E-01
       169  1.347959E-01
       170  7.772694E-02
       171  4.063077E-02
       172  2.475231E-02
       173  2.394765E-02
       174  3.394784E-02
       175  5.458125E-02
       176  7.680274E-02
       177  2.013315E-02
       178  1.276410E-02
       179  1.956698E-02
       180  2.043313E-02
       181  1.773383E-02
       182  2.118889E-02
       183  1.408590E-02
       184  1.045475E-02
       185  4.048291E-02
       186  1.935561E-02
       187  3.845986E-02
       188  1.897440E-02
       189  2.284604E-02
       190  3.698641E-02
       191  1.289894E-02
       192  2.329052E-02
       193  1.349627E-01
       194  6.286982E-02
       195  9.402368E-02
       196  5.225913E-02
       197  7.584686E-02
       198  1.473997E-01
       199  5.490969E-02
       200  9.094373E-02
       201  2.490601E-01
       202  9.466558E-02
       203  1.942902E-01
       204  7.149361E-02
       205  9.714293E-02
       206  2.546683E-01
       207  7.113468E-02
       208  1.798435E-01
       209  1.575544E-01
       210  2.317465E-01
       211  2.139936E-01
       212  2.525501E-01
       213  2.219922E-01
       214  2.441787E-01
       215  2.600290E-01
       216  3.071680E-01
       217  1.928393E-01
       218  1.488208E-01
       219  2.275734E-01
       220  1.965622E-01
       221  1.936232E-01
       222  2.184821E-01
       223  1.874217E-01
       224  1.890783E-01
       225  2.475878E-01
       226  1.944475E-01
       227  2.381055E-01
       228  1.716396E-01
       229  1.533956E-01
       230  1.951905E-01
       231  2.162818E-01
       232  2.660235E-01
       233  3.471426E-01
       234  5.372800E-01
       235  9.285773E-02
       236  3.334098E-01
       237  4.329906E-01
       238  1.825450E-01
       239  2.087505E-01
       240  1.476416E-01
       241  5.328192E-01
       242  3.373252E-01
       243  1.219332E-01
       244  3.614924E-01
       245  3.901201E-01
       246  1.622560E-01
       247  3.053096E-01
       248  1.665537E-01
       249  4.042755E-01
       250  4.398201E-01
       251  9.263843E-02
       252  3.321702E-01
       253  3.960461E-01
       254  1.684171E-01
       255  2.870788E-01
       256  2.235648E-01
       257  4.034218E-01
       258  4.652028E-01
       259  9.262864E-02
       260  3.255750E-01
       261  4.092193E-01
       262  1.705540E-01
       263  2.094988E-01
       264  1.462192E-01
       265  3.577831E-01
       266  3.776763E-01
       267  9.942941E-02
       268  3.795399E-01
       269  4.021700E-01
       270  1.333810E-01
       271  2.639121E-01
       272  2.704892E-01
       273  2.921923E-01
       274  6.285003E-01
       275  1.097934E-01
       276  4.775767E-01
       277  5.608113E-01
       278  2.116320E-01
       279  3.523814E-01
       280  3.969910E-01
       281  2.301504E-01
       282  4.953399E-01
       283  1.079096E-01
       284  4.074441E-01
       285  4.533699E-01
       286  1.647707E-01
       287  3.127846E-01
       288  2.751008E-01
       289  1.609370E-01
       290  5.659209E-01
       291  9.999193E-02
       292  3.751311E-01
       293  4.567166E-01
       294  1.894808E-01
       295  2.374444E-01
       296  2.349856E-01

 total internal energy for set ALL and time  0.1000000E+01

        3.117206E+01
