
                        S T E P       1


                                INCREMENT     1


 displacements (vx,vy,vz) for set NALL and time  0.1000000E+01

         1  0.000000E+00 -1.323489E-24  1.323489E-24
         2  0.000000E+00  2.646978E-24 -1.323489E-24
         3  0.000000E+00 -4.135903E-26  1.046383E-23
         4  0.000000E+00 -2.646978E-24 -1.028351E-21
         5  9.325471E-04 -1.491247E-05 -1.180845E-03
         6  9.356691E-04  5.406625E-06  1.058451E-03
         7 -8.382126E-04  3.938537E-05 -1.176931E-03
         8 -8.361329E-04 -1.250896E-05  1.059189E-03
         9  2.381917E-03 -1.127112E-05 -2.806152E-03
        10  2.386945E-03  1.729585E-05  2.790569E-03
        11 -2.093457E-03 -7.610981E-06 -2.803096E-03
        12 -2.093387E-03 -1.295193E-05  2.791156E-03
        13  3.151825E-03 -1.073996E-05 -4.023274E-03
        14  3.152501E-03  1.004330E-05  4.037396E-03
        15 -2.983476E-03 -6.286622E-06 -4.023068E-03
        16 -2.982967E-03 -9.579716E-06  4.037896E-03
        17  3.943446E-03  9.700297E-06 -4.972889E-03
        18  3.943041E-03 -3.388839E-06  5.005878E-03
        19 -3.905997E-03 -8.891334E-06 -4.973291E-03
        20 -3.906352E-03  9.524240E-06  5.005683E-03
        21  5.000000E-03  0.000000E+00 -6.000000E-03
        22  5.000000E-03 -4.235165E-23  6.000000E-03
        23 -5.000000E-03  2.371692E-21 -6.000000E-03
        24 -5.000000E-03 -1.609363E-21  6.000000E-03
        25  7.402631E-06 -5.916047E-06 -9.274458E-05
        26  1.336297E-04 -1.642707E-05 -3.399639E-04
        27  4.101219E-04 -2.479969E-05 -6.274566E-04
        28  7.047836E-04 -2.748370E-05 -8.281144E-04
        29  9.213544E-04 -2.774621E-05 -9.009130E-04
        30  1.007809E-03 -2.808329E-05 -9.129403E-04
        31  9.474176E-04 -2.647345E-05 -1.001661E-03
        32 -7.700408E-05 -2.098634E-06  7.116065E-05
        33 -1.663820E-04 -8.020248E-06  2.241822E-04
        34 -1.182004E-04 -1.236732E-05  3.779843E-04
        35  4.810997E-05 -1.371701E-05  4.992168E-04
        36  2.903731E-04 -1.318693E-05  5.883337E-04
        37  5.564010E-04 -1.111189E-05  6.763814E-04
        38  7.843150E-04 -6.092979E-06  8.181707E-04
        39 -3.833359E-05  1.198246E-06  2.302113E-05
        40 -1.406272E-04  3.195064E-06  6.281298E-05
        41 -2.756503E-04  3.323166E-06  5.518218E-05
        42 -4.111901E-04  2.710538E-06 -4.961613E-05
        43 -5.314298E-04  5.043889E-06 -2.668034E-04
        44 -6.336922E-04  1.324691E-05 -5.702092E-04
        45 -7.266500E-04  2.657626E-05 -8.994494E-04
        46 -1.311666E-04  5.909177E-07  2.150911E-05
        47 -3.884223E-04 -7.607645E-06  1.907301E-04
        48 -6.053242E-04 -1.676140E-05  4.994285E-04
        49 -7.317652E-04 -2.020573E-05  7.454726E-04
        50 -7.570224E-04 -2.061987E-05  8.325607E-04
        51 -7.313516E-04 -2.225147E-05  8.114154E-04
        52 -7.458804E-04 -2.272525E-05  8.438626E-04
        53  3.329168E-03 -2.576690E-05 -3.613697E-03
        54  2.626951E-03 -4.965007E-06  3.490504E-03
        55 -2.220926E-03 -2.188887E-05 -3.554900E-03
        56 -2.937613E-03 -2.791677E-05  3.457185E-03
        57  3.989630E-03 -1.497826E-05 -4.324591E-03
        58  2.917982E-03 -1.085056E-05  4.433860E-03
        59 -3.035243E-03 -2.221220E-05 -4.319829E-03
        60 -4.090667E-03 -1.350346E-05  4.430822E-03
        61 -1.054917E-06 -2.233546E-06  7.032766E-07
        62 -9.774683E-07 -9.447214E-06  3.044453E-06
        63 -1.761551E-06 -7.253300E-06  2.239209E-06
        64 -5.012008E-07  5.318344E-06 -1.748730E-06
        65 -7.190278E-07  1.424984E-05 -4.713981E-06
        66 -1.571999E-06  8.971853E-06 -3.037678E-06
        67  6.665053E-07 -1.752662E-06 -4.899839E-07
        68  1.170216E-06 -2.891770E-06 -2.115553E-07
        69  4.754758E-07 -1.157518E-06 -1.247809E-07
        70  3.259259E-06 -7.744680E-06  9.951531E-07
        71  6.301194E-06 -1.544388E-05  1.036015E-08
        72  3.036731E-06 -7.784695E-06 -9.612341E-07
        73  9.379886E-04 -2.726410E-05  2.460646E-04
        74 -8.363437E-04 -6.194638E-06  2.260794E-04
        75  2.490046E-05  2.590401E-06 -1.176561E-03
        76  4.294424E-05 -2.235972E-06  1.059641E-03
        77  2.387792E-03  2.413217E-05 -3.006725E-05
        78 -2.091262E-03  7.492724E-06 -1.092112E-04
        79  1.230267E-04 -1.932454E-06 -2.803452E-03
        80  1.902940E-04 -5.587089E-07  2.790714E-03
        81  3.152013E-03 -1.731824E-05 -2.201377E-03
        82  3.152330E-03 -2.497768E-06 -2.071052E-05
        83  3.152182E-03  1.256630E-05  2.173465E-03
        84 -2.984534E-03  2.603601E-05 -2.143963E-03
        85 -2.983817E-03 -7.884028E-06  6.157149E-05
        86 -2.984203E-03 -3.966895E-05  2.240020E-03
        87  1.723558E-03 -8.463202E-06 -4.023140E-03
        88  1.144429E-04 -9.406583E-06 -4.023233E-03
        89 -1.510396E-03 -1.105518E-05 -4.023321E-03
        90  1.680100E-03 -9.515533E-07  4.037112E-03
        91  4.563756E-05  2.786560E-06  4.037243E-03
        92 -1.567931E-03  4.985920E-06  4.037325E-03
        93  3.942338E-03 -1.205997E-05 -3.679903E-03
        94  3.942130E-03 -1.760126E-05 -2.433030E-03
        95  3.942260E-03 -1.172411E-05 -1.216574E-03
        96  3.942353E-03  1.928065E-07 -1.334111E-05
        97  3.942222E-03  1.262322E-05  1.193714E-03
        98  3.942015E-03  1.992681E-05  2.421547E-03
        99  3.942130E-03  1.636353E-05  3.687162E-03
       100 -3.906323E-03 -1.513162E-06 -3.654263E-03
       101 -3.906502E-03  2.476824E-06 -2.386142E-03
       102 -3.906554E-03  3.935185E-06 -1.154423E-03
       103 -3.906569E-03  3.879197E-06  5.665626E-05
       104 -3.906590E-03  3.309688E-06  1.262589E-03
       105 -3.906606E-03  3.287417E-06  2.478950E-03
       106 -3.906560E-03  4.973241E-06  3.721678E-03
       107  2.886864E-03  3.334784E-05 -4.974118E-03
       108  1.900126E-03  3.454280E-05 -4.974216E-03
       109  9.606163E-04  2.015616E-05 -4.973918E-03
       110  4.348612E-05 -2.084955E-06 -4.973785E-03
       111 -8.762479E-04 -2.425525E-05 -4.974061E-03
       112 -1.824014E-03 -3.823739E-05 -4.974496E-03
       113 -2.825905E-03 -3.570003E-05 -4.974478E-03
       114  2.863305E-03 -2.211104E-05  5.005001E-03
       115  1.860651E-03 -2.354392E-05  5.004903E-03
       116  9.115216E-04 -1.297501E-05  5.005143E-03
       117 -9.728306E-06  3.726860E-06  5.005259E-03
       118 -9.280512E-04  2.063714E-05  5.005067E-03
       119 -1.867864E-03  3.157531E-05  5.004745E-03
       120 -2.853338E-03  2.995388E-05  5.004767E-03
       121  4.999047E-03 -2.665035E-05 -3.095441E-03
       122  4.999467E-03  4.839012E-07  3.613799E-05
       123  4.998981E-03  2.814370E-05  3.148707E-03
       124 -5.001935E-03  4.354037E-05 -3.063210E-03
       125 -5.001115E-03 -2.837103E-06 -1.390002E-06
       126 -5.002016E-03 -4.830085E-05  3.061739E-03
       127  2.609634E-03  1.368248E-05 -6.000352E-03
       128  4.993174E-05  5.144719E-06 -6.000146E-03
       129 -2.535964E-03 -5.604673E-06 -6.000221E-03
       130  2.639584E-03 -1.724732E-05  5.999243E-03
       131  7.775171E-05 -2.717564E-06  5.999597E-03
       132 -2.522460E-03  1.319671E-05  5.999347E-03
       133 -7.328267E-06 -6.894942E-05 -3.637984E-04
       134 -1.888516E-04  4.551903E-05 -4.099208E-04
       135 -2.266280E-04  7.729670E-05  2.071781E-04
       136  3.734774E-04 -7.661067E-05  2.288759E-04
       137  3.885422E-04  1.407388E-05  1.674219E-04
       138  2.938828E-04 -5.235084E-05 -2.214053E-04
       139 -2.556369E-04 -2.229348E-05  1.242481E-04
       140 -3.416118E-04  4.339158E-06 -7.968763E-05
       141  9.446804E-04  1.303335E-04 -2.448592E-03
       142  9.961712E-04  3.413693E-04 -3.869732E-03
       143 -6.183064E-05  1.940431E-04 -3.425894E-03
       144 -4.374466E-04 -1.298311E-04 -2.549578E-03
       145 -3.057420E-04 -2.986854E-04 -3.692677E-03
       146  5.229692E-04 -1.328141E-04 -3.148542E-03
       147  8.965520E-04 -1.673022E-04  2.487877E-03
       148  5.964677E-04 -4.030240E-04  4.044325E-03
       149 -3.873870E-04 -2.515558E-04  3.571211E-03
       150 -9.187812E-04  1.616042E-04  2.504698E-03
       151 -5.862028E-04  3.626306E-04  3.861724E-03
       152  5.697575E-04  2.061941E-04  3.375949E-03
       153 -9.045634E-04  5.520111E-04 -3.455451E-04
       154 -1.572594E-03  7.672747E-04  4.691146E-04
       155  9.603329E-04  2.517846E-04  1.460305E-03
       156  1.225323E-04 -2.876558E-04  1.273450E-03
       157 -3.657798E-04 -4.711263E-04  4.855058E-04
       158  1.130762E-03 -1.966964E-04 -1.229073E-03
       159  4.390201E-04 -3.738248E-04 -9.411826E-04
       160  9.401342E-04 -5.523886E-04 -2.485146E-04
       161 -9.105511E-04 -1.928857E-04  1.198145E-03
       162 -3.792148E-04  1.689623E-04  1.515100E-03
       163  7.476002E-05  3.389192E-04  7.170528E-04
       164 -9.524655E-04  1.620043E-04 -1.181893E-03
       165  5.725125E-04  1.541738E-05 -3.614636E-03
       166 -2.332967E-04 -2.404053E-05 -3.582954E-03
       167  5.089624E-04  6.894544E-06  3.475228E-03
       168 -6.394572E-05 -6.214672E-06  3.469460E-03
       169  2.928378E-03 -3.238984E-05  6.430047E-04
       170  2.996581E-03  7.411143E-05 -8.518045E-04
       171 -2.618314E-03  4.982027E-05  6.237079E-04
       172 -2.534356E-03 -2.510222E-05 -8.216192E-04
       173  6.085668E-04  1.159881E-05 -5.633516E-03
       174 -3.662588E-04 -2.151321E-05 -5.627943E-03
       175  5.717139E-04 -2.177779E-06  5.550836E-03
       176 -2.873363E-04 -1.912485E-06  5.565473E-03
       177  4.468825E-03 -2.200124E-06  8.962531E-04
       178  4.462607E-03  4.615116E-06 -9.640368E-04
       179 -4.222903E-03 -4.301679E-05  8.264179E-04
       180 -4.233164E-03  4.651749E-05 -8.400014E-04

 forces (fx,fy,fz) for set RIGHT and time  0.1000000E+01

        21  2.854088E+03 -1.451329E+03 -2.306149E+03
        22  2.759599E+03  1.480661E+03  2.401315E+03
        23 -2.758661E+03  1.635846E+03 -2.282394E+03
        24 -2.781447E+03 -1.730995E+03  2.149472E+03

 internal energy (element, energy) for set ALL and time  0.1000000E+01

         1  4.535258E-03
         2  2.413045E-03
         3  1.178233E-03
         4  1.420750E-03
         5  1.427303E-03
         6  1.317154E-03
         7  4.453421E-03
         8  3.588075E-02
         9  1.523263E-02
        10  1.316638E-03
        11  7.198905E-04
        12  4.302155E-04
        13  3.006779E-04
        14  2.465922E-04
        15  6.342326E-04
        16  1.627970E-03
        17  6.396439E-04
        18  1.011079E-03
        19  1.068311E-03
        20  1.253640E-03
        21  1.206049E-03
        22  9.490997E-04
        23  9.545026E-04
        24  8.942120E-04
        25  2.256812E-02
        26  4.231555E-03
        27  6.841941E-04
        28  1.131878E-03
        29  1.288905E-03
        30  4.694742E-04
        31  1.981218E-03
        32  5.486016E-03
        33  1.457873E-01
        34  3.317642E-02
        35  4.191594E-01
        36  2.622500E-02
        37  3.642066E-02
        38  5.662529E-03
        39  1.368216E-03
        40  1.050981E-03
        41  2.166094E-02
        42  1.250403E-03
        43  3.122334E-03
        44  1.473493E-03
        45  8.009354E-03
        46  7.914684E-03
        47  1.193428E-02
        48  1.188785E-02
        49  9.608271E-03
        50  8.356982E-03
        51  9.954957E-03
        52  8.457775E-03
        53  2.411138E-02
        54  5.897506E-03
        55  3.322630E-02
        56  3.001869E-02
        57  2.149441E-03
        58  1.791246E-04
        59  1.287457E-03
        60  1.585882E-02
        61  6.096802E-05
        62  5.890063E-05
        63  1.291431E-03
        64  1.530396E-02
        65  1.679521E-03
        66  1.485666E-04
        67  9.052837E-06
        68  9.280754E-06
        69  1.304322E-02
        70  1.407374E-03
        71  1.371289E-03
        72  1.262776E-02
        73  5.381763E-02
        74  4.188365E-02
        75  5.783862E-03
        76  3.402439E-02
        77  7.520208E-02
        78  3.675968E-02
        79  7.012325E-02
        80  7.143023E-02
        81  2.679003E-02
        82  1.272886E-02
        83  1.985718E-02
        84  2.087055E-02
        85  2.233562E-02
        86  1.288341E-02
        87  2.185673E-02
        88  3.208417E-02
        89  8.282368E-02
        90  1.211786E-02
        91  9.342891E-03
        92  7.391440E-02
        93  6.445727E-02
        94  7.329510E-03
        95  1.248985E-02
        96  7.902046E-02
        97  2.692479E-02
        98  4.587582E-03
        99  2.318583E-03
       100  2.116927E-02
       101  2.263852E-02
       102  2.345628E-03
       103  5.311090E-03
       104  2.996140E-02
       105  5.708181E-03
       106  3.001811E-03
       107  1.003306E-03
       108  1.728334E-04
       109  4.352445E-04
       110  1.779802E-03
       111  4.309084E-03
       112  7.355024E-03
       113  8.316529E-03
       114  4.998657E-03
       115  2.147869E-03
       116  5.927701E-04
       117  1.953623E-04
       118  9.742262E-04
       119  3.036958E-03
       120  5.798988E-03
       121  1.774395E-02
       122  9.600807E-03
       123  3.325109E-03
       124  3.789630E-04
       125  6.999922E-04
       126  4.404734E-03
       127  1.178919E-02
       128  2.113266E-02
       129  2.898201E-02
       130  1.631049E-02
       131  6.041264E-03
       132  9.173945E-04
       133  4.503333E-04
       134  4.565365E-03
       135  1.359606E-02
       136  2.512732E-02
       137  4.132040E-02
       138  4.880506E-03
       139  7.856182E-03
       140  4.921757E-02
       141  9.340318E-03
       142  1.313784E-03
       143  1.237253E-03
       144  9.531010E-03
       145  2.503392E-02
       146  5.066505E-03
       147  1.678362E-03
       148  1.608041E-02
       149  2.769950E-02
       150  5.997643E-03
       151  1.516636E-03
       152  1.466013E-02
       153  9.275131E-01
       154  6.713314E-01
       155  7.152895E-01
       156  7.266335E-01
       157  6.529846E-01
       158  5.633826E-01
       159  7.010383E-01
       160  6.081989E-01
       161  6.883761E-01
       162  5.832593E-01
       163  9.494696E-01
       164  6.104276E-01
       165  4.326410E-01
       166  6.436170E-01
       167  5.383118E-01
       168  1.057981E+00
       169  4.131338E-01
       170  3.190258E-01
       171  3.467283E-01
       172  4.778472E-01
       173  3.186643E-01
       174  2.163522E-01
       175  2.792393E-01
       176  2.950814E-01
       177  3.837762E-01
       178  2.771216E-01
       179  3.214456E-01
       180  4.425921E-01
       181  3.741680E-01
       182  2.660937E-01
       183  3.107954E-01
       184  4.240684E-01
       185  5.112636E-01
       186  3.789015E-01
       187  2.649596E-01
       188  3.408731E-01
       189  6.273823E-01
       190  4.200093E-01
       191  3.898050E-01
       192  5.214924E-01
       193  5.029003E-01
       194  3.889425E-01
       195  3.287490E-01
       196  3.890480E-01
       197  4.009389E-01
       198  3.873571E-01
       199  3.369895E-01
       200  3.714203E-01
       201  6.244734E-01
       202  6.733332E-01
       203  7.009303E-01
       204  6.473498E-01
       205  6.079657E-01
       206  6.391993E-01
       207  5.920845E-01
       208  6.348439E-01
       209  8.873573E-01
       210  4.480060E-01
       211  5.991320E-01
       212  6.645873E-01
       213  5.373134E-01
       214  9.739686E-01
       215  5.519007E-01
       216  6.028732E-01
       217  1.053041E+00
       218  1.198410E+00
       219  1.091397E+00
       220  1.253260E+00
       221  1.135306E+00
       222  1.166682E+00
       223  1.149045E+00
       224  1.277381E+00
       225  6.118359E-01
       226  5.099635E-01
       227  4.806631E-01
       228  5.601799E-01
       229  4.404950E-01
       230  5.624581E-01
       231  5.728797E-01
       232  5.035896E-01
       233  8.181166E-01
       234  6.297392E-01
       235  8.244302E-01
       236  6.567311E-01
       237  7.042100E-01
       238  6.964678E-01
       239  7.726695E-01
       240  6.469092E-01

 total internal energy for set ALL and time  0.1000000E+01

        5.530248E+01
