
                        S T E P       1


                                INCREMENT     1


 displacements (vx,vy,vz) for set NALL and time  0.1000000E+01

         1 -1.323489E-24  2.481542E-24 -1.323489E-24
         2  0.000000E+00  0.000000E+00 -3.308722E-24
         3  0.000000E+00 -2.646978E-24  3.308722E-22
         4  0.000000E+00  0.000000E+00  6.776264E-22
         5  1.070915E-03 -5.997705E-06 -1.246008E-03
         6  1.072673E-03 -1.292342E-06  1.176274E-03
         7 -9.415863E-04  1.095765E-05 -1.247412E-03
         8 -9.435249E-04 -6.364327E-07  1.179026E-03
         9  2.050259E-03  7.013725E-07 -2.426058E-03
        10  2.052638E-03  1.201964E-06  2.317183E-03
        11 -1.861450E-03  9.372966E-06 -2.428277E-03
        12 -1.862723E-03  5.306276E-07  2.319890E-03
        13  3.008949E-03  2.316509E-06 -3.563879E-03
        14  3.010786E-03  1.088712E-05  3.442330E-03
        15 -2.808694E-03 -1.591736E-06 -3.567512E-03
        16 -2.810721E-03  4.865559E-06  3.446053E-03
        17  3.922836E-03  3.124081E-06 -4.634638E-03
        18  3.925725E-03  1.602281E-05  4.596195E-03
        19 -3.771137E-03 -3.290701E-06 -4.642814E-03
        20 -3.775735E-03  3.171875E-06  4.602787E-03
        21  5.000000E-03  4.235165E-23 -6.000000E-03
        22  5.000000E-03  4.235165E-23  6.000000E-03
        23 -5.000000E-03  1.109613E-20 -6.000000E-03
        24 -5.000000E-03 -1.863472E-21  6.000000E-03
        25  4.249102E-04 -2.628158E-05 -6.673385E-04
        26  4.106183E-04 -2.601942E-05  5.799874E-04
        27 -4.055892E-04 -6.147918E-06 -6.417883E-04
        28 -4.849770E-04 -1.674223E-05  5.695952E-04
        29  1.914227E-03 -1.964986E-05 -1.775953E-03
        30  1.363948E-03 -1.613615E-05  1.754045E-03
        31 -1.185513E-03 -9.147593E-06 -1.790901E-03
        32 -1.570414E-03 -1.654610E-05  1.737482E-03
        33  2.871704E-03 -1.832622E-05 -2.996170E-03
        34  2.242602E-03 -1.289820E-05  2.878704E-03
        35 -2.012220E-03 -9.869640E-06 -3.035057E-03
        36 -2.617577E-03 -1.163911E-05  2.891912E-03
        37  3.238286E-03 -1.435345E-06 -3.615537E-03
        38  3.497058E-03 -5.003412E-06 -3.724505E-03
        39  3.763168E-03 -8.678121E-06 -3.871913E-03
        40  3.997264E-03 -1.015204E-05 -4.064105E-03
        41  4.161245E-03 -7.847133E-06 -4.286795E-03
        42  4.215331E-03 -2.323725E-06 -4.491256E-03
        43  4.125453E-03  2.752713E-06 -4.607727E-03
        44  2.911697E-03  1.623945E-05  3.412220E-03
        45  2.849201E-03  1.204282E-05  3.476378E-03
        46  2.858690E-03  5.472065E-06  3.717861E-03
        47  2.966827E-03  2.230060E-06  4.005370E-03
        48  3.174360E-03  3.845401E-06  4.244006E-03
        49  3.441322E-03  7.784400E-06  4.412146E-03
        50  3.696770E-03  1.153319E-05  4.535909E-03
        51 -2.729121E-03 -1.047551E-05 -3.671804E-03
        52 -2.723329E-03 -1.504648E-05 -3.833540E-03
        53 -2.785701E-03 -1.736799E-05 -3.937116E-03
        54 -2.896896E-03 -1.785914E-05 -4.066123E-03
        55 -3.045780E-03 -1.544074E-05 -4.259418E-03
        56 -3.241982E-03 -9.392806E-06 -4.473376E-03
        57 -3.503297E-03 -2.726299E-06 -4.610993E-03
        58 -3.029123E-03  4.879679E-06  3.493216E-03
        59 -3.316185E-03 -8.354291E-07  3.619186E-03
        60 -3.606048E-03 -6.395248E-06  3.831876E-03
        61 -3.845354E-03 -8.808709E-06  4.072289E-03
        62 -3.992305E-03 -6.996632E-06  4.288468E-03
        63 -4.025971E-03 -2.918284E-06  4.452674E-03
        64 -3.946934E-03  1.014082E-06  4.556916E-03
        65  4.936115E-03 -1.833120E-05 -5.482457E-03
        66  3.691562E-03 -8.219464E-06  5.569896E-03
        67 -3.362293E-03 -2.741597E-05 -5.461439E-03
        68 -4.576005E-03 -1.719537E-05  5.342386E-03
        69 -3.338811E-06  5.307823E-09 -2.309444E-06
        70 -3.574439E-06  2.683295E-09 -2.473639E-06
        71 -4.963783E-08 -6.426753E-08 -3.486341E-08
        72 -2.154413E-07 -6.203122E-08 -2.145887E-07
        73  1.069847E-03 -8.610008E-06  1.383540E-04
        74 -9.457078E-04  1.886511E-05 -5.251802E-05
        75 -5.716909E-05 -6.184370E-06 -1.245404E-03
        76  9.981960E-05  2.806145E-06  1.178880E-03
        77  2.048588E-03  2.097579E-05 -5.811785E-05
        78 -1.865381E-03  2.275214E-05  7.054119E-05
        79  1.013611E-04 -2.025390E-07 -2.426006E-03
        80 -6.550828E-06  8.120503E-06  2.319508E-03
        81  3.006117E-03  1.495290E-05  6.264975E-05
        82 -2.814561E-03  1.734196E-05  2.510415E-06
        83  5.226677E-05  2.059349E-06 -3.563808E-03
        84  1.012205E-04  1.270566E-05  3.445334E-03
        85  4.999529E-03 -1.385416E-05 -5.136727E-05
        86 -4.999640E-03 -2.084640E-05  1.535512E-04
        87  1.806073E-04  7.734388E-08 -6.000186E-03
        88  1.559687E-05  4.453412E-05  5.999438E-03
        89 -1.386482E-04 -2.765630E-05 -6.482380E-04
        90 -6.926840E-05  1.322323E-06 -6.802426E-04
        91 -7.437546E-05  2.295085E-05  5.676992E-04
        92  2.150047E-04 -8.434370E-06  5.838155E-04
        93  4.313524E-04  3.438388E-05  3.863168E-04
        94  4.177384E-04 -3.128667E-05 -4.033586E-04
        95 -4.671999E-04  4.143861E-05  3.464096E-04
        96 -4.171991E-04 -1.917493E-05 -4.008494E-04
        97  1.917792E-04 -4.113070E-05 -1.767682E-03
        98 -6.540427E-05  3.898224E-05 -1.817912E-03
        99  1.223412E-04  1.009319E-05  1.718653E-03
       100  4.480218E-05 -9.428062E-07  1.776085E-03
       101  1.582012E-03 -2.324105E-06  6.998631E-04
       102  1.656355E-03  6.696081E-06 -5.265498E-04
       103 -1.441980E-03  5.523431E-05  5.235038E-04
       104 -1.307907E-03 -1.303639E-05 -4.879229E-04
       105  2.670501E-04 -2.653111E-05 -3.023468E-03
       106 -2.546361E-04  2.859402E-05 -3.025918E-03
       107  2.939965E-04  1.345965E-05  2.853982E-03
       108  1.130060E-06  7.302242E-06  2.920256E-03
       109  2.486399E-03  2.542492E-05  6.569657E-04
       110  2.612005E-03  7.611519E-06 -7.171599E-04
       111 -2.388945E-03  5.956175E-05  6.185330E-04
       112 -2.246445E-03 -2.582003E-05 -5.402395E-04
       113  3.197942E-04 -2.754280E-05 -4.131603E-03
       114 -3.035331E-04  1.874210E-05 -4.104280E-03
       115  4.854623E-04  1.385646E-05  4.003025E-03
       116 -1.399477E-04  1.280327E-05  4.039572E-03
       117  3.494288E-03  1.263411E-05  8.287821E-04
       118  3.537103E-03  1.428815E-05 -8.151500E-04
       119 -3.326131E-03  5.647199E-05  7.810684E-04
       120 -3.270089E-03 -4.058175E-05 -7.543085E-04
       121  7.018771E-04  1.086217E-05 -5.481940E-03
       122 -3.109366E-04 -1.105281E-05 -5.490233E-03
       123  6.920096E-04  2.359449E-05  5.324524E-03
       124 -2.775525E-04  3.549134E-05  5.590592E-03
       125  4.353342E-03  2.843966E-05  1.344286E-03
       126  4.289498E-03 -3.239653E-05 -1.354965E-03
       127 -3.957795E-03 -7.819071E-05  1.147518E-03
       128 -4.051961E-03  5.910725E-05 -1.080686E-03

 forces (fx,fy,fz) for set RIGHT and time  0.1000000E+01

        21  3.006144E+03  1.060982E+03 -3.226315E+03
        22  3.176115E+03 -1.561877E+03  4.032891E+03
        23 -2.791181E+03  9.897629E+02 -2.529866E+03
        24 -3.297647E+03 -1.890164E+02  1.684350E+03

 internal energy (element, energy) for set ALL and time  0.1000000E+01

         1  3.191021E-02
         2  5.098369E-02
         3  5.025390E-02
         4  1.164632E-01
         5  5.471420E-02
         6  1.037244E-01
         7  2.915886E-02
         8  2.961487E-02
         9  3.399613E-03
        10  1.166656E-02
        11  1.062020E-01
        12  1.022997E-01
        13  9.105776E-02
        14  8.680274E-02
        15  1.046128E-02
        16  1.707054E-02
        17  1.462164E-02
        18  2.332601E-02
        19  9.922440E-02
        20  1.497463E-01
        21  8.558032E-02
        22  1.695568E-01
        23  1.940581E-02
        24  2.577376E-02
        25  4.743909E-03
        26  5.456673E-04
        27  1.997234E-04
        28  1.860899E-04
        29  1.291823E-04
        30  2.314223E-04
        31  8.829264E-04
        32  3.070172E-03
        33  3.589543E-02
        34  4.867301E-03
        35  8.829846E-04
        36  3.543725E-04
        37  4.928494E-04
        38  5.086492E-04
        39  1.185788E-03
        40  1.088119E-02
        41  4.222533E-02
        42  2.867644E-03
        43  2.673491E-04
        44  3.513986E-04
        45  3.237195E-04
        46  2.243749E-04
        47  1.717399E-03
        48  1.364878E-02
        49  9.691171E-03
        50  1.595058E-03
        51  5.566959E-04
        52  4.337234E-04
        53  4.772410E-04
        54  5.510198E-04
        55  5.880011E-04
        56  1.009445E-03
        57  4.580656E-02
        58  5.196635E-02
        59  9.842144E-02
        60  9.019852E-02
        61  7.513932E-02
        62  6.571185E-02
        63  1.362159E-02
        64  2.958135E-02
        65  1.447278E-02
        66  1.189749E-02
        67  1.441035E-02
        68  1.571897E-02
        69  1.042148E-02
        70  9.967077E-03
        71  8.277080E-03
        72  1.087776E-02
        73  3.170660E-02
        74  2.412541E-02
        75  2.527231E-02
        76  7.850846E-03
        77  4.074010E-02
        78  2.672371E-02
        79  1.864925E-02
        80  4.253089E-03
        81  8.328719E-03
        82  2.479584E-02
        83  2.333350E-02
        84  1.445217E-02
        85  8.234380E-03
        86  2.388966E-02
        87  1.814030E-02
        88  8.823198E-03
        89  1.487864E-02
        90  3.622464E-02
        91  4.737606E-02
        92  1.577528E-02
        93  1.817268E-02
        94  4.135778E-02
        95  3.141271E-02
        96  1.077128E-02
        97  2.141166E-02
        98  4.123835E-02
        99  4.353632E-02
       100  3.644383E-02
       101  1.204915E-01
       102  9.547384E-02
       103  1.787661E-02
       104  3.413427E-02
       105  5.328211E-02
       106  1.200671E-02
       107  8.309673E-02
       108  6.678126E-02
       109  9.643942E-01
       110  5.797010E-01
       111  7.936300E-01
       112  8.385897E-01
       113  7.067451E-01
       114  6.683609E-01
       115  5.928066E-01
       116  8.515962E-01
       117  1.190472E+00
       118  5.875141E-01
       119  1.068642E+00
       120  6.770200E-01
       121  5.635490E-01
       122  1.119597E+00
       123  5.184098E-01
       124  1.030625E+00
       125  7.892863E-01
       126  5.498721E-01
       127  8.026867E-01
       128  5.419957E-01
       129  5.697851E-01
       130  8.246268E-01
       131  5.356046E-01
       132  7.764045E-01
       133  9.936569E-01
       134  5.688309E-01
       135  1.202373E+00
       136  5.392891E-01
       137  5.060457E-01
       138  1.070271E+00
       139  4.780525E-01
       140  1.019269E+00
       141  8.449222E-01
       142  5.479485E-01
       143  7.465655E-01
       144  5.095998E-01
       145  5.587543E-01
       146  8.095965E-01
       147  4.864399E-01
       148  7.069948E-01
       149  1.042063E+00
       150  5.281490E-01
       151  1.109519E+00
       152  5.307337E-01
       153  5.149718E-01
       154  1.072322E+00
       155  4.998539E-01
       156  1.126265E+00
       157  8.090045E-01
       158  4.728380E-01
       159  6.467372E-01
       160  5.637626E-01
       161  5.320033E-01
       162  8.265957E-01
       163  4.767157E-01
       164  8.081778E-01
       165  1.021500E+00
       166  5.214140E-01
       167  1.003963E+00
       168  5.133489E-01
       169  4.935670E-01
       170  1.187388E+00
       171  4.813542E-01
       172  1.109296E+00
       173  9.211759E-01
       174  8.790076E-01
       175  9.281410E-01
       176  8.256762E-01
       177  8.505632E-01
       178  8.836858E-01
       179  9.234904E-01
       180  8.638895E-01
       181  1.034501E+00
       182  6.654587E-01
       183  1.063969E+00
       184  7.037805E-01
       185  7.802663E-01
       186  9.834956E-01
       187  8.483372E-01
       188  9.783261E-01

 total internal energy for set ALL and time  0.1000000E+01

        6.509799E+01
