
                        S T E P       1


                                INCREMENT     1


 displacements (vx,vy,vz) for set NALL and time  0.1000000E+01

         1  0.000000E+00  8.271806E-26  6.617445E-25
         2  1.323489E-24  0.000000E+00  0.000000E+00
         3  3.308722E-25  3.308722E-25 -3.507246E-23
         4  0.000000E+00  0.000000E+00  1.115039E-22
         5  2.065091E-03 -7.327566E-06 -2.229279E-03
         6  2.065249E-03  1.320866E-05  2.246954E-03
         7 -2.030069E-03  1.420586E-05 -2.229574E-03
         8 -2.030806E-03 -9.454899E-06  2.247592E-03
         9  2.324375E-03 -1.002178E-05 -2.788146E-03
        10  2.324974E-03  1.412922E-05  2.771374E-03
        11 -2.296969E-03  1.489711E-05 -2.788530E-03
        12 -2.297407E-03 -6.830200E-06  2.771614E-03
        13  2.551716E-03 -1.076846E-05 -3.330951E-03
        14  2.552590E-03  1.751650E-05  3.281602E-03
        15 -2.583956E-03  1.964706E-05 -3.330713E-03
        16 -2.584618E-03 -5.606009E-06  3.281674E-03
        17  4.665668E-03 -8.060101E-06 -5.490352E-03
        18  4.665733E-03  1.372026E-05  5.490600E-03
        19 -4.615956E-03  8.252637E-06 -5.490619E-03
        20 -4.616191E-03 -8.038925E-06  5.490816E-03
        21  5.000000E-03  0.000000E+00 -6.000000E-03
        22  5.000000E-03 -1.058791E-23  6.000000E-03
        23 -5.000000E-03  4.849264E-21 -6.000000E-03
        24 -5.000000E-03 -1.694066E-21  6.000000E-03
        25  1.016704E-03 -4.469762E-05 -1.080286E-03
        26  8.513323E-04 -2.464755E-05  1.106695E-03
        27 -8.983370E-04 -2.815374E-05 -1.081124E-03
        28 -1.119755E-03 -3.258861E-05  1.135935E-03
        29  2.620553E-03 -1.805508E-05 -2.529522E-03
        30  1.938530E-03  4.431675E-06  2.505087E-03
        31 -1.852355E-03  5.233200E-06 -2.550280E-03
        32 -2.443632E-03 -1.346005E-05  2.501052E-03
        33  2.899725E-03 -2.148643E-05 -3.025223E-03
        34  2.160511E-03  1.109606E-05  2.951119E-03
        35 -2.063795E-03  9.461341E-06 -2.982770E-03
        36 -2.756423E-03 -1.364389E-05  2.943668E-03
        37  3.975662E-03 -4.960590E-05 -4.461032E-03
        38  2.921878E-03 -1.558690E-05  4.473822E-03
        39 -3.070712E-03 -2.181507E-05 -4.488360E-03
        40 -4.124976E-03 -3.292307E-05  4.496799E-03
        41  5.594146E-03 -1.072921E-05 -5.795729E-03
        42  4.110928E-03 -9.855701E-07  5.859376E-03
        43 -4.002599E-03 -5.103263E-06 -5.812963E-03
        44 -5.386640E-03 -1.021271E-05  5.741510E-03
        45  1.846709E-06  5.064212E-09  1.280595E-06
        46 -6.745010E-07 -1.391817E-09 -4.675457E-07
        47  8.304067E-07  7.777549E-09  8.945968E-07
        48 -9.473438E-07  1.366828E-08 -1.027148E-06
        49  2.065781E-03  8.541750E-07  2.630801E-06
        50 -2.031277E-03  1.331874E-05  2.659312E-05
        51  1.535223E-05 -4.991232E-07 -2.229331E-03
        52 -9.089356E-06 -7.455630E-07  2.246447E-03
        53  2.324628E-03  6.255039E-06  1.094457E-05
        54 -2.297352E-03  6.455335E-06  1.550575E-05
        55 -3.650735E-07  2.873476E-06 -2.788488E-03
        56 -4.223274E-06  1.393404E-06  2.771364E-03
        57  2.552946E-03  8.720225E-06 -2.474866E-06
        58 -2.584403E-03  8.967637E-06 -2.768822E-05
        59 -4.115178E-05 -2.997354E-06 -3.330331E-03
        60 -1.857644E-05  4.917760E-06  3.281243E-03
        61  4.666787E-03  4.261747E-07 -1.384903E-05
        62 -4.616695E-03  2.487890E-06  3.167791E-05
        63  2.145552E-05 -2.847119E-06 -5.490319E-03
        64 -1.967325E-05 -1.956226E-06  5.489713E-03
        65  5.000098E-03 -1.789192E-06 -1.334947E-05
        66 -4.999725E-03 -4.135532E-06  4.212475E-05
        67  3.881949E-05  2.235695E-06 -6.000075E-03
        68 -6.128889E-06  1.733890E-05  5.999751E-03
        69  2.509305E-05  8.517132E-05 -6.466786E-04
        70  4.938746E-04  4.262805E-04 -2.846500E-03
        71  1.295001E-03  8.830031E-04 -5.553329E-03
        72  1.545852E-03  1.112771E-03 -6.818093E-03
        73  9.336754E-04  9.333334E-04 -6.015977E-03
        74 -2.795657E-04  4.441827E-04 -3.912734E-03
        75 -1.320829E-03  8.197893E-05 -2.464164E-03
        76  2.158988E-04 -1.059525E-04 -7.880623E-04
        77  8.715456E-04 -4.670558E-04 -3.119013E-03
        78  1.632032E-03 -9.061128E-04 -5.728032E-03
        79  1.927121E-03 -1.100858E-03 -6.813038E-03
        80  1.629660E-03 -8.904840E-04 -5.867485E-03
        81  1.152369E-03 -3.956080E-04 -3.741344E-03
        82  1.318266E-03 -5.642132E-05 -2.395911E-03
        83 -2.409575E-04 -9.743196E-05  7.287471E-04
        84 -1.034472E-03 -4.523785E-04  3.009476E-03
        85 -1.980665E-03 -9.062561E-04  5.697684E-03
        86 -2.409279E-03 -1.131567E-03  6.936450E-03
        87 -2.136561E-03 -9.531991E-04  6.137077E-03
        88 -1.549834E-03 -4.673660E-04  4.046689E-03
        89 -1.497045E-03 -9.536551E-05  2.553768E-03
        90  2.512632E-05  9.390884E-05  7.071134E-04
        91 -3.789422E-04  4.408646E-04  2.949669E-03
        92 -1.072292E-03  8.860753E-04  5.593341E-03
        93 -1.252501E-03  1.100835E-03  6.782914E-03
        94 -6.652520E-04  9.160214E-04  5.958541E-03
        95  4.412351E-04  4.361578E-04  3.898713E-03
        96  1.375161E-03  8.319886E-05  2.492670E-03
        97 -4.197277E-04  1.308868E-04  8.249070E-05
        98 -2.429676E-03  7.080896E-04  4.587057E-04
        99 -5.192874E-03  1.457644E-03  1.113580E-03
       100 -6.165743E-03  1.710163E-03  1.616685E-03
       101 -4.411053E-03  1.315548E-03  1.757948E-03
       102 -9.195124E-04  5.829508E-04  1.664740E-03
       103  1.520426E-03  1.070607E-04  1.799214E-03
       104 -3.666402E-04 -1.148990E-04  1.294796E-05
       105 -2.255410E-03 -6.599815E-04  4.326247E-04
       106 -4.939285E-03 -1.389150E-03  1.096903E-03
       107 -5.939211E-03 -1.649588E-03  1.212901E-03
       108 -4.293855E-03 -1.281207E-03  4.978513E-04
       109 -9.132393E-04 -5.733186E-04 -7.539089E-04
       110  1.499683E-03 -1.036255E-04 -1.709566E-03
       111  3.665502E-04 -1.144659E-04 -7.133314E-05
       112  2.319562E-03 -6.763534E-04 -3.345902E-04
       113  5.083004E-03 -1.426151E-03 -6.510614E-04
       114  6.048882E-03 -1.677229E-03 -6.035704E-04
       115  4.264495E-03 -1.276003E-03 -2.768272E-05
       116  7.497487E-04 -5.389081E-04  9.115336E-04
       117 -1.617143E-03 -7.720717E-05  1.709916E-03
       118  3.726735E-04  1.165828E-04  1.995196E-05
       119  2.283536E-03  6.680559E-04 -4.693118E-04
       120  4.980299E-03  1.401005E-03 -1.456396E-03
       121  5.946969E-03  1.653430E-03 -2.107242E-03
       122  4.227719E-03  1.268274E-03 -2.086860E-03
       123  7.839350E-04  5.474468E-04 -1.667894E-03
       124 -1.574482E-03  8.817210E-05 -1.684487E-03
       125  3.779018E-04 -1.959216E-06 -2.539296E-03
       126 -3.031475E-04  3.022458E-06 -2.550284E-03
       127  3.418026E-04  7.768736E-06  2.514953E-03
       128 -2.293298E-04 -5.252470E-06  2.492398E-03
       129  2.276203E-03 -1.670794E-05  5.250017E-04
       130  2.288229E-03  2.401035E-05 -5.460286E-04
       131 -2.179672E-03  1.636063E-05  5.127742E-04
       132 -2.127976E-03  2.428144E-06 -5.230701E-04
       133  3.059377E-04 -2.134708E-05 -2.989055E-03
       134 -2.442206E-04  1.917191E-05 -3.023792E-03
       135  3.207465E-04  2.655628E-05  2.953314E-03
       136 -2.216078E-04 -1.710342E-05  2.942921E-03
       137  2.504932E-03 -1.276915E-05  4.880795E-04
       138  2.539480E-03  2.383454E-05 -5.279475E-04
       139 -2.416586E-03  7.945471E-06  4.674084E-04
       140 -2.394387E-03  8.617231E-06 -4.730003E-04
       141  2.053164E-03  5.266487E-05 -3.844438E-03
       142  2.029180E-03  3.604880E-04 -5.832497E-03
       143  2.283287E-03  8.095453E-04 -8.495866E-03
       144  1.940551E-03  1.053210E-03 -9.833306E-03
       145  6.695685E-04  8.999786E-04 -9.156242E-03
       146 -1.267250E-03  4.364435E-04 -7.165658E-03
       147 -3.091887E-03  8.314386E-05 -5.753876E-03
       148 -2.104072E-03 -3.977743E-05 -3.836449E-03
       149 -1.131448E-03 -3.367326E-04 -5.757595E-03
       150  2.165121E-04 -7.697595E-04 -8.335902E-03
       151  1.247793E-03 -9.970640E-04 -9.592622E-03
       152  1.780779E-03 -8.364893E-04 -8.886155E-03
       153  2.155519E-03 -3.855023E-04 -6.954210E-03
       154  3.133255E-03 -6.290710E-05 -5.679010E-03
       155  1.918502E-03 -5.440000E-05  3.847328E-03
       156  7.852275E-04 -3.662994E-04  5.860493E-03
       157 -6.819341E-04 -8.139229E-04  8.513565E-03
       158 -1.762283E-03 -1.057982E-03  9.851666E-03
       159 -2.243031E-03 -9.100205E-04  9.198260E-03
       160 -2.468029E-03 -4.524127E-04  7.232803E-03
       161 -3.246602E-03 -9.421409E-05  5.798093E-03
       162 -2.137346E-03  6.690060E-05  3.863019E-03
       163 -2.062509E-03  3.814886E-04  5.898588E-03
       164 -2.196120E-03  8.255042E-04  8.538388E-03
       165 -1.745557E-03  1.058027E-03  9.822160E-03
       166 -4.436191E-04  8.966104E-04  9.110742E-03
       167  1.438542E-03  4.346339E-04  7.130702E-03
       168  3.173861E-03  8.655642E-05  5.746076E-03
       169  2.208543E-03  9.954845E-05 -2.392227E-03
       170  2.126856E-04  6.733996E-04 -1.111044E-03
       171 -2.776974E-03  1.484540E-03  5.095945E-04
       172 -3.922568E-03  1.781025E-03  1.947527E-03
       173 -2.153338E-03  1.383907E-03  2.942610E-03
       174  1.512292E-03  6.151791E-04  3.603585E-03
       175  4.095355E-03  1.115855E-04  4.412461E-03
       176  2.215920E-03 -9.148571E-05  2.425733E-03
       177  2.746407E-04 -6.512251E-04  1.944238E-03
       178 -2.628858E-03 -1.440387E-03  1.733559E-03
       179 -3.765355E-03 -1.735747E-03  9.724789E-04
       180 -2.069064E-03 -1.356530E-03 -6.190133E-04
       181  1.508798E-03 -6.076157E-04 -2.703552E-03
       182  4.072609E-03 -1.087201E-04 -4.368404E-03
       183 -2.383322E-03 -4.897611E-05 -2.556236E-03
       184 -4.782676E-04 -5.978756E-04 -1.921573E-03
       185  2.531507E-03 -1.414552E-03 -1.334440E-03
       186  3.731833E-03 -1.724958E-03 -3.879331E-04
       187  2.008986E-03 -1.338719E-03  1.066025E-03
       188 -1.619473E-03 -5.782505E-04  2.827204E-03
       189 -4.126718E-03 -8.949130E-05  4.336948E-03
       190 -2.392107E-03  6.067885E-05  2.494838E-03
       191 -6.097696E-04  5.761590E-04  1.116059E-03
       192  2.219173E-03  1.345198E-03 -8.564033E-04
       193  3.362012E-03  1.642161E-03 -2.473099E-03
       194  1.740569E-03  1.280108E-03 -3.332642E-03
       195 -1.713821E-03  5.575993E-04 -3.677805E-03
       196 -4.126231E-03  8.816731E-05 -4.351167E-03
       197  8.408176E-04  3.623387E-08 -5.809497E-03
       198 -6.868507E-04 -5.342969E-07 -5.813069E-03
       199  8.077509E-04  1.105806E-05  5.762824E-03
       200 -6.868519E-04  5.468150E-06  5.835426E-03
       201  4.860952E-03 -1.156325E-05  1.057292E-03
       202  4.844167E-03  1.146833E-05 -1.028827E-03
       203 -4.711196E-03 -1.108107E-05  9.383593E-04
       204 -4.718041E-03  1.021654E-05 -9.256233E-04

 forces (fx,fy,fz) for set RIGHT and time  0.1000000E+01

        21  1.085411E+03  4.821842E+02 -1.034653E+03
        22  1.028370E+03 -3.977433E+02  1.337555E+03
        23 -1.003247E+03  6.498635E+01 -8.657847E+02
        24 -1.120541E+03 -1.117182E+01  5.350036E+02

 internal energy (element, energy) for set ALL and time  0.1000000E+01

         1  7.166904E-02
         2  7.354025E-02
         3  6.404853E-02
         4  5.751160E-02
         5  6.047496E-02
         6  6.683310E-02
         7  6.180785E-02
         8  6.235838E-02
         9  8.422038E-04
        10  6.333773E-04
        11  8.934138E-04
        12  3.890908E-03
        13  5.323418E-03
        14  3.758553E-03
        15  5.827700E-03
        16  1.702594E-03
        17  2.554333E-03
        18  3.164456E-03
        19  4.427394E-03
        20  1.471747E-03
        21  2.917723E-03
        22  4.120283E-03
        23  7.116488E-04
        24  1.380545E-03
        25  2.189333E-02
        26  2.871792E-02
        27  1.601607E-02
        28  1.516606E-02
        29  1.726890E-02
        30  1.738622E-02
        31  2.330533E-02
        32  2.027519E-02
        33  6.547580E-03
        34  8.598954E-03
        35  6.629493E-03
        36  1.287576E-02
        37  8.213888E-03
        38  8.720154E-03
        39  6.564153E-03
        40  6.403513E-03
        41  3.336657E-03
        42  4.813207E-03
        43  6.152448E-04
        44  4.656055E-04
        45  2.107905E-03
        46  7.371088E-04
        47  3.467024E-03
        48  7.742228E-04
        49  1.566614E-02
        50  1.688270E-02
        51  1.514043E-02
        52  1.212278E-02
        53  1.215960E-03
        54  2.147233E-03
        55  1.186830E-03
        56  1.894592E-03
        57  3.704604E-04
        58  7.866050E-04
        59  8.080930E-04
        60  9.277452E-04
        61  6.148178E-04
        62  6.980484E-04
        63  7.934309E-04
        64  9.654290E-04
        65  1.141307E-02
        66  1.455971E-02
        67  2.065599E-02
        68  1.964309E-02
        69  1.923300E-03
        70  3.882363E-03
        71  1.933192E-03
        72  2.187798E-03
        73  5.624822E-03
        74  7.046997E-03
        75  3.933674E-03
        76  2.100067E-03
        77  1.283949E-03
        78  1.891512E-03
        79  1.276082E-03
        80  1.817127E-03
        81  7.715504E-03
        82  6.063268E-03
        83  2.254967E-03
        84  3.709104E-03
        85  3.288985E-03
        86  1.304649E-03
        87  6.881589E-03
        88  6.136392E-03
        89  1.700318E-01
        90  1.561685E-01
        91  5.613640E-02
        92  1.558915E-01
        93  1.536960E-01
        94  4.788308E-02
        95  1.592767E-01
        96  8.065641E-02
        97  2.234551E-01
        98  1.390803E-01
        99  6.446957E-02
       100  1.694935E-01
       101  1.549017E-01
       102  4.328995E-02
       103  1.895586E-01
       104  6.650581E-02
       105  1.811325E-01
       106  1.360511E-01
       107  4.982705E-02
       108  1.441389E-01
       109  1.412149E-01
       110  4.024582E-02
       111  1.432432E-01
       112  9.412931E-02
       113  2.021460E-01
       114  1.466508E-01
       115  5.535032E-02
       116  1.594060E-01
       117  1.521333E-01
       118  4.127592E-02
       119  1.629005E-01
       120  9.373938E-02
       121  1.038182E-01
       122  1.517027E-01
       123  4.067349E-02
       124  1.541125E-01
       125  1.456505E-01
       126  3.484385E-02
       127  1.937505E-01
       128  1.137248E-01
       129  9.995613E-02
       130  1.711885E-01
       131  4.155231E-02
       132  1.654119E-01
       133  1.610936E-01
       134  4.146120E-02
       135  2.025857E-01
       136  1.312853E-01
       137  8.511026E-02
       138  1.612037E-01
       139  4.748857E-02
       140  1.652349E-01
       141  1.560708E-01
       142  4.283083E-02
       143  2.143532E-01
       144  1.047810E-01
       145  9.432944E-02
       146  1.793998E-01
       147  5.478897E-02
       148  1.829434E-01
       149  1.751306E-01
       150  5.142498E-02
       151  2.290505E-01
       152  1.173986E-01
       153  1.169904E-01
       154  8.521971E-02
       155  9.190968E-02
       156  8.592501E-02
       157  8.586138E-02
       158  9.915452E-02
       159  7.345406E-02
       160  1.020055E-01
       161  1.103093E-01
       162  8.604363E-02
       163  1.193828E-01
       164  9.094369E-02
       165  7.176549E-02
       166  1.114821E-01
       167  7.341852E-02
       168  1.139539E-01
       169  1.030226E-01
       170  7.143905E-02
       171  9.825054E-02
       172  8.254083E-02
       173  9.249619E-02
       174  9.109737E-02
       175  7.966776E-02
       176  9.297680E-02
       177  1.037124E-01
       178  8.773182E-02
       179  1.188477E-01
       180  8.063517E-02
       181  7.760238E-02
       182  1.164751E-01
       183  8.885823E-02
       184  1.253893E-01
       185  1.362334E-01
       186  1.682133E-01
       187  5.115113E-02
       188  1.467017E-01
       189  1.517985E-01
       190  4.966959E-02
       191  1.469897E-01
       192  7.512869E-02
       193  1.422328E-01
       194  1.775227E-01
       195  5.788298E-02
       196  1.578012E-01
       197  1.598337E-01
       198  5.055293E-02
       199  1.743041E-01
       200  5.747932E-02
       201  1.463412E-01
       202  1.520634E-01
       203  4.123181E-02
       204  1.343497E-01
       205  1.401124E-01
       206  4.153951E-02
       207  1.327346E-01
       208  8.609836E-02
       209  1.672978E-01
       210  1.650205E-01
       211  5.066036E-02
       212  1.535806E-01
       213  1.551509E-01
       214  4.405342E-02
       215  1.569079E-01
       216  9.165434E-02
       217  8.522042E-02
       218  1.898882E-01
       219  4.424395E-02
       220  1.739919E-01
       221  1.701266E-01
       222  4.208458E-02
       223  2.190349E-01
       224  1.307398E-01
       225  1.000236E-01
       226  2.041921E-01
       227  4.747198E-02
       228  1.881311E-01
       229  1.874937E-01
       230  4.924017E-02
       231  2.313840E-01
       232  1.496150E-01
       233  7.555205E-02
       234  2.087855E-01
       235  4.903472E-02
       236  1.816943E-01
       237  1.798397E-01
       238  4.980048E-02
       239  2.286499E-01
       240  1.174962E-01
       241  7.343592E-02
       242  2.185674E-01
       243  5.436306E-02
       244  1.896637E-01
       245  1.899412E-01
       246  5.673335E-02
       247  2.338265E-01
       248  1.262433E-01
       249  1.127775E-01
       250  1.016105E-01
       251  1.066342E-01
       252  9.645575E-02
       253  9.780697E-02
       254  9.828776E-02
       255  1.111284E-01
       256  9.954674E-02
       257  1.154172E-01
       258  8.494548E-02
       259  1.187237E-01
       260  9.369464E-02
       261  9.629256E-02
       262  1.201957E-01
       263  1.001578E-01
       264  1.199286E-01

 total internal energy for set ALL and time  0.1000000E+01

        2.191291E+01
