
                        S T E P       1


                                INCREMENT     1


 displacements (vx,vy,vz) for set NALL and time  0.1000000E+01

         1  0.000000E+00  3.722313E-25 -3.308722E-25
         2  0.000000E+00  6.617445E-25 -3.308722E-25
         3  0.000000E+00 -2.067952E-26  6.485096E-23
         4  0.000000E+00 -3.722313E-25 -2.597347E-23
         5  1.837265E-04 -7.139149E-06 -2.479607E-04
         6  1.849819E-04  1.132438E-05  2.656433E-04
         7 -2.373971E-04  5.777364E-06 -2.493144E-04
         8 -2.369019E-04 -1.311776E-06  2.678511E-04
         9  1.522408E-03 -7.648206E-06 -1.866492E-03
        10  1.523419E-03  2.826107E-06  1.905931E-03
        11 -1.587143E-03  1.719455E-05 -1.867178E-03
        12 -1.587755E-03 -1.027883E-05  1.907273E-03
        13  2.920660E-03  2.906221E-07 -3.470725E-03
        14  2.919021E-03 -1.588342E-05  3.420907E-03
        15 -2.822509E-03  9.871389E-06 -3.474964E-03
        16 -2.822269E-03 -1.008540E-05  3.424575E-03
        17  3.944160E-03 -1.446757E-05 -4.668029E-03
        18  3.947490E-03  1.571139E-05  4.608224E-03
        19 -3.779130E-03  1.375055E-05 -4.674001E-03
        20 -3.784052E-03 -2.108533E-05  4.612474E-03
        21  5.000000E-03 -4.235165E-23 -6.000000E-03
        22  5.000000E-03  0.000000E+00  6.000000E-03
        23 -5.000000E-03  8.470329E-21 -6.000000E-03
        24 -5.000000E-03  5.166901E-21  6.000000E-03
        25  2.928398E-03 -2.520450E-05 -3.008927E-03
        26  2.091664E-03 -3.172064E-05  3.026374E-03
        27 -2.123262E-03 -7.262783E-06 -3.006505E-03
        28 -2.943876E-03 -3.336003E-05  3.018844E-03
        29  3.473123E-03 -1.265975E-05 -3.767768E-03
        30  4.027643E-03 -2.200935E-05 -4.278198E-03
        31  4.190158E-03 -1.637016E-05 -4.592475E-03
        32  2.886756E-03 -1.309502E-05  3.391423E-03
        33  3.229359E-03 -1.665767E-05  3.604438E-03
        34  3.588862E-03 -6.373927E-06  4.204482E-03
        35 -2.579765E-03  1.524445E-06 -3.643741E-03
        36 -2.697988E-03 -3.836187E-06 -3.990840E-03
        37 -3.203298E-03  4.283968E-06 -4.389014E-03
        38 -3.364508E-03 -2.060624E-05  3.700636E-03
        39 -3.945781E-03 -3.011964E-05  4.186231E-03
        40 -4.074405E-03 -2.482890E-05  4.477078E-03
        41  1.073369E-06  1.138992E-08  7.477374E-07
        42  9.672757E-07  8.910625E-09  6.732832E-07
        43 -2.884815E-07  1.766489E-08 -3.167220E-07
        44 -3.629159E-07  1.975407E-08 -3.977230E-07
        45  1.520495E-03 -6.065462E-05 -6.079656E-04
        46  1.521787E-03  2.420266E-06  6.026618E-05
        47  1.520934E-03  6.045840E-05  7.105458E-04
        48 -1.589433E-03  6.965334E-05 -6.907327E-04
        49 -1.588405E-03  6.155456E-06 -2.705128E-05
        50 -1.589758E-03 -6.007528E-05  6.596907E-04
        51  4.757866E-04  5.219758E-05 -1.869057E-03
        52 -8.612353E-05  4.743386E-06 -1.868409E-03
        53 -6.179689E-04 -4.270969E-05 -1.869468E-03
        54  5.339986E-04 -5.256766E-05  1.903843E-03
        55  2.041565E-06  1.801259E-06  1.905099E-03
        56 -5.490470E-04  5.076948E-05  1.904431E-03
        57  5.001842E-03  1.624869E-05  1.402998E-04
        58 -4.997691E-03  5.073019E-06 -1.300437E-04
        59  2.176769E-05  2.631496E-05 -5.998799E-03
        60  2.486247E-04 -9.854670E-06  6.001384E-03
        61  4.461201E-04  8.252752E-05 -1.195112E-03
        62  1.261930E-03  2.534941E-04 -2.423710E-03
        63  6.810165E-04  1.340919E-04 -2.133052E-03
        64 -4.817562E-04 -5.831147E-05 -1.106269E-03
        65 -1.346374E-03 -1.929749E-04 -2.156181E-03
        66 -8.165949E-04 -8.193337E-05 -1.954857E-03
        67  2.510229E-04 -1.040915E-04  1.356406E-03
        68  7.706356E-04 -2.983347E-04  2.703250E-03
        69  3.628343E-04 -1.527190E-04  2.276229E-03
        70 -3.415363E-04  9.467864E-05  1.288978E-03
        71 -8.330178E-04  2.711349E-04  2.564974E-03
        72 -3.895264E-04  1.325373E-04  2.209352E-03
        73 -6.037075E-04  2.703475E-04 -1.470603E-04
        74 -1.150335E-03  4.606903E-04 -3.260957E-04
        75  1.741329E-04  2.165808E-04  2.167267E-04
        76 -5.768570E-04 -2.600643E-04  1.863539E-04
        77 -1.170562E-03 -4.648743E-04  4.390743E-04
        78  1.262674E-04 -2.285529E-04 -8.524330E-05
        79  4.877936E-04 -2.553766E-04 -3.749866E-04
        80  1.015668E-03 -4.452909E-04 -6.594936E-04
        81 -2.634990E-04 -2.142806E-04  1.126402E-05
        82  4.820258E-04  2.587881E-04  3.679459E-04
        83  9.586019E-04  4.372454E-04  6.176098E-04
        84 -3.130758E-04  2.090041E-04 -4.607675E-05
        85  3.454289E-04 -5.289834E-05 -4.013319E-03
        86 -1.589617E-04  1.948220E-05 -4.105533E-03
        87  2.843362E-04 -5.952058E-06  3.956285E-03
        88 -1.122211E-04 -1.325956E-05  3.982095E-03
        89  3.487296E-03  2.900375E-05  7.200527E-04
        90  3.425262E-03 -3.677340E-05 -8.777805E-04
        91 -3.252004E-03  4.426527E-05  7.356851E-04
        92 -3.280613E-03 -4.569391E-05 -7.416913E-04
        93  5.242072E-04 -8.730403E-05 -5.094947E-03
        94 -3.596054E-04  7.960533E-05 -5.081153E-03
        95  5.213859E-04  8.522648E-05  5.042076E-03
        96 -2.650563E-04 -8.919975E-05  5.044176E-03
        97  4.204162E-03  5.768367E-05  9.211095E-04
        98  4.201134E-03 -6.015707E-05 -9.104217E-04
        99 -4.038645E-03 -5.136904E-05  7.459710E-04
       100 -4.050658E-03  6.003249E-05 -7.941167E-04

 forces (fx,fy,fz) for set RIGHT and time  0.1000000E+01

        21  3.661879E+03  3.120753E+03 -3.655652E+03
        22  3.160246E+03 -3.199852E+03  3.212597E+03
        23 -3.759868E+03  7.112942E+02 -3.197061E+03
        24 -3.182050E+03  2.970184E+02  3.630054E+03

 internal energy (element, energy) for set ALL and time  0.1000000E+01

         1  1.397126E-01
         2  1.480780E-01
         3  1.526702E-01
         4  1.499069E-01
         5  9.766218E-02
         6  1.177839E-01
         7  1.004357E-01
         8  1.070368E-01
         9  1.483010E-02
        10  1.173878E-02
        11  8.818465E-04
        12  4.488810E-03
        13  5.985012E-03
        14  1.578595E-02
        15  5.632842E-03
        16  8.014267E-03
        17  2.128647E-03
        18  4.456107E-04
        19  8.797460E-04
        20  3.036747E-03
        21  3.030167E-03
        22  1.810952E-03
        23  2.350602E-03
        24  2.651007E-02
        25  6.371810E-03
        26  8.810842E-04
        27  1.324950E-03
        28  1.630704E-02
        29  5.733306E-03
        30  1.462076E-03
        31  9.608642E-04
        32  1.494322E-03
        33  1.516800E-01
        34  1.393818E-01
        35  1.685309E-01
        36  1.226479E-01
        37  6.854202E-04
        38  2.574181E-03
        39  1.936086E-03
        40  6.029896E-04
        41  3.839654E-04
        42  1.464529E-03
        43  1.965531E-03
        44  4.483703E-04
        45  2.460457E-01
        46  2.964116E-01
        47  1.684724E-01
        48  2.027442E-01
        49  1.922136E-01
        50  2.860974E-02
        51  2.277631E-02
        52  1.721213E-01
        53  2.067011E-01
        54  2.742721E-02
        55  3.490413E-02
        56  2.302141E-01
        57  1.724624E-01
        58  2.818161E-02
        59  1.819012E-02
        60  1.504268E-01
        61  2.281484E-01
        62  2.849986E-02
        63  3.773325E-02
        64  2.454625E-01
        65  1.099939E-02
        66  6.265354E-02
        67  3.733823E-02
        68  1.523858E-02
        69  3.713878E-02
        70  5.667073E-02
        71  4.920979E-02
        72  7.021834E-02
        73  2.721286E-01
        74  3.931377E-01
        75  9.453097E-02
        76  4.984120E-02
        77  2.099660E-01
        78  1.818258E-01
        79  2.163730E-01
        80  7.734678E-02
        81  2.248185E-01
        82  2.412894E-01
        83  2.337066E-01
        84  2.348584E-01
        85  3.806380E-01
        86  3.869956E-01
        87  3.621812E-01
        88  3.813836E-01
        89  4.568168E-01
        90  4.110873E-01
        91  4.562193E-01
        92  5.004140E-01
        93  5.874653E-01
        94  4.684848E-01
        95  5.953388E-01
        96  4.934348E-01
        97  4.689020E-01
        98  3.259588E-01
        99  3.922617E-01
       100  5.372323E-01
       101  5.464082E-01
       102  3.801444E-01
       103  4.588060E-01
       104  6.114848E-01
       105  4.637448E-01
       106  3.110113E-01
       107  3.227737E-01
       108  3.833045E-01
       109  4.744214E-01
       110  3.336718E-01
       111  3.342142E-01
       112  4.210634E-01
       113  4.558014E-01
       114  3.854750E-01
       115  3.856448E-01
       116  4.114799E-01
       117  4.681144E-01
       118  4.055947E-01
       119  4.037002E-01
       120  4.200705E-01
       121  2.614829E+00
       122  2.895514E+00
       123  2.469275E+00
       124  3.117474E+00
       125  2.807627E+00
       126  3.201879E+00
       127  3.052549E+00
       128  2.995573E+00
       129  1.141876E+00
       130  4.950124E-01
       131  6.821954E-01
       132  4.710525E-01
       133  5.526041E-01
       134  9.353016E-01
       135  4.896093E-01
       136  6.659266E-01
       137  1.904225E+00
       138  7.203409E-01
       139  1.359069E+00
       140  5.400119E-01
       141  6.832813E-01
       142  1.770536E+00
       143  6.062311E-01
       144  1.498877E+00
       145  1.084727E+00
       146  8.522549E-01
       147  8.929335E-01
       148  8.516874E-01
       149  9.972538E-01
       150  9.105808E-01
       151  1.023674E+00
       152  9.066226E-01
       153  9.977297E-01
       154  6.494420E-01
       155  1.036378E+00
       156  6.390286E-01
       157  8.938859E-01
       158  1.122321E+00
       159  1.156914E+00
       160  9.734400E-01

 total internal energy for set ALL and time  0.1000000E+01

        7.549620E+01
