
                        S T E P       1


                                INCREMENT     1


 displacements (vx,vy,vz) for set NALL and time  0.1000000E+01

         1  0.000000E+00  0.000000E+00  6.617445E-25
         2  0.000000E+00 -1.323489E-24  1.323489E-24
         3  0.000000E+00  0.000000E+00  3.308722E-25
         4  0.000000E+00  3.308722E-25  7.130297E-23
         5  1.870270E-03 -9.804413E-06 -2.258471E-03
         6  1.869961E-03  1.255927E-05  2.261030E-03
         7 -1.900219E-03  9.372570E-06 -2.260770E-03
         8 -1.900200E-03 -8.483660E-06  2.263211E-03
         9  2.113053E-03 -1.704000E-05 -2.786469E-03
        10  2.111290E-03  1.547321E-05  2.770525E-03
        11 -2.187740E-03  1.646085E-05 -2.787701E-03
        12 -2.188762E-03 -9.840082E-06  2.770576E-03
        13  4.131025E-03 -6.255667E-06 -4.880267E-03
        14  4.128615E-03  1.923336E-05  4.879668E-03
        15 -4.125862E-03  1.569412E-05 -4.879330E-03
        16 -4.127712E-03 -1.215029E-05  4.879079E-03
        17  4.704560E-03 -1.560582E-06 -5.709783E-03
        18  4.704575E-03  9.652792E-07  5.724201E-03
        19 -4.708846E-03  9.831248E-07 -5.709892E-03
        20 -4.708467E-03  1.024773E-06  5.724447E-03
        21  5.000000E-03  1.058791E-23 -6.000000E-03
        22  5.000000E-03  0.000000E+00  6.000000E-03
        23 -5.000000E-03 -2.117582E-23 -6.000000E-03
        24 -5.000000E-03  2.541099E-21  6.000000E-03
        25  1.029926E-03 -4.495200E-05 -1.129564E-03
        26  8.561354E-04 -2.483081E-05  1.102558E-03
        27 -8.616001E-04 -3.116650E-05 -1.109846E-03
        28 -1.050462E-03 -3.180944E-05  1.128126E-03
        29  2.128563E-03 -1.705900E-05 -2.398010E-03
        30  2.335874E-03 -2.156320E-05 -2.611450E-03
        31  2.292610E-03 -2.166523E-05 -2.667971E-03
        32  1.688266E-03  9.554606E-06  2.340032E-03
        33  1.690799E-03  6.878429E-06  2.471011E-03
        34  1.899724E-03  9.204728E-06  2.609174E-03
        35 -1.827845E-03  6.297727E-06 -2.316327E-03
        36 -1.917630E-03  5.435972E-06 -2.410044E-03
        37 -1.990586E-03  9.328952E-06 -2.600371E-03
        38 -2.168263E-03 -1.222533E-05  2.380586E-03
        39 -2.396070E-03 -1.605800E-05  2.551244E-03
        40 -2.372799E-03 -1.476530E-05  2.650792E-03
        41  3.490095E-03 -4.951800E-05 -3.870725E-03
        42  2.750422E-03 -1.196940E-05  3.807565E-03
        43 -2.846148E-03 -1.690182E-05 -3.756995E-03
        44 -3.781097E-03 -3.648095E-05  3.875216E-03
        45  5.061485E-03 -1.873439E-05 -5.378659E-03
        46  3.601533E-03 -3.053078E-06  5.422691E-03
        47 -3.706529E-03 -6.830561E-06 -5.450848E-03
        48 -4.899471E-03 -1.481639E-05  5.338845E-03
        49  8.270965E-07 -9.296179E-07  3.390685E-07
        50  6.056238E-07  1.233012E-06 -3.707953E-07
        51  9.182475E-07  2.172035E-06 -6.472489E-07
        52 -3.594515E-07 -9.529906E-07  2.865726E-07
        53 -2.309373E-07 -7.183968E-07  2.228110E-07
        54 -3.060692E-07  2.301932E-07 -8.766826E-08
        55 -4.578408E-07  1.245429E-06  5.991923E-07
        56 -6.035848E-07  1.517835E-06  3.465819E-07
        57 -1.008485E-07  2.847168E-07  4.087380E-07
        58 -7.654597E-07  1.771368E-06 -6.970800E-07
        59 -1.049112E-06  2.530748E-06 -3.681446E-07
        60 -3.295904E-07  7.692697E-07 -3.745725E-07
        61  2.112655E-03 -2.763850E-05 -1.449932E-03
        62  2.112701E-03 -2.381016E-05  2.366039E-05
        63  2.112477E-03 -8.436490E-06  1.480874E-03
        64 -2.188637E-03  2.067899E-05 -1.422149E-03
        65 -2.188295E-03  8.602750E-06  2.443934E-05
        66 -2.188689E-03 -6.001529E-06  1.454543E-03
        67  1.070466E-03  1.271718E-05 -2.787658E-03
        68 -4.922974E-06  1.127383E-05 -2.787664E-03
        69 -1.097049E-03  4.644028E-06 -2.787631E-03
        70  1.087873E-03 -3.862422E-06  2.769628E-03
        71 -9.578655E-06  7.238803E-07  2.769820E-03
        72 -1.121368E-03  6.115940E-06  2.769742E-03
        73  4.130662E-03 -1.768793E-05 -2.466795E-03
        74  4.130549E-03 -2.824909E-05 -2.512145E-05
        75  4.130671E-03 -2.347404E-05  2.429797E-03
        76 -4.126156E-03  8.774932E-06 -2.424554E-03
        77 -4.126364E-03  2.640276E-05  1.826096E-05
        78 -4.126543E-03  3.033324E-05  2.452242E-03
        79  2.105940E-03  3.646987E-06 -4.880617E-03
        80  3.416877E-05 -1.158939E-05 -4.880351E-03
        81 -2.054086E-03 -1.792942E-05 -4.880343E-03
        82  2.075389E-03 -8.402203E-06  4.878284E-03
        83 -7.086778E-06 -1.235821E-05  4.878429E-03
        84 -2.085433E-03 -8.635900E-06  4.878298E-03
        85  4.704575E-03 -3.190766E-06 -2.864645E-03
        86  4.704611E-03  6.103059E-08  6.918691E-06
        87  4.704593E-03  3.047066E-06  2.878599E-03
        88 -4.708845E-03  6.577985E-07 -2.862074E-03
        89 -4.708729E-03 -1.161266E-06 -6.247187E-07
        90 -4.708691E-03 -9.917177E-07  2.864549E-03
        91  2.352446E-03 -2.304111E-06 -5.709717E-03
        92  2.960745E-06 -2.758594E-07 -5.709804E-03
        93 -2.348970E-03  1.495728E-06 -5.709783E-03
        94  2.354379E-03  3.293071E-06  5.724249E-03
        95  9.780873E-06  2.446357E-06  5.724304E-03
        96 -2.340645E-03  4.514618E-07  5.724360E-03
        97  4.999584E-03 -1.097100E-05 -3.053208E-03
        98  4.999779E-03 -2.966895E-07  3.939615E-06
        99  4.999610E-03  1.045857E-05  3.058869E-03
       100 -5.000437E-03  1.290665E-05 -3.060546E-03
       101 -5.000232E-03  3.121535E-07 -4.733517E-06
       102 -5.000431E-03 -1.237359E-05  3.053793E-03
       103  2.546164E-03  1.265041E-05 -6.000502E-03
       104 -1.821538E-06  1.264814E-06 -6.000290E-03
       105 -2.549398E-03 -1.093183E-05 -6.000524E-03
       106  2.548666E-03 -1.248525E-05  5.999478E-03
       107  2.429553E-06 -7.798478E-07  5.999736E-03
       108 -2.544427E-03  1.124554E-05  5.999571E-03
       109  2.809588E-05  8.787912E-05 -6.657059E-04
       110  5.068548E-04  4.377620E-04 -2.921558E-03
       111  1.319181E-03  9.049887E-04 -5.690609E-03
       112  1.571895E-03  1.139480E-03 -6.981428E-03
       113  9.554279E-04  9.551366E-04 -6.157058E-03
       114 -2.533444E-04  4.536400E-04 -4.000611E-03
       115 -1.256522E-03  8.153030E-05 -2.511877E-03
       116  2.199387E-04 -1.065589E-04 -7.911081E-04
       117  9.054600E-04 -4.695907E-04 -3.133890E-03
       118  1.725166E-03 -9.123047E-04 -5.763844E-03
       119  2.078826E-03 -1.111875E-03 -6.873995E-03
       120  1.807651E-03 -9.060677E-04 -5.950071E-03
       121  1.291084E-03 -4.126908E-04 -3.830376E-03
       122  1.321297E-03 -6.809725E-05 -2.462301E-03
       123 -2.359895E-04 -9.974113E-05  7.430342E-04
       124 -1.033410E-03 -4.593549E-04  3.053921E-03
       125 -2.000682E-03 -9.170515E-04  5.764880E-03
       126 -2.447356E-03 -1.142385E-03  7.004421E-03
       127 -2.173161E-03 -9.592707E-04  6.182991E-03
       128 -1.556435E-03 -4.664409E-04  4.062342E-03
       129 -1.443373E-03 -9.164497E-05  2.558488E-03
       130  3.006393E-05  9.486956E-05  7.144408E-04
       131 -3.558277E-04  4.451026E-04  2.978194E-03
       132 -1.018213E-03  8.937179E-04  5.642417E-03
       133 -1.167413E-03  1.108730E-03  6.834048E-03
       134 -5.683484E-04  9.199318E-04  5.991343E-03
       135  5.053370E-04  4.342464E-04  3.906505E-03
       136  1.333912E-03  7.982012E-05  2.495105E-03
       137 -3.868504E-04  1.206871E-04  7.948201E-05
       138 -2.225935E-03  6.490085E-04  4.422128E-04
       139 -4.740367E-03  1.331182E-03  1.076715E-03
       140 -5.601048E-03  1.554952E-03  1.579392E-03
       141 -3.958978E-03  1.185538E-03  1.749132E-03
       142 -7.442512E-04  5.110498E-04  1.696394E-03
       143  1.453586E-03  8.257809E-05  1.840656E-03
       144 -3.439927E-04 -1.078290E-04  7.350871E-06
       145 -2.088525E-03 -6.114567E-04  3.665930E-04
       146 -4.546094E-03 -1.279279E-03  9.202715E-04
       147 -5.431069E-03 -1.510274E-03  9.523518E-04
       148 -3.869836E-03 -1.160534E-03  2.221926E-04
       149 -7.309645E-04 -5.032955E-04 -9.742658E-04
       150  1.448305E-03 -7.937968E-05 -1.838996E-03
       151  3.457504E-04 -1.079614E-04 -6.262258E-05
       152  2.174906E-03 -6.342510E-04 -2.918652E-04
       153  4.757065E-03 -1.334868E-03 -5.568945E-04
       154  5.654429E-03 -1.568208E-03 -4.746003E-04
       155  3.977970E-03 -1.191219E-03  1.010099E-04
       156  6.861596E-04 -5.008623E-04  1.007447E-03
       157 -1.523680E-03 -6.986597E-05  1.764168E-03
       158  3.467850E-04  1.085117E-04  1.379990E-05
       159  2.121315E-03  6.206868E-04 -4.619246E-04
       160  4.622688E-03  1.300555E-03 -1.418558E-03
       161  5.513216E-03  1.533201E-03 -2.070495E-03
       162  3.906356E-03  1.173177E-03 -2.095691E-03
       163  6.995753E-04  5.019453E-04 -1.737791E-03
       164 -1.489675E-03  7.564662E-05 -1.763011E-03
       165  2.332784E-04 -2.318582E-05 -2.454236E-03
       166 -2.993924E-04  2.365831E-05 -2.428803E-03
       167  1.710918E-04  2.105442E-05  2.453899E-03
       168 -1.012464E-04 -2.007451E-05  2.432828E-03
       169  2.038724E-03 -8.272522E-06  4.172507E-04
       170  1.954636E-03 -1.396778E-05 -3.878695E-04
       171 -2.031082E-03  3.844914E-06  4.061190E-04
       172 -1.975656E-03  1.495863E-05 -3.771549E-04
       173  1.871998E-03  4.458614E-05 -3.294104E-03
       174  2.049161E-03  3.314024E-04 -5.145628E-03
       175  2.330948E-03  7.529715E-04 -7.648857E-03
       176  1.945561E-03  9.770429E-04 -8.881513E-03
       177  6.470644E-04  8.217666E-04 -8.193083E-03
       178 -1.233178E-03  3.766095E-04 -6.281910E-03
       179 -2.872293E-03  5.478745E-05 -4.999134E-03
       180 -1.619496E-03 -8.926666E-05 -3.561279E-03
       181 -6.001048E-04 -4.200040E-04 -5.695325E-03
       182  6.199611E-04 -8.139649E-04 -8.036364E-03
       183  1.501570E-03 -9.838826E-04 -8.984689E-03
       184  1.894229E-03 -7.883377E-04 -8.104011E-03
       185  2.125169E-03 -3.401202E-04 -6.177839E-03
       186  2.885471E-03 -3.925523E-05 -4.985635E-03
       187  1.573967E-03 -5.398959E-05  3.314937E-03
       188  5.138283E-04 -3.502729E-04  5.228016E-03
       189 -9.131033E-04 -7.745108E-04  7.742900E-03
       190 -1.974299E-03 -1.003645E-03  9.000130E-03
       191 -2.425035E-03 -8.590961E-04  8.360683E-03
       192 -2.553243E-03 -4.217116E-04  6.481958E-03
       193 -3.096146E-03 -8.405358E-05  5.130625E-03
       194 -1.789395E-03  5.919394E-05  3.324510E-03
       195 -1.696990E-03  3.554921E-04  5.242289E-03
       196 -1.755814E-03  7.698602E-04  7.707166E-03
       197 -1.264787E-03  9.811889E-04  8.876591E-03
       198 -2.056294E-05  8.201021E-04  8.163896E-03
       199  1.667157E-03  3.810977E-04  6.282266E-03
       200  3.062598E-03  6.373626E-05  5.022645E-03
       201  1.538297E-03  1.573348E-04 -2.022630E-03
       202 -6.963270E-04  7.983545E-04 -8.783071E-04
       203 -3.461702E-03  1.548608E-03  5.398357E-04
       204 -4.272284E-03  1.760816E-03  1.768210E-03
       205 -2.279621E-03  1.311567E-03  2.585639E-03
       206  1.397807E-03  5.397138E-04  3.121405E-03
       207  3.801991E-03  7.091784E-05  3.854343E-03
       208  1.786462E-03 -8.968922E-05  2.115498E-03
       209 -7.140404E-05 -6.254886E-04  1.806055E-03
       210 -2.838270E-03 -1.377647E-03  1.730524E-03
       211 -3.897265E-03 -1.653245E-03  1.099108E-03
       212 -2.236588E-03 -1.281824E-03 -3.545138E-04
       213  1.209761E-03 -5.604515E-04 -2.299586E-03
       214  3.632988E-03 -8.916025E-05 -3.848489E-03
       215 -1.840576E-03 -9.276181E-05 -2.136240E-03
       216  1.310306E-04 -6.602951E-04 -1.661242E-03
       217  2.926639E-03 -1.418925E-03 -1.230691E-03
       218  3.889828E-03 -1.669585E-03 -4.463022E-04
       219  2.058784E-03 -1.257857E-03  8.366287E-04
       220 -1.505163E-03 -5.105579E-04  2.432483E-03
       221 -3.835039E-03 -5.648011E-05  3.813171E-03
       222 -1.977094E-03  6.196799E-05  2.131072E-03
       223 -2.056957E-04  5.742195E-04  9.301029E-04
       224  2.572415E-03  1.329593E-03 -8.283998E-04
       225  3.662814E-03  1.613389E-03 -2.229903E-03
       226  2.018444E-03  1.245988E-03 -2.904791E-03
       227 -1.410725E-03  5.287723E-04 -3.121104E-03
       228 -3.742366E-03  7.536664E-05 -3.740982E-03
       229  2.613417E-03  6.004688E-05 -5.468847E-03
       230  7.723775E-04  1.838467E-04 -6.278735E-03
       231 -1.743964E-03  1.302409E-04 -6.143899E-03
       232 -2.429630E-03 -5.549425E-05 -5.501212E-03
       233 -6.001360E-04 -1.522626E-04 -6.151752E-03
       234  1.787657E-03 -9.935006E-05 -6.023866E-03
       235  2.250468E-03 -5.813830E-05  5.521721E-03
       236  3.386576E-04 -1.772752E-04  6.292942E-03
       237 -1.919455E-03 -1.199526E-04  6.129683E-03
       238 -2.254582E-03  4.423828E-05  5.406822E-03
       239 -3.556319E-04  1.707453E-04  6.231276E-03
       240  1.908323E-03  1.265240E-04  6.143367E-03
       241  3.769760E-03  1.214964E-04 -2.135387E-03
       242  3.621258E-03  1.827647E-04  7.081900E-04
       243  4.276540E-03  6.089716E-05  3.415507E-03
       244  3.481446E-03 -1.890847E-04  2.188324E-03
       245  3.390428E-03 -2.345420E-04 -6.542970E-04
       246  4.253150E-03 -6.654751E-05 -3.398633E-03
       247 -3.633199E-03 -1.495912E-04 -2.301670E-03
       248 -3.535341E-03 -1.989811E-04  4.908999E-04
       249 -4.290850E-03 -5.590221E-05  3.302269E-03
       250 -3.529527E-03  1.811939E-04  2.081857E-03
       251 -3.483624E-03  2.155245E-04 -6.919711E-04
       252 -4.300344E-03  5.734353E-05 -3.333850E-03

 forces (fx,fy,fz) for set RIGHT and time  0.1000000E+01

        21  1.146108E+03 -4.002832E+02 -8.683777E+02
        22  1.118984E+03  4.285839E+02  8.152919E+02
        23 -1.140752E+03  7.270141E+02 -7.989145E+02
        24 -1.140126E+03 -9.640056E+02  8.240323E+02

 internal energy (element, energy) for set ALL and time  0.1000000E+01

         1  7.030825E-02
         2  5.715609E-02
         3  6.444349E-02
         4  5.002341E-02
         5  5.943025E-02
         6  6.140472E-02
         7  5.915421E-02
         8  6.012215E-02
         9  7.405458E-04
        10  2.528484E-04
        11  3.638028E-04
        12  8.990724E-04
        13  2.489106E-04
        14  7.568173E-05
        15  1.922395E-05
        16  4.062884E-04
        17  2.419097E-03
        18  4.639777E-04
        19  4.382948E-04
        20  3.820576E-03
        21  2.842825E-03
        22  3.333983E-04
        23  7.795014E-05
        24  3.733161E-04
        25  6.278697E-02
        26  9.625428E-02
        27  1.564455E-02
        28  1.511051E-02
        29  3.709107E-02
        30  4.726743E-02
        31  2.009717E-02
        32  1.926695E-02
        33  1.713845E-03
        34  6.219241E-03
        35  4.468976E-03
        36  2.738140E-03
        37  7.115600E-03
        38  2.627734E-03
        39  1.256550E-02
        40  6.345894E-03
        41  1.591976E-02
        42  1.358574E-02
        43  1.174642E-02
        44  9.561036E-03
        45  2.313390E-03
        46  1.785334E-04
        47  2.675240E-04
        48  3.414830E-03
        49  5.444852E-04
        50  4.287043E-05
        51  2.303824E-05
        52  2.990871E-04
        53  1.899929E-03
        54  1.543984E-04
        55  3.489096E-05
        56  4.695128E-04
        57  2.822050E-03
        58  2.363162E-04
        59  2.276215E-05
        60  2.667882E-04
        61  1.940129E-03
        62  3.669148E-03
        63  3.777494E-03
        64  3.618676E-03
        65  1.379971E-02
        66  1.713463E-03
        67  2.815851E-03
        68  1.679992E-02
        69  5.796621E-03
        70  5.050536E-04
        71  1.346461E-03
        72  6.987923E-03
        73  2.152006E-03
        74  6.194511E-04
        75  1.652834E-04
        76  1.891086E-03
        77  3.588943E-03
        78  6.926553E-04
        79  1.461949E-04
        80  1.890405E-03
        81  4.396621E-04
        82  2.759871E-04
        83  2.741667E-04
        84  9.990355E-04
        85  1.304592E-03
        86  2.119833E-04
        87  5.602569E-04
        88  2.475507E-03
        89  3.146422E-03
        90  5.735241E-04
        91  4.733618E-04
        92  3.244743E-03
        93  1.446115E-03
        94  3.825510E-04
        95  5.209340E-04
        96  2.252050E-03
        97  5.222948E-04
        98  7.096652E-05
        99  7.259266E-05
       100  5.337069E-04
       101  1.087309E-04
       102  2.886999E-05
       103  3.851546E-06
       104  4.891080E-05
       105  4.405347E-05
       106  4.332510E-06
       107  1.544313E-05
       108  7.423280E-05
       109  7.180271E-05
       110  1.074371E-05
       111  5.473733E-05
       112  2.030251E-04
       113  9.167058E-03
       114  1.255820E-03
       115  1.413404E-03
       116  9.507410E-03
       117  7.556437E-03
       118  1.123804E-03
       119  9.544882E-04
       120  7.177118E-03
       121  9.735767E-03
       122  1.379262E-03
       123  1.361168E-03
       124  9.950587E-03
       125  6.718045E-03
       126  9.463217E-04
       127  9.155970E-04
       128  6.393627E-03
       129  1.782756E-01
       130  1.620641E-01
       131  5.783823E-02
       132  1.621581E-01
       133  1.597434E-01
       134  4.897839E-02
       135  1.648458E-01
       136  8.427591E-02
       137  2.222349E-01
       138  1.395993E-01
       139  6.340535E-02
       140  1.684795E-01
       141  1.548646E-01
       142  4.239931E-02
       143  1.831688E-01
       144  6.745647E-02
       145  1.850699E-01
       146  1.375434E-01
       147  5.095405E-02
       148  1.474030E-01
       149  1.435566E-01
       150  4.016328E-02
       151  1.470159E-01
       152  9.616792E-02
       153  2.057357E-01
       154  1.491056E-01
       155  5.681933E-02
       156  1.630376E-01
       157  1.550590E-01
       158  4.189203E-02
       159  1.681003E-01
       160  9.347978E-02
       161  8.775870E-02
       162  1.275342E-01
       163  3.491784E-02
       164  1.307052E-01
       165  1.220213E-01
       166  2.874865E-02
       167  1.705334E-01
       168  9.841083E-02
       169  8.544281E-02
       170  1.454766E-01
       171  3.629996E-02
       172  1.427147E-01
       173  1.368977E-01
       174  3.452691E-02
       175  1.828126E-01
       176  1.149862E-01
       177  7.480532E-02
       178  1.407937E-01
       179  4.132859E-02
       180  1.444663E-01
       181  1.360997E-01
       182  3.688472E-02
       183  1.882476E-01
       184  9.232792E-02
       185  8.105536E-02
       186  1.551646E-01
       187  4.757425E-02
       188  1.582840E-01
       189  1.511051E-01
       190  4.409582E-02
       191  1.992304E-01
       192  1.026918E-01
       193  1.126180E-01
       194  7.446664E-02
       195  9.102922E-02
       196  8.648749E-02
       197  8.226440E-02
       198  8.431776E-02
       199  8.359044E-02
       200  8.994082E-02
       201  1.113381E-01
       202  8.269505E-02
       203  1.212098E-01
       204  7.622800E-02
       205  8.317895E-02
       206  1.076008E-01
       207  9.850049E-02
       208  1.060255E-01
       209  1.167449E-01
       210  1.530761E-01
       211  4.703515E-02
       212  1.339533E-01
       213  1.368522E-01
       214  4.362881E-02
       215  1.455743E-01
       216  7.449693E-02
       217  1.748768E-01
       218  1.078961E-01
       219  5.397365E-02
       220  1.385317E-01
       221  1.243457E-01
       222  3.378148E-02
       223  1.581304E-01
       224  5.435335E-02
       225  1.307331E-01
       226  1.373777E-01
       227  3.792745E-02
       228  1.224198E-01
       229  1.265740E-01
       230  3.654445E-02
       231  1.237223E-01
       232  8.146235E-02
       233  1.512868E-01
       234  1.444530E-01
       235  4.641187E-02
       236  1.382982E-01
       237  1.373932E-01
       238  3.856699E-02
       239  1.508242E-01
       240  8.353771E-02
       241  1.408119E-01
       242  1.388270E-01
       243  4.820801E-02
       244  1.679256E-01
       245  1.479588E-01
       246  3.281288E-02
       247  2.304627E-01
       248  1.225945E-01
       249  9.193825E-02
       250  1.869067E-01
       251  4.436690E-02
       252  1.744414E-01
       253  1.721146E-01
       254  4.451327E-02
       255  2.212809E-01
       256  1.393883E-01
       257  9.045099E-02
       258  1.684844E-01
       259  4.859054E-02
       260  1.706184E-01
       261  1.594167E-01
       262  4.235973E-02
       263  2.316811E-01
       264  1.111183E-01
       265  7.303313E-02
       266  2.091956E-01
       267  5.306330E-02
       268  1.863357E-01
       269  1.842696E-01
       270  5.396546E-02
       271  2.397706E-01
       272  1.253531E-01
       273  9.565454E-02
       274  7.722585E-02
       275  8.380978E-02
       276  9.226960E-02
       277  8.445598E-02
       278  6.469463E-02
       279  7.781764E-02
       280  7.372615E-02
       281  8.242454E-02
       282  5.743923E-02
       283  6.432010E-02
       284  8.435749E-02
       285  1.037218E-01
       286  7.127319E-02
       287  7.914105E-02
       288  9.589284E-02
       289  9.820086E-02
       290  6.964043E-02
       291  6.530688E-02
       292  8.781387E-02
       293  8.443267E-02
       294  6.395069E-02
       295  6.547530E-02
       296  8.779134E-02
       297  9.353496E-02
       298  7.917512E-02
       299  7.323266E-02
       300  9.084370E-02
       301  7.093641E-02
       302  7.167147E-02
       303  6.683513E-02
       304  8.381015E-02
       305  1.070418E-01
       306  1.145788E-01
       307  1.054176E-01
       308  1.088745E-01
       309  1.467530E-01
       310  1.448777E-01
       311  1.464108E-01
       312  1.397170E-01

 total internal energy for set ALL and time  0.1000000E+01

        2.128477E+01
