
                        S T E P       1


                                INCREMENT     1


 displacements (vx,vy,vz) for set NALL and time  0.1000000E+01

         1 -6.617445E-25  0.000000E+00  3.308722E-25
         2  0.000000E+00  1.323489E-24  1.985233E-24
         3  0.000000E+00 -1.323489E-24  2.329341E-22
         4 -6.617445E-25  8.271806E-26  1.588187E-22
         5  2.072783E-03 -5.849288E-05 -2.549395E-03
         6  2.070516E-03  5.628434E-05  2.498040E-03
         7 -2.098590E-03  6.110142E-05 -2.546101E-03
         8 -2.103242E-03 -3.576488E-05  2.497024E-03
         9  4.089200E-03  8.167386E-06 -5.008792E-03
        10  4.089731E-03  1.401348E-05  4.863678E-03
        11 -4.067574E-03  1.053399E-05 -5.008525E-03
        12 -4.068049E-03  4.559450E-07  4.863887E-03
        13  4.414338E-03  9.509964E-06 -5.323302E-03
        14  4.414049E-03  6.130263E-06  5.215834E-03
        15 -4.366375E-03  7.397717E-06 -5.323510E-03
        16 -4.365901E-03  1.015155E-06  5.216061E-03
        17  4.694783E-03  6.329888E-06 -5.600374E-03
        18  4.694974E-03  1.026132E-05  5.548250E-03
        19 -4.658931E-03  7.972860E-07 -5.600060E-03
        20 -4.658648E-03  4.759687E-07  5.548575E-03
        21  5.000000E-03 -2.117582E-23 -6.000000E-03
        22  5.000000E-03 -2.117582E-23  6.000000E-03
        23 -5.000000E-03 -1.574952E-21 -6.000000E-03
        24 -5.000000E-03  5.278074E-21  6.000000E-03
        25  9.103344E-05 -8.357254E-06 -1.614823E-04
        26  4.280568E-04 -3.048498E-05 -6.898834E-04
        27  9.691650E-04 -5.151836E-05 -1.440468E-03
        28  1.514965E-03 -5.898154E-05 -2.098122E-03
        29  1.924757E-03 -5.694323E-05 -2.486023E-03
        30  2.130246E-03 -5.519645E-05 -2.603858E-03
        31  2.128776E-03 -5.779384E-05 -2.593099E-03
        32  6.034372E-05  1.921603E-06 -1.981693E-05
        33  2.749300E-04  2.612000E-06 -2.726560E-05
        34  6.151747E-04  4.060596E-07  9.908726E-05
        35  9.849985E-04 -1.939249E-06  4.512132E-04
        36  1.330379E-03  4.210461E-06  1.016578E-03
        37  1.635438E-03  2.203177E-05  1.673444E-03
        38  1.906141E-03  4.508537E-05  2.219334E-03
        39 -1.192641E-04  1.784930E-06  3.297659E-05
        40 -4.383942E-04  3.830242E-06  6.182295E-05
        41 -8.565180E-04  1.708353E-06 -5.428234E-05
        42 -1.264450E-03 -5.741469E-07 -3.990523E-04
        43 -1.594516E-03  5.548838E-06 -9.670853E-04
        44 -1.816408E-03  2.383909E-05 -1.643306E-03
        45 -1.932199E-03  4.854852E-05 -2.233285E-03
        46 -1.193766E-04 -4.524811E-06  1.065231E-04
        47 -4.812530E-04 -2.164757E-05  5.065944E-04
        48 -1.003028E-03 -3.920988E-05  1.143080E-03
        49 -1.529544E-03 -4.592014E-05  1.757755E-03
        50 -1.943038E-03 -4.306746E-05  2.186535E-03
        51 -2.179352E-03 -3.867717E-05  2.396928E-03
        52 -2.228586E-03 -3.702146E-05  2.468398E-03
        53  2.328620E-03 -5.367274E-05 -2.469963E-03
        54  2.622205E-03 -4.995985E-05 -2.417671E-03
        55  2.966379E-03 -5.178001E-05 -2.520718E-03
        56  3.353521E-03 -5.394318E-05 -2.871496E-03
        57  3.741763E-03 -4.751860E-05 -3.463404E-03
        58  4.050399E-03 -2.829385E-05 -4.165888E-03
        59  4.180008E-03 -4.083593E-06 -4.751354E-03
        60  1.937642E-03  4.233306E-05  2.773072E-03
        61  1.915138E-03  2.297730E-05  3.257410E-03
        62  2.033848E-03  8.665323E-06  3.788992E-03
        63  2.305496E-03  3.975296E-06  4.250722E-03
        64  2.712898E-03  6.480537E-06  4.575227E-03
        65  3.205634E-03  1.051749E-05  4.750294E-03
        66  3.700086E-03  1.274540E-05  4.816094E-03
        67 -2.208482E-03  4.776657E-05 -2.789045E-03
        68 -2.367125E-03  2.792269E-05 -3.276887E-03
        69 -2.492811E-03  1.067568E-05 -3.903508E-03
        70 -2.673321E-03  4.761870E-06 -4.453310E-03
        71 -2.950281E-03  7.111010E-06 -4.810764E-03
        72 -3.315834E-03  1.021642E-05 -4.962283E-03
        73 -3.712885E-03  9.932057E-06 -4.986380E-03
        74 -2.235895E-03 -3.362786E-05  2.503505E-03
        75 -2.526153E-03 -3.586299E-05  2.563927E-03
        76 -2.920788E-03 -4.107294E-05  2.789371E-03
        77 -3.364930E-03 -4.427693E-05  3.195059E-03
        78 -3.783080E-03 -3.880636E-05  3.729808E-03
        79 -4.085020E-03 -2.410168E-05  4.279460E-03
        80 -4.182305E-03 -7.048843E-06  4.687464E-03
        81  4.946822E-03  4.748590E-06 -5.208762E-03
        82  3.644567E-03  3.861429E-06  5.087243E-03
        83 -3.625191E-03  3.876440E-06 -5.208134E-03
        84 -4.919396E-03 -4.302172E-06  5.085843E-03
        85  5.579546E-03 -2.508169E-06 -5.888545E-03
        86  4.198101E-03 -2.193647E-07  5.935431E-03
        87 -4.151921E-03 -7.053531E-06 -5.826480E-03
        88 -5.601694E-03 -6.768194E-06  5.748558E-03
        89  6.524269E-07  4.858286E-07 -1.374862E-07
        90  5.508284E-07  3.780303E-06 -1.209367E-06
        91  9.348271E-07  3.311747E-06 -1.014608E-06
        92 -6.197842E-07 -1.041168E-06  2.995522E-07
        93 -4.341515E-07  1.426219E-07 -7.089672E-08
        94 -6.314625E-07  1.180413E-06 -4.152105E-07
        95 -9.180823E-08  3.052023E-07  4.713126E-07
        96  1.467653E-07 -3.222500E-07  3.386208E-07
        97  2.816749E-07 -6.254314E-07  5.139069E-07
        98 -6.504663E-07  1.480552E-06 -8.332626E-07
        99 -6.675488E-07  1.580560E-06 -5.029738E-07
       100 -8.063792E-08  1.031151E-07 -6.304126E-07
       101  2.072776E-03 -7.623745E-05 -1.910199E-03
       102  2.072635E-03 -7.575496E-05 -1.275459E-03
       103  2.073104E-03 -6.154394E-05 -6.440757E-04
       104  2.073341E-03 -3.865748E-05 -1.480854E-05
       105  2.073149E-03 -1.151210E-05  6.133360E-04
       106  2.072449E-03  1.581768E-05  1.241155E-03
       107  2.071692E-03  3.947361E-05  1.869273E-03
       108 -2.100329E-03  8.603043E-05 -1.929868E-03
       109 -2.100529E-03  9.412484E-05 -1.305216E-03
       110 -2.100445E-03  8.800725E-05 -6.740065E-04
       111 -2.100309E-03  7.075385E-05 -3.843384E-05
       112 -2.100584E-03  4.586191E-05  5.990728E-04
       113 -2.101328E-03  1.713740E-05  1.235921E-03
       114 -2.102618E-03 -1.146573E-05  1.869440E-03
       115  1.540329E-03 -6.577705E-05 -2.548399E-03
       116  1.011243E-03 -6.403592E-05 -2.548613E-03
       117  4.853629E-04 -5.440041E-05 -2.548793E-03
       118 -3.747052E-05 -3.820499E-05 -2.548931E-03
       119 -5.572532E-04 -1.694928E-05 -2.548701E-03
       120 -1.073971E-03  7.777187E-06 -2.548068E-03
       121 -1.587687E-03  3.436509E-05 -2.546882E-03
       122  1.547750E-03  3.417209E-05  2.496697E-03
       123  1.024791E-03  1.662832E-05  2.496161E-03
       124  5.019515E-04  2.701044E-06  2.495818E-03
       125 -2.049241E-05 -8.463579E-06  2.495772E-03
       126 -5.422995E-04 -1.754789E-05  2.495891E-03
       127 -1.063331E-03 -2.501534E-05  2.496163E-03
       128 -1.583608E-03 -3.104645E-05  2.496329E-03
       129  4.090210E-03  1.059992E-05 -6.853718E-05
       130 -4.067539E-03  8.428745E-06 -7.678246E-05
       131  6.209237E-06  8.252751E-06 -5.008225E-03
       132  1.281917E-05  5.704620E-06  4.863617E-03
       133  4.694202E-03 -3.880898E-06 -2.830992E-03
       134  4.694491E-03  7.331325E-06 -3.463374E-05
       135  4.694175E-03  1.931632E-05  2.765932E-03
       136 -4.659595E-03  1.049994E-05 -2.791496E-03
       137 -4.659197E-03 -4.480261E-06  1.441257E-05
       138 -4.659377E-03 -1.555233E-05  2.799656E-03
       139  2.384876E-03  1.315156E-05 -5.600673E-03
       140  4.327003E-05  8.856722E-07 -5.600310E-03
       141 -2.311841E-03 -8.599214E-06 -5.600302E-03
       142  2.363957E-03 -8.238929E-07  5.548120E-03
       143  2.489657E-06  6.580478E-06  5.548154E-03
       144 -2.351089E-03  1.402073E-05  5.548023E-03
       145  3.523875E-05  8.727953E-05 -6.666927E-04
       146  5.727401E-04  4.454045E-04 -2.978334E-03
       147  1.490755E-03  9.296839E-04 -5.849323E-03
       148  1.821018E-03  1.174193E-03 -7.195782E-03
       149  1.205645E-03  9.853052E-04 -6.352809E-03
       150 -9.656769E-05  4.734548E-04 -4.152504E-03
       151 -1.274105E-03  1.077905E-04 -2.696797E-03
       152  1.915250E-04 -1.118915E-04 -8.199264E-04
       153  7.803016E-04 -4.832677E-04 -3.211811E-03
       154  1.471787E-03 -9.380511E-04 -5.908196E-03
       155  1.737638E-03 -1.161088E-03 -7.138704E-03
       156  1.462006E-03 -9.874708E-04 -6.365635E-03
       157  1.050288E-03 -5.171068E-04 -4.345187E-03
       158  1.284892E-03 -1.523831E-04 -2.889405E-03
       159 -2.495696E-04 -1.087338E-04  8.032148E-04
       160 -1.087845E-03 -4.891769E-04  3.246705E-03
       161 -2.107871E-03 -9.678090E-04  6.080538E-03
       162 -2.596765E-03 -1.204389E-03  7.380838E-03
       163 -2.342687E-03 -1.017567E-03  6.543353E-03
       164 -1.731300E-03 -5.097885E-04  4.358187E-03
       165 -1.628557E-03 -1.215389E-04  2.800782E-03
       166  2.580180E-05  9.575437E-05  7.205261E-04
       167 -3.640393E-04  4.524023E-04  3.025806E-03
       168 -1.011360E-03  9.126103E-04  5.758688E-03
       169 -1.120016E-03  1.136683E-03  6.999270E-03
       170 -4.616374E-04  9.501978E-04  6.168975E-03
       171  6.701252E-04  4.623283E-04  4.075481E-03
       172  1.530305E-03  1.085935E-04  2.669175E-03
       173 -4.676448E-04  1.457771E-04  9.004716E-05
       174 -2.699199E-03  7.866578E-04  4.992553E-04
       175 -5.757940E-03  1.616487E-03  1.207263E-03
       176 -6.820278E-03  1.892471E-03  1.742100E-03
       177 -4.859800E-03  1.451555E-03  1.880411E-03
       178 -9.991893E-04  6.417244E-04  1.774641E-03
       179  1.618766E-03  1.311692E-04  1.952638E-03
       180 -3.926439E-04 -1.227275E-04  5.361177E-06
       181 -2.444975E-03 -7.145158E-04  4.131608E-04
       182 -5.421150E-03 -1.522288E-03  1.054861E-03
       183 -6.665382E-03 -1.844142E-03  1.116497E-03
       184 -5.089371E-03 -1.492060E-03  3.154535E-04
       185 -1.532095E-03 -7.472425E-04 -1.038215E-03
       186  1.267653E-03 -1.998462E-04 -2.059800E-03
       187  4.052209E-04 -1.266452E-04 -7.548526E-05
       188  2.552935E-03 -7.446613E-04 -3.583017E-04
       189  5.586933E-03 -1.567877E-03 -6.969573E-04
       190  6.644317E-03 -1.842813E-03 -6.340809E-04
       191  4.683616E-03 -1.401960E-03  8.315507E-06
       192  8.352640E-04 -5.949989E-04  1.045595E-03
       193 -1.719180E-03 -9.680122E-05  1.917365E-03
       194  4.131206E-04  1.287026E-04  1.438051E-05
       195  2.519449E-03  7.359955E-04 -5.324215E-04
       196  5.539811E-03  1.556005E-03 -1.633055E-03
       197  6.764134E-03  1.873260E-03 -2.393104E-03
       198  5.100069E-03  1.501231E-03 -2.436307E-03
       199  1.446951E-03  7.365730E-04 -2.019125E-03
       200 -1.335155E-03  1.925010E-04 -1.992558E-03
       201  1.885650E-03 -1.123999E-05 -2.966424E-03
       202  2.178453E-03  3.032758E-04 -4.996806E-03
       203  2.645280E-03  7.836977E-04 -7.847524E-03
       204  2.395185E-03  1.055398E-03 -9.336289E-03
       205  1.118662E-03  9.095139E-04 -8.698338E-03
       206 -8.561146E-04  4.339701E-04 -6.658772E-03
       207 -2.651120E-03  7.520500E-05 -5.227680E-03
       208 -1.663646E-03 -6.866026E-05 -3.478878E-03
       209 -7.475980E-04 -4.417520E-04 -5.883611E-03
       210  4.214368E-04 -8.758984E-04 -8.461471E-03
       211  1.269249E-03 -1.063107E-03 -9.504837E-03
       212  1.632798E-03 -8.520898E-04 -8.554175E-03
       213  1.865349E-03 -3.651766E-04 -6.461411E-03
       214  2.710595E-03 -3.483819E-05 -5.150267E-03
       215  1.521690E-03 -2.370734E-05  3.115009E-03
       216  4.934632E-04 -3.440673E-04  5.181435E-03
       217 -8.387896E-04 -7.949212E-04  7.854381E-03
       218 -1.757336E-03 -1.034765E-03  9.171266E-03
       219 -2.063262E-03 -8.772101E-04  8.472886E-03
       220 -2.125060E-03 -4.122837E-04  6.476245E-03
       221 -2.785334E-03 -6.402598E-05  5.082866E-03
       222 -1.623125E-03  3.298233E-05  3.052327E-03
       223 -1.590172E-03  3.537712E-04  5.128349E-03
       224 -1.852129E-03  8.079785E-04  7.829237E-03
       225 -1.572628E-03  1.045728E-03  9.142269E-03
       226 -4.579086E-04  8.813933E-04  8.418643E-03
       227  1.236147E-03  4.133510E-04  6.413404E-03
       228  2.784570E-03  7.031264E-05  5.051647E-03
       229  1.509441E-03  1.132319E-04 -1.600153E-03
       230 -8.461773E-04  7.891862E-04 -3.684360E-04
       231 -3.815347E-03  1.594168E-03  1.027361E-03
       232 -4.794995E-03  1.848901E-03  2.151469E-03
       233 -2.849659E-03  1.410838E-03  2.820703E-03
       234  9.245399E-04  6.186685E-04  3.210338E-03
       235  3.538005E-03  1.085805E-04  3.857639E-03
       236  1.729062E-03 -5.418402E-05  1.826814E-03
       237 -2.236881E-04 -6.174645E-04  1.547296E-03
       238 -3.139294E-03 -1.409798E-03  1.552223E-03
       239 -4.290861E-03 -1.708945E-03  1.001953E-03
       240 -2.607521E-03 -1.332707E-03 -4.048120E-04
       241  9.615792E-04 -5.856897E-04 -2.347881E-03
       242  3.518962E-03 -8.797211E-05 -3.930897E-03
       243 -1.825177E-03 -2.727882E-05 -2.008285E-03
       244  2.470704E-04 -6.240544E-04 -1.654095E-03
       245  3.311675E-03 -1.455229E-03 -1.340764E-03
       246  4.498262E-03 -1.762246E-03 -6.365311E-04
       247  2.716125E-03 -1.362351E-03  6.228914E-04
       248 -9.849166E-04 -5.864439E-04  2.253017E-03
       249 -3.549603E-03 -8.632134E-05  3.711086E-03
       250 -1.781918E-03  6.786200E-05  1.787746E-03
       251  9.608341E-05  6.105997E-04  5.344740E-04
       252  2.952065E-03  1.386787E-03 -1.236151E-03
       253  4.077682E-03  1.679465E-03 -2.614830E-03
       254  2.411489E-03  1.307099E-03 -3.238438E-03
       255 -1.095793E-03  5.733254E-04 -3.386115E-03
       256 -3.552179E-03  9.519610E-05 -3.935439E-03
       257  7.064274E-04 -1.403847E-05 -5.422712E-03
       258 -6.414983E-04  2.520125E-05 -5.420608E-03
       259  6.661360E-04  1.704140E-05  5.328676E-03
       260 -5.905078E-04 -1.017646E-05  5.330715E-03
       261  4.515930E-03  2.531587E-05  6.590660E-04
       262  4.514577E-03 -9.963319E-06 -7.232684E-04
       263 -4.439462E-03 -2.530821E-06  6.367027E-04
       264 -4.441329E-03  7.695987E-06 -7.255211E-04
       265  7.377422E-04  2.622577E-06 -5.832858E-03
       266 -7.310299E-04 -1.236552E-05 -5.891680E-03
       267  7.050649E-04  1.317263E-05  5.735421E-03
       268 -6.999524E-04  2.816955E-05  5.950204E-03
       269  4.958594E-03 -1.685603E-05  8.011269E-04
       270  4.856551E-03  5.068535E-06 -8.377798E-04
       271 -4.859091E-03  2.034948E-05  6.899217E-04
       272 -4.910297E-03 -3.227220E-05 -6.399652E-04

 forces (fx,fy,fz) for set RIGHT and time  0.1000000E+01

        21  1.255166E+03 -3.903685E+02 -1.831933E+03
        22  8.536966E+02 -3.236410E+02  1.696893E+03
        23 -1.467262E+03  8.261009E+02 -2.212847E+01
        24 -6.877724E+02 -9.954436E+02  1.585109E+02

 internal energy (element, energy) for set ALL and time  0.1000000E+01

         1  1.196348E-02
         2  9.761955E-03
         3  2.593410E-03
         4  3.795077E-03
         5  5.271880E-03
         6  3.965046E-03
         7  3.813413E-03
         8  1.560045E-02
         9  4.489322E-03
        10  4.311390E-03
        11  4.401359E-03
        12  4.547993E-03
        13  3.644397E-03
        14  2.842372E-03
        15  5.996517E-03
        16  1.363373E-02
        17  3.965018E-03
        18  4.384765E-03
        19  4.544685E-03
        20  4.851941E-03
        21  4.164288E-03
        22  3.387172E-03
        23  6.793741E-03
        24  1.505667E-02
        25  8.205145E-03
        26  8.761775E-03
        27  2.766524E-03
        28  2.890580E-03
        29  3.956517E-03
        30  3.702486E-03
        31  3.031198E-03
        32  8.045795E-03
        33  5.917157E-03
        34  3.480861E-03
        35  3.527257E-03
        36  4.404103E-03
        37  3.412583E-03
        38  2.178915E-03
        39  5.086813E-03
        40  9.080775E-03
        41  8.589352E-03
        42  3.652413E-03
        43  2.586519E-03
        44  2.798185E-03
        45  3.091798E-03
        46  3.121593E-03
        47  2.982968E-03
        48  2.854369E-03
        49  9.505107E-03
        50  5.981822E-03
        51  3.386494E-03
        52  4.075305E-03
        53  4.941959E-03
        54  4.474013E-03
        55  3.853563E-03
        56  2.840694E-03
        57  9.790111E-03
        58  3.641282E-03
        59  3.627660E-03
        60  3.297543E-03
        61  2.691306E-03
        62  2.717063E-03
        63  4.977651E-03
        64  4.184117E-03
        65  6.055295E-04
        66  1.726497E-04
        67  9.175606E-04
        68  2.518770E-04
        69  3.793902E-04
        70  2.049479E-04
        71  3.044024E-04
        72  2.687003E-04
        73  1.831594E-03
        74  1.120364E-02
        75  8.120554E-03
        76  1.240737E-03
        77  3.680503E-03
        78  4.017347E-03
        79  1.288609E-02
        80  1.228097E-02
        81  6.819783E-03
        82  4.864631E-03
        83  1.953044E-03
        84  1.922913E-03
        85  1.060424E-03
        86  8.288556E-05
        87  3.326073E-04
        88  4.149545E-03
        89  1.409894E-03
        90  1.093566E-04
        91  1.172068E-04
        92  1.506552E-03
        93  8.664369E-04
        94  6.559946E-05
        95  9.115666E-05
        96  1.172257E-03
        97  3.466956E-03
        98  2.778458E-04
        99  9.486343E-05
       100  1.277330E-03
       101  4.521808E-03
       102  6.972946E-04
       103  2.166020E-04
       104  7.206762E-05
       105  1.502770E-05
       106  1.724194E-05
       107  1.636665E-04
       108  1.398496E-03
       109  2.637151E-03
       110  5.538473E-04
       111  2.986252E-04
       112  1.662853E-04
       113  8.813587E-05
       114  5.694702E-05
       115  2.062795E-04
       116  1.930401E-03
       117  3.793142E-03
       118  7.315400E-04
       119  4.191754E-04
       120  3.074458E-04
       121  2.281771E-04
       122  1.720935E-04
       123  2.546101E-04
       124  1.817979E-03
       125  1.195879E-03
       126  1.873682E-04
       127  7.887282E-05
       128  5.830726E-05
       129  4.792319E-05
       130  5.156805E-05
       131  1.381351E-04
       132  1.537863E-03
       133  5.555579E-03
       134  5.215178E-03
       135  6.452393E-03
       136  6.758204E-03
       137  7.177380E-03
       138  6.555008E-03
       139  9.288661E-03
       140  9.403569E-03
       141  1.965478E-02
       142  6.876481E-03
       143  2.427059E-02
       144  1.765117E-02
       145  1.029558E-03
       146  1.872167E-04
       147  1.353154E-04
       148  1.253691E-03
       149  6.819175E-04
       150  1.547153E-04
       151  2.442903E-04
       152  5.906088E-04
       153  1.573905E-03
       154  3.618163E-04
       155  1.622270E-04
       156  9.362843E-04
       157  1.427757E-03
       158  1.742638E-04
       159  3.405956E-04
       160  1.543800E-03
       161  4.109536E-03
       162  6.772244E-03
       163  6.959787E-03
       164  6.088654E-03
       165  1.890913E-01
       166  1.791417E-01
       167  6.229400E-02
       168  1.748981E-01
       169  1.718640E-01
       170  5.196172E-02
       171  1.913145E-01
       172  8.102134E-02
       173  2.224572E-01
       174  1.364737E-01
       175  5.837837E-02
       176  1.594778E-01
       177  1.528992E-01
       178  4.579537E-02
       179  1.542352E-01
       180  7.714523E-02
       181  2.048839E-01
       182  1.452555E-01
       183  5.551099E-02
       184  1.588173E-01
       185  1.542897E-01
       186  4.312795E-02
       187  1.580810E-01
       188  1.043362E-01
       189  2.119190E-01
       190  1.589568E-01
       191  5.873960E-02
       192  1.688762E-01
       193  1.614197E-01
       194  4.384197E-02
       195  1.799488E-01
       196  1.005962E-01
       197  1.281981E-01
       198  1.858826E-01
       199  5.049155E-02
       200  1.905996E-01
       201  1.779883E-01
       202  4.232512E-02
       203  2.520296E-01
       204  1.393359E-01
       205  1.126006E-01
       206  2.018061E-01
       207  4.344573E-02
       208  1.819482E-01
       209  1.864912E-01
       210  5.433257E-02
       211  1.960819E-01
       212  1.759223E-01
       213  1.030874E-01
       214  1.943710E-01
       215  5.618287E-02
       216  1.983201E-01
       217  1.862614E-01
       218  5.001344E-02
       219  2.639717E-01
       220  1.265725E-01
       221  1.095384E-01
       222  2.123649E-01
       223  5.748952E-02
       224  2.033100E-01
       225  2.044472E-01
       226  6.440680E-02
       227  2.218020E-01
       228  1.592697E-01
       229  1.458521E-01
       230  2.090992E-01
       231  5.448848E-02
       232  1.603246E-01
       233  1.693339E-01
       234  5.440375E-02
       235  1.623686E-01
       236  8.613460E-02
       237  2.088499E-01
       238  1.224450E-01
       239  6.623531E-02
       240  1.658014E-01
       241  1.477101E-01
       242  4.096053E-02
       243  1.822796E-01
       244  6.306537E-02
       245  1.435711E-01
       246  1.524225E-01
       247  4.404267E-02
       248  1.393904E-01
       249  1.422592E-01
       250  4.167969E-02
       251  1.440919E-01
       252  9.040272E-02
       253  1.728714E-01
       254  1.782541E-01
       255  5.374588E-02
       256  1.609930E-01
       257  1.617260E-01
       258  4.562530E-02
       259  1.704392E-01
       260  9.587434E-02
       261  1.562274E-01
       262  1.596090E-01
       263  4.820694E-02
       264  1.789651E-01
       265  1.633792E-01
       266  3.800914E-02
       267  2.246325E-01
       268  1.307712E-01
       269  1.011741E-01
       270  2.063048E-01
       271  4.718689E-02
       272  1.884549E-01
       273  1.877477E-01
       274  4.956794E-02
       275  2.317139E-01
       276  1.541661E-01
       277  1.041682E-01
       278  2.066351E-01
       279  5.338917E-02
       280  1.900315E-01
       281  1.848456E-01
       282  5.194436E-02
       283  2.339889E-01
       284  1.233919E-01
       285  7.382289E-02
       286  2.105102E-01
       287  5.458449E-02
       288  1.933206E-01
       289  1.916759E-01
       290  5.674676E-02
       291  2.358765E-01
       292  1.310612E-01
       293  1.271944E-01
       294  1.258437E-01
       295  1.063139E-01
       296  1.421082E-01
       297  1.532650E-01
       298  1.794953E-01
       299  1.755176E-01
       300  1.709649E-01
       301  8.760849E-02
       302  4.462386E-02
       303  6.171451E-02
       304  3.407108E-02
       305  4.660416E-02
       306  5.920268E-02
       307  4.695682E-02
       308  4.595240E-02
       309  1.048599E-01
       310  4.472377E-02
       311  1.078761E-01
       312  4.343505E-02
       313  5.097397E-02
       314  9.577460E-02
       315  4.216462E-02
       316  8.108857E-02
       317  9.598518E-02
       318  8.454083E-02
       319  6.664321E-02
       320  6.919512E-02
       321  7.448542E-02
       322  1.183008E-01
       323  8.965289E-02
       324  8.841523E-02
       325  1.364766E-01
       326  6.599536E-02
       327  1.258027E-01
       328  6.858015E-02
       329  7.160628E-02
       330  1.318361E-01
       331  8.436072E-02
       332  1.475888E-01

 total internal energy for set ALL and time  0.1000000E+01

        2.178814E+01
