
                        S T E P       1


                                INCREMENT     1


 displacements (vx,vy,vz) for set NALL and time  0.1000000E+01

         1  0.000000E+00  6.617445E-25  0.000000E+00
         2 -1.323489E-24 -1.323489E-24  6.617445E-25
         3  3.308722E-25 -6.617445E-25 -3.308722E-25
         4  0.000000E+00  0.000000E+00 -5.062345E-23
         5  9.986855E-04  9.254314E-06 -1.226246E-03
         6  1.000297E-03  7.381067E-06  1.212242E-03
         7 -9.910069E-04  8.010081E-06 -1.224451E-03
         8 -9.932742E-04  1.276259E-05  1.211894E-03
         9  1.889460E-03  1.389557E-05 -2.272168E-03
        10  1.890715E-03  1.377046E-05  2.270317E-03
        11 -1.879603E-03  1.651978E-05 -2.270392E-03
        12 -1.880970E-03  2.169983E-05  2.270134E-03
        13  2.780241E-03  1.438270E-05 -3.378830E-03
        14  2.781926E-03  2.694604E-05  3.357869E-03
        15 -2.777218E-03  2.949188E-05 -3.376951E-03
        16 -2.779083E-03  2.192023E-05  3.357791E-03
        17  3.591816E-03  1.916089E-05 -4.476380E-03
        18  3.590814E-03  3.255895E-05  4.472318E-03
        19 -3.587985E-03  3.181805E-05 -4.474812E-03
        20 -3.585318E-03  2.201128E-05  4.472574E-03
        21  5.000000E-03  0.000000E+00 -6.000000E-03
        22  5.000000E-03  8.470329E-23  6.000000E-03
        23 -5.000000E-03 -4.387631E-20 -6.000000E-03
        24 -5.000000E-03  6.945670E-21  6.000000E-03
        25  7.129970E-05 -3.396903E-06 -9.463467E-05
        26  3.922987E-04 -9.563948E-06 -4.724348E-04
        27  8.897352E-04  1.697016E-06 -1.069075E-03
        28  6.381964E-05 -4.365420E-06  1.156625E-04
        29  2.919652E-04 -1.109511E-05  4.619907E-04
        30  6.992192E-04 -5.802423E-07  9.768477E-04
        31 -1.104750E-04 -4.023694E-06 -9.146089E-05
        32 -3.763174E-04 -1.056204E-05 -4.543851E-04
        33 -7.196338E-04 -5.501782E-07 -9.897057E-04
        34 -1.518168E-04 -1.990801E-06  8.245690E-05
        35 -5.560924E-04 -7.991527E-06  4.130803E-04
        36 -9.798921E-04  3.367842E-06  9.745890E-04
        37  1.332643E-03  9.475408E-06 -1.285287E-03
        38  1.865932E-03  8.420536E-07 -1.724489E-03
        39  2.091425E-03  8.890044E-06 -2.171960E-03
        40  1.009743E-03  3.430484E-06  1.295841E-03
        41  1.245443E-03 -1.948027E-06  1.633092E-03
        42  1.624509E-03  7.106688E-06  2.074509E-03
        43 -1.056180E-03  3.676701E-06 -1.311158E-03
        44 -1.308865E-03 -1.007055E-06 -1.615169E-03
        45 -1.640162E-03  7.157901E-06 -2.030100E-03
        46 -1.317127E-03  1.193562E-05  1.300040E-03
        47 -1.890035E-03  5.322252E-06  1.660853E-03
        48 -2.124021E-03  1.410336E-05  2.090709E-03
        49  2.265562E-03  1.139198E-05 -2.389473E-03
        50  2.855776E-03  2.281068E-06 -2.856993E-03
        51  3.075351E-03  1.005465E-05 -3.295182E-03
        52  1.727225E-03  1.154574E-05  2.318441E-03
        53  1.920588E-03  7.300452E-06  2.613075E-03
        54  2.370034E-03  1.758279E-05  3.104618E-03
        55 -1.750161E-03  1.227566E-05 -2.361678E-03
        56 -1.965549E-03  8.622605E-06 -2.631938E-03
        57 -2.385712E-03  1.796717E-05 -3.092814E-03
        58 -2.259104E-03  1.698940E-05  2.435037E-03
        59 -2.887733E-03  9.146051E-06  2.850825E-03
        60 -3.103684E-03  1.647189E-05  3.224143E-03
        61  3.231092E-03  1.290670E-05 -3.469860E-03
        62  3.845111E-03  4.439848E-06 -3.896697E-03
        63  4.002576E-03  1.165983E-05 -4.315399E-03
        64  2.598333E-03  2.172060E-05  3.471508E-03
        65  2.828326E-03  1.602325E-05  3.817557E-03
        66  3.323986E-03  2.456577E-05  4.243226E-03
        67 -2.612269E-03  2.160795E-05 -3.545609E-03
        68 -2.850298E-03  1.603547E-05 -3.880034E-03
        69 -3.329437E-03  2.268745E-05 -4.233640E-03
        70 -3.253229E-03  1.631696E-05  3.537703E-03
        71 -3.900639E-03  8.383168E-06  3.950261E-03
        72 -4.038929E-03  1.498352E-05  4.299339E-03
        73  3.372634E-03  1.193045E-05 -4.847282E-03
        74  3.089215E-03 -2.551649E-06 -5.799979E-03
        75  3.762457E-03  1.640436E-05 -6.410671E-03
        76  2.604727E-03  2.223306E-05  4.799221E-03
        77  1.850041E-03  6.583706E-06  5.903599E-03
        78  2.650193E-03  2.600477E-05  6.754206E-03
        79 -2.592388E-03  1.971850E-05 -4.838820E-03
        80 -1.797684E-03  5.394266E-06 -5.845199E-03
        81 -2.539526E-03  2.462016E-05 -6.685228E-03
        82 -3.332868E-03  1.155577E-05  4.888893E-03
        83 -2.979017E-03 -2.728116E-06  5.782757E-03
        84 -3.640612E-03  1.353350E-05  6.333081E-03
        85  6.676927E-07  9.994468E-08 -8.750823E-09
        86  5.398965E-07  2.953874E-06 -9.389004E-07
        87  8.881097E-07  2.868396E-06 -8.741044E-07
        88 -3.561271E-07 -4.619470E-07  1.280689E-07
        89 -2.576042E-07  3.946994E-07 -1.437731E-07
        90 -3.863216E-07  8.556594E-07 -2.983635E-07
        91 -2.926694E-07  8.062244E-07  4.469634E-07
        92 -3.370756E-07  8.561690E-07  2.705484E-07
        93 -9.498859E-09  5.773269E-08  3.399265E-07
        94 -7.211081E-07  1.660413E-06 -7.378124E-07
        95 -9.129100E-07  2.192172E-06 -4.108400E-07
        96 -2.433345E-07  5.392918E-07 -4.579699E-07
        97  1.000258E-03  2.913983E-05 -6.228870E-04
        98  1.000022E-03  2.612389E-05 -1.628869E-05
        99  1.000422E-03  1.408702E-05  5.951331E-04
       100 -9.923462E-04  2.269403E-05 -6.190167E-04
       101 -9.924769E-04  4.044577E-05 -1.022505E-05
       102 -9.926784E-04  4.250641E-05  6.007279E-04
       103  4.966659E-04 -2.385175E-05 -1.224273E-03
       104  1.107324E-06 -1.639443E-05 -1.224612E-03
       105 -4.928021E-04  3.455152E-06 -1.224085E-03
       106  4.920454E-04  1.436783E-05  1.212136E-03
       107 -2.689194E-06  3.970898E-06  1.212060E-03
       108 -4.943915E-04 -3.127786E-06  1.212006E-03
       109  1.891341E-03  4.174550E-05 -1.152038E-03
       110  1.890891E-03  2.672386E-05 -1.014129E-05
       111  1.891461E-03  5.136288E-06  1.136433E-03
       112 -1.880028E-03  1.141947E-05 -1.134608E-03
       113 -1.880311E-03  3.872372E-05 -1.112211E-05
       114 -1.880180E-03  5.616176E-05  1.117836E-03
       115  9.590252E-04 -1.342508E-05 -2.270476E-03
       116  1.999650E-05 -1.084610E-05 -2.270752E-03
       117 -9.263549E-04  4.405751E-06 -2.270353E-03
       118  9.569170E-04  2.045932E-05  2.270218E-03
       119  2.214331E-05  1.403115E-05  2.270210E-03
       120 -9.214592E-04  9.678859E-06  2.270122E-03
       121  2.782382E-03  4.916564E-05 -1.708714E-03
       122  2.782015E-03  4.190478E-05 -1.401165E-05
       123  2.782453E-03  2.469736E-05  1.682232E-03
       124 -2.777884E-03  2.942922E-05 -1.701197E-03
       125 -2.778083E-03  5.057676E-05 -2.738180E-05
       126 -2.778139E-03  5.884740E-05  1.655487E-03
       127  1.396887E-03 -1.186880E-05 -3.377166E-03
       128  1.034465E-05 -5.031814E-06 -3.377512E-03
       129 -1.380341E-03  1.499688E-05 -3.377018E-03
       130  1.401918E-03  3.038067E-05  3.357655E-03
       131  2.245035E-05  2.120639E-05  3.357620E-03
       132 -1.367663E-03  1.366856E-05  3.357613E-03
       133  3.593437E-03  4.078633E-05 -2.260539E-03
       134  3.592736E-03  3.168127E-06  1.726918E-06
       135  3.593591E-03 -2.545847E-05  2.262733E-03
       136 -3.585930E-03 -3.202394E-05 -2.244221E-03
       137 -3.586058E-03 -5.076355E-06 -1.268365E-05
       138 -3.585276E-03  4.040367E-05  2.223800E-03
       139  1.793819E-03  6.586248E-06 -4.475336E-03
       140  2.406066E-05  2.738786E-06 -4.475430E-03
       141 -1.756846E-03  1.069012E-05 -4.475094E-03
       142  1.805930E-03  3.068138E-05  4.471844E-03
       143  4.043493E-05  2.841959E-05  4.471985E-03
       144 -1.744328E-03  2.519658E-05  4.471944E-03
       145  4.993743E-03 -1.736994E-04 -3.067866E-03
       146  4.996517E-03  1.030194E-05 -1.124566E-04
       147  4.993296E-03  1.934476E-04  2.898759E-03
       148 -5.010002E-03  2.207007E-04 -3.117909E-03
       149 -5.005417E-03  1.934388E-05 -5.830884E-05
       150 -5.008873E-03 -1.821730E-04  3.028165E-03
       151  2.500588E-03 -6.058140E-05 -5.995628E-03
       152 -8.112552E-05  5.299647E-05 -5.996883E-03
       153 -2.625449E-03  1.473656E-04 -5.993707E-03
       154  2.392286E-03  1.536592E-04  6.004337E-03
       155 -1.203057E-04  6.734002E-05  6.001731E-03
       156 -2.576096E-03 -4.388378E-05  6.002191E-03
       157  1.204169E-06  9.853232E-05 -8.622202E-04
       158  8.044242E-05  3.053323E-04 -2.184384E-03
       159 -2.202062E-04  2.181701E-04 -1.945772E-03
       160  1.330474E-04 -1.340361E-04 -1.088570E-03
       161  2.291132E-04 -3.517782E-04 -2.466785E-03
       162  4.689433E-04 -2.270335E-04 -2.064874E-03
       163 -2.460046E-04 -1.211549E-04  1.015704E-03
       164 -5.707157E-04 -3.523729E-04  2.463792E-03
       165 -7.153109E-04 -2.360044E-04  2.087912E-03
       166  8.370336E-05  1.064992E-04  9.066291E-04
       167  1.880692E-04  3.065821E-04  2.189729E-03
       168  4.608237E-04  2.102408E-04  1.909638E-03
       169 -1.023624E-03  3.275702E-04  1.563086E-04
       170 -1.206456E-03  4.081311E-04  4.465408E-04
       171  3.268763E-04  1.038425E-04  8.366536E-04
       172 -8.413455E-04 -2.747935E-04  4.012340E-06
       173 -9.068218E-04 -3.268817E-04 -4.173448E-04
       174  4.780086E-04 -5.617361E-05 -1.014606E-03
       175  8.757092E-04 -2.839260E-04 -1.139611E-04
       176  8.911241E-04 -3.217445E-04  1.513853E-04
       177 -5.368825E-04 -4.079638E-05  7.604673E-04
       178  9.241284E-04  2.986499E-04 -1.829204E-05
       179  1.097730E-03  3.789479E-04 -2.476396E-04
       180 -3.150300E-04  1.025084E-04 -7.095521E-04
       181  4.982932E-04  3.872199E-05 -1.645623E-03
       182  5.667055E-05  2.208322E-04 -2.829958E-03
       183 -7.309517E-04  1.899321E-04 -2.843979E-03
       184 -6.067750E-04 -3.844289E-05 -1.773816E-03
       185  8.752151E-05 -2.168006E-04 -2.935571E-03
       186  9.946261E-04 -1.836355E-04 -2.952268E-03
       187  4.729686E-04 -5.714552E-05  1.858330E-03
       188 -3.293153E-04 -2.566176E-04  3.141796E-03
       189 -1.121139E-03 -1.965283E-04  3.022960E-03
       190 -3.455185E-04  6.275769E-05  1.765123E-03
       191  2.858820E-04  2.445779E-04  2.946081E-03
       192  9.786096E-04  1.998505E-04  2.899111E-03
       193  2.728945E-04  2.530791E-04 -1.409670E-04
       194  2.270331E-04  2.990563E-04  7.695301E-04
       195  1.403209E-03  7.368835E-05  1.517613E-03
       196  4.305062E-04 -1.922667E-04  3.342823E-04
       197  4.248524E-04 -2.284584E-04 -6.930179E-04
       198  1.505935E-03 -2.475738E-05 -1.634577E-03
       199 -4.824036E-04 -1.737685E-04 -5.316680E-04
       200 -5.248219E-04 -1.982003E-04  3.499804E-04
       201 -1.565872E-03 -3.315772E-06  1.367277E-03
       202 -2.995568E-04  2.465710E-04  3.770891E-04
       203 -2.895294E-04  2.843460E-04 -4.087180E-04
       204 -1.413563E-03  7.077272E-05 -1.281663E-03
       205  9.850897E-04  5.235098E-05 -2.749915E-03
       206  1.834333E-04  2.376148E-04 -3.952192E-03
       207 -1.046036E-03  2.040960E-04 -3.955100E-03
       208 -1.002694E-03 -4.134721E-05 -2.892937E-03
       209  7.070413E-05 -2.221884E-04 -4.068131E-03
       210  1.366052E-03 -1.844946E-04 -4.064632E-03
       211  9.205561E-04 -5.344829E-05  2.933332E-03
       212 -2.500782E-04 -2.524893E-04  4.213993E-03
       213 -1.461377E-03 -1.919044E-04  4.092595E-03
       214 -8.083335E-04  7.612480E-05  2.853139E-03
       215  1.687366E-04  2.576177E-04  4.032870E-03
       216  1.282193E-03  2.106870E-04  3.976683E-03
       217  1.068829E-03  2.848102E-04 -6.561275E-04
       218  9.966663E-04  3.374884E-04  8.249511E-04
       219  2.229672E-03  9.953925E-05  2.132540E-03
       220  1.195053E-03 -2.216013E-04  8.199850E-04
       221  1.217300E-03 -2.500397E-04 -7.995574E-04
       222  2.397172E-03 -2.443968E-05 -2.291625E-03
       223 -1.213868E-03 -2.100778E-04 -1.018635E-03
       224 -1.268449E-03 -2.311161E-04  4.238525E-04
       225 -2.426934E-03 -1.036392E-05  1.978875E-03
       226 -1.105453E-03  2.786312E-04  8.160690E-04
       227 -1.079830E-03  3.200813E-04 -5.540844E-04
       228 -2.255468E-03  9.489970E-05 -1.942001E-03
       229  1.434389E-03  4.997546E-05 -3.841371E-03
       230 -1.928363E-05  2.231445E-04 -4.978522E-03
       231 -1.715719E-03  1.853696E-04 -4.964967E-03
       232 -1.593315E-03 -2.386085E-05 -3.969955E-03
       233 -1.377610E-04 -1.838362E-04 -5.029462E-03
       234  1.640682E-03 -1.429009E-04 -5.012606E-03
       235  1.513551E-03 -3.937630E-05  4.012688E-03
       236 -3.855980E-05 -2.261471E-04  5.223728E-03
       237 -1.732733E-03 -1.656391E-04  5.101782E-03
       238 -1.295010E-03  7.836814E-05  3.957614E-03
       239  3.671011E-04  2.520176E-04  5.097047E-03
       240  1.977555E-03  2.004138E-04  5.023946E-03
       241  1.945300E-03  2.900801E-04 -1.109822E-03
       242  2.079793E-03  2.896310E-04  9.485302E-04
       243  3.389458E-03  3.579489E-05  2.760757E-03
       244  2.159511E-03 -1.863922E-04  1.300535E-03
       245  2.164477E-03 -2.184061E-04 -8.241039E-04
       246  3.247897E-03 -1.308787E-05 -2.813293E-03
       247 -2.173157E-03 -1.786614E-04 -1.502026E-03
       248 -2.205662E-03 -2.047115E-04  4.824227E-04
       249 -3.273824E-03 -3.125299E-06  2.550146E-03
       250 -2.031696E-03  2.713249E-04  1.275472E-03
       251 -2.214126E-03  2.588925E-04 -6.125560E-04
       252 -3.434504E-03  2.472090E-05 -2.488531E-03
       253  2.332973E-03  1.377850E-04 -5.468619E-03
       254  2.187288E-03  5.783111E-04 -8.087305E-03
       255  1.393614E-05  5.778321E-04 -8.237102E-03
       256 -2.056248E-03 -7.590875E-05 -5.410641E-03
       257 -1.558790E-03 -3.921768E-04 -7.327804E-03
       258  4.647790E-04 -3.800706E-04 -7.424192E-03
       259  1.986820E-03 -8.130332E-05  5.430846E-03
       260  1.366275E-03 -4.049825E-04  7.391316E-03
       261 -5.824806E-04 -3.714185E-04  7.381786E-03
       262 -2.164146E-03  1.529152E-04  5.551570E-03
       263 -2.094949E-03  5.835613E-04  8.114378E-03
       264 -1.079523E-04  5.702626E-04  8.203171E-03
       265  2.678688E-03  3.128898E-04 -1.680905E-03
       266  1.457352E-03  6.607179E-04  1.781394E-03
       267  2.512331E-03  4.552441E-04  4.709436E-03
       268  2.321811E-03 -3.696693E-04  1.795721E-03
       269  1.113354E-03 -7.217600E-04 -1.357043E-03
       270  2.503890E-03 -4.491141E-04 -4.252288E-03
       271 -2.374390E-03 -3.538971E-04 -1.996351E-03
       272 -1.140183E-03 -7.130880E-04  1.074324E-03
       273 -2.442891E-03 -4.605946E-04  4.071040E-03
       274 -2.761611E-03  2.886202E-04  1.812643E-03
       275 -1.550249E-03  6.366824E-04 -1.866676E-03
       276 -2.431647E-03  4.683354E-04 -4.980515E-03

 forces (fx,fy,fz) for set RIGHT and time  0.1000000E+01

        21  1.808026E+03 -1.839464E+02 -2.488030E+03
        22  1.168073E+03  5.369750E+02  2.722163E+03
        23 -1.772660E+03  6.208084E+02 -3.470925E+02
        24 -1.213471E+03 -5.048277E+02  9.827586E+01

 internal energy (element, energy) for set ALL and time  0.1000000E+01

         1  3.109483E-03
         2  2.423279E-03
         3  2.592200E-03
         4  8.592014E-03
         5  4.971902E-03
         6  3.964984E-03
         7  1.802079E-03
         8  7.059349E-03
         9  2.057983E-03
        10  1.705705E-03
        11  1.612214E-03
        12  8.910362E-03
        13  3.836780E-03
        14  4.255838E-03
        15  3.623185E-03
        16  6.780072E-03
        17  1.121384E-02
        18  1.458077E-03
        19  1.772752E-03
        20  5.483390E-03
        21  3.503320E-03
        22  1.831445E-03
        23  1.573456E-03
        24  5.794596E-03
        25  4.869488E-03
        26  6.889470E-04
        27  7.222656E-04
        28  6.501832E-03
        29  8.985196E-03
        30  2.160717E-03
        31  2.080512E-03
        32  4.385921E-03
        33  1.097443E-02
        34  1.519512E-03
        35  1.963679E-03
        36  5.724241E-03
        37  3.664626E-03
        38  2.277172E-03
        39  1.929907E-03
        40  6.431938E-03
        41  4.838095E-03
        42  9.401567E-04
        43  8.427575E-04
        44  7.236629E-03
        45  8.563410E-03
        46  1.832896E-03
        47  1.724324E-03
        48  3.885936E-03
        49  1.080194E-02
        50  1.483204E-03
        51  1.638348E-03
        52  4.072620E-03
        53  3.834330E-03
        54  1.876831E-03
        55  1.581207E-03
        56  7.161228E-03
        57  4.716881E-03
        58  7.460312E-04
        59  8.179291E-04
        60  7.982713E-03
        61  8.074145E-03
        62  1.728794E-03
        63  1.491379E-03
        64  3.097739E-03
        65  2.281084E-02
        66  7.432992E-03
        67  4.357096E-02
        68  3.237422E-02
        69  1.089814E-02
        70  1.393438E-02
        71  3.177573E-02
        72  3.804750E-02
        73  9.495745E-03
        74  6.084618E-03
        75  2.776892E-02
        76  4.442889E-02
        77  1.788296E-02
        78  8.089499E-03
        79  3.200829E-02
        80  2.745768E-02
        81  1.229864E-03
        82  9.508271E-05
        83  2.862071E-04
        84  3.594265E-03
        85  4.397131E-04
        86  3.397110E-05
        87  4.633779E-05
        88  5.925089E-04
        89  1.000247E-03
        90  8.005517E-05
        91  2.754534E-05
        92  3.717568E-04
        93  2.988657E-03
        94  2.460840E-04
        95  3.943611E-05
        96  5.159454E-04
        97  1.939959E-03
        98  2.262948E-04
        99  1.852018E-04
       100  7.942950E-04
       101  1.571288E-03
       102  1.289770E-04
       103  3.463470E-04
       104  1.891872E-03
       105  3.054108E-03
       106  4.636372E-04
       107  1.159527E-04
       108  1.758804E-03
       109  9.303278E-04
       110  1.191997E-04
       111  2.615764E-04
       112  1.744878E-03
       113  2.388075E-03
       114  2.473506E-04
       115  1.424914E-04
       116  1.134608E-03
       117  1.832949E-03
       118  1.708601E-04
       119  3.816307E-04
       120  2.377646E-03
       121  2.098134E-03
       122  3.437094E-04
       123  2.292322E-04
       124  1.240706E-03
       125  8.286019E-04
       126  2.121734E-04
       127  3.525196E-04
       128  1.495923E-03
       129  2.427600E-03
       130  2.587018E-04
       131  1.344239E-04
       132  9.779863E-04
       133  1.595170E-03
       134  1.282377E-04
       135  3.492847E-04
       136  1.968726E-03
       137  2.350923E-03
       138  3.778208E-04
       139  2.083312E-04
       140  1.311070E-03
       141  7.510659E-04
       142  1.755068E-04
       143  3.235526E-04
       144  1.477853E-03
       145  3.248654E-03
       146  2.610161E-04
       147  5.334642E-04
       148  4.468957E-03
       149  5.303229E-03
       150  1.156024E-03
       151  2.731868E-04
       152  3.390988E-03
       153  2.358984E-03
       154  6.093633E-04
       155  9.770161E-04
       156  3.385255E-03
       157  1.823943E-03
       158  5.437866E-04
       159  1.220953E-03
       160  3.494555E-03
       161  7.347662E-02
       162  1.641020E-02
       163  1.381974E-02
       164  7.273617E-02
       165  9.208590E-02
       166  1.377810E-02
       167  1.326367E-02
       168  7.099791E-02
       169  4.524275E-02
       170  1.702518E-02
       171  2.111490E-02
       172  7.763329E-02
       173  7.208220E-02
       174  2.091561E-02
       175  1.826619E-02
       176  4.370913E-02
       177  2.224582E-01
       178  1.676499E-01
       179  1.767430E-01
       180  2.027539E-01
       181  2.565763E-01
       182  1.619479E-01
       183  1.721046E-01
       184  1.756850E-01
       185  2.459949E-01
       186  1.532475E-01
       187  1.695343E-01
       188  2.269654E-01
       189  2.254201E-01
       190  1.530134E-01
       191  1.593305E-01
       192  1.925485E-01
       193  2.573346E-01
       194  1.805089E-01
       195  1.575370E-01
       196  2.111065E-01
       197  2.285596E-01
       198  1.780100E-01
       199  1.630012E-01
       200  2.173255E-01
       201  2.188999E-01
       202  1.886917E-01
       203  1.660820E-01
       204  2.034634E-01
       205  2.361405E-01
       206  2.061861E-01
       207  1.788612E-01
       208  2.151524E-01
       209  2.085631E-01
       210  1.558550E-01
       211  1.674112E-01
       212  1.796940E-01
       213  2.100822E-01
       214  1.497268E-01
       215  1.759975E-01
       216  1.469169E-01
       217  2.205633E-01
       218  1.487465E-01
       219  1.622082E-01
       220  1.983307E-01
       221  2.119041E-01
       222  1.410085E-01
       223  1.550120E-01
       224  1.756708E-01
       225  2.056636E-01
       226  1.499478E-01
       227  1.505501E-01
       228  2.032258E-01
       229  2.092005E-01
       230  1.523524E-01
       231  1.551214E-01
       232  2.101520E-01
       233  2.008856E-01
       234  1.653745E-01
       235  1.582273E-01
       236  1.998071E-01
       237  1.839044E-01
       238  1.644918E-01
       239  1.593158E-01
       240  1.995751E-01
       241  2.075062E-01
       242  1.570932E-01
       243  1.694436E-01
       244  1.819580E-01
       245  2.087423E-01
       246  1.486985E-01
       247  1.769738E-01
       248  1.467137E-01
       249  2.200654E-01
       250  1.475516E-01
       251  1.615087E-01
       252  1.991490E-01
       253  2.104865E-01
       254  1.416075E-01
       255  1.561767E-01
       256  1.788093E-01
       257  2.049212E-01
       258  1.505940E-01
       259  1.513695E-01
       260  2.045891E-01
       261  2.036123E-01
       262  1.503458E-01
       263  1.575104E-01
       264  2.133607E-01
       265  1.971629E-01
       266  1.664432E-01
       267  1.606184E-01
       268  2.042637E-01
       269  1.804992E-01
       270  1.627517E-01
       271  1.579133E-01
       272  1.986299E-01
       273  2.095310E-01
       274  1.591942E-01
       275  1.749206E-01
       276  1.887129E-01
       277  2.025920E-01
       278  1.460788E-01
       279  1.747868E-01
       280  1.508913E-01
       281  2.114830E-01
       282  1.430728E-01
       283  1.571118E-01
       284  1.997301E-01
       285  2.161180E-01
       286  1.450759E-01
       287  1.651555E-01
       288  1.847951E-01
       289  2.046143E-01
       290  1.567964E-01
       291  1.667470E-01
       292  2.267147E-01
       293  1.921173E-01
       294  1.411126E-01
       295  1.466981E-01
       296  1.990328E-01
       297  1.892063E-01
       298  1.588300E-01
       299  1.529589E-01
       300  1.933851E-01
       301  1.787277E-01
       302  1.671829E-01
       303  1.710710E-01
       304  2.176862E-01
       305  3.121910E-01
       306  2.302670E-01
       307  2.993049E-01
       308  1.484558E-01
       309  2.672947E-01
       310  1.947899E-01
       311  2.870531E-01
       312  1.509468E-01
       313  2.848947E-01
       314  1.892292E-01
       315  2.725770E-01
       316  1.897120E-01
       317  3.251419E-01
       318  2.356514E-01
       319  2.954391E-01
       320  1.578520E-01
       321  2.159841E-01
       322  1.641996E-01
       323  1.461405E-01
       324  1.680130E-01
       325  3.108601E-01
       326  2.144297E-01
       327  2.062694E-01
       328  2.342322E-01
       329  2.867805E-01
       330  2.204805E-01
       331  2.282212E-01
       332  2.193804E-01
       333  1.899452E-01
       334  1.820342E-01
       335  1.706893E-01
       336  1.574195E-01

 total internal energy for set ALL and time  0.1000000E+01

        3.187226E+01
