
                        S T E P       1


                                INCREMENT     1


 displacements (vx,vy,vz) for set TIP_TOP and time  0.1000000E+01

      1799  1.263142E-01 -2.757954E-03 -4.210402E+00
      1800  1.262499E-01 -2.706359E-03 -4.204224E+00
      1803  1.260759E-01 -2.589571E-03 -4.198186E+00
      1806  1.259674E-01 -2.082907E-03 -4.192707E+00
      1808  1.259518E-01 -8.193888E-04 -4.189234E+00
      1810  1.259383E-01  3.991342E-11 -4.189031E+00
      1812  1.259518E-01  8.193889E-04 -4.189234E+00
      1815  1.259674E-01  2.082907E-03 -4.192707E+00
      1818  1.260759E-01  2.589571E-03 -4.198186E+00
      1821  1.262499E-01  2.706359E-03 -4.204224E+00
      1824  1.263142E-01  2.757954E-03 -4.210402E+00

 forces (fx,fy,fz) for set CLAMP and time  0.1000000E+01

         1  4.525226E+03  5.930420E+03  1.785305E+03
         4  8.181793E+03  1.407588E-07  3.567537E+03
         5  5.891139E+03  8.874178E+03 -1.599881E+01
         8  1.039418E+04  2.499732E-07 -2.224028E+01
         9  3.769596E+03  5.562934E+03 -1.946181E+02
        12  6.593648E+03  1.991298E-07 -3.802619E+02
        13  1.871981E+03  2.716485E+03 -3.376811E+02
        16  3.261474E+03  1.455298E-07 -6.648697E+02
        17  1.141665E+01 -4.212892E+01 -3.527793E+02
        20  2.878542E+00  9.012862E-08 -6.995121E+02
        21 -1.153579E+03 -9.962318E+02 -1.253131E+03
        24 -1.581736E+03  2.668225E-08 -3.861355E+02
        26  4.525226E+03 -5.930420E+03  1.785305E+03
        28  5.891139E+03 -8.874178E+03 -1.599881E+01
        30  3.769596E+03 -5.562934E+03 -1.946181E+02
        32  1.871981E+03 -2.716485E+03 -3.376811E+02
        34  1.141665E+01  4.212892E+01 -3.527793E+02
        36 -1.153579E+03  9.962318E+02 -1.253131E+03
        37 -7.759824E+02 -5.524433E+02 -1.291264E+03
        40 -8.441439E+02 -1.473862E+02 -2.269117E+03
        41 -2.113548E+03 -1.260943E+03 -3.037948E+02
        44 -3.018300E+03 -3.374090E+02 -5.913802E+02
        45 -1.536075E+03 -7.110219E+02  1.543326E+03
        48 -2.571912E+03 -1.905407E+02  2.854819E+03
        50 -6.575750E+02 -1.443565E+02 -2.094772E+03
        52 -2.882630E+03 -3.180211E+02 -6.036694E+02
        54 -2.636676E+03 -1.735404E+02  2.758846E+03
        56 -6.022083E+02 -1.134402E+02 -2.082429E+03
        58 -2.918054E+03 -2.307232E+02 -5.941935E+02
        60 -2.741625E+03 -1.199311E+02  2.799915E+03
        62 -2.046007E+03 -9.414179E+01 -3.606456E+02
        64 -1.928522E+03 -4.475998E+01  1.958185E+03
        66 -1.099567E+03  1.250389E-08 -1.806431E+02
        68 -1.037717E+03  9.390978E-09  1.056284E+03
        70 -2.046007E+03  9.414179E+01 -3.606456E+02
        72 -1.928522E+03  4.475998E+01  1.958185E+03
        74 -6.022083E+02  1.134402E+02 -2.082429E+03
        76 -2.918054E+03  2.307232E+02 -5.941935E+02
        78 -2.741625E+03  1.199311E+02  2.799915E+03
        80 -6.575750E+02  1.443565E+02 -2.094772E+03
        82 -2.882630E+03  3.180211E+02 -6.036694E+02
        84 -2.636676E+03  1.735404E+02  2.758846E+03
        86 -8.441439E+02  1.473862E+02 -2.269117E+03
        88 -3.018300E+03  3.374090E+02 -5.913802E+02
        90 -2.571912E+03  1.905407E+02  2.854819E+03
        92 -7.759824E+02  5.524433E+02 -1.291264E+03
        94 -2.113548E+03  1.260943E+03 -3.037948E+02
        96 -1.536075E+03  7.110219E+02  1.543326E+03

 internal energy (element, energy) for set EALL and time  0.1000000E+01

         1  5.668091E+01
         2  2.447645E+01
         3  8.623920E+00
         4  1.354343E+00
         5  1.492571E+00
         6  5.668091E+01
         7  2.447645E+01
         8  8.623920E+00
         9  1.354343E+00
        10  1.492571E+00
        11  4.189855E+00
        12  6.265757E+00
        13  3.492642E+00
        14  5.537280E+00
        15  3.345036E+00
        16  5.465063E+00
        17  3.474095E+00
        18  5.602389E+00
        19  1.301075E+00
        20  2.077975E+00
        21  1.301075E+00
        22  2.077975E+00
        23  3.474095E+00
        24  5.602389E+00
        25  3.345036E+00
        26  5.465063E+00
        27  3.492642E+00
        28  5.537280E+00
        29  4.189855E+00
        30  6.265757E+00
        31  5.761107E+01
        32  3.088605E+01
        33  1.126674E+01
        34  2.034539E+00
        35  2.177460E+00
        36  5.761107E+01
        37  3.088605E+01
        38  1.126674E+01
        39  2.034539E+00
        40  2.177460E+00
        41  3.891787E+00
        42  5.852793E+00
        43  4.258535E+00
        44  6.283076E+00
        45  4.284267E+00
        46  6.295468E+00
        47  4.375706E+00
        48  6.360199E+00
        49  1.607276E+00
        50  2.326851E+00
        51  1.607276E+00
        52  2.326851E+00
        53  4.375706E+00
        54  6.360199E+00
        55  4.284267E+00
        56  6.295468E+00
        57  4.258535E+00
        58  6.283076E+00
        59  3.891787E+00
        60  5.852793E+00
        61  5.410890E+01
        62  2.919548E+01
        63  1.165736E+01
        64  2.316416E+00
        65  2.127922E+00
        66  5.410890E+01
        67  2.919548E+01
        68  1.165736E+01
        69  2.316416E+00
        70  2.127922E+00
        71  3.887431E+00
        72  5.685455E+00
        73  4.143098E+00
        74  5.993383E+00
        75  4.276069E+00
        76  6.173717E+00
        77  4.283104E+00
        78  6.214943E+00
        79  1.545360E+00
        80  2.253511E+00
        81  1.545360E+00
        82  2.253511E+00
        83  4.283104E+00
        84  6.214943E+00
        85  4.276069E+00
        86  6.173717E+00
        87  4.143098E+00
        88  5.993383E+00
        89  3.887431E+00
        90  5.685455E+00
        91  4.951220E+01
        92  2.713392E+01
        93  1.139371E+01
        94  2.361547E+00
        95  1.758748E+00
        96  4.951220E+01
        97  2.713392E+01
        98  1.139371E+01
        99  2.361547E+00
       100  1.758748E+00
       101  3.942259E+00
       102  5.647484E+00
       103  3.965295E+00
       104  5.690212E+00
       105  3.953548E+00
       106  5.690888E+00
       107  3.867647E+00
       108  5.601637E+00
       109  1.378601E+00
       110  2.006159E+00
       111  1.378601E+00
       112  2.006159E+00
       113  3.867647E+00
       114  5.601637E+00
       115  3.953548E+00
       116  5.690888E+00
       117  3.965295E+00
       118  5.690212E+00
       119  3.942259E+00
       120  5.647484E+00
       121  4.193339E+01
       122  2.611961E+01
       123  1.166462E+01
       124  2.486652E+00
       125  1.397982E+00
       126  4.193339E+01
       127  2.611961E+01
       128  1.166462E+01
       129  2.486652E+00
       130  1.397982E+00
       131  3.823494E+00
       132  5.469887E+00
       133  3.753821E+00
       134  5.385586E+00
       135  3.640055E+00
       136  5.239902E+00
       137  3.456878E+00
       138  5.029300E+00
       139  1.208271E+00
       140  1.780791E+00
       141  1.208271E+00
       142  1.780791E+00
       143  3.456878E+00
       144  5.029300E+00
       145  3.640055E+00
       146  5.239902E+00
       147  3.753821E+00
       148  5.385586E+00
       149  3.823494E+00
       150  5.469887E+00
       151  3.741340E+01
       152  2.619861E+01
       153  1.217557E+01
       154  2.711250E+00
       155  1.235304E+00
       156  3.741340E+01
       157  2.619861E+01
       158  1.217557E+01
       159  2.711250E+00
       160  1.235304E+00
       161  3.732054E+00
       162  5.368371E+00
       163  3.629264E+00
       164  5.240490E+00
       165  3.476265E+00
       166  5.042831E+00
       167  3.256397E+00
       168  4.781384E+00
       169  1.121657E+00
       170  1.680120E+00
       171  1.121657E+00
       172  1.680120E+00
       173  3.256397E+00
       174  4.781384E+00
       175  3.476265E+00
       176  5.042831E+00
       177  3.629264E+00
       178  5.240490E+00
       179  3.732054E+00
       180  5.368371E+00
       181  4.011477E+01
       182  2.633946E+01
       183  1.219446E+01
       184  2.850528E+00
       185  1.262744E+00
       186  4.011477E+01
       187  2.633946E+01
       188  1.219446E+01
       189  2.850528E+00
       190  1.262744E+00
       191  3.670954E+00
       192  5.398324E+00
       193  3.566875E+00
       194  5.275351E+00
       195  3.413665E+00
       196  5.087814E+00
       197  3.220999E+00
       198  4.843075E+00
       199  1.108553E+00
       200  1.702139E+00
       201  1.108553E+00
       202  1.702139E+00
       203  3.220999E+00
       204  4.843075E+00
       205  3.413665E+00
       206  5.087814E+00
       207  3.566875E+00
       208  5.275351E+00
       209  3.670954E+00
       210  5.398324E+00
       211  4.647335E+01
       212  2.716292E+01
       213  1.220277E+01
       214  2.966546E+00
       215  1.364710E+00
       216  4.647335E+01
       217  2.716292E+01
       218  1.220277E+01
       219  2.966546E+00
       220  1.364710E+00
       221  3.638978E+00
       222  5.586701E+00
       223  3.552054E+00
       224  5.484368E+00
       225  3.425337E+00
       226  5.334281E+00
       227  3.296829E+00
       228  5.139443E+00
       229  1.143005E+00
       230  1.814692E+00
       231  1.143005E+00
       232  1.814692E+00
       233  3.296829E+00
       234  5.139443E+00
       235  3.425337E+00
       236  5.334281E+00
       237  3.552054E+00
       238  5.484368E+00
       239  3.638978E+00
       240  5.586701E+00
       241  5.146504E+01
       242  2.935490E+01
       243  1.295385E+01
       244  3.269413E+00
       245  1.451766E+00
       246  5.146504E+01
       247  2.935490E+01
       248  1.295385E+01
       249  3.269413E+00
       250  1.451766E+00
       251  3.621596E+00
       252  5.940611E+00
       253  3.564401E+00
       254  5.854890E+00
       255  3.481944E+00
       256  5.741605E+00
       257  3.430827E+00
       258  5.598411E+00
       259  1.200710E+00
       260  1.987268E+00
       261  1.200710E+00
       262  1.987268E+00
       263  3.430827E+00
       264  5.598411E+00
       265  3.481944E+00
       266  5.741605E+00
       267  3.564401E+00
       268  5.854890E+00
       269  3.621596E+00
       270  5.940611E+00
       271  5.611437E+01
       272  3.215113E+01
       273  1.430401E+01
       274  3.760557E+00
       275  1.498706E+00
       276  5.611437E+01
       277  3.215113E+01
       278  1.430401E+01
       279  3.760557E+00
       280  1.498706E+00
       281  3.602153E+00
       282  6.462114E+00
       283  3.581933E+00
       284  6.386028E+00
       285  3.554357E+00
       286  6.302223E+00
       287  3.586704E+00
       288  6.204803E+00
       289  1.270876E+00
       290  2.213976E+00
       291  1.270876E+00
       292  2.213976E+00
       293  3.586704E+00
       294  6.204803E+00
       295  3.554357E+00
       296  6.302223E+00
       297  3.581933E+00
       298  6.386028E+00
       299  3.602153E+00
       300  6.462114E+00
       301  6.174948E+01
       302  3.574274E+01
       303  1.621076E+01
       304  4.453148E+00
       305  1.536616E+00
       306  6.174948E+01
       307  3.574274E+01
       308  1.621076E+01
       309  4.453148E+00
       310  1.536616E+00
       311  3.616619E+00
       312  7.185053E+00
       313  3.636677E+00
       314  7.131654E+00
       315  3.669037E+00
       316  7.090659E+00
       317  3.789342E+00
       318  7.050669E+00
       319  1.367658E+00
       320  2.530977E+00
       321  1.367658E+00
       322  2.530977E+00
       323  3.789342E+00
       324  7.050669E+00
       325  3.669037E+00
       326  7.090659E+00
       327  3.636677E+00
       328  7.131654E+00
       329  3.616619E+00
       330  7.185053E+00
       331  7.125798E+01
       332  4.189194E+01
       333  1.930788E+01
       334  5.484405E+00
       335  1.651958E+00
       336  7.125798E+01
       337  4.189194E+01
       338  1.930788E+01
       339  5.484405E+00
       340  1.651958E+00
       341  3.841692E+00
       342  8.250448E+00
       343  3.907581E+00
       344  8.271329E+00
       345  4.011158E+00
       346  8.336368E+00
       347  4.231828E+00
       348  8.420534E+00
       349  1.562093E+00
       350  3.052457E+00
       351  1.562093E+00
       352  3.052457E+00
       353  4.231828E+00
       354  8.420534E+00
       355  4.011158E+00
       356  8.336368E+00
       357  3.907581E+00
       358  8.271329E+00
       359  3.841692E+00
       360  8.250448E+00
       361  8.399063E+01
       362  4.948053E+01
       363  2.238867E+01
       364  6.370422E+00
       365  1.663907E+00
       366  8.399063E+01
       367  4.948053E+01
       368  2.238867E+01
       369  6.370422E+00
       370  1.663907E+00
       371  4.080450E+00
       372  9.413526E+00
       373  4.200238E+00
       374  9.581135E+00
       375  4.393372E+00
       376  9.859710E+00
       377  4.751568E+00
       378  1.021159E+01
       379  1.799823E+00
       380  3.763615E+00
       381  1.799823E+00
       382  3.763615E+00
       383  4.751568E+00
       384  1.021159E+01
       385  4.393372E+00
       386  9.859710E+00
       387  4.200238E+00
       388  9.581135E+00
       389  4.080450E+00
       390  9.413526E+00
       391  1.067332E+02
       392  5.604163E+01
       393  2.401246E+01
       394  6.666009E+00
       395  1.483897E+00
       396  1.067332E+02
       397  5.604163E+01
       398  2.401246E+01
       399  6.666009E+00
       400  1.483897E+00
       401  4.321277E+00
       402  1.052328E+01
       403  4.493921E+00
       404  1.086799E+01
       405  4.785045E+00
       406  1.143204E+01
       407  5.293583E+00
       408  1.219809E+01
       409  2.033408E+00
       410  4.591176E+00
       411  2.033408E+00
       412  4.591176E+00
       413  5.293583E+00
       414  1.219809E+01
       415  4.785045E+00
       416  1.143204E+01
       417  4.493921E+00
       418  1.086799E+01
       419  4.321277E+00
       420  1.052328E+01
       421  1.238896E+02
       422  5.971367E+01
       423  2.500545E+01
       424  6.966499E+00
       425  1.399999E+00
       426  1.238896E+02
       427  5.971367E+01
       428  2.500545E+01
       429  6.966499E+00
       430  1.399999E+00
       431  4.531996E+00
       432  1.138775E+01
       433  4.730708E+00
       434  1.183098E+01
       435  5.076553E+00
       436  1.256149E+01
       437  5.647326E+00
       438  1.357736E+01
       439  2.156604E+00
       440  5.158483E+00
       441  2.156604E+00
       442  5.158483E+00
       443  5.647326E+00
       444  1.357736E+01
       445  5.076553E+00
       446  1.256149E+01
       447  4.730708E+00
       448  1.183098E+01
       449  4.531996E+00
       450  1.138775E+01
       451  1.145401E+02
       452  6.157078E+01
       453  2.727286E+01
       454  8.178743E+00
       455  1.737254E+00
       456  1.145401E+02
       457  6.157078E+01
       458  2.727286E+01
       459  8.178743E+00
       460  1.737254E+00
       461  4.666097E+00
       462  1.184961E+01
       463  4.842294E+00
       464  1.223380E+01
       465  5.148566E+00
       466  1.285641E+01
       467  5.637304E+00
       468  1.367285E+01
       469  2.131496E+00
       470  5.134797E+00
       471  2.131496E+00
       472  5.134797E+00
       473  5.637304E+00
       474  1.367285E+01
       475  5.148566E+00
       476  1.285641E+01
       477  4.842294E+00
       478  1.223380E+01
       479  4.666097E+00
       480  1.184961E+01
       481  1.019945E+02
       482  5.935288E+01
       483  2.799974E+01
       484  9.018832E+00
       485  2.091588E+00
       486  1.019945E+02
       487  5.935288E+01
       488  2.799974E+01
       489  9.018832E+00
       490  2.091588E+00
       491  4.686007E+00
       492  1.184772E+01
       493  4.803185E+00
       494  1.206486E+01
       495  5.007077E+00
       496  1.242005E+01
       497  5.340583E+00
       498  1.284081E+01
       499  1.989132E+00
       500  4.727348E+00
       501  1.989132E+00
       502  4.727348E+00
       503  5.340583E+00
       504  1.284081E+01
       505  5.007077E+00
       506  1.242005E+01
       507  4.803185E+00
       508  1.206486E+01
       509  4.686007E+00
       510  1.184772E+01
       511  9.507316E+01
       512  5.541593E+01
       513  2.667415E+01
       514  8.891025E+00
       515  2.171188E+00
       516  9.507316E+01
       517  5.541593E+01
       518  2.667415E+01
       519  8.891025E+00
       520  2.171188E+00
       521  4.585813E+00
       522  1.144465E+01
       523  4.644492E+00
       524  1.150865E+01
       525  4.755400E+00
       526  1.164607E+01
       527  4.967561E+00
       528  1.179835E+01
       529  1.820830E+00
       530  4.284120E+00
       531  1.820830E+00
       532  4.284120E+00
       533  4.967561E+00
       534  1.179835E+01
       535  4.755400E+00
       536  1.164607E+01
       537  4.644492E+00
       538  1.150865E+01
       539  4.585813E+00
       540  1.144465E+01
       541  8.870866E+01
       542  5.162158E+01
       543  2.487676E+01
       544  8.384393E+00
       545  2.116187E+00
       546  8.870866E+01
       547  5.162158E+01
       548  2.487676E+01
       549  8.384393E+00
       550  2.116187E+00
       551  4.391518E+00
       552  1.078572E+01
       553  4.416963E+00
       554  1.077621E+01
       555  4.475613E+00
       556  1.081480E+01
       557  4.628032E+00
       558  1.086171E+01
       559  1.679055E+00
       560  3.920721E+00
       561  1.679055E+00
       562  3.920721E+00
       563  4.628032E+00
       564  1.086171E+01
       565  4.475613E+00
       566  1.081480E+01
       567  4.416963E+00
       568  1.077621E+01
       569  4.391518E+00
       570  1.078572E+01
       571  8.218750E+01
       572  4.785690E+01
       573  2.310221E+01
       574  7.848151E+00
       575  2.047859E+00
       576  8.218750E+01
       577  4.785690E+01
       578  2.310221E+01
       579  7.848151E+00
       580  2.047859E+00
       581  4.140423E+00
       582  1.001451E+01
       583  4.156350E+00
       584  9.994870E+00
       585  4.195223E+00
       586  1.001346E+01
       587  4.327915E+00
       588  1.003884E+01
       589  1.562958E+00
       590  3.616808E+00
       591  1.562958E+00
       592  3.616808E+00
       593  4.327915E+00
       594  1.003884E+01
       595  4.195223E+00
       596  1.001346E+01
       597  4.156350E+00
       598  9.994870E+00
       599  4.140423E+00
       600  1.001451E+01
       601  7.560373E+01
       602  4.406569E+01
       603  2.132683E+01
       604  7.314014E+00
       605  1.981705E+00
       606  7.560373E+01
       607  4.406569E+01
       608  2.132683E+01
       609  7.314014E+00
       610  1.981705E+00
       611  3.862256E+00
       612  9.219149E+00
       613  3.879661E+00
       614  9.212701E+00
       615  3.914237E+00
       616  9.238723E+00
       617  4.042803E+00
       618  9.265304E+00
       619  1.457076E+00
       620  3.334853E+00
       621  1.457076E+00
       622  3.334853E+00
       623  4.042803E+00
       624  9.265304E+00
       625  3.914237E+00
       626  9.238723E+00
       627  3.879661E+00
       628  9.212701E+00
       629  3.862256E+00
       630  9.219149E+00
       631  6.902283E+01
       632  4.027148E+01
       633  1.954508E+01
       634  6.772228E+00
       635  1.910533E+00
       636  6.902283E+01
       637  4.027148E+01
       638  1.954508E+01
       639  6.772228E+00
       640  1.910533E+00
       641  3.573431E+00
       642  8.433812E+00
       643  3.594123E+00
       644  8.440184E+00
       645  3.629087E+00
       646  8.475589E+00
       647  3.758005E+00
       648  8.505366E+00
       649  1.353031E+00
       650  3.058351E+00
       651  1.353031E+00
       652  3.058351E+00
       653  3.758005E+00
       654  8.505366E+00
       655  3.629087E+00
       656  8.475589E+00
       657  3.594123E+00
       658  8.440184E+00
       659  3.573431E+00
       660  8.433812E+00
       661  6.248143E+01
       662  3.649294E+01
       663  1.776457E+01
       664  6.224688E+00
       665  1.832746E+00
       666  6.248143E+01
       667  3.649294E+01
       668  1.776457E+01
       669  6.224688E+00
       670  1.832746E+00
       671  3.280471E+00
       672  7.664028E+00
       673  3.303214E+00
       674  7.677220E+00
       675  3.339107E+00
       676  7.717988E+00
       677  3.469517E+00
       678  7.749615E+00
       679  1.248405E+00
       680  2.783534E+00
       681  1.248405E+00
       682  2.783534E+00
       683  3.469517E+00
       684  7.749615E+00
       685  3.339107E+00
       686  7.717988E+00
       687  3.303214E+00
       688  7.677220E+00
       689  3.280471E+00
       690  7.664028E+00
       691  5.600933E+01
       692  3.274994E+01
       693  1.599613E+01
       694  5.675872E+00
       695  1.749358E+00
       696  5.600933E+01
       697  3.274994E+01
       698  1.599613E+01
       699  5.675872E+00
       700  1.749358E+00
       701  2.985324E+00
       702  6.906889E+00
       703  3.008924E+00
       704  6.922637E+00
       705  3.045386E+00
       706  6.965578E+00
       707  3.177517E+00
       708  6.997904E+00
       709  1.142846E+00
       710  2.510276E+00
       711  1.142846E+00
       712  2.510276E+00
       713  3.177517E+00
       714  6.997904E+00
       715  3.045386E+00
       716  6.965578E+00
       717  3.008924E+00
       718  6.922637E+00
       719  2.985324E+00
       720  6.906889E+00
       721  4.964033E+01
       722  2.906331E+01
       723  1.425073E+01
       724  5.129932E+00
       725  1.661414E+00
       726  4.964033E+01
       727  2.906331E+01
       728  1.425073E+01
       729  5.129932E+00
       730  1.661414E+00
       731  2.688716E+00
       732  6.159906E+00
       733  2.712614E+00
       734  6.176407E+00
       735  2.749381E+00
       736  6.220107E+00
       737  2.883268E+00
       738  6.252659E+00
       739  1.036610E+00
       740  2.239439E+00
       741  1.036610E+00
       742  2.239439E+00
       743  2.883268E+00
       744  6.252659E+00
       745  2.749381E+00
       746  6.220107E+00
       747  2.712614E+00
       748  6.176407E+00
       749  2.688716E+00
       750  6.159906E+00
       751  4.341201E+01
       752  2.545518E+01
       753  1.253918E+01
       754  4.590485E+00
       755  1.569705E+00
       756  4.341201E+01
       757  2.545518E+01
       758  1.253918E+01
       759  4.590485E+00
       760  1.569705E+00
       761  2.391445E+00
       762  5.423105E+00
       763  2.415528E+00
       764  5.440137E+00
       765  2.452596E+00
       766  5.484521E+00
       767  2.588330E+00
       768  5.517467E+00
       769  9.302001E-01
       770  1.972352E+00
       771  9.302001E-01
       772  1.972352E+00
       773  2.588330E+00
       774  5.517467E+00
       775  2.452596E+00
       776  5.484521E+00
       777  2.415528E+00
       778  5.440137E+00
       779  2.391445E+00
       780  5.423105E+00
       781  3.736555E+01
       782  2.194941E+01
       783  1.087279E+01
       784  4.061149E+00
       785  1.474963E+00
       786  3.736555E+01
       787  2.194941E+01
       788  1.087279E+01
       789  4.061149E+00
       790  1.474963E+00
       791  2.094720E+00
       792  4.698912E+00
       793  2.119109E+00
       794  4.717122E+00
       795  2.156693E+00
       796  4.762936E+00
       797  2.294518E+00
       798  4.796887E+00
       799  8.242912E-01
       800  1.710690E+00
       801  8.242912E-01
       802  1.710690E+00
       803  2.294518E+00
       804  4.796887E+00
       805  2.156693E+00
       806  4.762936E+00
       807  2.119109E+00
       808  4.717122E+00
       809  2.094720E+00
       810  4.698912E+00
       811  3.154622E+01
       812  1.857205E+01
       813  9.263923E+00
       814  3.545934E+00
       815  1.378149E+00
       816  3.154622E+01
       817  1.857205E+01
       818  9.263923E+00
       819  3.545934E+00
       820  1.378149E+00
       821  1.800314E+00
       822  3.991986E+00
       823  1.825223E+00
       824  4.012385E+00
       825  1.863700E+00
       826  4.060761E+00
       827  2.004065E+00
       828  4.096536E+00
       829  7.197459E-01
       830  1.456477E+00
       831  7.197459E-01
       832  1.456477E+00
       833  2.004065E+00
       834  4.096536E+00
       835  1.863700E+00
       836  4.060761E+00
       837  1.825223E+00
       838  4.012385E+00
       839  1.800314E+00
       840  3.991986E+00
       841  2.600321E+01
       842  1.535141E+01
       843  7.726194E+00
       844  3.049604E+00
       845  1.280799E+00
       846  2.600321E+01
       847  1.535141E+01
       848  7.726194E+00
       849  3.049604E+00
       850  1.280799E+00
       851  1.510903E+00
       852  3.309808E+00
       853  1.536502E+00
       854  3.333114E+00
       855  1.576282E+00
       856  3.384924E+00
       857  1.719847E+00
       858  3.423187E+00
       859  6.176513E-01
       860  1.212093E+00
       861  6.176513E-01
       862  1.212093E+00
       863  1.719847E+00
       864  3.423187E+00
       865  1.576282E+00
       866  3.384924E+00
       867  1.536502E+00
       868  3.333114E+00
       869  1.510903E+00
       870  3.309808E+00
       871  2.078811E+01
       872  1.231757E+01
       873  6.274758E+00
       874  2.578223E+00
       875  1.185536E+00
       876  2.078811E+01
       877  1.231757E+01
       878  6.274758E+00
       879  2.578223E+00
       880  1.185536E+00
       881  1.230812E+00
       882  2.664181E+00
       883  1.256973E+00
       884  2.689530E+00
       885  1.298164E+00
       886  2.744153E+00
       887  1.445668E+00
       888  2.784705E+00
       889  5.193144E-01
       890  9.802155E-01
       891  5.193144E-01
       892  9.802155E-01
       893  1.445668E+00
       894  2.784705E+00
       895  1.298164E+00
       896  2.744153E+00
       897  1.256973E+00
       898  2.689530E+00
       899  1.230812E+00
       900  2.664181E+00
       901  1.595250E+01
       902  9.501867E+00
       903  4.926597E+00
       904  2.139771E+00
       905  1.096662E+00
       906  1.595250E+01
       907  9.501867E+00
       908  4.926597E+00
       909  2.139771E+00
       910  1.096662E+00
       911  9.672716E-01
       912  2.072919E+00
       913  9.930522E-01
       914  2.095607E+00
       915  1.034780E+00
       916  2.148801E+00
       917  1.186660E+00
       918  2.189546E+00
       919  4.262010E-01
       920  7.636552E-01
       921  4.262010E-01
       922  7.636552E-01
       923  1.186660E+00
       924  2.189546E+00
       925  1.034780E+00
       926  2.148801E+00
       927  9.930522E-01
       928  2.095607E+00
       929  9.672716E-01
       930  2.072919E+00
       931  1.155025E+01
       932  6.938162E+00
       933  3.700881E+00
       934  1.744231E+00
       935  1.020449E+00
       936  1.155025E+01
       937  6.938162E+00
       938  3.700881E+00
       939  1.744231E+00
       940  1.020449E+00
       941  7.321082E-01
       942  1.560205E+00
       943  7.550035E-01
       944  1.568068E+00
       945  7.942198E-01
       946  1.609054E+00
       947  9.495307E-01
       948  1.644918E+00
       949  3.397295E-01
       950  5.648406E-01
       951  3.397295E-01
       952  5.648406E-01
       953  9.495307E-01
       954  1.644918E+00
       955  7.942198E-01
       956  1.609054E+00
       957  7.550035E-01
       958  1.568068E+00
       959  7.321082E-01
       960  1.560205E+00
       961  7.651429E+00
       962  4.669061E+00
       963  2.620188E+00
       964  1.402885E+00
       965  9.634815E-01
       966  7.651429E+00
       967  4.669061E+00
       968  2.620188E+00
       969  1.402885E+00
       970  9.634815E-01
       971  5.457780E-01
       972  1.152731E+00
       973  5.601164E-01
       974  1.121996E+00
       975  5.890368E-01
       976  1.131354E+00
       977  7.427950E-01
       978  1.155045E+00
       979  2.611035E-01
       980  3.855092E-01
       981  2.611035E-01
       982  3.855092E-01
       983  7.427950E-01
       984  1.155045E+00
       985  5.890368E-01
       986  1.131354E+00
       987  5.601164E-01
       988  1.121996E+00
       989  5.457780E-01
       990  1.152731E+00
       991  4.357539E+00
       992  2.766322E+00
       993  1.727268E+00
       994  1.128173E+00
       995  9.233889E-01
       996  4.357539E+00
       997  2.766322E+00
       998  1.727268E+00
       999  1.128173E+00
      1000  9.233889E-01
      1001  4.435296E-01
      1002  8.688320E-01
      1003  4.442478E-01
      1004  7.717492E-01
      1005  4.475108E-01
      1006  7.252031E-01
      1007  5.834875E-01
      1008  7.282968E-01
      1009  1.910033E-01
      1010  2.305218E-01
      1011  1.910033E-01
      1012  2.305218E-01
      1013  5.834875E-01
      1014  7.282968E-01
      1015  4.475108E-01
      1016  7.252031E-01
      1017  4.442478E-01
      1018  7.717492E-01
      1019  4.435296E-01
      1020  8.688320E-01
      1021  1.804758E+00
      1022  1.339092E+00
      1023  1.081454E+00
      1024  9.222618E-01
      1025  8.639386E-01
      1026  1.804758E+00
      1027  1.339092E+00
      1028  1.081454E+00
      1029  9.222618E-01
      1030  8.639386E-01
      1031  4.520960E-01
      1032  6.685289E-01
      1033  4.673396E-01
      1034  5.383686E-01
      1035  4.494208E-01
      1036  4.577071E-01
      1037  5.620331E-01
      1038  4.502487E-01
      1039  1.328907E-01
      1040  1.416453E-01
      1041  1.328907E-01
      1042  1.416453E-01
      1043  5.620331E-01
      1044  4.502487E-01
      1045  4.494208E-01
      1046  4.577071E-01
      1047  4.673396E-01
      1048  5.383686E-01
      1049  4.520960E-01
      1050  6.685289E-01
      1051  3.504472E-01
      1052  4.566757E-01
      1053  5.985441E-01
      1054  7.183887E-01
      1055  8.645946E-01
      1056  3.504472E-01
      1057  4.566757E-01
      1058  5.985441E-01
      1059  7.183887E-01
      1060  8.645946E-01
      1061  4.342619E-01
      1062  4.309189E-01
      1063  5.092814E-01
      1064  3.643241E-01
      1065  6.207432E-01
      1066  4.455481E-01
      1067  1.085901E+00
      1068  7.603931E-01
      1069  1.265560E-01
      1070  4.175992E-01
      1071  1.265560E-01
      1072  4.175992E-01
      1073  1.085901E+00
      1074  7.603931E-01
      1075  6.207432E-01
      1076  4.455481E-01
      1077  5.092814E-01
      1078  3.643241E-01
      1079  4.342619E-01
      1080  4.309189E-01
      1081  5.664479E-03
      1082  2.579487E-02
      1083  8.282431E-02
      1084  2.266020E-01
      1085  5.736253E-01
      1086  5.664479E-03
      1087  2.579487E-02
      1088  8.282431E-02
      1089  2.266020E-01
      1090  5.736253E-01
      1091  1.840379E-01
      1092  2.359277E-01
      1093  2.284525E-01
      1094  2.131222E-01
      1095  3.814016E-01
      1096  4.265371E-01
      1097  1.280126E+00
      1098  1.212485E+00
      1099  1.316410E-01
      1100  9.074135E-01
      1101  1.316410E-01
      1102  9.074135E-01
      1103  1.280126E+00
      1104  1.212485E+00
      1105  3.814016E-01
      1106  4.265371E-01
      1107  2.284525E-01
      1108  2.131222E-01
      1109  1.840379E-01
      1110  2.359277E-01
