
                        S T E P       1


                                INCREMENT     1


 displacements (vx,vy,vz) for set NALL and time  0.1000000E+01

         1  1.654361E-25 -3.308722E-25  1.654361E-25
         2 -3.308722E-25  0.000000E+00  0.000000E+00
         3  0.000000E+00  3.308722E-25  0.000000E+00
         4 -1.654361E-25  1.654361E-25  5.616556E-23
         5  1.174430E-04 -5.730267E-06 -1.466070E-04
         6  1.174801E-04  8.794966E-06  1.499803E-04
         7 -1.292909E-04  5.504073E-06 -1.457521E-04
         8 -1.293488E-04 -3.178020E-06  1.489843E-04
         9  2.761935E-04 -1.525665E-05 -6.567783E-04
        10  2.764221E-04  2.342077E-05  6.438283E-04
        11 -3.141788E-04  2.346705E-05 -6.571977E-04
        12 -3.146277E-04 -1.530819E-05  6.437685E-04
        13  2.161044E-03 -2.235519E-05 -2.724049E-03
        14  2.161103E-03  3.353957E-05  2.738818E-03
        15 -2.231764E-03  2.695434E-05 -2.722501E-03
        16 -2.234783E-03 -1.352955E-05  2.739372E-03
        17  4.026278E-03 -1.636409E-05 -4.834879E-03
        18  4.022672E-03  3.777453E-05  4.873792E-03
        19 -4.084371E-03  3.034490E-05 -4.834862E-03
        20 -4.084493E-03  1.435304E-06  4.873620E-03
        21  5.000000E-03  0.000000E+00 -6.000000E-03
        22  5.000000E-03  0.000000E+00  6.000000E-03
        23 -5.000000E-03 -2.846031E-20 -6.000000E-03
        24 -5.000000E-03  4.065758E-21  6.000000E-03
        25  2.552864E-04 -1.895694E-05 -3.400444E-04
        26  1.753820E-04  8.933616E-06  3.398194E-04
        27 -2.060478E-04  7.565336E-06 -3.397493E-04
        28 -2.699425E-04 -1.736216E-05  3.412556E-04
        29  1.477648E-03 -5.630174E-05 -1.821345E-03
        30  1.061707E-03 -9.602074E-07  1.666600E-03
        31 -9.061038E-04 -5.965327E-06 -1.639816E-03
        32 -1.505330E-03 -4.241304E-05  1.672576E-03
        33  2.372389E-03 -2.404749E-05 -2.775084E-03
        34  2.765023E-03 -3.291490E-05 -2.992959E-03
        35  3.241367E-03 -4.179160E-05 -3.330430E-03
        36  3.703432E-03 -4.550735E-05 -3.719757E-03
        37  4.063035E-03 -4.217505E-05 -4.101599E-03
        38  4.250893E-03 -3.359305E-05 -4.435235E-03
        39  4.218199E-03 -2.386796E-05 -4.693533E-03
        40  2.089045E-03  2.588601E-05  2.896865E-03
        41  2.211614E-03  1.722207E-05  3.126310E-03
        42  2.501801E-03  1.008193E-05  3.406843E-03
        43  2.895157E-03  7.268522E-06  3.734139E-03
        44  3.321770E-03  1.070497E-05  4.088603E-03
        45  3.709867E-03  1.961445E-05  4.427418E-03
        46  3.979662E-03  3.061596E-05  4.696341E-03
        47 -2.356476E-03  1.837082E-05 -2.897087E-03
        48 -2.598939E-03  1.007665E-05 -3.120856E-03
        49 -2.923252E-03  3.501154E-06 -3.384364E-03
        50 -3.275335E-03  8.799178E-07 -3.703673E-03
        51 -3.603445E-03  4.533991E-06 -4.067008E-03
        52 -3.860628E-03  1.396627E-05 -4.423414E-03
        53 -4.000494E-03  2.560230E-05 -4.699384E-03
        54 -2.456420E-03 -1.665485E-05  2.845632E-03
        55 -2.846050E-03 -2.294170E-05  3.003990E-03
        56 -3.318605E-03 -2.937510E-05  3.263715E-03
        57 -3.793172E-03 -3.239522E-05  3.616645E-03
        58 -4.182176E-03 -2.842683E-05  4.022385E-03
        59 -4.396991E-03 -1.808735E-05  4.414194E-03
        60 -4.361786E-03 -5.945300E-06  4.710251E-03
        61  4.293055E-03 -1.598300E-05 -4.965773E-03
        62  4.160183E-03 -1.919063E-05 -5.436051E-03
        63  4.362598E-03 -2.370798E-08 -6.052462E-03
        64  2.979459E-03  2.108858E-05  5.300993E-03
        65  2.392670E-03  9.808633E-06  6.099066E-03
        66  3.111417E-03  2.118662E-05  6.589779E-03
        67 -3.386843E-03  1.924223E-05 -5.114594E-03
        68 -2.783643E-03  6.397315E-06 -5.873544E-03
        69 -3.199896E-03  1.861317E-05 -6.468934E-03
        70 -4.040358E-03 -4.297111E-06  5.141447E-03
        71 -3.897947E-03 -1.094520E-05  5.633192E-03
        72 -4.296185E-03  2.492367E-06  6.091143E-03
        73  1.769820E-07 -2.504233E-07  8.966148E-08
        74  1.265030E-07  1.452251E-07 -4.060794E-08
        75  1.875937E-07  3.972448E-07 -1.172041E-07
        76  2.083236E-07  7.606576E-07 -2.334209E-07
        77  1.213981E-07  8.943854E-07 -2.866210E-07
        78  1.414902E-07  1.377353E-07 -4.057005E-08
        79 -2.938312E-07  7.494035E-07  6.872059E-08
        80 -6.282193E-07  1.537673E-06 -1.961594E-08
        81 -3.362430E-07  7.965736E-07 -1.261649E-07
        82 -2.553255E-07  6.037012E-07 -1.072637E-07
        83 -4.663828E-07  1.140513E-06 -2.394067E-08
        84 -2.136322E-07  5.428648E-07  3.733468E-08
        85  2.765221E-04 -1.067911E-05 -3.663277E-04
        86  2.768175E-04  5.112501E-06  1.033904E-05
        87  2.766237E-04  1.986697E-05  3.784532E-04
        88 -3.142232E-04  2.052845E-05 -3.908606E-04
        89 -3.140225E-04  6.523354E-06 -2.257430E-05
        90 -3.144305E-04 -9.966020E-06  3.544034E-04
        91  1.091776E-04  5.742443E-06 -6.576605E-04
        92 -3.097390E-05  5.436790E-06 -6.577584E-04
        93 -1.647134E-04  3.937952E-06 -6.578507E-04
        94  1.297785E-04  3.512562E-06  6.429175E-04
        95 -4.109960E-06  3.271664E-06  6.429370E-04
        96 -1.457562E-04  3.553552E-06  6.428913E-04
        97  2.162860E-03  6.002152E-06  7.029071E-07
        98 -2.233988E-03  5.743931E-05  1.427948E-05
        99 -3.362563E-05 -3.354084E-05 -2.722910E-03
       100 -4.493354E-05  8.023035E-06  2.737510E-03
       101  4.026183E-03 -7.338446E-05  4.449494E-05
       102 -4.086071E-03  1.378857E-05  3.276265E-06
       103 -3.000397E-05  9.847064E-06 -4.833999E-03
       104  4.373681E-07  1.160123E-05  4.872680E-03
       105  4.995718E-03 -1.164910E-04 -3.021879E-03
       106  4.997542E-03  1.518069E-05 -5.401122E-05
       107  4.995123E-03  1.445615E-04  2.939621E-03
       108 -5.006788E-03  1.542598E-04 -3.075151E-03
       109 -5.003614E-03  2.180762E-05 -2.855234E-05
       110 -5.005795E-03 -1.131895E-04  3.030056E-03
       111  2.482666E-03 -2.757517E-05 -5.997437E-03
       112 -6.944508E-05  4.344839E-05 -5.998057E-03
       113 -2.589251E-03  9.871573E-05 -5.995940E-03
       114  2.424410E-03  1.097259E-04  6.002954E-03
       115 -8.827580E-05  5.450160E-05  6.001090E-03
       116 -2.559531E-03 -2.062997E-05  6.001200E-03
       117  9.653624E-06  1.036706E-05 -9.316787E-05
       118  3.386361E-05  2.640388E-05 -2.020565E-04
       119 -1.071683E-05  1.491037E-05 -1.681828E-04
       120  1.293963E-05 -8.830051E-06 -8.743094E-05
       121 -2.718859E-05 -2.289518E-05 -1.862043E-04
       122 -1.560343E-05 -1.229609E-05 -1.580342E-04
       123 -7.904991E-06 -1.169477E-05  1.046723E-04
       124  4.611513E-06 -3.033322E-05  2.292408E-04
       125 -1.922299E-05 -1.618229E-05  1.843910E-04
       126  4.246188E-06  9.622609E-06  8.657478E-05
       127  2.539566E-06  2.356106E-05  1.828993E-04
       128  3.377458E-05  1.387729E-05  1.566210E-04
       129 -1.486904E-04  4.744555E-05  1.293767E-05
       130 -2.080494E-04  6.765648E-05  1.490805E-05
       131 -9.336585E-06  2.859167E-05  5.586739E-05
       132 -1.255675E-04 -4.037442E-05  1.127188E-05
       133 -1.786225E-04 -5.880323E-05  2.397737E-05
       134 -3.410096E-06 -2.463087E-05 -3.147408E-05
       135  1.239986E-04 -3.993328E-05 -2.951765E-05
       136  1.744878E-04 -5.749922E-05 -4.710791E-05
       137 -3.810638E-06 -2.283484E-05  2.026994E-05
       138  1.301954E-04  4.207817E-05  9.584936E-06
       139  1.850638E-04  6.117849E-05  1.343514E-05
       140  1.169963E-06  2.566586E-05 -3.978003E-05
       141  2.903440E-04  5.026038E-05 -1.176817E-03
       142  7.600046E-04  3.335247E-04 -3.005872E-03
       143  1.495954E-03  7.366946E-04 -5.398081E-03
       144  1.701259E-03  9.476773E-04 -6.558871E-03
       145  1.068863E-03  7.973120E-04 -5.890781E-03
       146 -1.724643E-04  3.725844E-04 -4.066595E-03
       147 -1.330035E-03  6.548597E-05 -2.842254E-03
       148 -2.193322E-04 -3.346138E-05 -1.135541E-03
       149  2.988378E-04 -3.048217E-04 -2.889430E-03
       150  1.124697E-03 -6.989959E-04 -5.234811E-03
       151  1.615921E-03 -9.104127E-04 -6.401058E-03
       152  1.590711E-03 -7.746731E-04 -5.806510E-03
       153  1.337715E-03 -3.755151E-04 -4.096651E-03
       154  1.526840E-03 -8.136235E-05 -2.932920E-03
       155  1.263014E-04 -4.684435E-05  1.192053E-03
       156 -4.997981E-04 -3.390377E-04  3.078155E-03
       157 -1.437516E-03 -7.506357E-04  5.518564E-03
       158 -1.985012E-03 -9.681227E-04  6.713416E-03
       159 -1.923147E-03 -8.203014E-04  6.057244E-03
       160 -1.559574E-03 -3.908781E-04  4.212409E-03
       161 -1.643777E-03 -6.814972E-05  2.922380E-03
       162 -2.556422E-04  5.001965E-05  1.169643E-03
       163 -5.464527E-04  3.304786E-04  2.983725E-03
       164 -1.049432E-03  7.239768E-04  5.324180E-03
       165 -1.080338E-03  9.274114E-04  6.448660E-03
       166 -4.188338E-04  7.803617E-04  5.799742E-03
       167  6.781728E-04  3.708062E-04  4.044832E-03
       168  1.554969E-03  7.411627E-05  2.867642E-03
       169  3.247691E-05  6.610142E-05 -5.504245E-04
       170 -1.855196E-03  6.092064E-04 -8.767634E-05
       171 -4.770529E-03  1.400314E-03  7.483895E-04
       172 -5.912052E-03  1.695623E-03  1.459608E-03
       173 -4.222154E-03  1.316617E-03  1.799240E-03
       174 -6.985401E-04  5.779589E-04  1.875633E-03
       175  1.726936E-03  1.054584E-04  2.157622E-03
       176  2.235439E-05 -6.140005E-05  5.620425E-04
       177 -1.801500E-03 -5.877145E-04  8.169212E-04
       178 -4.594489E-03 -1.346987E-03  1.292008E-03
       179 -5.700053E-03 -1.634322E-03  1.188102E-03
       180 -4.082851E-03 -1.273018E-03  2.417869E-04
       181 -6.703463E-04 -5.589812E-04 -1.203063E-03
       182  1.714162E-03 -9.539941E-05 -2.232833E-03
       183 -9.304138E-05 -5.084733E-05 -6.594882E-04
       184  1.765276E-03 -5.860764E-04 -8.067565E-04
       185  4.676001E-03 -1.375967E-03 -9.960813E-04
       186  5.816637E-03 -1.671165E-03 -7.999745E-04
       187  4.120781E-03 -1.290843E-03 -4.960516E-05
       188  5.905595E-04 -5.509839E-04  1.078096E-03
       189 -1.814415E-03 -8.218203E-05  2.049152E-03
       190 -1.027162E-04  5.645162E-05  6.150889E-04
       191  1.676480E-03  5.705268E-04  2.539686E-05
       192  4.499272E-03  1.337607E-03 -1.137932E-03
       193  5.686213E-03  1.645233E-03 -1.985720E-03
       194  4.164140E-03  1.305734E-03 -2.155679E-03
       195  8.090030E-04  6.039766E-04 -1.902140E-03
       196 -1.615905E-03  1.317047E-04 -2.054448E-03
       197  1.749292E-03  2.419407E-05 -3.120038E-03
       198  1.734638E-03  3.012452E-04 -4.912258E-03
       199  1.938340E-03  7.169276E-04 -7.378530E-03
       200  1.577870E-03  9.462828E-04 -8.637293E-03
       201  3.788624E-04  8.099738E-04 -8.037857E-03
       202 -1.376044E-03  3.903312E-04 -6.236862E-03
       203 -2.922452E-03  8.053678E-05 -5.004560E-03
       204 -1.933362E-03 -3.903998E-05 -3.258207E-03
       205 -1.135144E-03 -3.204811E-04 -5.076034E-03
       206  6.373448E-05 -7.225739E-04 -7.468183E-03
       207  1.013143E-03 -9.350722E-04 -8.641036E-03
       208  1.523719E-03 -7.915829E-04 -8.010132E-03
       209  1.878472E-03 -3.776360E-04 -6.236552E-03
       210  2.735698E-03 -6.954375E-05 -5.013549E-03
       211  1.591051E-03 -3.980311E-05  3.310137E-03
       212  5.057743E-04 -3.405705E-04  5.251453E-03
       213 -9.246066E-04 -7.652051E-04  7.769789E-03
       214 -1.967925E-03 -9.884363E-04  8.996857E-03
       215 -2.387747E-03 -8.330175E-04  8.306327E-03
       216 -2.488429E-03 -3.864403E-04  6.387927E-03
       217 -3.030712E-03 -5.383198E-05  5.058227E-03
       218 -1.772469E-03  5.781160E-05  3.299048E-03
       219 -1.583283E-03  3.454109E-04  5.159797E-03
       220 -1.517565E-03  7.435075E-04  7.527439E-03
       221 -9.349088E-04  9.458498E-04  8.647034E-03
       222  3.273115E-04  7.918806E-04  7.965820E-03
       223  1.940548E-03  3.734923E-04  6.172640E-03
       224  3.172293E-03  7.399249E-05  4.984770E-03
       225  1.851526E-03  7.854484E-05 -1.834798E-03
       226 -1.312336E-04  6.491898E-04 -6.507703E-04
       227 -3.095396E-03  1.453916E-03  7.967187E-04
       228 -4.153680E-03  1.729015E-03  2.006364E-03
       229 -2.259479E-03  1.303511E-03  2.752560E-03
       230  1.465240E-03  5.226932E-04  3.190429E-03
       231  3.855943E-03  5.766741E-05  3.861521E-03
       232  1.868129E-03 -6.153484E-05  2.005398E-03
       233  8.103855E-05 -5.766580E-04  1.633090E-03
       234 -2.640650E-03 -1.315863E-03  1.537724E-03
       235 -3.794592E-03 -1.614383E-03  9.566308E-04
       236 -2.361195E-03 -1.294467E-03 -3.902657E-04
       237  8.819756E-04 -6.156529E-04 -2.232073E-03
       238  3.385427E-03 -1.267622E-04 -3.770341E-03
       239 -2.175459E-03  3.132632E-07 -2.093141E-03
       240 -4.354505E-04 -5.018628E-04 -1.627504E-03
       241  2.422124E-03 -1.277458E-03 -1.243806E-03
       242  3.573301E-03 -1.575292E-03 -5.189455E-04
       243  1.937453E-03 -1.208790E-03  7.209161E-04
       244 -1.494602E-03 -4.897630E-04  2.309742E-03
       245 -3.782549E-03 -4.441476E-05  3.733143E-03
       246 -1.993700E-03  6.625541E-05  2.059239E-03
       247 -2.453124E-04  5.716428E-04  8.190426E-04
       248  2.485576E-03  1.313687E-03 -9.746341E-04
       249  3.608624E-03  1.605059E-03 -2.423420E-03
       250  2.086159E-03  1.265096E-03 -3.143637E-03
       251 -1.232545E-03  5.709129E-04 -3.356568E-03
       252 -3.638360E-03  1.014219E-04 -3.855323E-03
       253  2.750018E-03  8.008548E-05 -5.605644E-03
       254  1.903419E-03  3.748375E-04 -7.351179E-03
       255 -5.902905E-04  3.769942E-04 -7.459541E-03
       256 -2.395458E-03 -9.887809E-05 -5.817701E-03
       257 -1.311824E-03 -3.314180E-04 -7.205928E-03
       258  9.019508E-04 -2.564068E-04 -6.962309E-03
       259  2.048975E-03 -7.055698E-05  5.715222E-03
       260  8.899913E-04 -2.798214E-04  6.981449E-03
       261 -1.142941E-03 -2.357501E-04  6.874625E-03
       262 -2.465656E-03  1.137932E-04  5.748927E-03
       263 -1.728297E-03  4.098749E-04  7.503192E-03
       264  4.785442E-04  3.922221E-04  7.519890E-03
       265  2.890971E-03  3.259972E-04 -1.767629E-03
       266  1.864058E-03  6.100210E-04  1.665382E-03
       267  3.133704E-03  3.462339E-04  4.405213E-03
       268  2.844072E-03 -3.254937E-04  2.256146E-03
       269  2.037651E-03 -5.600921E-04 -8.241306E-04
       270  3.226910E-03 -3.206606E-04 -3.845924E-03
       271 -3.068811E-03 -2.822094E-04 -2.097697E-03
       272 -2.225172E-03 -5.245777E-04  9.348779E-04
       273 -3.317206E-03 -3.049286E-04  3.838387E-03
       274 -3.464331E-03  1.993867E-04  2.154039E-03
       275 -2.626325E-03  4.393870E-04 -1.332810E-03
       276 -3.239108E-03  3.215719E-04 -4.444754E-03

 forces (fx,fy,fz) for set RIGHT and time  0.1000000E+01

        21  1.344355E+03  2.309966E+02 -1.750647E+03
        22  5.558485E+02  1.979509E+01  1.971607E+03
        23 -1.306365E+03  2.237162E+02 -7.729359E+01
        24 -5.909893E+02  1.936719E+02 -1.446838E+02

 internal energy (element, energy) for set ALL and time  0.1000000E+01

         1  2.909385E-02
         2  3.082552E-02
         3  3.098405E-02
         4  3.022414E-02
         5  3.498125E-03
         6  2.438330E-03
         7  2.296318E-03
         8  2.103927E-03
         9  3.222009E-03
        10  2.887732E-03
        11  3.654988E-03
        12  3.434179E-03
        13  2.281659E-02
        14  1.617768E-02
        15  1.397605E-02
        16  1.272005E-02
        17  7.843898E-03
        18  1.428186E-02
        19  1.372106E-02
        20  1.280207E-02
        21  4.162996E-03
        22  2.603425E-03
        23  1.751488E-03
        24  1.460040E-03
        25  1.543113E-03
        26  1.815460E-03
        27  2.380904E-03
        28  5.463249E-03
        29  3.535001E-03
        30  2.609112E-03
        31  1.934856E-03
        32  1.647687E-03
        33  1.699038E-03
        34  2.267262E-03
        35  3.521050E-03
        36  5.613784E-03
        37  4.485986E-03
        38  2.049767E-03
        39  1.771435E-03
        40  1.842155E-03
        41  2.014443E-03
        42  2.516482E-03
        43  4.157367E-03
        44  5.448153E-03
        45  6.721601E-03
        46  2.556201E-03
        47  2.101614E-03
        48  1.873958E-03
        49  1.785911E-03
        50  2.145625E-03
        51  3.279892E-03
        52  2.556866E-03
        53  8.260698E-03
        54  8.836921E-03
        55  2.817048E-02
        56  2.292633E-02
        57  5.369333E-03
        58  5.836512E-03
        59  1.461135E-02
        60  1.499146E-02
        61  5.167429E-03
        62  3.460897E-03
        63  1.457879E-02
        64  1.775862E-02
        65  6.549658E-03
        66  4.178122E-03
        67  1.418989E-02
        68  1.495761E-02
        69  1.106854E-04
        70  8.563760E-06
        71  1.073805E-05
        72  1.376128E-04
        73  2.089969E-04
        74  1.679162E-05
        75  3.768006E-06
        76  4.789419E-05
        77  8.955580E-05
        78  1.060016E-05
        79  1.748767E-05
        80  1.718204E-04
        81  1.123929E-04
        82  1.109413E-05
        83  4.856411E-06
        84  3.783175E-05
        85  1.036654E-01
        86  1.084884E-01
        87  5.339980E-02
        88  5.620644E-02
        89  5.689335E-03
        90  7.012858E-04
        91  1.229636E-03
        92  7.047729E-03
        93  5.855411E-03
        94  1.009881E-03
        95  5.834681E-04
        96  4.807356E-03
        97  6.581764E-04
        98  1.435116E-04
        99  5.988749E-05
       100  5.865162E-04
       101  8.537598E-04
       102  8.324314E-05
       103  2.418407E-04
       104  1.305320E-03
       105  1.672623E-03
       106  1.770907E-03
       107  4.844104E-03
       108  5.261336E-03
       109  1.203314E-03
       110  4.069584E-03
       111  2.364307E-03
       112  4.114590E-03
       113  4.551325E-03
       114  5.997113E-03
       115  7.368900E-03
       116  5.598582E-03
       117  5.027383E-03
       118  3.335986E-03
       119  4.066874E-03
       120  3.162963E-03
       121  3.308768E-02
       122  7.084677E-03
       123  6.664377E-03
       124  3.819267E-02
       125  4.227783E-02
       126  6.099331E-03
       127  5.483774E-03
       128  3.000144E-02
       129  1.709056E-02
       130  7.631314E-03
       131  9.631884E-03
       132  3.220211E-02
       133  3.460066E-02
       134  1.003559E-02
       135  8.650545E-03
       136  1.922154E-02
       137  2.828984E-03
       138  2.225406E-03
       139  2.295206E-03
       140  3.113937E-03
       141  3.932753E-03
       142  1.958327E-03
       143  2.510273E-03
       144  2.762547E-03
       145  3.522465E-03
       146  2.321763E-03
       147  2.662798E-03
       148  4.019234E-03
       149  2.387791E-03
       150  1.739638E-03
       151  1.934062E-03
       152  2.343092E-03
       153  5.357942E-03
       154  3.700908E-03
       155  3.046689E-03
       156  3.986193E-03
       157  4.311160E-03
       158  3.231761E-03
       159  2.675991E-03
       160  3.579656E-03
       161  4.662557E-03
       162  3.534063E-03
       163  3.107639E-03
       164  3.618668E-03
       165  5.121764E-03
       166  3.911881E-03
       167  3.563670E-03
       168  4.178494E-03
       169  1.494086E-01
       170  1.728667E-01
       171  1.642808E-01
       172  1.461157E-01
       173  1.339394E-01
       174  1.332320E-01
       175  1.279027E-01
       176  1.442491E-01
       177  1.139740E-01
       178  1.314868E-01
       179  4.328379E-02
       180  1.223093E-01
       181  1.234117E-01
       182  3.950498E-02
       183  1.326547E-01
       184  6.704022E-02
       185  1.188610E-01
       186  1.413298E-01
       187  4.541334E-02
       188  1.253430E-01
       189  1.281756E-01
       190  4.014703E-02
       191  1.341336E-01
       192  4.435689E-02
       193  1.290097E-01
       194  1.269937E-01
       195  3.699075E-02
       196  1.175920E-01
       197  1.197995E-01
       198  3.422602E-02
       199  1.240763E-01
       200  7.917154E-02
       201  1.338390E-01
       202  1.292408E-01
       203  4.111278E-02
       204  1.224687E-01
       205  1.221894E-01
       206  3.429606E-02
       207  1.327775E-01
       208  7.432767E-02
       209  8.031888E-02
       210  1.877501E-01
       211  4.142347E-02
       212  1.643693E-01
       213  1.611145E-01
       214  3.969247E-02
       215  2.148518E-01
       216  1.233942E-01
       217  9.270996E-02
       218  1.965055E-01
       219  4.396620E-02
       220  1.744451E-01
       221  1.736496E-01
       222  4.543171E-02
       223  2.244217E-01
       224  1.387541E-01
       225  6.977610E-02
       226  1.921480E-01
       227  4.547896E-02
       228  1.707772E-01
       229  1.678025E-01
       230  4.562197E-02
       231  2.210811E-01
       232  1.110762E-01
       233  7.202797E-02
       234  2.082118E-01
       235  4.898655E-02
       236  1.783778E-01
       237  1.818818E-01
       238  5.453175E-02
       239  2.085922E-01
       240  1.138677E-01
       241  1.197446E-01
       242  1.521021E-01
       243  4.289082E-02
       244  1.247125E-01
       245  1.296614E-01
       246  4.148340E-02
       247  1.318529E-01
       248  5.583272E-02
       249  1.145619E-01
       250  1.440234E-01
       251  4.783593E-02
       252  1.314728E-01
       253  1.335706E-01
       254  4.249916E-02
       255  1.383892E-01
       256  6.547095E-02
       257  1.306458E-01
       258  1.367507E-01
       259  3.992406E-02
       260  1.263363E-01
       261  1.282703E-01
       262  3.631765E-02
       263  1.331377E-01
       264  8.429980E-02
       265  1.319524E-01
       266  1.321179E-01
       267  4.297570E-02
       268  1.270018E-01
       269  1.255766E-01
       270  3.548649E-02
       271  1.405112E-01
       272  7.591290E-02
       273  8.868493E-02
       274  1.935748E-01
       275  4.646029E-02
       276  1.822358E-01
       277  1.718798E-01
       278  4.046715E-02
       279  2.652104E-01
       280  1.442003E-01
       281  8.222157E-02
       282  1.751978E-01
       283  3.690489E-02
       284  1.530137E-01
       285  1.584367E-01
       286  4.554806E-02
       287  1.716257E-01
       288  1.539514E-01
       289  7.384508E-02
       290  2.010266E-01
       291  4.386089E-02
       292  1.653204E-01
       293  1.635317E-01
       294  4.471902E-02
       295  2.213713E-01
       296  1.121118E-01
       297  6.682535E-02
       298  1.956708E-01
       299  4.734935E-02
       300  1.708168E-01
       301  1.725655E-01
       302  5.274938E-02
       303  2.060619E-01
       304  1.497233E-01
       305  1.238990E-01
       306  9.218834E-02
       307  1.253938E-01
       308  6.281682E-02
       309  1.384574E-01
       310  7.885941E-02
       311  1.176681E-01
       312  8.290311E-02
       313  1.158069E-01
       314  8.060625E-02
       315  1.175444E-01
       316  8.749670E-02
       317  1.366441E-01
       318  1.020527E-01
       319  1.331351E-01
       320  6.900181E-02
       321  1.395624E-01
       322  8.207850E-02
       323  5.501850E-02
       324  6.718167E-02
       325  1.347314E-01
       326  9.632240E-02
       327  9.371390E-02
       328  1.130221E-01
       329  1.313396E-01
       330  9.671546E-02
       331  9.085739E-02
       332  8.706390E-02
       333  8.363720E-02
       334  8.676146E-02
       335  7.902775E-02
       336  7.163263E-02

 total internal energy for set ALL and time  0.1000000E+01

        2.045849E+01
