
                        S T E P       1


                                INCREMENT     1


 displacements (vx,vy,vz) for set NALL and time  0.1000000E+01

         1 -1.323489E-24 -1.323489E-24  1.323489E-24
         2  0.000000E+00  0.000000E+00 -6.617445E-25
         3  0.000000E+00 -6.617445E-25 -1.905824E-22
         4  0.000000E+00  6.617445E-25 -1.012469E-22
         5  1.756440E-03 -1.814645E-06 -2.086412E-03
         6  1.756794E-03  7.621927E-06  2.115872E-03
         7 -1.744436E-03  4.781849E-06 -2.087743E-03
         8 -1.744897E-03 -4.841242E-06  2.117178E-03
         9  2.630011E-03 -5.659854E-06 -3.114310E-03
        10  2.630572E-03  4.464599E-06  3.170799E-03
        11 -2.606159E-03  6.267651E-06 -3.114213E-03
        12 -2.606631E-03 -7.334960E-06  3.170759E-03
        13  3.761205E-03 -5.808409E-06 -4.497124E-03
        14  3.760559E-03  1.333392E-06  4.526771E-03
        15 -3.766355E-03 -1.141778E-06 -4.497559E-03
        16 -3.767065E-03  1.850541E-06  4.527203E-03
        17  4.243516E-03 -4.744231E-06 -5.103499E-03
        18  4.245829E-03 -1.176681E-06  5.100105E-03
        19 -4.259414E-03  2.495011E-06 -5.106430E-03
        20 -4.260293E-03 -5.000193E-06  5.103533E-03
        21  5.000000E-03 -4.235165E-23 -6.000000E-03
        22  5.000000E-03  0.000000E+00  6.000000E-03
        23 -5.000000E-03  4.235165E-23 -6.000000E-03
        24 -5.000000E-03 -2.922264E-21  6.000000E-03
        25  9.229058E-04 -3.972526E-05 -1.001628E-03
        26  7.586362E-04 -2.515552E-05  1.008978E-03
        27 -7.679077E-04 -3.048925E-05 -1.018651E-03
        28 -9.025920E-04 -2.937537E-05  1.022049E-03
        29  3.305938E-03 -1.986528E-05 -3.481177E-03
        30  3.804948E-03 -2.594745E-05 -3.818999E-03
        31  3.954512E-03 -1.942715E-05 -4.194604E-03
        32  2.688437E-03 -1.229708E-05  3.544366E-03
        33  2.862748E-03 -1.727596E-05  3.883364E-03
        34  3.211718E-03 -1.004038E-05  4.243098E-03
        35 -2.615414E-03 -1.035051E-05 -3.527150E-03
        36 -2.754838E-03 -1.766913E-05 -3.913516E-03
        37 -3.162529E-03 -1.225964E-05 -4.243670E-03
        38 -3.203444E-03 -2.025771E-05  3.449046E-03
        39 -3.640855E-03 -2.316149E-05  3.697026E-03
        40 -3.879364E-03 -1.381506E-05  4.151834E-03
        41  5.169560E-03 -1.583520E-05 -5.415568E-03
        42  3.867220E-03 -1.417736E-05  5.405024E-03
        43 -3.859051E-03 -1.150897E-05 -5.420446E-03
        44 -5.171793E-03 -1.598933E-05  5.412656E-03
        45  2.947637E-06  1.438063E-08  2.046575E-06
        46 -1.067963E-06  8.941496E-10 -7.390312E-07
        47  1.170592E-06  1.119594E-08  1.261011E-06
        48 -1.660338E-06  2.325043E-08 -1.799999E-06
        49  2.631992E-03 -7.596424E-07  6.786154E-05
        50 -2.604477E-03  3.127765E-07 -1.064432E-05
        51 -2.061276E-05 -7.576080E-07 -3.113455E-03
        52  4.505095E-05 -7.155137E-07  3.171711E-03
        53  3.761601E-03 -2.910272E-06  5.826233E-05
        54 -3.766230E-03  1.335538E-06 -2.610706E-05
        55 -3.608114E-05 -5.071920E-06 -4.496903E-03
        56  3.343760E-05  3.096162E-06  4.527398E-03
        57  4.999407E-03 -2.709230E-05 -3.076171E-03
        58  4.999691E-03 -2.152218E-06  4.802337E-05
        59  4.999298E-03  2.483723E-05  3.147174E-03
        60 -5.000715E-03  2.792092E-05 -3.151021E-03
        61 -5.000317E-03 -3.540564E-07 -4.779052E-05
        62 -5.000630E-03 -2.783308E-05  3.080097E-03
        63  2.567168E-03  2.929987E-05 -6.000856E-03
        64 -3.808623E-05  4.489834E-06 -6.000577E-03
        65 -2.624584E-03 -2.422948E-05 -6.001238E-03
        66  2.620906E-03 -2.791676E-05  5.998740E-03
        67  3.564334E-05  4.261270E-07  5.999431E-03
        68 -2.566004E-03  2.746305E-05  5.999179E-03
        69  9.856982E-06  1.742022E-04 -1.524956E-03
        70  1.650918E-04  5.199512E-04 -3.752842E-03
        71 -3.671649E-04  3.486343E-04 -3.251561E-03
        72  1.536499E-04 -2.062656E-04 -1.748157E-03
        73  6.162696E-05 -4.960004E-04 -3.671286E-03
        74  4.906311E-04 -2.688469E-04 -2.946813E-03
        75 -3.633783E-04 -1.865896E-04  1.623770E-03
        76 -6.983248E-04 -5.363452E-04  3.857746E-03
        77 -9.382653E-04 -3.463672E-04  3.264601E-03
        78  1.411980E-04  1.874984E-04  1.614791E-03
        79  3.083123E-04  5.157363E-04  3.753137E-03
        80  7.757378E-04  3.235728E-04  3.170346E-03
        81 -1.749435E-03  5.603566E-04  2.319216E-04
        82 -2.088287E-03  7.054913E-04  5.922553E-04
        83  5.357443E-04  1.855886E-04  1.248548E-03
        84 -1.504150E-03 -4.901214E-04  6.104014E-05
        85 -1.815757E-03 -6.332003E-04 -3.166016E-04
        86  5.579132E-04 -1.715660E-04 -1.242534E-03
        87  1.613527E-03 -5.209030E-04 -2.365775E-04
        88  1.900942E-03 -6.556356E-04  4.462712E-05
        89 -5.803960E-04 -1.689848E-04  1.065867E-03
        90  1.574863E-03  5.099751E-04  7.393851E-06
        91  1.839341E-03  6.394680E-04 -2.559981E-04
        92 -6.008942E-04  1.627664E-04 -1.027776E-03
        93  1.260426E-03  6.200333E-05 -2.734546E-03
        94  7.629204E-04  1.741885E-04 -3.538219E-03
        95 -5.470445E-04  8.977085E-05 -3.316277E-03
        96 -1.173308E-03 -3.872321E-05 -2.635020E-03
        97 -6.982676E-04 -1.337359E-04 -3.348709E-03
        98  5.440059E-04 -6.647628E-05 -3.228160E-03
        99  1.096620E-03 -5.994725E-05  2.778131E-03
       100  4.165088E-04 -1.842396E-04  3.642900E-03
       101 -7.541444E-04 -1.017044E-04  3.420101E-03
       102 -1.136878E-03  6.009462E-05  2.782156E-03
       103 -4.155431E-04  1.699510E-04  3.574961E-03
       104  8.166979E-04  8.281120E-05  3.350728E-03
       105  1.248906E-03  1.775486E-04 -9.065478E-04
       106  9.061568E-04  2.987118E-04  2.112830E-04
       107  1.783338E-03  1.368615E-04  1.553156E-03
       108  1.252602E-03 -1.718685E-04  8.805048E-04
       109  8.905896E-04 -2.997684E-04 -1.764562E-04
       110  1.763422E-03 -1.402002E-04 -1.450120E-03
       111 -1.257893E-03 -1.689274E-04 -9.712217E-04
       112 -9.272053E-04 -2.888370E-04  5.803644E-05
       113 -1.777965E-03 -1.342920E-04  1.415033E-03
       114 -1.280222E-03  1.625100E-04  1.071902E-03
       115 -9.724482E-04  2.772202E-04  9.898481E-06
       116 -1.799717E-03  1.279381E-04 -1.403763E-03

 forces (fx,fy,fz) for set RIGHT and time  0.1000000E+01

        21  2.832388E+03  5.852729E+02 -2.428065E+03
        22  2.816594E+03 -4.481757E+02  2.238787E+03
        23 -2.861396E+03 -2.332576E+02 -2.425001E+03
        24 -2.794418E+03 -3.142253E+02  2.578977E+03

 internal energy (element, energy) for set ALL and time  0.1000000E+01

         1  5.881371E-02
         2  5.444211E-02
         3  5.610661E-02
         4  4.034499E-02
         5  5.078261E-02
         6  5.370291E-02
         7  4.433897E-02
         8  4.536010E-02
         9  8.374308E-02
        10  8.436555E-02
        11  7.805034E-02
        12  9.293329E-02
        13  2.527929E-03
        14  1.699933E-03
        15  1.671901E-03
        16  1.576169E-03
        17  2.208078E-03
        18  2.019001E-03
        19  2.061428E-03
        20  1.953438E-03
        21  1.839683E-03
        22  1.761456E-03
        23  1.810075E-03
        24  1.505207E-03
        25  4.747377E-03
        26  2.248085E-03
        27  2.193177E-03
        28  2.401493E-03
        29  8.871620E-02
        30  8.397035E-02
        31  8.919575E-02
        32  1.017144E-01
        33  5.637115E-04
        34  3.934920E-03
        35  1.471205E-03
        36  1.466339E-03
        37  1.768445E-03
        38  3.540159E-03
        39  5.971489E-04
        40  2.684873E-03
        41  7.377290E-03
        42  1.398458E-02
        43  1.279102E-03
        44  1.411050E-03
        45  4.229703E-03
        46  1.449078E-03
        47  1.044399E-02
        48  2.419329E-03
        49  2.026713E-01
        50  1.995165E-01
        51  1.166029E-01
        52  1.270543E-01
        53  9.314797E-03
        54  7.484166E-03
        55  1.099502E-02
        56  1.613062E-02
        57  1.048312E-02
        58  9.426927E-03
        59  1.474943E-02
        60  2.002161E-02
        61  1.603131E-02
        62  9.918428E-03
        63  1.405135E-02
        64  2.161203E-02
        65  1.424515E-02
        66  9.179931E-03
        67  1.396542E-02
        68  2.158877E-02
        69  1.162123E-01
        70  8.860006E-02
        71  9.165709E-02
        72  9.367026E-02
        73  3.490415E-02
        74  4.113171E-03
        75  7.515540E-03
        76  4.365815E-02
        77  3.466065E-02
        78  6.044438E-03
        79  3.001635E-03
        80  2.677214E-02
        81  3.747680E-02
        82  4.642342E-03
        83  7.251961E-03
        84  4.606470E-02
        85  3.038283E-02
        86  5.008196E-03
        87  2.958644E-03
        88  2.358372E-02
        89  6.883104E-01
        90  5.301843E-01
        91  5.542306E-01
        92  6.582589E-01
        93  8.020790E-01
        94  5.269101E-01
        95  5.688068E-01
        96  6.285685E-01
        97  7.274139E-01
        98  4.580307E-01
        99  5.108906E-01
       100  7.127368E-01
       101  7.328071E-01
       102  5.097180E-01
       103  5.329276E-01
       104  6.720756E-01
       105  7.633504E-01
       106  5.333188E-01
       107  4.683003E-01
       108  6.207090E-01
       109  7.241410E-01
       110  5.537055E-01
       111  4.985445E-01
       112  6.589843E-01
       113  7.180954E-01
       114  5.951730E-01
       115  5.136453E-01
       116  6.239681E-01
       117  7.032074E-01
       118  6.182683E-01
       119  5.434239E-01
       120  6.464145E-01
       121  1.917128E-01
       122  1.614009E-01
       123  1.763262E-01
       124  2.138170E-01
       125  2.153067E-01
       126  1.654700E-01
       127  2.100753E-01
       128  1.953456E-01
       129  1.880095E-01
       130  1.357271E-01
       131  1.556484E-01
       132  2.186359E-01
       133  2.076469E-01
       134  1.476912E-01
       135  1.759706E-01
       136  2.248882E-01
       137  1.984330E-01
       138  1.353152E-01
       139  1.290179E-01
       140  1.630431E-01
       141  2.079928E-01
       142  1.468065E-01
       143  1.390963E-01
       144  1.805975E-01
       145  1.929784E-01
       146  1.538877E-01
       147  1.460491E-01
       148  1.692252E-01
       149  1.898376E-01
       150  1.595816E-01
       151  1.496148E-01
       152  1.694690E-01
       153  2.131740E+00
       154  2.226267E+00
       155  2.059704E+00
       156  2.277681E+00
       157  2.253594E+00
       158  2.281595E+00
       159  2.269033E+00
       160  2.241814E+00
       161  3.907210E-01
       162  4.066673E-01
       163  3.796860E-01
       164  4.026187E-01
       165  4.066384E-01
       166  4.124422E-01
       167  4.290217E-01
       168  4.085532E-01
       169  9.498642E-01
       170  1.103938E+00
       171  1.020034E+00
       172  1.012809E+00
       173  1.049351E+00
       174  1.014309E+00
       175  1.106486E+00
       176  1.055446E+00

 total internal energy for set ALL and time  0.1000000E+01

        5.727448E+01
