
                        S T E P       1


                                INCREMENT     1


 displacements (vx,vy,vz) for set NALL and time  0.1000000E+01

         1  1.654361E-25  3.308722E-25  1.654361E-25
         2  0.000000E+00  0.000000E+00  8.271806E-26
         3  0.000000E+00  0.000000E+00  1.654361E-25
         4 -1.654361E-25  1.654361E-25  1.397935E-23
         5  1.688238E-04 -3.266628E-07 -1.883026E-04
         6  1.681572E-04  8.544879E-06  1.845786E-04
         7 -1.416358E-04  4.704695E-06 -1.881197E-04
         8 -1.421892E-04  6.097932E-08  1.854744E-04
         9  4.471598E-04  4.634676E-06 -5.551460E-04
        10  4.478733E-04  1.573266E-05  6.232441E-04
        11 -5.148133E-04 -2.187447E-06 -5.563131E-04
        12 -5.145865E-04  7.658263E-06  6.227400E-04
        13  7.572530E-04  1.692551E-06 -9.553398E-04
        14  7.576370E-04  2.222671E-05  1.117229E-03
        15 -9.695115E-04  7.127314E-06 -9.573122E-04
        16 -9.709446E-04  6.037610E-06  1.118332E-03
        17  9.313885E-04 -4.057627E-05 -1.889034E-03
        18  9.313363E-04  7.102117E-05  2.015247E-03
        19 -1.125763E-03  7.800602E-05 -1.888870E-03
        20 -1.127362E-03 -4.445953E-05  2.015296E-03
        21  5.000000E-03  3.388132E-22 -6.000000E-03
        22  5.000000E-03  0.000000E+00  6.000000E-03
        23 -5.000000E-03  7.724940E-20 -6.000000E-03
        24 -5.000000E-03 -2.439455E-20  6.000000E-03
        25  7.242982E-04 -3.437741E-06 -7.782008E-04
        26  5.080612E-04  1.201373E-05  9.075750E-04
        27 -6.805307E-04 -3.419768E-06 -7.744051E-04
        28 -8.870194E-04 -2.837962E-07  9.082775E-04
        29  1.027768E-03 -1.989430E-05 -1.433331E-03
        30  1.218573E-03 -3.283990E-05 -1.986947E-03
        31  1.105821E-03 -3.724874E-05 -1.898742E-03
        32  8.007952E-04  3.035597E-05  9.580378E-04
        33  8.886850E-04  3.354068E-05  8.802494E-04
        34  8.816832E-04  4.499381E-05  1.418559E-03
        35 -1.059159E-03  2.129436E-05 -6.553103E-04
        36 -1.149242E-03  2.810558E-05 -4.526036E-04
        37 -1.090181E-03  4.304096E-05 -1.143144E-03
        38 -1.246579E-03 -1.863740E-05  1.654661E-03
        39 -1.461558E-03 -3.296295E-05  2.263528E-03
        40 -1.341318E-03 -3.973251E-05  2.104803E-03
        41  8.618694E-04 -4.277935E-05 -1.982456E-03
        42  6.161877E-04 -4.308793E-05 -2.066883E-03
        43  4.380001E-04 -5.087897E-05 -2.470055E-03
        44  5.698275E-04 -5.639678E-05 -3.367867E-03
        45  1.132251E-03 -4.180982E-05 -4.655911E-03
        46  2.135390E-03 -7.185068E-06 -5.897321E-03
        47  3.481644E-03  1.771036E-05 -6.415917E-03
        48  8.139941E-04  5.827010E-05  2.311213E-03
        49  6.007995E-04  3.697120E-05  2.892174E-03
        50  3.617523E-04  1.475700E-05  3.790350E-03
        51  2.407134E-04  5.625181E-06  4.923138E-03
        52  4.357443E-04  1.726751E-05  6.076835E-03
        53  1.171969E-03  4.074894E-05  6.916685E-03
        54  2.738208E-03  4.185451E-05  6.951994E-03
        55 -1.070128E-03  6.500758E-05 -2.172656E-03
        56 -9.183201E-04  4.332027E-05 -2.764849E-03
        57 -6.349039E-04  1.889221E-05 -3.731431E-03
        58 -4.187253E-04  8.898939E-06 -4.922953E-03
        59 -5.011582E-04  2.049574E-05 -6.103205E-03
        60 -1.132037E-03  4.330533E-05 -6.937905E-03
        61 -2.626160E-03  4.503324E-05 -6.977866E-03
        62 -1.038306E-03 -4.538765E-05  2.085522E-03
        63 -7.791580E-04 -4.481206E-05  2.144441E-03
        64 -6.075618E-04 -5.224767E-05  2.526079E-03
        65 -7.345196E-04 -5.758913E-05  3.385654E-03
        66 -1.273032E-03 -4.370240E-05  4.617572E-03
        67 -2.233657E-03 -1.051340E-05  5.809194E-03
        68 -3.533156E-03  1.418818E-05  6.332490E-03
        69  1.543338E-07 -5.180020E-07  1.777120E-07
        70  9.234805E-08 -5.634048E-07  1.899301E-07
        71  1.118531E-07 -4.643245E-08  2.167439E-08
        72  1.620802E-07  4.981646E-07 -1.513416E-07
        73  1.000434E-07  4.809912E-07 -1.522112E-07
        74  1.262161E-07 -1.471036E-08  9.507563E-09
        75 -2.584783E-07  6.624668E-07  8.089827E-08
        76 -5.370415E-07  1.316181E-06 -1.586403E-09
        77 -2.782096E-07  6.609929E-07 -8.583556E-08
        78 -1.574935E-07  3.749572E-07 -4.107047E-08
        79 -3.110091E-07  7.628804E-07  5.037743E-09
        80 -1.525499E-07  3.922089E-07  5.554001E-08
        81  4.477882E-04  1.121307E-05  2.450342E-05
        82 -5.147970E-04  3.952822E-06  5.188078E-05
        83 -2.468479E-05 -6.573858E-07 -5.551848E-04
        84 -4.671036E-05  1.155855E-05  6.232247E-04
        85  9.314644E-04 -3.569628E-05 -1.490572E-03
        86  9.320091E-04 -2.296871E-05 -1.011666E-03
        87  9.324759E-04 -4.900657E-06 -4.787387E-04
        88  9.326758E-04  1.586246E-05  7.969626E-05
        89  9.324935E-04  3.665444E-05  6.358055E-04
        90  9.320265E-04  5.472990E-05  1.161979E-03
        91  9.315680E-04  6.710711E-05  1.630329E-03
        92 -1.125598E-03  7.436613E-05 -1.508873E-03
        93 -1.125399E-03  6.502499E-05 -1.042618E-03
        94 -1.125120E-03  4.961221E-05 -5.156344E-04
        95 -1.125063E-03  2.894229E-05  4.349669E-05
        96 -1.125414E-03  5.154072E-06  6.058700E-04
        97 -1.126141E-03 -1.820841E-05  1.141885E-03
        98 -1.127028E-03 -3.648167E-05  1.621096E-03
        99  6.494993E-04 -1.181427E-05 -1.890486E-03
       100  3.850364E-04  4.350473E-06 -1.891084E-03
       101  1.331460E-04  1.206530E-05 -1.891296E-03
       102 -1.115375E-04  1.580646E-05 -1.891331E-03
       103 -3.543779E-04  1.998014E-05 -1.891298E-03
       104 -6.007811E-04  2.892514E-05 -1.891062E-03
       105 -8.562201E-04  4.695773E-05 -1.890390E-03
       106  6.603083E-04  4.263339E-05  2.013898E-03
       107  4.036683E-04  2.593131E-05  2.013265E-03
       108  1.563203E-04  1.726540E-05  2.013040E-03
       109 -8.721381E-05  1.266126E-05  2.013004E-03
       110 -3.322375E-04  8.177106E-06  2.013046E-03
       111 -5.839251E-04 -1.727526E-07  2.013275E-03
       112 -8.474245E-04 -1.645961E-05  2.013879E-03
       113  4.987178E-03 -2.996769E-04 -4.503950E-03
       114  4.984919E-03 -3.401660E-04 -3.036539E-03
       115  4.988322E-03 -1.998080E-04 -1.584023E-03
       116  4.990067E-03  3.245628E-05 -1.316236E-04
       117  4.987618E-03  2.653234E-04  1.335896E-03
       118  4.983569E-03  4.034405E-04  2.834924E-03
       119  4.985782E-03  3.463444E-04  4.383680E-03
       120 -5.018899E-03  4.000309E-04 -4.678718E-03
       121 -5.020353E-03  4.727637E-04 -3.232867E-03
       122 -5.015758E-03  3.292027E-04 -1.700947E-03
       123 -5.012513E-03  8.280894E-05 -1.218253E-04
       124 -5.013828E-03 -1.626303E-04  1.469049E-03
       125 -5.016728E-03 -3.131431E-04  3.039245E-03
       126 -5.014848E-03 -2.830262E-04  4.558508E-03
       127  3.727292E-03 -1.004248E-04 -5.993431E-03
       128  2.418641E-03 -9.510449E-05 -5.992885E-03
       129  1.091163E-03 -1.612039E-05 -5.993865E-03
       130 -2.335821E-04  9.808168E-05 -5.993925E-03
       131 -1.531164E-03  2.051113E-04 -5.991907E-03
       132 -2.775355E-03  2.582445E-04 -5.989604E-03
       133 -3.939388E-03  2.064450E-04 -5.990263E-03
       134  3.617944E-03  1.939541E-04  6.006860E-03
       135  2.292666E-03  2.448583E-04  6.008108E-03
       136  1.015305E-03  1.985470E-04  6.005819E-03
       137 -2.252280E-04  1.021748E-04  6.003956E-03
       138 -1.439485E-03 -1.811511E-06  6.003881E-03
       139 -2.636380E-03 -7.534155E-05  6.004859E-03
       140 -3.822173E-03 -8.407620E-05  6.003950E-03
       141 -1.396598E-05 -9.588485E-06 -6.088972E-05
       142 -3.005572E-05  1.022765E-05 -5.724424E-05
       143  2.752979E-05  9.241001E-06  5.504997E-05
       144  3.132781E-05 -7.047683E-06  5.663733E-05
       145  5.723270E-05  1.339718E-05  3.498742E-05
       146  5.609113E-05 -9.400262E-06 -1.765503E-05
       147 -4.038596E-05  2.614905E-06  1.178009E-05
       148 -4.535685E-05  2.772725E-06 -3.169930E-05
       149  9.184663E-05 -2.016134E-05 -3.599340E-04
       150 -8.815962E-05  1.889475E-05 -3.599076E-04
       151  6.631657E-05  1.319465E-05  3.669124E-04
       152 -4.218692E-05 -1.787034E-06  3.671129E-04
       153  3.078255E-04  2.360234E-05  5.950355E-05
       154  3.067775E-04 -8.493885E-06 -2.013205E-05
       155 -2.733684E-04  1.993944E-05  2.559712E-05
       156 -2.750223E-04 -6.581087E-06 -3.063026E-05
       157  1.023928E-03  6.452987E-05 -2.741370E-03
       158  2.325291E-03  5.924809E-04 -6.130205E-03
       159  4.375954E-03  1.428735E-03 -1.106502E-02
       160  5.498770E-03  2.003129E-03 -1.416566E-02
       161  4.819354E-03  1.949698E-03 -1.399128E-02
       162  2.318559E-03  1.287658E-03 -1.114784E-02
       163 -1.236463E-03  5.080719E-04 -8.000369E-03
       164 -6.655216E-04 -1.138731E-04 -3.282152E-03
       165  6.817692E-05 -7.004765E-04 -7.046386E-03
       166  5.916631E-04 -1.432701E-03 -1.137502E-02
       167  4.960006E-04 -1.840268E-03 -1.359877E-02
       168 -4.445238E-05 -1.655853E-03 -1.279730E-02
       169 -1.086508E-04 -9.771644E-04 -9.880269E-03
       170  1.710415E-03 -3.264002E-04 -7.261699E-03
       171  6.695200E-04 -5.917427E-05  3.014175E-03
       172 -8.299829E-06 -5.894329E-04  6.423403E-03
       173 -8.773771E-04 -1.358761E-03  1.096930E-02
       174 -1.145058E-03 -1.829584E-03  1.352637E-02
       175 -7.755920E-04 -1.681277E-03  1.289792E-02
       176 -5.958954E-04 -9.896555E-04  9.926892E-03
       177 -2.072291E-03 -3.164355E-04  7.210551E-03
       178 -1.006947E-03  7.781111E-05  2.966659E-03
       179 -1.952105E-03  5.983986E-04  6.312475E-03
       180 -3.789138E-03  1.377938E-03  1.091813E-02
       181 -4.923759E-03  1.897252E-03  1.372942E-02
       182 -4.479560E-03  1.831680E-03  1.349694E-02
       183 -2.289702E-03  1.209247E-03  1.082726E-02
       184  1.147676E-03  4.782471E-04  7.881298E-03
       185  2.620751E-04  1.673488E-04 -1.425691E-03
       186 -3.297146E-03  1.186613E-03 -7.953887E-05
       187 -8.582071E-03  2.616831E-03  2.137716E-03
       188 -1.116569E-02  3.276842E-03  4.233637E-03
       189 -9.107446E-03  2.817503E-03  5.576671E-03
       190 -3.452226E-03  1.630551E-03  6.059549E-03
       191  1.943315E-03  5.700295E-04  6.074616E-03
       192  4.504258E-04 -8.642894E-05  1.652032E-03
       193 -2.989660E-03 -1.075642E-03  1.693818E-03
       194 -8.506613E-03 -2.571227E-03  1.946787E-03
       195 -1.136143E-02 -3.302218E-03  1.215029E-03
       196 -9.390689E-03 -2.866223E-03 -8.302392E-04
       197 -3.575272E-03 -1.648512E-03 -3.560047E-03
       198  2.017711E-03 -5.515166E-04 -5.392106E-03
       199 -4.972950E-04 -1.163284E-04 -1.724123E-03
       200  3.051315E-03 -1.134484E-03 -1.584154E-03
       201  8.411086E-03 -2.585085E-03 -1.206533E-03
       202  1.100413E-02 -3.248137E-03 -1.267147E-04
       203  8.848073E-03 -2.766861E-03  1.711841E-03
       204  3.061201E-03 -1.552625E-03  3.871651E-03
       205 -2.262281E-03 -5.066914E-04  5.351001E-03
       206 -7.702071E-04  7.395738E-05  1.754714E-03
       207  2.273679E-03  9.503717E-04  1.939289E-04
       208  7.384230E-03  2.335097E-03 -2.843047E-03
       209  1.019055E-02  3.052241E-03 -5.598048E-03
       210  8.627577E-03  2.708293E-03 -7.057703E-03
       211  3.466586E-03  1.628157E-03 -7.134791E-03
       212 -1.750477E-03  6.031341E-04 -6.559031E-03

 forces (fx,fy,fz) for set RIGHT and time  0.1000000E+01

        21  2.225746E+03 -1.392557E+02 -3.408344E+03
        22  8.264578E+02  4.270521E+02  3.422892E+03
        23 -3.101755E+03  7.617210E+02  6.690839E+02
        24  1.558938E+02  8.864229E+02 -6.665175E+02

 internal energy (element, energy) for set ALL and time  0.1000000E+01

         1  3.534476E-02
         2  6.696087E-02
         3  7.278947E-02
         4  4.109878E-02
         5  7.986383E-03
         6  8.489491E-03
         7  9.054621E-03
         8  4.809679E-03
         9  2.875188E-04
        10  3.471870E-04
        11  1.490297E-03
        12  1.007921E-03
        13  3.063746E-03
        14  3.686119E-03
        15  3.423036E-04
        16  4.349848E-04
        17  4.996781E-03
        18  3.451447E-03
        19  3.150375E-03
        20  5.254197E-03
        21  1.399367E-03
        22  2.051862E-03
        23  2.050441E-03
        24  2.077627E-03
        25  5.695424E-03
        26  4.840200E-03
        27  4.219235E-03
        28  4.708547E-03
        29  6.205998E-03
        30  4.201054E-03
        31  4.360465E-03
        32  9.414976E-03
        33  8.094487E-03
        34  1.159300E-02
        35  1.618974E-02
        36  1.881251E-02
        37  1.575148E-02
        38  2.311217E-02
        39  7.695191E-02
        40  5.740865E-02
        41  1.082616E-02
        42  1.370788E-02
        43  1.299045E-02
        44  1.154126E-02
        45  1.217197E-02
        46  2.103458E-02
        47  6.031691E-02
        48  4.856356E-02
        49  3.299296E-03
        50  1.244322E-02
        51  8.829190E-03
        52  6.919793E-03
        53  8.374895E-03
        54  1.839227E-02
        55  5.433938E-02
        56  6.313644E-02
        57  8.654671E-03
        58  8.518904E-03
        59  1.326727E-02
        60  1.564069E-02
        61  1.253311E-02
        62  1.921751E-02
        63  6.382234E-02
        64  4.646061E-02
        65  1.105128E-04
        66  8.832507E-06
        67  2.559531E-06
        68  3.294928E-05
        69  1.172431E-04
        70  9.306354E-06
        71  3.542173E-06
        72  4.593151E-05
        73  9.046749E-05
        74  9.855508E-06
        75  1.032911E-05
        76  9.601620E-05
        77  2.625413E-05
        78  2.966006E-06
        79  3.844883E-06
        80  3.681227E-05
        81  1.784780E-01
        82  9.986304E-02
        83  1.406738E-01
        84  1.155875E-01
        85  1.385745E-03
        86  1.878223E-03
        87  3.144931E-03
        88  1.821863E-03
        89  1.756637E-03
        90  2.834202E-03
        91  3.925148E-03
        92  2.610234E-03
        93  1.553268E-01
        94  1.007199E-01
        95  1.046717E-01
        96  7.223866E-02
        97  2.145382E-02
        98  1.164384E-02
        99  4.014999E-03
       100  5.448343E-04
       101  8.449912E-04
       102  4.873495E-03
       103  1.299882E-02
       104  2.295578E-02
       105  2.154954E-02
       106  1.218463E-02
       107  4.597905E-03
       108  8.175277E-04
       109  5.195303E-04
       110  3.781692E-03
       111  1.101040E-02
       112  2.040396E-02
       113  1.456172E-03
       114  7.594043E-04
       115  2.964552E-04
       116  5.627188E-05
       117  2.637662E-05
       118  2.061750E-04
       119  6.065393E-04
       120  1.203183E-03
       121  2.160998E-03
       122  1.144433E-03
       123  3.702826E-04
       124  3.243120E-05
       125  8.917288E-05
       126  5.348526E-04
       127  1.411339E-03
       128  2.585714E-03
       129  1.650571E-01
       130  9.320041E-02
       131  3.854014E-02
       132  1.130300E-02
       133  1.015867E-02
       134  3.848748E-02
       135  1.027445E-01
       136  1.965554E-01
       137  2.498299E-01
       138  1.274218E-01
       139  4.628441E-02
       140  1.149120E-02
       141  1.143561E-02
       142  3.782376E-02
       143  8.452138E-02
       144  1.445322E-01
       145  8.569063E-02
       146  5.853165E-02
       147  3.939835E-02
       148  3.000203E-02
       149  3.273762E-02
       150  5.171407E-02
       151  9.469665E-02
       152  1.564006E-01
       153  1.316931E-01
       154  7.700699E-02
       155  4.168754E-02
       156  2.674688E-02
       157  2.601994E-02
       158  3.518196E-02
       159  5.413339E-02
       160  7.406537E-02
       161  2.068871E-02
       162  1.232570E-02
       163  2.033506E-02
       164  2.108775E-02
       165  1.860402E-02
       166  2.233800E-02
       167  1.385693E-02
       168  1.071052E-02
       169  4.373033E-02
       170  2.013188E-02
       171  3.802503E-02
       172  1.829573E-02
       173  2.305526E-02
       174  3.700235E-02
       175  1.329094E-02
       176  2.475332E-02
       177  1.332495E-01
       178  6.280740E-02
       179  9.800678E-02
       180  5.570422E-02
       181  7.680898E-02
       182  1.528043E-01
       183  5.667321E-02
       184  9.091159E-02
       185  2.417176E-01
       186  9.109820E-02
       187  1.991171E-01
       188  7.352876E-02
       189  9.581548E-02
       190  2.522227E-01
       191  6.923164E-02
       192  1.706839E-01
       193  1.641510E-01
       194  2.404089E-01
       195  2.273805E-01
       196  2.636050E-01
       197  2.407910E-01
       198  2.635419E-01
       199  2.773783E-01
       200  3.347918E-01
       201  3.387768E-01
       202  4.636433E-01
       203  3.422924E-01
       204  3.731422E-01
       205  3.693781E-01
       206  2.721316E-01
       207  2.381079E-01
       208  3.938819E-01
       209  3.499429E-01
       210  5.130064E-01
       211  8.993747E-02
       212  3.246586E-01
       213  4.213915E-01
       214  1.783760E-01
       215  2.029617E-01
       216  1.438941E-01
       217  5.108935E-01
       218  3.200878E-01
       219  1.152777E-01
       220  3.424538E-01
       221  3.706495E-01
       222  1.572050E-01
       223  2.979180E-01
       224  1.581325E-01
       225  4.003735E-01
       226  4.085339E-01
       227  9.075707E-02
       228  3.239370E-01
       229  3.818600E-01
       230  1.618501E-01
       231  2.844347E-01
       232  2.176788E-01
       233  3.905036E-01
       234  4.449887E-01
       235  8.868222E-02
       236  3.111848E-01
       237  3.928041E-01
       238  1.659066E-01
       239  2.040951E-01
       240  1.403910E-01
       241  3.003610E-01
       242  5.092701E-01
       243  9.901522E-02
       244  4.015077E-01
       245  4.545914E-01
       246  1.596156E-01
       247  2.771621E-01
       248  2.954789E-01
       249  3.025716E-01
       250  6.811321E-01
       251  1.124385E-01
       252  4.910612E-01
       253  5.835299E-01
       254  2.218186E-01
       255  3.611540E-01
       256  4.096704E-01
       257  2.533635E-01
       258  5.417034E-01
       259  1.192066E-01
       260  4.445300E-01
       261  4.965873E-01
       262  1.817585E-01
       263  3.383241E-01
       264  2.973068E-01
       265  1.756475E-01
       266  6.129356E-01
       267  1.068914E-01
       268  4.075352E-01
       269  4.972475E-01
       270  2.049874E-01
       271  2.545269E-01
       272  2.544127E-01

 total internal energy for set ALL and time  0.1000000E+01

        3.148207E+01
