
                        S T E P       1


                                INCREMENT     1


 displacements (vx,vy,vz) for set NALL and time  0.1000000E+01

         1  0.000000E+00  0.000000E+00  6.617445E-25
         2  0.000000E+00 -1.323489E-24 -6.617445E-25
         3  0.000000E+00 -4.135903E-26  2.488159E-22
         4  0.000000E+00  1.323489E-24  5.254251E-22
         5  8.711206E-04 -6.376246E-06 -1.019762E-03
         6  8.724332E-04  2.261040E-06  9.615564E-04
         7 -8.053954E-04  5.002926E-06 -1.020687E-03
         8 -8.068757E-04  3.149836E-06  9.632558E-04
         9  1.649682E-03 -5.083360E-06 -2.020889E-03
        10  1.651170E-03  9.820913E-06  1.935465E-03
        11 -1.629868E-03  5.190671E-06 -2.022307E-03
        12 -1.630981E-03  2.939114E-06  1.936338E-03
        13  2.384990E-03 -1.765490E-06 -3.060999E-03
        14  2.386251E-03  1.569843E-05  2.949528E-03
        15 -2.514491E-03  9.565678E-06 -3.061170E-03
        16 -2.515234E-03  7.228217E-06  2.949714E-03
        17  4.055155E-03  2.394273E-06 -4.884268E-03
        18  4.055439E-03  2.717830E-06  4.920551E-03
        19 -3.979357E-03 -1.715537E-06 -4.884032E-03
        20 -3.979198E-03  4.437350E-06  4.921089E-03
        21  5.000000E-03  4.235165E-23 -6.000000E-03
        22  5.000000E-03  0.000000E+00  6.000000E-03
        23 -5.000000E-03  1.096908E-20 -6.000000E-03
        24 -5.000000E-03 -6.691560E-21  6.000000E-03
        25  3.654681E-04 -2.244504E-05 -5.418515E-04
        26  3.535768E-04 -1.878272E-05  4.647758E-04
        27 -3.427764E-04 -7.723173E-06 -5.292589E-04
        28 -4.019386E-04 -1.152736E-05  4.648833E-04
        29  1.569701E-03 -2.109221E-05 -1.472631E-03
        30  1.148333E-03 -5.490746E-06  1.430096E-03
        31 -1.035793E-03 -1.264648E-05 -1.488943E-03
        32 -1.326898E-03 -9.966270E-06  1.438724E-03
        33  2.483262E-03 -2.436268E-05 -2.492484E-03
        34  1.974576E-03  2.876263E-06  2.270447E-03
        35 -1.828641E-03 -9.833173E-06 -2.437550E-03
        36 -2.262025E-03 -8.329177E-06  2.291386E-03
        37  3.255457E-03 -3.539776E-05 -4.094709E-03
        38  2.328993E-03 -1.774777E-05  4.221631E-03
        39 -2.772388E-03 -2.846311E-05 -4.110661E-03
        40 -3.627646E-03 -1.540761E-05  4.207660E-03
        41  5.307039E-03 -1.299833E-05 -5.557055E-03
        42  3.869351E-03 -1.521334E-05  5.619382E-03
        43 -3.597588E-03 -2.055664E-05 -5.576048E-03
        44 -4.880062E-03 -1.157574E-05  5.460274E-03
        45 -2.480165E-06  2.843424E-09 -1.715966E-06
        46 -2.796538E-06  1.465978E-09 -1.935560E-06
        47  3.914778E-08 -4.881191E-08  5.651940E-08
        48 -1.838365E-07 -4.759954E-08 -1.846643E-07
        49  8.705258E-04 -5.350897E-06  1.014251E-04
        50 -8.084810E-04  1.367350E-05 -4.742048E-05
        51 -5.717335E-05 -5.608835E-06 -1.019178E-03
        52  6.579709E-05  3.707706E-06  9.633302E-04
        53  1.649230E-03  1.783946E-05 -3.898779E-05
        54 -1.632050E-03  1.340606E-05  4.295590E-05
        55  1.467676E-05 -3.993603E-07 -2.020844E-03
        56 -5.257456E-05  4.818284E-06  1.936384E-03
        57  2.385302E-03  1.750377E-05  3.459692E-05
        58 -2.516097E-03  1.203822E-05 -7.952115E-05
        59 -1.540377E-04 -5.447741E-06 -3.059664E-03
        60 -5.254024E-05  3.959516E-06  2.949839E-03
        61  4.056917E-03  3.076678E-06  1.298080E-05
        62 -3.980171E-03  3.664705E-07  9.474473E-05
        63  4.218791E-05 -1.084406E-05 -4.883476E-03
        64 -3.166356E-05  3.687058E-06  4.919938E-03
        65  5.000435E-03 -2.219924E-06 -3.353948E-05
        66 -4.999630E-03 -1.105471E-05  7.974257E-05
        67  9.548327E-05 -2.039139E-06 -6.000084E-03
        68  3.551303E-06  2.778555E-05  5.999228E-03
        69 -1.349129E-04 -2.277488E-05 -5.345271E-04
        70 -6.775148E-06  1.281152E-06 -5.513800E-04
        71 -7.908130E-05  2.023388E-05  4.632439E-04
        72  2.046737E-04 -7.081725E-06  4.683158E-04
        73  3.683732E-04  2.358466E-05  3.181711E-04
        74  3.583172E-04 -2.000278E-05 -3.420693E-04
        75 -3.860816E-04  3.212356E-05  2.896898E-04
        76 -3.513401E-04 -1.563288E-05 -3.436885E-04
        77  6.989098E-05 -3.258590E-05 -1.478348E-03
        78  8.537391E-06  2.673298E-05 -1.498323E-03
        79  3.003690E-05  1.267035E-05  1.431745E-03
        80  9.162878E-05 -2.468916E-06  1.439952E-03
        81  1.313372E-03 -1.039338E-05  5.640323E-04
        82  1.367734E-03  1.494566E-05 -4.529906E-04
        83 -1.217612E-03  3.481647E-05  4.563089E-04
        84 -1.133726E-03 -6.174138E-06 -4.527924E-04
        85 -4.563673E-05 -4.449261E-05 -2.438490E-03
        86  3.211332E-05  3.085448E-05 -2.501283E-03
        87  5.880566E-06  5.319969E-05  2.291313E-03
        88  1.866867E-04 -3.487595E-05  2.273523E-03
        89  2.171975E-03 -3.345242E-05  3.983982E-04
        90  2.266815E-03  6.196884E-05 -5.615927E-04
        91 -2.067513E-03  3.083952E-05  4.080198E-04
        92 -2.004965E-03 -5.368234E-06 -4.581058E-04
        93  1.307157E-03  1.236528E-04 -4.249855E-03
        94  6.869317E-04  4.171433E-04 -6.167316E-03
        95 -9.699752E-04  3.072241E-04 -5.925097E-03
        96 -1.995201E-03 -9.866104E-05 -4.187855E-03
        97 -1.186011E-03 -3.424044E-04 -5.833279E-03
        98  9.050247E-04 -2.507127E-04 -5.707257E-03
        99  1.234956E-03 -1.639574E-04  4.467100E-03
       100  9.791791E-05 -4.835261E-04  6.517769E-03
       101 -1.523824E-03 -3.440590E-04  6.124874E-03
       102 -1.800927E-03  1.746810E-04  4.431821E-03
       103 -8.160626E-04  4.839109E-04  6.449038E-03
       104  1.123403E-03  3.427438E-04  6.080130E-03
       105  1.005777E-03  4.525263E-04 -1.454066E-03
       106  5.804264E-04  6.183581E-04  6.503912E-04
       107  2.575466E-03  2.339330E-04  2.975906E-03
       108  1.044040E-03 -4.301956E-04  1.866356E-03
       109  6.035859E-04 -6.022453E-04 -2.082207E-04
       110  2.580211E-03 -2.248106E-04 -2.842780E-03
       111 -1.749506E-03 -2.690731E-04 -2.039410E-03
       112 -1.405893E-03 -4.176416E-04  9.334833E-05
       113 -2.886148E-03 -1.485529E-04  2.850499E-03
       114 -1.834039E-03  2.595210E-04  1.971470E-03
       115 -1.543689E-03  3.933799E-04  4.143205E-05
       116 -2.931134E-03  1.428233E-04 -2.617094E-03
       117  9.051022E-04  3.449783E-06 -5.551765E-03
       118 -5.344367E-04 -1.364731E-05 -5.613535E-03
       119  9.045528E-04  2.020571E-05  5.454985E-03
       120 -6.024147E-04  1.496336E-05  5.616224E-03
       121  4.585123E-03 -1.698064E-05  1.452859E-03
       122  4.575869E-03  2.004349E-05 -1.444767E-03
       123 -4.255469E-03 -3.600144E-05  1.220820E-03
       124 -4.302832E-03  2.849202E-05 -1.142274E-03

 forces (fx,fy,fz) for set RIGHT and time  0.1000000E+01

        21  2.699684E+03 -3.668818E+02 -2.377743E+03
        22  2.532590E+03  8.610112E+02  3.017905E+03
        23 -2.389102E+03  1.016096E+03 -2.201805E+03
        24 -2.750981E+03 -1.019775E+03  1.498945E+03

 internal energy (element, energy) for set ALL and time  0.1000000E+01

         1  2.028668E-02
         2  3.126387E-02
         3  2.834761E-02
         4  6.196814E-02
         5  3.163348E-02
         6  5.664320E-02
         7  1.820564E-02
         8  1.743619E-02
         9  1.402458E-03
        10  2.485890E-03
        11  5.441911E-02
        12  2.795132E-02
        13  4.910688E-02
        14  3.165631E-02
        15  5.532995E-03
        16  4.785157E-03
        17  9.051462E-03
        18  8.388805E-03
        19  2.744802E-02
        20  6.790572E-03
        21  2.805101E-02
        22  1.819542E-02
        23  5.252936E-03
        24  7.053248E-03
        25  2.227212E-02
        26  3.269967E-02
        27  1.747768E-02
        28  1.558833E-02
        29  3.123964E-02
        30  2.698529E-02
        31  3.321705E-02
        32  2.268147E-02
        33  2.470986E-02
        34  4.199201E-02
        35  3.205452E-02
        36  6.232138E-02
        37  2.954382E-02
        38  4.828159E-02
        39  1.842739E-02
        40  3.597475E-02
        41  7.762842E-03
        42  6.759697E-03
        43  8.952467E-03
        44  9.482016E-03
        45  5.619655E-03
        46  6.142954E-03
        47  4.793192E-03
        48  6.509300E-03
        49  1.166550E-02
        50  1.147668E-02
        51  1.300579E-02
        52  3.299672E-03
        53  1.435826E-02
        54  1.149663E-02
        55  1.073224E-02
        56  1.813895E-03
        57  3.256675E-03
        58  8.419730E-03
        59  1.232082E-02
        60  2.036030E-02
        61  2.106250E-03
        62  7.403237E-03
        63  1.094679E-02
        64  1.879994E-02
        65  3.389980E-02
        66  6.061764E-02
        67  9.619087E-02
        68  8.436334E-02
        69  3.329653E-02
        70  6.879725E-02
        71  5.947199E-02
        72  5.687045E-02
        73  2.012091E-02
        74  2.043393E-02
        75  1.582793E-02
        76  5.672923E-03
        77  2.768608E-02
        78  2.863210E-02
        79  1.603726E-02
        80  8.392622E-03
        81  4.930156E-02
        82  3.902307E-02
        83  1.304431E-02
        84  1.871400E-02
        85  2.078488E-02
        86  8.285635E-03
        87  3.640072E-02
        88  3.159109E-02
        89  6.508203E-01
        90  4.024165E-01
        91  5.174165E-01
        92  5.417510E-01
        93  4.815218E-01
        94  4.658574E-01
        95  3.837166E-01
        96  5.497335E-01
        97  7.768122E-01
        98  4.047465E-01
        99  6.867987E-01
       100  4.589337E-01
       101  3.838109E-01
       102  7.471649E-01
       103  3.604212E-01
       104  6.927622E-01
       105  5.529722E-01
       106  3.958132E-01
       107  5.383081E-01
       108  3.917471E-01
       109  4.238211E-01
       110  5.569223E-01
       111  3.805098E-01
       112  5.140340E-01
       113  6.364360E-01
       114  4.186944E-01
       115  7.643600E-01
       116  3.800277E-01
       117  3.692073E-01
       118  7.063335E-01
       119  3.550767E-01
       120  6.718362E-01
       121  6.054740E-01
       122  3.965596E-01
       123  5.812887E-01
       124  4.655600E-01
       125  5.318366E-01
       126  5.346588E-01
       127  4.894088E-01
       128  5.710600E-01
       129  6.528532E-01
       130  5.115245E-01
       131  6.786903E-01
       132  4.839011E-01
       133  4.397136E-01
       134  6.790159E-01
       135  4.769035E-01
       136  7.309310E-01
       137  5.354441E-01
       138  4.399350E-01
       139  4.795508E-01
       140  5.067964E-01
       141  5.777058E-01
       142  4.455458E-01
       143  5.330844E-01
       144  4.387983E-01
       145  5.338946E-01
       146  3.612333E-01
       147  4.080540E-01
       148  5.178265E-01
       149  6.164651E-01
       150  4.169934E-01
       151  4.652658E-01
       152  5.847424E-01
       153  5.787205E-01
       154  4.157334E-01
       155  4.018409E-01
       156  5.327955E-01
       157  6.364537E-01
       158  4.389325E-01
       159  4.385189E-01
       160  5.711329E-01
       161  5.757720E-01
       162  4.873487E-01
       163  4.426036E-01
       164  5.079829E-01
       165  4.996773E-01
       166  4.748061E-01
       167  4.280227E-01
       168  4.928418E-01
       169  6.713376E-01
       170  5.991228E-01
       171  6.327399E-01
       172  5.414644E-01
       173  6.208098E-01
       174  5.859388E-01
       175  6.223235E-01
       176  5.600444E-01
       177  7.238705E-01
       178  5.419155E-01
       179  7.149675E-01
       180  5.743584E-01
       181  5.576968E-01
       182  7.047910E-01
       183  5.856834E-01
       184  6.885777E-01

 total internal energy for set ALL and time  0.1000000E+01

        5.322009E+01
