
                        S T E P       1


                                INCREMENT     1


 displacements (vx,vy,vz) for set TIP_TOP and time  0.1000000E+01

      2327  1.120676E-01 -3.098952E-03 -3.034830E+00
      2328  1.120201E-01 -3.056801E-03 -3.028109E+00
      2331  1.118292E-01 -2.962980E-03 -3.021419E+00
      2334  1.117108E-01 -2.415898E-03 -3.015219E+00
      2336  1.117008E-01 -9.611093E-04 -3.011188E+00
      2338  1.116848E-01  6.305027E-12 -3.010933E+00
      2340  1.117008E-01  9.611093E-04 -3.011188E+00
      2343  1.117108E-01  2.415898E-03 -3.015219E+00
      2346  1.118292E-01  2.962980E-03 -3.021419E+00
      2349  1.120201E-01  3.056801E-03 -3.028109E+00
      2352  1.120676E-01  3.098952E-03 -3.034830E+00

 forces (fx,fy,fz) for set CLAMP and time  0.1000000E+01

         1  3.238034E+03  3.563306E+03  1.269764E+03
         4  5.747051E+03 -8.298237E-09  2.533924E+03
         5  5.228541E+03  5.946317E+03  5.633861E+02
         8  9.187300E+03 -1.358450E-08  1.132415E+03
         9  3.721097E+03  4.167152E+03  1.842968E+01
        12  6.516448E+03 -9.566891E-09  4.408996E+01
        13  1.953333E+03  2.151842E+03 -3.055761E+02
        16  3.420801E+03 -5.077542E-09 -6.023102E+02
        17  2.972259E+01 -2.996582E+01 -4.002399E+02
        20  4.904130E+01 -2.256831E-10 -7.925216E+02
        21 -1.347276E+03 -7.932223E+02 -9.266459E+02
        24 -1.580017E+03  2.047581E-09 -3.907495E+02
        26  3.238034E+03 -3.563306E+03  1.269764E+03
        28  5.228541E+03 -5.946317E+03  5.633861E+02
        30  3.721097E+03 -4.167152E+03  1.842968E+01
        32  1.953333E+03 -2.151842E+03 -3.055761E+02
        34  2.972259E+01  2.996582E+01 -4.002399E+02
        36 -1.347276E+03  7.932223E+02 -9.266459E+02
        37 -9.002196E+02 -4.490832E+02 -9.779739E+02
        40 -1.210509E+03 -1.413719E+02 -1.683787E+03
        41 -1.882985E+03 -9.688817E+02 -1.399789E+02
        44 -2.717785E+03 -3.139164E+02 -2.705644E+02
        45 -1.171422E+03 -5.226116E+02  1.070132E+03
        48 -1.878130E+03 -1.727419E+02  1.925836E+03
        50 -1.056640E+03 -1.208248E+02 -1.529457E+03
        52 -2.553567E+03 -2.606693E+02 -2.811975E+02
        54 -1.873847E+03 -1.400564E+02  1.825373E+03
        56 -1.003450E+03 -7.270151E+01 -1.479828E+03
        58 -2.523587E+03 -1.510769E+02 -2.783265E+02
        60 -1.903117E+03 -7.880166E+01  1.809672E+03
        62 -1.712951E+03 -4.685315E+01 -1.813301E+02
        64 -1.305299E+03 -2.235378E+01  1.230946E+03
        66 -9.059121E+02  4.511842E-10 -9.750561E+01
        68 -6.946006E+02  2.067743E-11  6.553911E+02
        70 -1.712951E+03  4.685315E+01 -1.813301E+02
        72 -1.305299E+03  2.235378E+01  1.230946E+03
        74 -1.003450E+03  7.270151E+01 -1.479828E+03
        76 -2.523587E+03  1.510769E+02 -2.783265E+02
        78 -1.903117E+03  7.880166E+01  1.809672E+03
        80 -1.056640E+03  1.208248E+02 -1.529457E+03
        82 -2.553567E+03  2.606693E+02 -2.811975E+02
        84 -1.873847E+03  1.400564E+02  1.825373E+03
        86 -1.210509E+03  1.413719E+02 -1.683787E+03
        88 -2.717785E+03  3.139164E+02 -2.705644E+02
        90 -1.878130E+03  1.727419E+02  1.925836E+03
        92 -9.002196E+02  4.490832E+02 -9.779739E+02
        94 -1.882985E+03  9.688817E+02 -1.399789E+02
        96 -1.171422E+03  5.226116E+02  1.070132E+03

 internal energy (element, energy) for set EALL and time  0.1000000E+01

         1  2.565655E+01
         2  1.373248E+01
         3  5.451299E+00
         4  9.006229E-01
         5  9.915344E-01
         6  2.565655E+01
         7  1.373248E+01
         8  5.451299E+00
         9  9.006229E-01
        10  9.915344E-01
        11  2.907193E+00
        12  3.752541E+00
        13  2.256408E+00
        14  3.098681E+00
        15  2.062360E+00
        16  2.934863E+00
        17  1.991682E+00
        18  2.854839E+00
        19  7.030528E-01
        20  1.027094E+00
        21  7.030528E-01
        22  1.027094E+00
        23  1.991682E+00
        24  2.854839E+00
        25  2.062360E+00
        26  2.934863E+00
        27  2.256408E+00
        28  3.098681E+00
        29  2.907193E+00
        30  3.752541E+00
        31  2.915552E+01
        32  1.738447E+01
        33  6.749782E+00
        34  1.053123E+00
        35  1.271248E+00
        36  2.915552E+01
        37  1.738447E+01
        38  6.749782E+00
        39  1.053123E+00
        40  1.271248E+00
        41  2.601649E+00
        42  3.556185E+00
        43  2.743178E+00
        44  3.718771E+00
        45  2.623747E+00
        46  3.573700E+00
        47  2.557782E+00
        48  3.497374E+00
        49  9.160408E-01
        50  1.264094E+00
        51  9.160408E-01
        52  1.264094E+00
        53  2.557782E+00
        54  3.497374E+00
        55  2.623747E+00
        56  3.573700E+00
        57  2.743178E+00
        58  3.718771E+00
        59  2.601649E+00
        60  3.556185E+00
        61  3.027248E+01
        62  1.719802E+01
        63  6.768189E+00
        64  1.059148E+00
        65  1.259738E+00
        66  3.027248E+01
        67  1.719802E+01
        68  6.768189E+00
        69  1.059148E+00
        70  1.259738E+00
        71  2.384255E+00
        72  3.406843E+00
        73  2.579847E+00
        74  3.628212E+00
        75  2.632225E+00
        76  3.693643E+00
        77  2.601135E+00
        78  3.682850E+00
        79  9.356712E-01
        80  1.334944E+00
        81  9.356712E-01
        82  1.334944E+00
        83  2.601135E+00
        84  3.682850E+00
        85  2.632225E+00
        86  3.693643E+00
        87  2.579847E+00
        88  3.628212E+00
        89  2.384255E+00
        90  3.406843E+00
        91  3.249030E+01
        92  1.753868E+01
        93  6.809059E+00
        94  1.081316E+00
        95  1.234531E+00
        96  3.249030E+01
        97  1.753868E+01
        98  6.809059E+00
        99  1.081316E+00
       100  1.234531E+00
       101  2.468499E+00
       102  3.569670E+00
       103  2.574904E+00
       104  3.692595E+00
       105  2.642760E+00
       106  3.771450E+00
       107  2.650539E+00
       108  3.782827E+00
       109  9.586493E-01
       110  1.370410E+00
       111  9.586493E-01
       112  1.370410E+00
       113  2.650539E+00
       114  3.782827E+00
       115  2.642760E+00
       116  3.771450E+00
       117  2.574904E+00
       118  3.692595E+00
       119  2.468499E+00
       120  3.569670E+00
       121  3.412406E+01
       122  1.792896E+01
       123  6.841058E+00
       124  1.091984E+00
       125  1.192624E+00
       126  3.412406E+01
       127  1.792896E+01
       128  6.841058E+00
       129  1.091984E+00
       130  1.192624E+00
       131  2.528769E+00
       132  3.704537E+00
       133  2.581287E+00
       134  3.758601E+00
       135  2.624929E+00
       136  3.799637E+00
       137  2.638435E+00
       138  3.807797E+00
       139  9.569074E-01
       140  1.381871E+00
       141  9.569074E-01
       142  1.381871E+00
       143  2.638435E+00
       144  3.807797E+00
       145  2.624929E+00
       146  3.799637E+00
       147  2.581287E+00
       148  3.758601E+00
       149  2.528769E+00
       150  3.704537E+00
       151  3.548191E+01
       152  1.843971E+01
       153  6.971731E+00
       154  1.121487E+00
       155  1.146825E+00
       156  3.548191E+01
       157  1.843971E+01
       158  6.971731E+00
       159  1.121487E+00
       160  1.146825E+00
       161  2.578389E+00
       162  3.816094E+00
       163  2.600481E+00
       164  3.832181E+00
       165  2.623751E+00
       166  3.848522E+00
       167  2.634329E+00
       168  3.852602E+00
       169  9.569124E-01
       170  1.399378E+00
       171  9.569124E-01
       172  1.399378E+00
       173  2.634329E+00
       174  3.852602E+00
       175  2.623751E+00
       176  3.848522E+00
       177  2.600481E+00
       178  3.832181E+00
       179  2.578389E+00
       180  3.816094E+00
       181  3.661906E+01
       182  1.898803E+01
       183  7.174390E+00
       184  1.174286E+00
       185  1.099883E+00
       186  3.661906E+01
       187  1.898803E+01
       188  7.174390E+00
       189  1.174286E+00
       190  1.099883E+00
       191  2.609424E+00
       192  3.907536E+00
       193  2.618196E+00
       194  3.910189E+00
       195  2.630364E+00
       196  3.917111E+00
       197  2.640346E+00
       198  3.922187E+00
       199  9.603785E-01
       200  1.425947E+00
       201  9.603785E-01
       202  1.425947E+00
       203  2.640346E+00
       204  3.922187E+00
       205  2.630364E+00
       206  3.917111E+00
       207  2.618196E+00
       208  3.910189E+00
       209  2.609424E+00
       210  3.907536E+00
       211  3.762541E+01
       212  1.954826E+01
       213  7.425332E+00
       214  1.246768E+00
       215  1.051890E+00
       216  3.762541E+01
       217  1.954826E+01
       218  7.425332E+00
       219  1.246768E+00
       220  1.051890E+00
       221  2.628424E+00
       222  3.990540E+00
       223  2.633019E+00
       224  3.991850E+00
       225  2.641409E+00
       226  3.998390E+00
       227  2.652927E+00
       228  4.007390E+00
       229  9.660903E-01
       230  1.458186E+00
       231  9.660903E-01
       232  1.458186E+00
       233  2.652927E+00
       234  4.007390E+00
       235  2.641409E+00
       236  3.998390E+00
       237  2.633019E+00
       238  3.991850E+00
       239  2.628424E+00
       240  3.990540E+00
       241  3.855353E+01
       242  2.010745E+01
       243  7.703481E+00
       244  1.333275E+00
       245  1.003499E+00
       246  3.855353E+01
       247  2.010745E+01
       248  7.703481E+00
       249  1.333275E+00
       250  1.003499E+00
       251  2.639576E+00
       252  4.071451E+00
       253  2.644087E+00
       254  4.075462E+00
       255  2.652560E+00
       256  4.085048E+00
       257  2.666507E+00
       258  4.098537E+00
       259  9.719262E-01
       260  1.492380E+00
       261  9.719262E-01
       262  1.492380E+00
       263  2.666507E+00
       264  4.098537E+00
       265  2.652560E+00
       266  4.085048E+00
       267  2.644087E+00
       268  4.075462E+00
       269  2.639576E+00
       270  4.071451E+00
       271  3.943078E+01
       272  2.065857E+01
       273  7.994510E+00
       274  1.429294E+00
       275  9.554754E-01
       276  3.943078E+01
       277  2.065857E+01
       278  7.994510E+00
       279  1.429294E+00
       280  9.554754E-01
       281  2.645340E+00
       282  4.152051E+00
       283  2.651065E+00
       284  4.159141E+00
       285  2.661085E+00
       286  4.172227E+00
       287  2.677457E+00
       288  4.189673E+00
       289  9.765829E-01
       290  1.526348E+00
       291  9.765829E-01
       292  1.526348E+00
       293  2.677457E+00
       294  4.189673E+00
       295  2.661085E+00
       296  4.172227E+00
       297  2.651065E+00
       298  4.159141E+00
       299  2.645340E+00
       300  4.152051E+00
       301  4.026626E+01
       302  2.119625E+01
       303  8.289573E+00
       304  1.531922E+00
       305  9.085346E-01
       306  4.026626E+01
       307  2.119625E+01
       308  8.289573E+00
       309  1.531922E+00
       310  9.085346E-01
       311  2.646521E+00
       312  4.231808E+00
       313  2.653584E+00
       314  4.241262E+00
       315  2.665409E+00
       316  4.257296E+00
       317  2.683895E+00
       318  4.277954E+00
       319  9.794329E-01
       320  1.559096E+00
       321  9.794329E-01
       322  1.559096E+00
       323  2.683895E+00
       324  4.277954E+00
       325  2.665409E+00
       326  4.257296E+00
       327  2.653584E+00
       328  4.241262E+00
       329  2.646521E+00
       330  4.231808E+00
       331  4.105799E+01
       332  2.171541E+01
       333  8.583331E+00
       334  1.639457E+00
       335  8.632879E-01
       336  4.105799E+01
       337  2.171541E+01
       338  8.583331E+00
       339  1.639457E+00
       340  8.632879E-01
       341  2.643057E+00
       342  4.309384E+00
       343  2.651244E+00
       344  4.320482E+00
       345  2.664718E+00
       346  4.338841E+00
       347  2.685016E+00
       348  4.362156E+00
       349  9.802421E-01
       350  1.590241E+00
       351  9.802421E-01
       352  1.590241E+00
       353  2.685016E+00
       354  4.362156E+00
       355  2.664718E+00
       356  4.338841E+00
       357  2.651244E+00
       358  4.320482E+00
       359  2.643057E+00
       360  4.309384E+00
       361  4.179837E+01
       362  2.221077E+01
       363  8.872241E+00
       364  1.750872E+00
       365  8.202681E-01
       366  4.179837E+01
       367  2.221077E+01
       368  8.872241E+00
       369  1.750872E+00
       370  8.202681E-01
       371  2.634566E+00
       372  4.383384E+00
       373  2.643665E+00
       374  4.395691E+00
       375  2.658583E+00
       376  4.415978E+00
       377  2.680512E+00
       378  4.441648E+00
       379  9.789384E-01
       380  1.619604E+00
       381  9.789384E-01
       382  1.619604E+00
       383  2.680512E+00
       384  4.441648E+00
       385  2.658583E+00
       386  4.415978E+00
       387  2.643665E+00
       388  4.395691E+00
       389  2.634566E+00
       390  4.383384E+00
       391  4.247723E+01
       392  2.267661E+01
       393  9.153378E+00
       394  1.865387E+00
       395  7.799490E-01
       396  4.247723E+01
       397  2.267661E+01
       398  9.153378E+00
       399  1.865387E+00
       400  7.799490E-01
       401  2.620628E+00
       402  4.452565E+00
       403  2.630510E+00
       404  4.465896E+00
       405  2.646738E+00
       406  4.487941E+00
       407  2.670233E+00
       408  4.515859E+00
       409  9.754888E-01
       410  1.647005E+00
       411  9.754888E-01
       412  1.647005E+00
       413  2.670233E+00
       414  4.515859E+00
       415  2.646738E+00
       416  4.487941E+00
       417  2.630510E+00
       418  4.465896E+00
       419  2.620628E+00
       420  4.452565E+00
       421  4.308327E+01
       422  2.310667E+01
       423  9.423803E+00
       424  1.982225E+00
       425  7.427555E-01
       426  4.308327E+01
       427  2.310667E+01
       428  9.423803E+00
       429  1.982225E+00
       430  7.427555E-01
       431  2.600883E+00
       432  4.515819E+00
       433  2.611494E+00
       434  4.530136E+00
       435  2.628972E+00
       436  4.553915E+00
       437  2.654052E+00
       438  4.584081E+00
       439  9.698548E-01
       440  1.672197E+00
       441  9.698548E-01
       442  1.672197E+00
       443  2.654052E+00
       444  4.584081E+00
       445  2.628972E+00
       446  4.553915E+00
       447  2.611494E+00
       448  4.530136E+00
       449  2.600883E+00
       450  4.515819E+00
       451  4.360462E+01
       452  2.349418E+01
       453  9.680300E+00
       454  2.100481E+00
       455  7.090673E-01
       456  4.360462E+01
       457  2.349418E+01
       458  9.680300E+00
       459  2.100481E+00
       460  7.090673E-01
       461  2.575063E+00
       462  4.572095E+00
       463  2.586387E+00
       464  4.587421E+00
       465  2.605102E+00
       466  4.612978E+00
       467  2.631836E+00
       468  4.645437E+00
       469  9.619875E-01
       470  1.694858E+00
       471  9.619875E-01
       472  1.694858E+00
       473  2.631836E+00
       474  4.645437E+00
       475  2.605102E+00
       476  4.612978E+00
       477  2.586387E+00
       478  4.587421E+00
       479  2.575063E+00
       480  4.572095E+00
       481  4.402898E+01
       482  2.383187E+01
       483  9.919314E+00
       484  2.219078E+00
       485  6.792166E-01
       486  4.402898E+01
       487  2.383187E+01
       488  9.919314E+00
       489  2.219078E+00
       490  6.792166E-01
       491  2.542974E+00
       492  4.620333E+00
       493  2.555014E+00
       494  4.636701E+00
       495  2.574972E+00
       496  4.664099E+00
       497  2.603459E+00
       498  4.698899E+00
       499  9.518355E-01
       500  1.714607E+00
       501  9.518355E-01
       502  1.714607E+00
       503  2.603459E+00
       504  4.698899E+00
       505  2.574972E+00
       506  4.664099E+00
       507  2.555014E+00
       508  4.636701E+00
       509  2.542974E+00
       510  4.620333E+00
       511  4.434367E+01
       512  2.411211E+01
       513  1.013697E+01
       514  2.336752E+00
       515  6.534819E-01
       516  4.434367E+01
       517  2.411211E+01
       518  1.013697E+01
       519  2.336752E+00
       520  6.534819E-01
       521  2.504492E+00
       522  4.659418E+00
       523  2.517249E+00
       524  4.676855E+00
       525  2.538462E+00
       526  4.706151E+00
       527  2.568814E+00
       528  4.743328E+00
       529  9.393546E-01
       530  1.731018E+00
       531  9.393546E-01
       532  1.731018E+00
       533  2.568814E+00
       534  4.743328E+00
       535  2.538462E+00
       536  4.706151E+00
       537  2.517249E+00
       538  4.676855E+00
       539  2.504492E+00
       540  4.659418E+00
       541  4.453577E+01
       542  2.432695E+01
       543  1.032913E+01
       544  2.452054E+00
       545  6.320782E-01
       546  4.453577E+01
       547  2.432695E+01
       548  1.032913E+01
       549  2.452054E+00
       550  6.320782E-01
       551  2.459550E+00
       552  4.688173E+00
       553  2.473024E+00
       554  4.706686E+00
       555  2.495496E+00
       556  4.737922E+00
       557  2.527840E+00
       558  4.777489E+00
       559  9.245145E-01
       560  1.743627E+00
       561  9.245145E-01
       562  1.743627E+00
       563  2.527840E+00
       564  4.777489E+00
       565  2.495496E+00
       566  4.737922E+00
       567  2.473024E+00
       568  4.706686E+00
       569  2.459550E+00
       570  4.688173E+00
       571  4.459229E+01
       572  2.446825E+01
       573  1.049142E+01
       574  2.563360E+00
       575  6.151458E-01
       576  4.459229E+01
       577  2.446825E+01
       578  1.049142E+01
       579  2.563360E+00
       580  6.151458E-01
       581  2.408143E+00
       582  4.705352E+00
       583  2.422323E+00
       584  4.724933E+00
       585  2.446050E+00
       586  4.758130E+00
       587  2.480521E+00
       588  4.800073E+00
       589  9.073035E-01
       590  1.751944E+00
       591  9.073035E-01
       592  1.751944E+00
       593  2.480521E+00
       594  4.800073E+00
       595  2.446050E+00
       596  4.758130E+00
       597  2.422323E+00
       598  4.724933E+00
       599  2.408143E+00
       600  4.705352E+00
       601  4.450040E+01
       602  2.452786E+01
       603  1.061934E+01
       604  2.668878E+00
       605  6.027381E-01
       606  4.450040E+01
       607  2.452786E+01
       608  1.061934E+01
       609  2.668878E+00
       610  6.027381E-01
       611  2.350319E+00
       612  4.709656E+00
       613  2.365190E+00
       614  4.730278E+00
       615  2.390154E+00
       616  4.765438E+00
       617  2.426899E+00
       618  4.809712E+00
       619  8.877309E-01
       620  1.755456E+00
       621  8.877309E-01
       622  1.755456E+00
       623  2.426899E+00
       624  4.809712E+00
       625  2.390154E+00
       626  4.765438E+00
       627  2.365190E+00
       628  4.730278E+00
       629  2.350319E+00
       630  4.709656E+00
       631  4.424775E+01
       632  2.449776E+01
       633  1.070831E+01
       634  2.766671E+00
       635  5.948092E-01
       636  4.424775E+01
       637  2.449776E+01
       638  1.070831E+01
       639  2.766671E+00
       640  5.948092E-01
       641  2.286186E+00
       642  4.699748E+00
       643  2.301725E+00
       644  4.721366E+00
       645  2.327896E+00
       646  4.758469E+00
       647  2.367071E+00
       648  4.804998E+00
       649  8.658279E-01
       650  1.753635E+00
       651  8.658279E-01
       652  1.753635E+00
       653  2.367071E+00
       654  4.804998E+00
       655  2.327896E+00
       656  4.758469E+00
       657  2.301725E+00
       658  4.721366E+00
       659  2.286186E+00
       660  4.699748E+00
       661  4.382282E+01
       662  2.437026E+01
       663  1.075378E+01
       664  2.854680E+00
       665  5.912039E-01
       666  4.382282E+01
       667  2.437026E+01
       668  1.075378E+01
       669  2.854680E+00
       670  5.912039E-01
       671  2.215908E+00
       672  4.674276E+00
       673  2.232086E+00
       674  4.696830E+00
       675  2.259421E+00
       676  4.735830E+00
       677  2.301195E+00
       678  4.784502E+00
       679  8.416486E-01
       680  1.745946E+00
       681  8.416486E-01
       682  1.745946E+00
       683  2.301195E+00
       684  4.784502E+00
       685  2.259421E+00
       686  4.735830E+00
       687  2.232086E+00
       688  4.696830E+00
       689  2.215908E+00
       690  4.674276E+00
       691  4.321531E+01
       692  2.413827E+01
       693  1.075135E+01
       694  2.930760E+00
       695  5.916494E-01
       696  4.321531E+01
       697  2.413827E+01
       698  1.075135E+01
       699  2.930760E+00
       700  5.916494E-01
       701  2.139704E+00
       702  4.631904E+00
       703  2.156484E+00
       704  4.655313E+00
       705  2.184931E+00
       706  4.696143E+00
       707  2.229483E+00
       708  4.746810E+00
       709  8.152701E-01
       710  1.731860E+00
       711  8.152701E-01
       712  1.731860E+00
       713  2.229483E+00
       714  4.746810E+00
       715  2.184931E+00
       716  4.696143E+00
       717  2.156484E+00
       718  4.655313E+00
       719  2.139704E+00
       720  4.631904E+00
       721  4.241657E+01
       722  2.379554E+01
       723  1.069689E+01
       724  2.992732E+00
       725  5.957510E-01
       726  4.241657E+01
       727  2.379554E+01
       728  1.069689E+01
       729  2.992732E+00
       730  5.957510E-01
       731  2.057844E+00
       732  4.571344E+00
       733  2.075187E+00
       734  4.595513E+00
       735  2.104680E+00
       736  4.638078E+00
       737  2.152203E+00
       738  4.690557E+00
       739  7.867915E-01
       740  1.710868E+00
       741  7.867915E-01
       742  1.710868E+00
       743  2.152203E+00
       744  4.690557E+00
       745  2.104680E+00
       746  4.638078E+00
       747  2.075187E+00
       748  4.595513E+00
       749  2.057844E+00
       750  4.571344E+00
       751  4.142008E+01
       752  2.333694E+01
       753  1.058674E+01
       754  3.038437E+00
       755  6.029927E-01
       756  4.142008E+01
       757  2.333694E+01
       758  1.058674E+01
       759  3.038437E+00
       760  6.029927E-01
       761  1.970648E+00
       762  4.491400E+00
       763  1.988511E+00
       764  4.516216E+00
       765  2.018976E+00
       766  4.560398E+00
       767  2.069673E+00
       768  4.614471E+00
       769  7.563337E-01
       770  1.682495E+00
       771  7.563337E-01
       772  1.682495E+00
       773  2.069673E+00
       774  4.614471E+00
       775  2.018976E+00
       776  4.560398E+00
       777  1.988511E+00
       778  4.516216E+00
       779  1.970648E+00
       780  4.491400E+00
       781  4.022192E+01
       782  2.275879E+01
       783  1.041781E+01
       784  3.065808E+00
       785  6.127435E-01
       786  4.022192E+01
       787  2.275879E+01
       788  1.041781E+01
       789  3.065808E+00
       790  6.127435E-01
       791  1.878483E+00
       792  4.391019E+00
       793  1.896820E+00
       794  4.416355E+00
       795  1.928172E+00
       796  4.462012E+00
       797  1.982259E+00
       798  4.517427E+00
       799  7.240376E-01
       800  1.646325E+00
       801  7.240376E-01
       802  1.646325E+00
       803  1.982259E+00
       804  4.517427E+00
       805  1.928172E+00
       806  4.462012E+00
       807  1.896820E+00
       808  4.416355E+00
       809  1.878483E+00
       810  4.391019E+00
       811  3.882122E+01
       812  2.205915E+01
       813  1.018781E+01
       814  3.072952E+00
       815  6.242703E-01
       816  3.882122E+01
       817  2.205915E+01
       818  1.018781E+01
       819  3.072952E+00
       820  6.242703E-01
       821  1.781754E+00
       822  4.269341E+00
       823  1.800520E+00
       824  4.295060E+00
       825  1.832672E+00
       826  4.342033E+00
       827  1.890371E+00
       828  4.398512E+00
       829  6.900637E-01
       830  1.602022E+00
       831  6.900637E-01
       832  1.602022E+00
       833  1.890371E+00
       834  4.398512E+00
       835  1.832672E+00
       836  4.342033E+00
       837  1.800520E+00
       838  4.295060E+00
       839  1.781754E+00
       840  4.269341E+00
       841  3.722068E+01
       842  2.123814E+01
       843  9.895420E+00
       844  3.058236E+00
       845  6.367580E-01
       846  3.722068E+01
       847  2.123814E+01
       848  9.895420E+00
       849  3.058236E+00
       850  6.367580E-01
       851  1.680907E+00
       852  4.125761E+00
       853  1.700058E+00
       854  4.151726E+00
       855  1.732917E+00
       856  4.199843E+00
       857  1.794459E+00
       858  4.257089E+00
       859  6.545902E-01
       860  1.549354E+00
       861  6.545902E-01
       862  1.549354E+00
       863  1.794459E+00
       864  4.257089E+00
       865  1.732917E+00
       866  4.199843E+00
       867  1.700058E+00
       868  4.151726E+00
       869  1.680907E+00
       870  4.125761E+00
       871  3.542690E+01
       872  2.029821E+01
       873  9.540470E+00
       874  3.020382E+00
       875  6.493363E-01
       876  3.542690E+01
       877  2.029821E+01
       878  9.540470E+00
       879  3.020382E+00
       880  6.493363E-01
       881  1.576426E+00
       882  3.959995E+00
       883  1.595920E+00
       884  3.986075E+00
       885  1.629396E+00
       886  4.035166E+00
       887  1.695014E+00
       888  4.092874E+00
       889  6.178131E-01
       890  1.488224E+00
       891  6.178131E-01
       892  1.488224E+00
       893  1.695014E+00
       894  4.092874E+00
       895  1.629396E+00
       896  4.035166E+00
       897  1.595920E+00
       898  3.986075E+00
       899  1.576426E+00
       900  3.959995E+00
       901  3.345080E+01
       902  1.924439E+01
       903  9.124093E+00
       904  2.958563E+00
       905  6.611149E-01
       906  3.345080E+01
       907  1.924439E+01
       908  9.124093E+00
       909  2.958563E+00
       910  6.611149E-01
       911  1.468827E+00
       912  3.772144E+00
       913  1.488632E+00
       914  3.798231E+00
       915  1.522639E+00
       916  3.848143E+00
       917  1.592566E+00
       918  3.906015E+00
       919  5.799465E-01
       920  1.418700E+00
       921  5.799465E-01
       922  1.418700E+00
       923  1.592566E+00
       924  3.906015E+00
       925  1.522639E+00
       926  3.848143E+00
       927  1.488632E+00
       928  3.798231E+00
       929  1.468827E+00
       930  3.772144E+00
       931  3.130783E+01
       932  1.808450E+01
       933  8.648882E+00
       934  2.872491E+00
       935  6.712236E-01
       936  3.130783E+01
       937  1.808450E+01
       938  8.648882E+00
       939  2.872491E+00
       940  6.712236E-01
       941  1.358668E+00
       942  3.562766E+00
       943  1.378757E+00
       944  3.588792E+00
       945  1.413223E+00
       946  3.639409E+00
       947  1.487692E+00
       948  3.697174E+00
       949  5.412240E-01
       950  1.341039E+00
       951  5.412240E-01
       952  1.341039E+00
       953  1.487692E+00
       954  3.697174E+00
       955  1.413223E+00
       956  3.639409E+00
       957  1.378757E+00
       958  3.588792E+00
       959  1.358668E+00
       960  3.562766E+00
       961  2.901806E+01
       962  1.682923E+01
       963  8.118984E+00
       964  2.762502E+00
       965  6.788602E-01
       966  2.901806E+01
       967  1.682923E+01
       968  8.118984E+00
       969  2.762502E+00
       970  6.788602E-01
       971  1.246544E+00
       972  3.332953E+00
       973  1.266906E+00
       974  3.358907E+00
       975  1.301781E+00
       976  3.410169E+00
       977  1.381023E+00
       978  3.467606E+00
       979  5.019018E-01
       980  1.255723E+00
       981  5.019018E-01
       982  1.255723E+00
       983  1.381023E+00
       984  3.467606E+00
       985  1.301781E+00
       986  3.410169E+00
       987  1.266906E+00
       988  3.358907E+00
       989  1.246544E+00
       990  3.332953E+00
       991  2.660618E+01
       992  1.549220E+01
       993  7.540160E+00
       994  2.629628E+00
       995  6.833428E-01
       996  2.660618E+01
       997  1.549220E+01
       998  7.540160E+00
       999  2.629628E+00
      1000  6.833428E-01
      1001  1.133105E+00
      1002  3.084420E+00
      1003  1.153745E+00
      1004  3.110354E+00
      1005  1.189010E+00
      1006  3.162278E+00
      1007  1.273256E+00
      1008  3.219229E+00
      1009  4.622631E-01
      1010  1.163479E+00
      1011  4.622631E-01
      1012  1.163479E+00
      1013  1.273256E+00
      1014  3.219229E+00
      1015  1.189010E+00
      1016  3.162278E+00
      1017  1.153745E+00
      1018  3.110354E+00
      1019  1.133105E+00
      1020  3.084420E+00
      1021  2.410119E+01
      1022  1.408978E+01
      1023  6.919776E+00
      1024  2.475641E+00
      1025  6.841686E-01
      1026  2.410119E+01
      1027  1.408978E+01
      1028  6.919776E+00
      1029  2.475641E+00
      1030  6.841686E-01
      1031  1.019067E+00
      1032  2.819613E+00
      1033  1.040010E+00
      1034  2.845634E+00
      1035  1.075688E+00
      1036  2.898301E+00
      1037  1.165174E+00
      1038  2.954683E+00
      1039  4.226235E-01
      1040  1.065298E+00
      1041  4.226235E-01
      1042  1.065298E+00
      1043  1.165174E+00
      1044  2.954683E+00
      1045  1.075688E+00
      1046  2.898301E+00
      1047  1.040010E+00
      1048  2.845634E+00
      1049  1.019067E+00
      1050  2.819613E+00
      1051  2.153594E+01
      1052  1.264092E+01
      1053  6.266727E+00
      1054  2.303089E+00
      1055  6.810793E-01
      1056  2.153594E+01
      1057  1.264092E+01
      1058  6.266727E+00
      1059  2.303089E+00
      1060  6.810793E-01
      1061  9.052477E-01
      1062  2.541855E+00
      1063  9.265395E-01
      1064  2.568061E+00
      1065  9.626993E-01
      1066  2.621574E+00
      1067  1.057676E+00
      1068  2.677361E+00
      1069  3.833361E-01
      1070  9.624384E-01
      1071  3.833361E-01
      1072  9.624384E-01
      1073  1.057676E+00
      1074  2.677361E+00
      1075  9.626993E-01
      1076  2.621574E+00
      1077  9.265395E-01
      1078  2.568061E+00
      1079  9.052477E-01
      1080  2.541855E+00
      1081  1.894635E+01
      1082  1.116666E+01
      1083  5.591287E+00
      1084  2.115303E+00
      1085  6.741353E-01
      1086  1.894635E+01
      1087  1.116666E+01
      1088  5.591287E+00
      1089  2.115303E+00
      1090  6.741353E-01
      1091  7.926195E-01
      1092  2.255515E+00
      1093  8.143246E-01
      1094  2.281861E+00
      1095  8.510744E-01
      1096  2.336223E+00
      1097  9.518086E-01
      1098  2.391389E+00
      1099  3.447948E-01
      1100  8.564185E-01
      1101  3.447948E-01
      1102  8.564185E-01
      1103  9.518086E-01
      1104  2.391389E+00
      1105  8.510744E-01
      1106  2.336223E+00
      1107  8.143246E-01
      1108  2.281861E+00
      1109  7.926195E-01
      1110  2.255515E+00
      1111  1.637036E+01
      1112  9.689619E+00
      1113  4.904897E+00
      1114  1.916394E+00
      1115  6.637965E-01
      1116  1.637036E+01
      1117  9.689619E+00
      1118  4.904897E+00
      1119  1.916394E+00
      1120  6.637965E-01
      1121  6.823836E-01
      1122  1.966183E+00
      1123  7.045803E-01
      1124  1.992245E+00
      1125  7.420489E-01
      1126  2.047142E+00
      1127  8.488220E-01
      1128  2.101561E+00
      1129  3.074337E-01
      1130  7.489801E-01
      1131  3.074337E-01
      1132  7.489801E-01
      1133  8.488220E-01
      1134  2.101561E+00
      1135  7.420489E-01
      1136  2.047142E+00
      1137  7.045803E-01
      1138  1.992245E+00
      1139  6.823836E-01
      1140  1.966183E+00
      1141  1.384679E+01
      1142  8.233371E+00
      1143  4.219911E+00
      1144  1.711228E+00
      1145  6.510030E-01
      1146  1.384679E+01
      1147  8.233371E+00
      1148  4.219911E+00
      1149  1.711228E+00
      1150  6.510030E-01
      1151  5.760743E-01
      1152  1.680772E+00
      1153  5.988566E-01
      1154  1.705381E+00
      1155  6.371528E-01
      1156  1.759867E+00
      1157  7.502378E-01
      1158  1.813163E+00
      1159  2.717177E-01
      1160  6.420289E-01
      1161  2.717177E-01
      1162  6.420289E-01
      1163  7.502378E-01
      1164  1.813163E+00
      1165  6.371528E-01
      1166  1.759867E+00
      1167  5.988566E-01
      1168  1.705381E+00
      1169  5.760743E-01
      1170  1.680772E+00
      1171  1.141416E+01
      1172  6.821825E+00
      1173  3.549340E+00
      1174  1.505376E+00
      1175  6.372263E-01
      1176  1.141416E+01
      1177  6.821825E+00
      1178  3.549340E+00
      1179  1.505376E+00
      1180  6.372263E-01
      1181  4.757074E-01
      1182  1.407403E+00
      1183  4.992066E-01
      1184  1.428197E+00
      1185  5.383473E-01
      1186  1.480302E+00
      1187  6.579304E-01
      1188  1.531692E+00
      1189  2.381206E-01
      1190  5.375390E-01
      1191  2.381206E-01
      1192  5.375390E-01
      1193  6.579304E-01
      1194  1.531692E+00
      1195  5.383473E-01
      1196  1.480302E+00
      1197  4.992066E-01
      1198  1.428197E+00
      1199  4.757074E-01
      1200  1.407403E+00
      1201  9.110072E+00
      1202  5.478882E+00
      1203  2.906630E+00
      1204  1.304994E+00
      1205  6.244283E-01
      1206  9.110072E+00
      1207  5.478882E+00
      1208  2.906630E+00
      1209  1.304994E+00
      1210  6.244283E-01
      1211  3.840636E-01
      1212  1.154946E+00
      1213  4.085000E-01
      1214  1.167885E+00
      1215  4.482536E-01
      1216  1.214215E+00
      1217  5.742062E-01
      1218  1.262390E+00
      1219  2.070797E-01
      1220  4.374090E-01
      1221  2.070797E-01
      1222  4.374090E-01
      1223  5.742062E-01
      1224  1.262390E+00
      1225  4.482536E-01
      1226  1.214215E+00
      1227  4.085000E-01
      1228  1.167885E+00
      1229  3.840636E-01
      1230  1.154946E+00
      1231  6.971701E+00
      1232  4.228581E+00
      1233  2.305577E+00
      1234  1.116592E+00
      1235  6.148275E-01
      1236  6.971701E+00
      1237  4.228581E+00
      1238  2.305577E+00
      1239  1.116592E+00
      1240  6.148275E-01
      1241  3.054094E-01
      1242  9.321589E-01
      1243  3.311515E-01
      1244  9.312011E-01
      1245  3.706344E-01
      1246  9.665946E-01
      1247  5.019168E-01
      1248  1.009663E+00
      1249  1.789196E-01
      1250  3.432929E-01
      1251  1.789196E-01
      1252  3.432929E-01
      1253  5.019168E-01
      1254  1.009663E+00
      1255  3.706344E-01
      1256  9.665946E-01
      1257  3.311515E-01
      1258  9.312011E-01
      1259  3.054094E-01
      1260  9.321589E-01
      1261  5.037199E+00
      1262  3.095952E+00
      1263  1.760825E+00
      1264  9.469335E-01
      1265  6.101747E-01
      1266  5.037199E+00
      1267  3.095952E+00
      1268  1.760825E+00
      1269  9.469335E-01
      1270  6.101747E-01
      1271  2.470482E-01
      1272  7.466569E-01
      1273  2.747521E-01
      1274  7.240788E-01
      1275  3.115339E-01
      1276  7.415386E-01
      1277  4.449402E-01
      1278  7.768476E-01
      1279  1.537410E-01
      1280  2.565856E-01
      1281  1.537410E-01
      1282  2.565856E-01
      1283  4.449402E-01
      1284  7.768476E-01
      1285  3.115339E-01
      1286  7.415386E-01
      1287  2.747521E-01
      1288  7.240788E-01
      1289  2.470482E-01
      1290  7.466569E-01
      1291  3.345752E+00
      1292  2.108986E+00
      1293  1.289798E+00
      1294  8.031243E-01
      1295  6.101774E-01
      1296  3.345752E+00
      1297  2.108986E+00
      1298  1.289798E+00
      1299  8.031243E-01
      1300  6.101774E-01
      1301  2.221668E-01
      1302  6.034360E-01
      1303  2.531124E-01
      1304  5.529581E-01
      1305  2.819705E-01
      1306  5.447800E-01
      1307  4.104048E-01
      1308  5.692425E-01
      1309  1.312081E-01
      1310  1.799781E-01
      1311  1.312081E-01
      1312  1.799781E-01
      1313  4.104048E-01
      1314  5.692425E-01
      1315  2.819705E-01
      1316  5.447800E-01
      1317  2.531124E-01
      1318  5.529581E-01
      1319  2.221668E-01
      1320  6.034360E-01
      1321  1.935362E+00
      1322  1.301223E+00
      1323  9.152186E-01
      1324  6.901560E-01
      1325  6.088847E-01
      1326  1.935362E+00
      1327  1.301223E+00
      1328  9.152186E-01
      1329  6.901560E-01
      1330  6.088847E-01
      1331  2.466877E-01
      1332  5.013918E-01
      1333  2.857824E-01
      1334  4.272775E-01
      1335  3.021950E-01
      1336  3.919398E-01
      1337  4.177127E-01
      1338  4.049182E-01
      1339  1.113970E-01
      1340  1.231554E-01
      1341  1.113970E-01
      1342  1.231554E-01
      1343  4.177127E-01
      1344  4.049182E-01
      1345  3.021950E-01
      1346  3.919398E-01
      1347  2.857824E-01
      1348  4.272775E-01
      1349  2.466877E-01
      1350  5.013918E-01
      1351  8.579477E-01
      1352  7.051588E-01
      1353  6.450440E-01
      1354  6.036170E-01
      1355  5.961840E-01
      1356  8.579477E-01
      1357  7.051588E-01
      1358  6.450440E-01
      1359  6.036170E-01
      1360  5.961840E-01
      1361  3.126645E-01
      1362  4.202215E-01
      1363  3.740576E-01
      1364  3.530763E-01
      1365  3.951133E-01
      1366  3.231196E-01
      1367  5.210613E-01
      1368  3.537111E-01
      1369  9.579223E-02
      1370  1.252721E-01
      1371  9.579223E-02
      1372  1.252721E-01
      1373  5.210613E-01
      1374  3.537111E-01
      1375  3.951133E-01
      1376  3.231196E-01
      1377  3.740576E-01
      1378  3.530763E-01
      1379  3.126645E-01
      1380  4.202215E-01
      1381  2.164653E-01
      1382  3.033443E-01
      1383  4.145846E-01
      1384  5.117535E-01
      1385  6.438948E-01
      1386  2.164653E-01
      1387  3.033443E-01
      1388  4.145846E-01
      1389  5.117535E-01
      1390  6.438948E-01
      1391  3.422278E-01
      1392  3.276449E-01
      1393  4.270107E-01
      1394  3.033834E-01
      1395  5.343488E-01
      1396  3.580231E-01
      1397  8.767301E-01
      1398  5.911712E-01
      1399  1.112438E-01
      1400  3.243999E-01
      1401  1.112438E-01
      1402  3.243999E-01
      1403  8.767301E-01
      1404  5.911712E-01
      1405  5.343488E-01
      1406  3.580231E-01
      1407  4.270107E-01
      1408  3.033834E-01
      1409  3.422278E-01
      1410  3.276449E-01
      1411  1.368255E-02
      1412  4.830381E-02
      1413  1.278968E-01
      1414  2.877379E-01
      1415  7.147346E-01
      1416  1.368255E-02
      1417  4.830381E-02
      1418  1.278968E-01
      1419  2.877379E-01
      1420  7.147346E-01
      1421  2.194246E-01
      1422  2.620720E-01
      1423  3.123506E-01
      1424  2.600211E-01
      1425  5.158827E-01
      1426  5.182756E-01
      1427  1.624401E+00
      1428  1.562575E+00
      1429  1.886836E-01
      1430  1.202819E+00
      1431  1.886836E-01
      1432  1.202819E+00
      1433  1.624401E+00
      1434  1.562575E+00
      1435  5.158827E-01
      1436  5.182756E-01
      1437  3.123506E-01
      1438  2.600211E-01
      1439  2.194246E-01
      1440  2.620720E-01
