
                        S T E P       1


                                INCREMENT     1


 displacements (vx,vy,vz) for set NALL and time  0.1000000E+01

         1  1.323489E-24 -2.481542E-24  0.000000E+00
         2  0.000000E+00  1.323489E-24  0.000000E+00
         3  0.000000E+00  0.000000E+00  3.017555E-22
         4  0.000000E+00 -1.654361E-25  6.577740E-22
         5  1.065198E-03 -5.557656E-06 -1.237136E-03
         6  1.066866E-03 -1.454781E-06  1.159794E-03
         7 -9.306863E-04  1.186387E-05 -1.238480E-03
         8 -9.326495E-04 -1.957120E-08  1.162449E-03
         9  2.039593E-03  3.016390E-07 -2.418708E-03
        10  2.041947E-03  2.944858E-06  2.289239E-03
        11 -1.844559E-03  1.000668E-05 -2.421303E-03
        12 -1.845961E-03  1.844418E-06  2.292302E-03
        13  2.999000E-03  4.648223E-06 -3.564103E-03
        14  3.001108E-03  1.238671E-05  3.419686E-03
        15 -2.782432E-03  2.742610E-06 -3.568107E-03
        16 -2.784994E-03  5.018461E-06  3.423730E-03
        17  3.916051E-03  7.341265E-06 -4.628144E-03
        18  3.919175E-03  2.098797E-05  4.573622E-03
        19 -3.754918E-03 -7.837242E-06 -4.638146E-03
        20 -3.760386E-03  8.797499E-06  4.581548E-03
        21  5.000000E-03 -8.470329E-23 -6.000000E-03
        22  5.000000E-03  0.000000E+00  6.000000E-03
        23 -5.000000E-03  4.023406E-21 -6.000000E-03
        24 -5.000000E-03 -9.317362E-22  6.000000E-03
        25  4.246415E-04 -2.577518E-05 -6.631906E-04
        26  4.115336E-04 -2.568201E-05  5.714451E-04
        27 -3.987968E-04 -5.677522E-06 -6.339523E-04
        28 -4.795447E-04 -1.627254E-05  5.608186E-04
        29  1.894721E-03 -1.899433E-05 -1.773910E-03
        30  1.365128E-03 -1.609758E-05  1.730917E-03
        31 -1.180960E-03 -7.425559E-06 -1.789254E-03
        32 -1.548172E-03 -1.573583E-05  1.708787E-03
        33  2.421650E-03 -7.039300E-06 -2.555917E-03
        34  2.882517E-03 -1.197437E-05 -2.925645E-03
        35  3.137093E-03 -2.782636E-06 -3.360383E-03
        36  2.013482E-03  4.184818E-06  2.408039E-03
        37  2.261645E-03 -6.945426E-06  2.758119E-03
        38  2.640109E-03 -3.181849E-06  3.208278E-03
        39 -1.793311E-03 -4.741522E-06 -2.655620E-03
        40 -1.856539E-03 -7.445901E-06 -3.046839E-03
        41 -2.218984E-03  3.384335E-06 -3.400194E-03
        42 -2.256505E-03 -4.282120E-06  2.517208E-03
        43 -2.718381E-03 -1.158722E-05  2.847631E-03
        44 -2.907226E-03 -5.864944E-06  3.197856E-03
        45  3.222046E-03  1.209214E-06 -3.609143E-03
        46  3.472862E-03 -1.743582E-06 -3.704917E-03
        47  3.733680E-03 -5.045404E-06 -3.840856E-03
        48  3.968367E-03 -6.434978E-06 -4.032417E-03
        49  4.138839E-03 -3.943220E-06 -4.266669E-03
        50  4.201509E-03  2.052005E-06 -4.486696E-03
        51  4.115701E-03  7.431242E-06 -4.607455E-03
        52  2.902939E-03  1.938698E-05  3.365794E-03
        53  2.843655E-03  1.599112E-05  3.404395E-03
        54  2.856975E-03  9.414903E-06  3.644879E-03
        55  2.970505E-03  6.013748E-06  3.942228E-03
        56  3.183941E-03  7.664939E-06  4.191785E-03
        57  3.453171E-03  1.182760E-05  4.370307E-03
        58  3.701180E-03  1.596558E-05  4.507392E-03
        59 -2.703353E-03 -8.302792E-06 -3.705873E-03
        60 -2.690746E-03 -1.470138E-05 -3.917303E-03
        61 -2.746204E-03 -1.772439E-05 -4.046605E-03
        62 -2.852939E-03 -1.823931E-05 -4.178424E-03
        63 -3.001677E-03 -1.597336E-05 -4.355232E-03
        64 -3.203726E-03 -1.078870E-05 -4.536840E-03
        65 -3.478285E-03 -5.723368E-06 -4.631696E-03
        66 -3.000672E-03  5.841174E-06  3.454593E-03
        67 -3.277576E-03  1.326757E-06  3.551719E-03
        68 -3.558244E-03 -3.592889E-06  3.742062E-03
        69 -3.793756E-03 -5.881486E-06  3.975575E-03
        70 -3.944199E-03 -3.906067E-06  4.202875E-03
        71 -3.987491E-03  8.644530E-07  4.391402E-03
        72 -3.921030E-03  5.914988E-06  4.522387E-03
        73  4.203133E-03 -1.448841E-06 -4.892466E-03
        74  4.418156E-03 -1.011402E-05 -5.604132E-03
        75  4.821474E-03  5.825660E-06 -6.136285E-03
        76  3.490235E-03  1.578980E-05  4.873541E-03
        77  3.448147E-03 -9.475439E-07  5.706028E-03
        78  4.104000E-03  1.193738E-05  6.320673E-03
        79 -3.460220E-03 -1.400077E-05 -4.750935E-03
        80 -3.352968E-03 -1.969682E-05 -5.288910E-03
        81 -3.798798E-03 -4.681063E-06 -5.962145E-03
        82 -4.158778E-03 -1.681382E-06  4.897921E-03
        83 -4.398633E-03 -1.267769E-05  5.491957E-03
        84 -4.664999E-03 -3.667612E-06  5.920284E-03
        85 -3.254955E-06  5.319824E-09 -2.251382E-06
        86 -3.483268E-06  2.571948E-09 -2.410563E-06
        87 -5.053089E-08 -6.271913E-08 -3.627963E-08
        88 -2.111527E-07 -6.038140E-08 -2.104382E-07
        89  1.064107E-03 -8.522743E-06  1.292951E-04
        90 -9.347534E-04  1.990065E-05 -5.684235E-05
        91 -5.200219E-05 -6.086552E-06 -1.236545E-03
        92  1.010571E-04  2.993514E-06  1.162329E-03
        93  2.037549E-03  2.119642E-05 -7.164692E-05
        94 -1.848887E-03  2.370336E-05  6.468331E-05
        95  1.079363E-04 -6.198715E-07 -2.418837E-03
        96 -6.077403E-06  1.067782E-05  2.291841E-03
        97  2.995755E-03  1.708410E-05  4.452934E-05
        98 -2.789026E-03  1.994535E-05 -6.621929E-06
        99  6.628648E-05  3.807983E-06 -3.563871E-03
       100  1.075840E-04  1.415668E-05  3.423146E-03
       101  4.998825E-03 -2.551285E-05 -9.536507E-05
       102 -4.999547E-03 -1.623974E-05  1.686404E-04
       103  1.901922E-04  1.425105E-06 -6.000745E-03
       104 -2.310113E-05  6.713318E-05  5.999363E-03
       105 -1.378447E-04 -2.734929E-05 -6.403780E-04
       106 -5.764857E-05  1.418265E-06 -6.758060E-04
       107 -7.674767E-05  2.300490E-05  5.589838E-04
       108  2.195014E-04 -8.475603E-06  5.752878E-04
       109  4.317653E-04  3.300925E-05  3.814925E-04
       110  4.173653E-04 -3.001029E-05 -4.052562E-04
       111 -4.615435E-04  4.100412E-05  3.420637E-04
       112 -4.099578E-04 -1.759103E-05 -3.980547E-04
       113  1.913285E-04 -3.930019E-05 -1.762577E-03
       114 -5.763841E-05  3.783974E-05 -1.819386E-03
       115  1.145669E-04  1.200659E-05  1.689945E-03
       116  5.598427E-05 -5.578003E-07  1.752984E-03
       117  1.574869E-03 -2.205049E-06  6.812508E-04
       118  1.645969E-03  6.953780E-06 -5.374178E-04
       119 -1.428387E-03  5.508658E-05  5.024706E-04
       120 -1.293250E-03 -1.133487E-05 -4.909267E-04
       121  2.761336E-04 -2.649417E-05 -3.008550E-03
       122 -2.520308E-04  2.914302E-05 -3.021869E-03
       123  3.071258E-04  1.380057E-05  2.833347E-03
       124  1.074629E-05  9.832464E-06  2.908439E-03
       125  2.476038E-03  2.503572E-05  6.468324E-04
       126  2.600421E-03  1.089246E-05 -7.284896E-04
       127 -2.364656E-03  5.828820E-05  6.120714E-04
       128 -2.219199E-03 -1.947377E-05 -5.236599E-04
       129  3.142956E-04 -2.649354E-05 -4.131881E-03
       130 -3.238634E-04  1.972767E-05 -4.113965E-03
       131  5.064416E-04  2.052479E-05  3.972732E-03
       132 -1.210648E-04  1.488221E-05  4.017810E-03
       133  3.489107E-03  1.402709E-05  8.186488E-04
       134  3.520222E-03  1.673251E-05 -8.329167E-04
       135 -3.302085E-03  5.892041E-05  7.589990E-04
       136 -3.252244E-03 -4.206065E-05 -7.695347E-04
       137  7.601417E-04  2.670043E-05 -5.542056E-03
       138 -3.623962E-04 -2.541405E-05 -5.547791E-03
       139  7.218916E-04  2.300744E-05  5.334018E-03
       140 -3.247110E-04  6.574214E-05  5.720319E-03
       141  4.354097E-03  2.864029E-05  1.456955E-03
       142  4.231340E-03 -4.254396E-05 -1.420471E-03
       143 -3.924298E-03 -8.668754E-05  1.171444E-03
       144 -4.006074E-03  7.099132E-05 -1.153000E-03

 forces (fx,fy,fz) for set RIGHT and time  0.1000000E+01

        21  2.837849E+03  1.028193E+03 -3.337677E+03
        22  3.283386E+03 -9.447755E+02  4.446772E+03
        23 -2.800551E+03  4.054293E+02 -2.374529E+03
        24 -3.190125E+03  5.611510E+01  1.204454E+03

 internal energy (element, energy) for set ALL and time  0.1000000E+01

         1  3.096806E-02
         2  4.884307E-02
         3  4.847620E-02
         4  1.117933E-01
         5  5.348171E-02
         6  1.001342E-01
         7  2.790998E-02
         8  2.831489E-02
         9  3.564225E-03
        10  1.506275E-02
        11  1.011011E-01
        12  1.167584E-01
        13  8.749061E-02
        14  1.003507E-01
        15  1.022206E-02
        16  1.950512E-02
        17  7.635860E-03
        18  1.391533E-03
        19  1.420457E-03
        20  1.252413E-02
        21  6.059885E-02
        22  8.560525E-03
        23  6.836512E-03
        24  8.481333E-02
        25  4.771192E-02
        26  5.293937E-03
        27  7.401349E-03
        28  1.137835E-01
        29  1.550307E-02
        30  1.956624E-03
        31  7.983126E-04
        32  1.157317E-02
        33  5.051536E-03
        34  5.940626E-04
        35  2.339105E-04
        36  2.426138E-04
        37  1.538699E-04
        38  2.525737E-04
        39  1.144934E-03
        40  4.473748E-03
        41  4.691220E-02
        42  5.975338E-03
        43  1.028523E-03
        44  3.139470E-04
        45  4.580008E-04
        46  4.802950E-04
        47  1.337179E-03
        48  1.402473E-02
        49  5.528001E-02
        50  3.525466E-03
        51  3.030235E-04
        52  2.437651E-04
        53  2.256949E-04
        54  2.130865E-04
        55  1.900854E-03
        56  1.770043E-02
        57  9.864004E-03
        58  1.567704E-03
        59  6.167460E-04
        60  4.466821E-04
        61  4.518336E-04
        62  5.287112E-04
        63  6.271199E-04
        64  1.337807E-03
        65  9.966506E-03
        66  4.642221E-03
        67  1.693611E-02
        68  2.267823E-02
        69  4.409991E-02
        70  7.874912E-03
        71  7.892307E-03
        72  2.204828E-02
        73  3.195352E-02
        74  5.113682E-03
        75  6.471305E-03
        76  1.405911E-02
        77  6.748369E-03
        78  1.775134E-03
        79  3.698007E-03
        80  5.736719E-03
        81  1.379411E-02
        82  1.127407E-02
        83  1.369567E-02
        84  1.491548E-02
        85  9.939447E-03
        86  9.479232E-03
        87  7.834639E-03
        88  1.031707E-02
        89  2.846921E-02
        90  2.269620E-02
        91  2.392509E-02
        92  7.240162E-03
        93  3.627809E-02
        94  2.439263E-02
        95  1.790532E-02
        96  3.887627E-03
        97  8.680647E-03
        98  2.853390E-02
        99  2.726565E-02
       100  1.792226E-02
       101  7.764033E-03
       102  2.590483E-02
       103  2.151002E-02
       104  1.130072E-02
       105  1.557011E-02
       106  4.855493E-02
       107  6.245251E-02
       108  1.769132E-02
       109  1.870447E-02
       110  5.379473E-02
       111  4.051686E-02
       112  1.156827E-02
       113  2.818980E-02
       114  5.071812E-02
       115  6.217555E-02
       116  4.655137E-02
       117  1.113753E-01
       118  7.066668E-02
       119  2.208051E-02
       120  3.578118E-02
       121  5.413227E-02
       122  1.472581E-02
       123  7.632166E-02
       124  6.536621E-02
       125  9.407238E-01
       126  5.669882E-01
       127  7.810577E-01
       128  8.257141E-01
       129  6.889379E-01
       130  6.535663E-01
       131  5.772938E-01
       132  8.283981E-01
       133  1.166924E+00
       134  5.808003E-01
       135  1.043526E+00
       136  6.668798E-01
       137  5.465247E-01
       138  1.084680E+00
       139  5.099264E-01
       140  1.006073E+00
       141  7.801862E-01
       142  5.570660E-01
       143  7.988393E-01
       144  5.311377E-01
       145  5.677059E-01
       146  8.182915E-01
       147  5.254426E-01
       148  7.462209E-01
       149  9.802209E-01
       150  5.730064E-01
       151  1.169414E+00
       152  5.321286E-01
       153  5.006078E-01
       154  1.034642E+00
       155  4.737595E-01
       156  9.946709E-01
       157  8.277992E-01
       158  5.449538E-01
       159  7.524101E-01
       160  5.315999E-01
       161  5.571857E-01
       162  8.030431E-01
       163  5.008474E-01
       164  6.961870E-01
       165  1.042305E+00
       166  5.473309E-01
       167  1.075912E+00
       168  5.306512E-01
       169  5.095288E-01
       170  1.045072E+00
       171  5.075413E-01
       172  1.098544E+00
       173  8.198373E-01
       174  5.064119E-01
       175  6.376448E-01
       176  5.633333E-01
       177  5.689221E-01
       178  8.367894E-01
       179  4.601292E-01
       180  7.696327E-01
       181  1.017722E+00
       182  5.425895E-01
       183  9.620464E-01
       184  5.121443E-01
       185  5.002849E-01
       186  1.160325E+00
       187  4.703163E-01
       188  1.062922E+00
       189  9.251214E-01
       190  9.194944E-01
       191  9.459548E-01
       192  8.600913E-01
       193  8.562780E-01
       194  8.791875E-01
       195  9.509104E-01
       196  9.020670E-01
       197  1.026528E+00
       198  6.973262E-01
       199  1.091617E+00
       200  7.440681E-01
       201  7.785764E-01
       202  9.759201E-01
       203  8.356003E-01
       204  9.751698E-01

 total internal energy for set ALL and time  0.1000000E+01

        6.437007E+01
