
                        S T E P       1


                                INCREMENT     1


 displacements (vx,vy,vz) for set NALL and time  0.1000000E+01

         1  0.000000E+00  0.000000E+00  0.000000E+00
         2  0.000000E+00  0.000000E+00 -6.617445E-25
         3  0.000000E+00  0.000000E+00  2.759475E-22
         4 -1.323489E-24 -1.488925E-24  2.031556E-22
         5  2.515214E-03 -2.302517E-05 -2.997572E-03
         6  2.517141E-03  3.375180E-05  2.998122E-03
         7 -2.482246E-03  3.261717E-05 -2.996746E-03
         8 -2.483323E-03 -1.075645E-05  2.998289E-03
         9  3.317577E-03  6.599663E-07 -4.062948E-03
        10  3.317723E-03  1.895603E-05  4.033812E-03
        11 -3.210750E-03  1.502267E-05 -4.063151E-03
        12 -3.211201E-03  6.865864E-06  4.034112E-03
        13  3.695788E-03  9.867315E-06 -4.578342E-03
        14  3.696277E-03  8.761470E-06  4.513504E-03
        15 -3.666289E-03  5.068688E-06 -4.578141E-03
        16 -3.666038E-03  1.551478E-05  4.513560E-03
        17  4.519460E-03  7.105588E-06 -5.453850E-03
        18  4.519510E-03  2.692649E-06  5.457464E-03
        19 -4.459743E-03 -4.835524E-06 -5.453937E-03
        20 -4.459424E-03  1.135000E-05  5.458123E-03
        21  5.000000E-03  0.000000E+00 -6.000000E-03
        22  5.000000E-03  0.000000E+00  6.000000E-03
        23 -5.000000E-03  0.000000E+00 -6.000000E-03
        24 -5.000000E-03  1.143494E-21  6.000000E-03
        25  8.054500E-05 -5.649070E-06 -1.158266E-04
        26  3.912196E-04 -2.225142E-05 -5.250435E-04
        27  9.204740E-04 -3.976145E-05 -1.166820E-03
        28  1.508897E-03 -4.654414E-05 -1.828208E-03
        29  2.025736E-03 -4.241207E-05 -2.364764E-03
        30  2.378978E-03 -3.384186E-05 -2.720914E-03
        31  2.518175E-03 -2.717768E-05 -2.918095E-03
        32  7.506424E-05 -1.284010E-06  3.989225E-05
        33  3.290484E-04 -7.494879E-06  1.959682E-04
        34  7.424637E-04 -1.522759E-05  5.190182E-04
        35  1.222827E-03 -1.932295E-05  1.016015E-03
        36  1.697088E-03 -1.311436E-05  1.635531E-03
        37  2.110641E-03  3.677699E-06  2.267120E-03
        38  2.414556E-03  2.398038E-05  2.759731E-03
        39 -1.348663E-04 -1.582313E-06 -2.628079E-05
        40 -4.770259E-04 -6.649826E-06 -1.695304E-04
        41 -9.175646E-04 -1.491844E-05 -5.045260E-04
        42 -1.374228E-03 -1.916080E-05 -1.016868E-03
        43 -1.785044E-03 -1.287152E-05 -1.650770E-03
        44 -2.106266E-03  4.052924E-06 -2.290513E-03
        45 -2.307786E-03  2.448667E-05 -2.784322E-03
        46 -1.241726E-04 -1.963360E-06  6.752286E-05
        47 -5.008289E-04 -1.490000E-05  3.805401E-04
        48 -1.066756E-03 -3.050719E-05  9.689123E-04
        49 -1.684546E-03 -3.716596E-05  1.654845E-03
        50 -2.222212E-03 -3.176993E-05  2.281598E-03
        51 -2.569207E-03 -2.035291E-05  2.738670E-03
        52 -2.648265E-03 -1.146819E-05  2.964960E-03
        53  3.333343E-03 -2.954420E-05 -3.509048E-03
        54  2.164921E-03  9.722040E-06  3.605764E-03
        55 -2.423940E-03  7.172623E-06 -3.542256E-03
        56 -3.102995E-03 -1.376966E-05  3.468545E-03
        57  4.564867E-03 -8.377698E-06 -5.134304E-03
        58  3.338372E-03 -7.623082E-06  5.159276E-03
        59 -3.414308E-03 -1.376949E-05 -5.140466E-03
        60 -4.629552E-03  2.497738E-06  5.141714E-03
        61  5.086388E-03  4.326403E-06 -5.568467E-03
        62  5.238983E-03 -9.963996E-07 -5.908699E-03
        63  5.203111E-03  4.795308E-06 -6.104595E-03
        64  4.156568E-03  2.473934E-06  5.497667E-03
        65  3.926986E-03 -2.899059E-06  5.835019E-03
        66  4.236889E-03  3.762200E-06  6.128770E-03
        67 -4.071118E-03 -5.075755E-06 -5.467888E-03
        68 -3.852213E-03 -7.875018E-06 -5.702089E-03
        69 -4.149942E-03 -1.055221E-06 -6.008575E-03
        70 -5.021934E-03  6.796541E-06  5.601851E-03
        71 -5.225637E-03  2.722908E-07  5.927748E-03
        72 -5.164438E-03  3.124869E-06  6.066069E-03
        73  8.312664E-07  2.610235E-07 -5.626613E-08
        74  6.803528E-07  3.992104E-06 -1.271645E-06
        75  1.129267E-06  3.750195E-06 -1.144720E-06
        76 -7.492163E-07 -1.083199E-06  3.054207E-07
        77 -5.352934E-07  5.748533E-07 -2.182896E-07
        78 -7.935529E-07  1.655197E-06 -5.788512E-07
        79 -1.730374E-07  5.310146E-07  6.083320E-07
        80  6.309978E-08 -1.077613E-07  4.236478E-07
        81  2.901861E-07 -6.346101E-07  6.242017E-07
        82 -7.405235E-07  1.680028E-06 -1.002314E-06
        83 -7.100614E-07  1.672363E-06 -6.149829E-07
        84 -4.735661E-08 -5.309221E-09 -7.872485E-07
        85  3.318827E-03  8.204108E-06 -1.134308E-05
        86 -3.210927E-03  1.621607E-05  1.385922E-06
        87  6.338228E-05  1.006907E-05 -4.062908E-03
        88  4.979844E-05  1.507437E-05  4.033500E-03
        89  3.696194E-03  1.119692E-05 -2.054658E-05
        90 -3.666457E-03  4.591093E-06 -3.863189E-05
        91 -1.489536E-05  4.433135E-06 -4.577429E-03
        92  2.046749E-06  1.057281E-05  4.513954E-03
        93  4.520182E-03  2.272472E-06  9.955005E-06
        94 -4.460319E-03 -5.391049E-08  2.631588E-05
        95  2.680811E-05 -2.373456E-06 -5.453405E-03
        96  1.082781E-05  1.039335E-05  5.457401E-03
        97  4.998801E-03 -2.700957E-05 -3.077199E-03
        98  4.999306E-03 -4.227700E-06 -3.778161E-05
        99  4.998810E-03  2.060893E-05  3.020496E-03
       100 -5.001785E-03  3.550422E-05 -2.985908E-03
       101 -5.001062E-03 -2.342964E-06  4.660057E-05
       102 -5.001886E-03 -3.966870E-05  3.055953E-03
       103  2.575354E-03 -1.838544E-05 -5.999264E-03
       104  6.255647E-05  4.500846E-07 -5.999516E-03
       105 -2.482404E-03  1.965585E-05 -5.999036E-03
       106  2.523644E-03  3.434459E-05  6.001290E-03
       107 -6.046933E-06  1.595636E-05  6.000478E-03
       108 -2.533988E-03 -6.663046E-06  6.000414E-03
       109  3.841161E-05  1.091774E-04 -8.332281E-04
       110  6.856339E-04  5.565631E-04 -3.720469E-03
       111  1.794020E-03  1.161634E-03 -7.307122E-03
       112  2.175794E-03  1.467628E-03 -8.991644E-03
       113  1.401928E-03  1.231558E-03 -7.937666E-03
       114 -1.901064E-04  5.873739E-04 -5.167861E-03
       115 -1.576859E-03  1.160571E-04 -3.287962E-03
       116  2.542736E-04 -1.436036E-04 -1.054898E-03
       117  1.035951E-03 -6.184281E-04 -4.115881E-03
       118  1.951625E-03 -1.192611E-03 -7.523732E-03
       119  2.298344E-03 -1.457526E-03 -8.992975E-03
       120  1.917940E-03 -1.204673E-03 -7.859179E-03
       121  1.335241E-03 -5.759778E-04 -5.157964E-03
       122  1.578061E-03 -1.145482E-04 -3.317856E-03
       123 -3.163839E-04 -1.370266E-04  1.013015E-03
       124 -1.373698E-03 -6.168031E-04  4.094893E-03
       125 -2.651895E-03 -1.219706E-03  7.664877E-03
       126 -3.249193E-03 -1.515160E-03  9.289770E-03
       127 -2.898569E-03 -1.273917E-03  8.206860E-03
       128 -2.088647E-03 -6.254517E-04  5.415994E-03
       129 -1.918962E-03 -1.291301E-04  3.423254E-03
       130  4.102493E-05  1.212861E-04  9.131341E-04
       131 -4.175966E-04  5.730504E-04  3.833384E-03
       132 -1.177747E-03  1.154887E-03  7.288991E-03
       133 -1.256292E-03  1.435340E-03  8.842913E-03
       134 -3.910969E-04  1.193083E-03  7.762556E-03
       135  1.017315E-03  5.668268E-04  5.074575E-03
       136  1.996048E-03  1.107406E-04  3.259869E-03
       137 -5.441168E-04  1.697497E-04  1.103046E-04
       138 -3.128755E-03  9.122606E-04  6.100942E-04
       139 -6.646230E-03  1.866804E-03  1.474568E-03
       140 -7.810328E-03  2.170068E-03  2.138673E-03
       141 -5.445900E-03  1.637976E-03  2.328885E-03
       142 -9.032492E-04  6.850131E-04  2.213946E-03
       143  2.101968E-03  9.941195E-05  2.401376E-03
       144 -4.426350E-04 -1.384514E-04  1.093638E-05
       145 -2.745297E-03 -8.025838E-04  4.898441E-04
       146 -6.067018E-03 -1.704328E-03  1.242768E-03
       147 -7.416266E-03 -2.053891E-03  1.335461E-03
       148 -5.577934E-03 -1.642854E-03  4.347230E-04
       149 -1.524226E-03 -7.939692E-04 -1.118787E-03
       150  1.628716E-03 -1.778219E-04 -2.337815E-03
       151  4.523743E-04 -1.414316E-04 -8.171917E-05
       152  2.854240E-03 -8.327418E-04 -3.813200E-04
       153  6.240302E-03 -1.751597E-03 -7.236189E-04
       154  7.394110E-03 -2.051999E-03 -6.041637E-04
       155  5.152037E-03 -1.547717E-03  1.660490E-04
       156  8.014165E-04 -6.353439E-04  1.367029E-03
       157 -2.067071E-03 -7.618913E-05  2.358120E-03
       158  4.599881E-04  1.434884E-04  8.202672E-06
       159  2.806518E-03  8.203708E-04 -6.404172E-04
       160  6.153553E-03  1.729355E-03 -1.935842E-03
       161  7.455990E-03  2.067671E-03 -2.849159E-03
       162  5.505035E-03  1.631079E-03 -2.938441E-03
       163  1.353548E-03  7.620614E-04 -2.481238E-03
       164 -1.726813E-03  1.600452E-04 -2.428071E-03
       165  1.833472E-03  3.470070E-05 -3.560271E-03
       166  9.304984E-04  1.880933E-04 -4.550422E-03
       167 -8.291495E-04  1.527134E-04 -4.515958E-03
       168 -1.633496E-03 -7.119446E-05 -3.843790E-03
       169 -7.565037E-04 -1.980698E-04 -4.684353E-03
       170  8.837263E-04 -9.849143E-05 -4.367561E-03
       171  1.233599E-03 -5.024190E-05  3.715915E-03
       172  2.017004E-04 -1.977310E-04  4.669585E-03
       173 -1.143126E-03 -1.359298E-04  4.508172E-03
       174 -1.310597E-03  3.818293E-05  3.509801E-03
       175 -3.421681E-04  1.954662E-04  4.528021E-03
       176  1.087461E-03  1.623314E-04  4.509266E-03
       177  1.387745E-03  3.257854E-04 -1.077617E-03
       178  9.629858E-04  4.621986E-04  7.446480E-04
       179  2.495946E-03  1.514528E-04  2.402356E-03
       180  1.657163E-03 -2.439888E-04  1.395509E-03
       181  1.412006E-03 -3.377008E-04 -3.886232E-04
       182  2.521263E-03 -1.233579E-04 -2.303444E-03
       183 -1.802722E-03 -1.900358E-04 -1.424291E-03
       184 -1.545814E-03 -2.858802E-04  3.133210E-04
       185 -2.592054E-03 -8.389042E-05  2.244995E-03
       186 -1.827470E-03  2.068372E-04  1.177711E-03
       187 -1.657668E-03  2.810271E-04 -5.388005E-04
       188 -2.581684E-03  1.064173E-04 -2.276600E-03
       189  5.490815E-04 -1.647376E-05 -4.278546E-03
       190 -4.113788E-04  3.262825E-05 -4.275238E-03
       191  5.383449E-04  4.743224E-05  4.165172E-03
       192 -3.425265E-04 -2.019711E-05  4.168537E-03
       193  3.678386E-03 -4.149461E-05  5.586643E-04
       194  3.673318E-03  5.791696E-05 -6.745119E-04
       195 -3.468393E-03  3.313094E-05  5.790855E-04
       196 -3.471815E-03 -1.337378E-05 -6.448592E-04
       197  2.272223E-03  8.356120E-05 -5.244873E-03
       198  8.164039E-04  2.285944E-04 -6.196027E-03
       199 -1.426249E-03  1.609300E-04 -6.018708E-03
       200 -2.371326E-03 -5.747911E-05 -5.189555E-03
       201 -8.977667E-04 -1.742491E-04 -5.978447E-03
       202  1.423916E-03 -1.200244E-04 -5.872311E-03
       203  2.192576E-03 -8.536919E-05  5.297505E-03
       204  5.276834E-04 -2.417095E-04  6.300750E-03
       205 -1.657548E-03 -1.638015E-04  6.065771E-03
       206 -2.322336E-03  1.007208E-04  5.265510E-03
       207 -7.160002E-04  2.523247E-04  6.258950E-03
       208  1.571184E-03  1.786104E-04  6.060807E-03
       209  3.150539E-03  1.952619E-04 -2.057637E-03
       210  2.931443E-03  2.795046E-04  6.558900E-04
       211  3.815946E-03  1.116549E-04  3.278618E-03
       212  3.140796E-03 -1.809188E-04  2.112289E-03
       213  2.902654E-03 -2.718018E-04 -5.524175E-04
       214  3.793783E-03 -1.042922E-04 -3.219108E-03
       215 -3.247977E-03 -1.447604E-04 -2.294973E-03
       216 -3.071392E-03 -2.202809E-04  3.915321E-04
       217 -3.857532E-03 -7.576143E-05  3.175799E-03
       218 -3.359353E-03  1.319376E-04  2.228399E-03
       219 -3.219931E-03  1.972519E-04 -3.936569E-04
       220 -3.912084E-03  7.217543E-05 -3.128375E-03
       221  8.668135E-04  1.220822E-05 -5.817150E-03
       222 -6.667253E-04 -1.066746E-05 -5.821923E-03
       223  8.517047E-04  1.046456E-05  5.729870E-03
       224 -7.174868E-04  2.520826E-05  5.872408E-03
       225  4.765181E-03 -5.110094E-07  1.165579E-03
       226  4.737521E-03 -3.695811E-08 -1.139631E-03
       227 -4.596441E-03 -2.371387E-05  1.015635E-03
       228 -4.623537E-03  2.139485E-05 -9.979965E-04

 forces (fx,fy,fz) for set RIGHT and time  0.1000000E+01

        21  1.251458E+03 -1.000436E+02 -1.223113E+03
        22  1.283459E+03  4.043256E+01  1.617422E+03
        23 -1.191363E+03  2.408971E+02 -1.063706E+03
        24 -1.348408E+03 -4.880119E+02  6.564802E+02

 internal energy (element, energy) for set ALL and time  0.1000000E+01

         1  9.176082E-03
         2  8.280453E-03
         3  3.388891E-03
         4  2.932253E-03
         5  3.654040E-03
         6  3.911051E-03
         7  3.934660E-03
         8  6.440560E-03
         9  6.772665E-03
        10  6.394603E-03
        11  4.905556E-03
        12  4.053513E-03
        13  3.401898E-03
        14  3.812399E-03
        15  6.781054E-03
        16  1.085029E-02
        17  5.639608E-03
        18  6.506400E-03
        19  5.387833E-03
        20  4.677336E-03
        21  4.197867E-03
        22  4.694770E-03
        23  8.225155E-03
        24  1.038482E-02
        25  8.295569E-03
        26  9.106257E-03
        27  4.751931E-03
        28  3.474258E-03
        29  3.959255E-03
        30  5.259810E-03
        31  6.287950E-03
        32  4.112042E-03
        33  1.574151E-02
        34  1.924661E-02
        35  7.238736E-03
        36  3.100733E-03
        37  1.121016E-02
        38  1.730285E-02
        39  1.168975E-02
        40  6.043767E-03
        41  4.724147E-03
        42  3.418278E-03
        43  6.147060E-03
        44  5.474424E-03
        45  4.209422E-03
        46  6.781529E-03
        47  3.103255E-03
        48  2.929017E-03
        49  2.914121E-03
        50  6.130464E-03
        51  5.179260E-03
        52  4.619681E-03
        53  2.140582E-03
        54  4.607917E-04
        55  3.000664E-03
        56  2.860993E-03
        57  1.327735E-03
        58  1.063500E-03
        59  1.746317E-03
        60  4.276784E-03
        61  2.176660E-03
        62  7.417451E-04
        63  1.409927E-03
        64  2.879606E-03
        65  3.397730E-03
        66  6.220237E-04
        67  1.149966E-03
        68  1.305825E-03
        69  1.854190E-03
        70  1.436713E-04
        71  4.692448E-04
        72  5.881780E-03
        73  1.990038E-03
        74  1.539568E-04
        75  1.915685E-04
        76  2.454553E-03
        77  1.518877E-03
        78  1.160453E-04
        79  1.274619E-04
        80  1.655455E-03
        81  4.913592E-03
        82  3.915757E-04
        83  1.545682E-04
        84  2.077468E-03
        85  9.675459E-03
        86  6.033890E-03
        87  8.180207E-03
        88  4.848344E-03
        89  3.532813E-03
        90  3.506095E-03
        91  4.884012E-03
        92  3.248951E-03
        93  8.897887E-03
        94  1.078608E-02
        95  7.792049E-03
        96  7.861492E-03
        97  4.563126E-03
        98  5.711069E-03
        99  1.387653E-02
       100  1.250277E-02
       101  3.379384E-03
       102  6.177540E-03
       103  2.900398E-03
       104  3.311684E-03
       105  4.095105E-03
       106  3.498845E-03
       107  3.614316E-03
       108  1.868445E-03
       109  7.712597E-03
       110  7.619475E-03
       111  3.816165E-03
       112  3.060206E-03
       113  1.124466E-02
       114  2.239481E-03
       115  8.475427E-04
       116  7.593679E-03
       117  2.722048E-03
       118  4.447736E-04
       119  7.336892E-04
       120  3.758785E-03
       121  4.828258E-03
       122  1.584323E-03
       123  5.417956E-04
       124  2.395219E-03
       125  8.269359E-03
       126  1.409601E-03
       127  1.273495E-03
       128  6.226163E-03
       129  2.944479E-01
       130  2.787266E-01
       131  9.663605E-02
       132  2.724243E-01
       133  2.690643E-01
       134  8.149225E-02
       135  2.853181E-01
       136  1.232762E-01
       137  3.709207E-01
       138  2.240437E-01
       139  1.027325E-01
       140  2.738722E-01
       141  2.550561E-01
       142  7.423563E-02
       143  2.803712E-01
       144  1.355039E-01
       145  3.268631E-01
       146  2.311712E-01
       147  8.876194E-02
       148  2.546366E-01
       149  2.468110E-01
       150  6.884620E-02
       151  2.488973E-01
       152  1.627318E-01
       153  3.406502E-01
       154  2.547775E-01
       155  9.511891E-02
       156  2.732831E-01
       157  2.609097E-01
       158  7.080096E-02
       159  2.872923E-01
       160  1.592831E-01
       161  1.739366E-01
       162  2.503680E-01
       163  7.048428E-02
       164  2.618304E-01
       165  2.408949E-01
       166  5.584047E-02
       167  3.598129E-01
       168  1.971355E-01
       169  1.423429E-01
       170  2.542815E-01
       171  5.622613E-02
       172  2.336135E-01
       173  2.372475E-01
       174  6.744152E-02
       175  2.542828E-01
       176  2.293983E-01
       177  1.285265E-01
       178  2.458089E-01
       179  7.322874E-02
       180  2.533546E-01
       181  2.368968E-01
       182  6.409019E-02
       183  3.382984E-01
       184  1.622849E-01
       185  1.356852E-01
       186  2.685089E-01
       187  7.626816E-02
       188  2.618262E-01
       189  2.591645E-01
       190  8.048426E-02
       191  2.963008E-01
       192  2.101512E-01
       193  1.303868E-01
       194  1.015275E-01
       195  1.119771E-01
       196  1.255762E-01
       197  1.515787E-01
       198  1.050664E-01
       199  1.139419E-01
       200  1.199644E-01
       201  1.278035E-01
       202  8.777035E-02
       203  1.006318E-01
       204  1.276803E-01
       205  1.496488E-01
       206  1.014205E-01
       207  1.101730E-01
       208  1.336051E-01
       209  2.076896E-01
       210  1.449575E-01
       211  1.064326E-01
       212  1.388351E-01
       213  1.610060E-01
       214  1.185123E-01
       215  1.179094E-01
       216  1.558623E-01
       217  1.701988E-01
       218  1.378815E-01
       219  1.155605E-01
       220  1.348322E-01
       221  1.361958E-01
       222  1.226104E-01
       223  1.161065E-01
       224  1.380467E-01
       225  1.485535E-01
       226  1.121869E-01
       227  1.417618E-01
       228  1.077622E-01
       229  1.394156E-01
       230  1.193327E-01
       231  1.256725E-01
       232  1.245226E-01
       233  1.564715E-01
       234  1.579165E-01
       235  1.608776E-01
       236  1.467266E-01
       237  1.287579E-01
       238  1.712000E-01
       239  1.220915E-01
       240  1.702273E-01
       241  1.335294E-01
       242  1.097691E-01
       243  1.211461E-01
       244  1.308574E-01
       245  1.351493E-01
       246  1.029479E-01
       247  1.255896E-01
       248  1.028763E-01
       249  1.286322E-01
       250  8.775867E-02
       251  1.008822E-01
       252  1.270293E-01
       253  1.526475E-01
       254  1.050442E-01
       255  1.173109E-01
       256  1.446525E-01
       257  1.417205E-01
       258  1.017815E-01
       259  9.497219E-02
       260  1.256265E-01
       261  1.579322E-01
       262  1.093658E-01
       263  1.057947E-01
       264  1.368990E-01
       265  1.467478E-01
       266  1.220767E-01
       267  1.115331E-01
       268  1.297238E-01
       269  1.257544E-01
       270  1.166704E-01
       271  1.052237E-01
       272  1.228836E-01
       273  1.735279E-01
       274  1.594782E-01
       275  1.660203E-01
       276  1.425854E-01
       277  1.581972E-01
       278  1.476623E-01
       279  1.736301E-01
       280  1.605195E-01
       281  1.666409E-01
       282  1.325766E-01
       283  1.794275E-01
       284  1.504632E-01
       285  1.474869E-01
       286  1.854301E-01
       287  1.427323E-01
       288  1.735627E-01

 total internal energy for set ALL and time  0.1000000E+01

        2.636889E+01
