
                        S T E P       1


                                INCREMENT     1


 displacements (vx,vy,vz) for set NALL and time  0.1000000E+01

         1 -3.308722E-25  0.000000E+00  1.654361E-25
         2  0.000000E+00  3.308722E-25  0.000000E+00
         3  0.000000E+00 -3.308722E-25  2.729696E-23
         4  0.000000E+00  0.000000E+00  5.252597E-23
         5  1.209343E-04 -1.054230E-05 -1.647559E-04
         6  1.209561E-04  7.132934E-06  1.486487E-04
         7 -1.413705E-04  7.099505E-06 -1.641877E-04
         8 -1.416051E-04 -3.333093E-06  1.479153E-04
         9  2.769198E-04 -3.115416E-05 -7.796949E-04
        10  2.773199E-04  2.439285E-05  6.951246E-04
        11 -3.063721E-04  2.992557E-05 -7.805299E-04
        12 -3.072227E-04 -1.961721E-05  6.953062E-04
        13  2.294595E-03 -2.243111E-05 -2.827370E-03
        14  2.295210E-03  1.987422E-05  2.753299E-03
        15 -2.392673E-03  2.264425E-05 -2.827471E-03
        16 -2.392940E-03 -2.277099E-05  2.753803E-03
        17  4.300266E-03 -7.455797E-06 -5.143353E-03
        18  4.300602E-03  5.094586E-06  5.122756E-03
        19 -4.264619E-03  6.442501E-06 -5.143089E-03
        20 -4.265462E-03 -8.203033E-06  5.122196E-03
        21  5.000000E-03  2.117582E-23 -6.000000E-03
        22  5.000000E-03 -4.235165E-23  6.000000E-03
        23 -5.000000E-03 -1.228198E-21 -6.000000E-03
        24 -5.000000E-03 -6.352747E-22  6.000000E-03
        25  1.221302E-07 -3.711231E-08  1.102166E-08
        26  8.806136E-08 -5.520764E-08  1.793402E-08
        27  9.741233E-08 -3.616210E-08  1.211797E-08
        28  9.448945E-08 -1.356476E-08  5.163407E-09
        29  9.702421E-08  1.259675E-08 -3.040022E-09
        30  8.731612E-08  4.054017E-08 -1.210196E-08
        31  1.199510E-07  3.239088E-08 -8.834956E-09
        32  1.074274E-07  8.121447E-08 -2.488238E-08
        33  6.868285E-08  2.016964E-07 -6.504587E-08
        34  7.153448E-08  2.791135E-07 -9.088229E-08
        35  6.551191E-08  2.995829E-07 -9.838188E-08
        36  6.326552E-08  2.443875E-07 -8.081513E-08
        37  5.289410E-08  1.341569E-07 -4.474129E-08
        38  6.043224E-08  3.249581E-08 -1.139851E-08
        39 -5.058070E-08  1.284915E-07  8.431448E-08
        40 -1.538738E-07  3.782956E-07  3.221691E-08
        41 -2.412944E-07  5.901048E-07  1.966621E-08
        42 -2.758912E-07  6.724818E-07  3.053418E-09
        43 -2.399456E-07  5.844854E-07 -1.341857E-08
        44 -1.518360E-07  3.707128E-07 -2.660575E-08
        45 -4.974369E-08  1.245112E-07 -7.639958E-08
        46 -3.864012E-08  9.766021E-08 -8.686192E-08
        47 -1.153854E-07  2.821731E-07 -4.166551E-08
        48 -1.797499E-07  4.379351E-07 -3.414601E-08
        49 -2.052484E-07  4.999653E-07 -2.119707E-08
        50 -1.782584E-07  4.352867E-07 -9.541165E-09
        51 -1.119525E-07  2.745210E-07  2.080626E-09
        52 -3.599396E-08  9.030718E-08  3.265099E-08
        53  2.768732E-04 -3.050084E-05 -6.379643E-04
        54  2.772079E-04 -2.366579E-05 -4.533048E-04
        55  2.775136E-04 -1.305666E-05 -2.404640E-04
        56  2.776639E-04 -9.977215E-07 -1.537507E-05
        57  2.775954E-04  1.046000E-05  2.063222E-04
        58  2.774003E-04  1.952818E-05  4.090159E-04
        59  2.772290E-04  2.460073E-05  5.768206E-04
        60 -3.064515E-04  3.025384E-05 -6.624867E-04
        61 -3.063979E-04  2.711616E-05 -4.949641E-04
        62 -3.062934E-04  2.050515E-05 -2.920027E-04
        63 -3.062741E-04  1.101907E-05 -6.935454E-05
        64 -3.064442E-04 -3.068621E-08  1.570537E-04
        65 -3.067818E-04 -1.061103E-05  3.709263E-04
        66 -3.071625E-04 -1.810025E-05  5.555222E-04
        67  1.861064E-04 -1.248815E-05 -7.807119E-04
        68  1.050452E-04 -2.226107E-06 -7.811628E-04
        69  3.172647E-05  1.777186E-06 -7.813472E-04
        70 -3.621845E-05  2.138644E-06 -7.814231E-04
        71 -1.012847E-04  1.775294E-06 -7.815015E-04
        72 -1.661281E-04  3.918539E-06 -7.815201E-04
        73 -2.335705E-04  1.213377E-05 -7.812765E-04
        74  2.057246E-04  8.585367E-06  6.944490E-04
        75  1.383804E-04  1.579404E-06  6.941791E-04
        76  7.299501E-05  5.603801E-07  6.941681E-04
        77  7.148387E-06  2.481867E-06  6.941979E-04
        78 -6.151788E-05  4.369485E-06  6.941921E-04
        79 -1.353090E-04  3.260635E-06  6.942373E-04
        80 -2.165323E-04 -3.827332E-06  6.945099E-04
        81  2.297911E-03 -1.713461E-06  1.479513E-05
        82 -2.389808E-03  1.313308E-07  1.692651E-05
        83 -9.164532E-05 -1.961621E-07 -2.826587E-03
        84 -9.241442E-05 -1.471369E-06  2.754358E-03
        85  4.302340E-03 -1.503637E-06 -3.629544E-05
        86 -4.265217E-03 -1.367386E-06  6.868508E-05
        87  5.573736E-05 -1.415609E-06 -5.141868E-03
        88 -3.583976E-05 -2.091535E-06  5.122460E-03
        89  4.999370E-03 -2.665929E-05 -4.501836E-03
        90  4.999066E-03 -3.067609E-05 -2.984970E-03
        91  4.999419E-03 -1.907524E-05 -1.458291E-03
        92  4.999589E-03  2.275691E-07  6.888268E-05
        93  4.999437E-03  1.954536E-05  1.587370E-03
        94  4.999091E-03  3.116424E-05  3.088049E-03
        95  4.999446E-03  2.701883E-05  4.561725E-03
        96 -5.001894E-03  3.607923E-05 -4.583046E-03
        97 -5.002008E-03  4.111195E-05 -3.120729E-03
        98 -5.001596E-03  2.511127E-05 -1.623122E-03
        99 -5.001337E-03 -1.180357E-06 -1.015198E-04
       100 -5.001563E-03 -2.714453E-05  1.432850E-03
       101 -5.001945E-03 -4.235275E-05  2.968704E-03
       102 -5.001709E-03 -3.643003E-05  4.494650E-03
       103  3.750835E-03  4.483132E-06 -5.999721E-03
       104  2.481741E-03  5.789889E-06 -5.999907E-03
       105  1.201957E-03  4.784246E-06 -5.999850E-03
       106 -7.843914E-05  2.503891E-06 -5.999844E-03
       107 -1.349175E-03 -1.187132E-07 -5.999866E-03
       108 -2.599837E-03 -2.114953E-06 -5.999938E-03
       109 -3.819884E-03 -2.412570E-06 -5.999898E-03
       110  3.800954E-03 -4.882535E-06  5.999241E-03
       111  2.573726E-03 -5.152168E-06  5.999434E-03
       112  1.324976E-03 -2.577504E-06  5.999507E-03
       113  6.184048E-05  1.177242E-06  5.999599E-03
       114 -1.208838E-03  4.541543E-06  5.999612E-03
       115 -2.480404E-03  6.187766E-06  5.999618E-03
       116 -3.746219E-03  4.970352E-06  5.999708E-03
       117  8.722746E-06  1.152606E-05 -1.028220E-04
       118  2.824909E-05  2.964415E-05 -2.248095E-04
       119 -2.141116E-05  1.732360E-05 -1.885972E-04
       120  8.464268E-06 -8.967366E-06 -8.755995E-05
       121 -4.269986E-05 -2.251074E-05 -1.831001E-04
       122 -2.865958E-05 -1.367690E-05 -1.625905E-04
       123 -4.313418E-06 -1.191491E-05  1.055498E-04
       124  1.547799E-05 -2.988518E-05  2.261955E-04
       125 -1.321587E-05 -1.562259E-05  1.804984E-04
       126  6.742038E-06  1.015287E-05  9.145563E-05
       127  1.255987E-05  2.465017E-05  1.919578E-04
       128  4.464393E-05  1.375957E-05  1.610794E-04
       129 -1.446530E-04  4.615194E-05  1.309816E-05
       130 -2.001351E-04  6.527927E-05  1.979900E-05
       131 -3.701490E-06  2.663075E-05  6.172404E-05
       132 -1.465851E-04 -4.717044E-05  1.279618E-05
       133 -2.118928E-04 -6.962047E-05  2.716888E-05
       134 -1.387482E-05 -3.129466E-05 -3.515352E-05
       135  1.346428E-04 -4.335829E-05 -3.257660E-05
       136  1.895279E-04 -6.249514E-05 -5.708541E-05
       137 -4.462519E-06 -2.481977E-05  1.024922E-05
       138  1.465065E-04  4.735260E-05  9.223116E-06
       139  2.087940E-04  6.898902E-05  7.982910E-06
       140  3.533812E-06  2.941768E-05 -5.276711E-05
       141  3.141209E-04  3.547158E-05 -1.309498E-03
       142  8.784393E-04  3.137769E-04 -3.109590E-03
       143  1.767799E-03  7.039882E-04 -5.428242E-03
       144  2.110097E-03  8.939333E-04 -6.479930E-03
       145  1.536361E-03  7.201941E-04 -5.701440E-03
       146  2.257449E-04  2.847422E-04 -3.831286E-03
       147 -1.160366E-03  3.723480E-06 -2.716078E-03
       148 -2.334166E-04 -3.144411E-05 -1.297314E-03
       149  1.823560E-04 -3.078570E-04 -3.089122E-03
       150  8.006248E-04 -6.937947E-04 -5.393454E-03
       151  1.033434E-03 -8.694118E-04 -6.377461E-03
       152  7.962530E-04 -6.755529E-04 -5.510861E-03
       153  5.250402E-04 -2.327076E-04 -3.613430E-03
       154  1.065419E-03  2.324520E-05 -2.614329E-03
       155  1.536931E-04 -4.701438E-05  1.254729E-03
       156 -3.735798E-04 -3.351003E-04  3.117615E-03
       157 -1.130677E-03 -7.315016E-04  5.472570E-03
       158 -1.478275E-03 -9.208243E-04  6.521689E-03
       159 -1.276394E-03 -7.390987E-04  5.705612E-03
       160 -9.352220E-04 -2.918274E-04  3.784146E-03
       161 -1.317269E-03 -3.154635E-06  2.637182E-03
       162 -2.797486E-04  4.958973E-05  1.254126E-03
       163 -7.366449E-04  3.384158E-04  3.126005E-03
       164 -1.520564E-03  7.343556E-04  5.486265E-03
       165 -1.798721E-03  9.178698E-04  6.511113E-03
       166 -1.243318E-03  7.279300E-04  5.662101E-03
       167 -4.028360E-05  2.776661E-04  3.732162E-03
       168  1.182315E-03 -5.691350E-06  2.615290E-03
       169  3.750199E-05  4.862270E-05 -7.031965E-04
       170 -1.889252E-03  6.023386E-04 -3.170607E-04
       171 -4.929866E-03  1.426739E-03  3.950882E-04
       172 -6.260242E-03  1.768925E-03  9.920608E-04
       173 -4.753926E-03  1.431951E-03  1.279491E-03
       174 -1.290184E-03  7.056708E-04  1.407626E-03
       175  1.375057E-03  1.853847E-04  1.877524E-03
       176  2.997433E-05 -5.811751E-05  6.450854E-04
       177 -1.825385E-03 -5.928724E-04  9.915551E-04
       178 -4.735659E-03 -1.383218E-03  1.639044E-03
       179 -6.030594E-03 -1.717489E-03  1.728463E-03
       180 -4.606852E-03 -1.400425E-03  9.173630E-04
       181 -1.267146E-03 -7.014373E-04 -5.440819E-04
       182  1.356007E-03 -1.902370E-04 -1.857163E-03
       183 -7.328939E-05 -4.798161E-05 -8.248001E-04
       184  1.906520E-03 -6.175498E-04 -1.048861E-03
       185  5.067364E-03 -1.474555E-03 -1.352739E-03
       186  6.455169E-03 -1.831599E-03 -1.261960E-03
       187  4.889186E-03 -1.481334E-03 -5.604891E-04
       188  1.286906E-03 -7.262412E-04  6.174198E-04
       189 -1.458715E-03 -1.898718E-04  1.778680E-03
       190 -8.217509E-05  5.621211E-05  6.929859E-04
       191  1.796015E-03  5.985280E-04  1.508507E-04
       192  4.798891E-03  1.414116E-03 -9.435464E-04
       193  6.131327E-03  1.758364E-03 -1.716504E-03
       194  4.641875E-03  1.426677E-03 -1.836040E-03
       195  1.180887E-03  7.026670E-04 -1.602407E-03
       196 -1.472984E-03  1.852445E-04 -1.904216E-03
       197  2.338252E-03  8.939922E-05 -3.660347E-03
       198  2.648962E-03  4.251766E-04 -5.826556E-03
       199  2.957821E-03  8.732375E-04 -8.485362E-03
       200  2.488213E-03  1.089864E-03 -9.682371E-03
       201  1.013978E-03  8.932359E-04 -8.799445E-03
       202 -1.079688E-03  3.923759E-04 -6.645944E-03
       203 -2.888626E-03  4.190131E-05 -5.246873E-03
       204 -2.355832E-03 -8.041524E-05 -3.622471E-03
       205 -1.608926E-03 -4.083505E-04 -5.742193E-03
       206 -2.338481E-04 -8.505363E-04 -8.376650E-03
       207  9.401574E-04 -1.058476E-03 -9.534862E-03
       208  1.619917E-03 -8.538928E-04 -8.621306E-03
       209  2.057555E-03 -3.571104E-04 -6.490128E-03
       210  2.953379E-03 -2.644672E-05 -5.185628E-03
       211  2.183382E-03 -9.566907E-05  3.610311E-03
       212  1.308890E-03 -4.398931E-04  5.831029E-03
       213 -1.999995E-04 -8.990371E-04  8.554745E-03
       214 -1.450459E-03 -1.122725E-03  9.789756E-03
       215 -2.096943E-03 -9.249926E-04  8.902317E-03
       216 -2.388036E-03 -4.143290E-04  6.706573E-03
       217 -3.081830E-03 -5.086423E-05  5.253747E-03
       218 -2.453195E-03  9.901901E-05  3.656541E-03
       219 -2.687630E-03  4.456262E-04  5.895081E-03
       220 -2.852940E-03  8.901808E-04  8.539323E-03
       221 -2.258797E-03  1.095358E-03  9.681017E-03
       222 -7.485030E-04  8.895744E-04  8.759224E-03
       223  1.281518E-03  3.893218E-04  6.611728E-03
       224  2.980461E-03  4.097688E-05  5.228304E-03
       225  2.478262E-03 -6.371600E-05 -2.246926E-03
       226  6.652778E-04  4.594201E-04 -1.246698E-03
       227 -2.559054E-03  1.334344E-03  2.054890E-04
       228 -4.013576E-03  1.708819E-03  1.540586E-03
       229 -2.427218E-03  1.354677E-03  2.471054E-03
       230  1.212208E-03  5.924486E-04  3.105239E-03
       231  3.791400E-03  9.030403E-05  3.953069E-03
       232  2.461904E-03  5.573715E-05  2.250910E-03
       233  7.051700E-04 -4.529928E-04  2.099742E-03
       234 -2.399351E-03 -1.296890E-03  2.170955E-03
       235 -3.820856E-03 -1.664284E-03  1.578882E-03
       236 -2.307992E-03 -1.328174E-03  2.150941E-05
       237  1.225194E-03 -5.897001E-04 -2.138915E-03
       238  3.772637E-03 -9.471618E-05 -3.917712E-03
       239 -2.625068E-03  7.882112E-05 -2.405286E-03
       240 -9.249696E-04 -4.127410E-04 -2.080350E-03
       241  2.178541E-03 -1.254957E-03 -1.728355E-03
       242  3.583622E-03 -1.616879E-03 -9.285415E-04
       243  2.050120E-03 -1.274665E-03  4.707768E-04
       244 -1.447944E-03 -5.422774E-04  2.259591E-03
       245 -3.860726E-03 -7.295705E-05  3.856117E-03
       246 -2.638095E-03 -8.234353E-05  2.405744E-03
       247 -1.017799E-03  3.885904E-04  1.356920E-03
       248  1.986211E-03  1.205293E-03 -4.510752E-04
       249  3.376610E-03  1.564881E-03 -1.988476E-03
       250  1.912999E-03  1.239987E-03 -2.806620E-03
       251 -1.493612E-03  5.284318E-04 -3.145485E-03
       252 -3.862352E-03  6.861586E-05 -3.882908E-03
       253  2.737704E-03  8.734388E-05 -5.903656E-03
       254  1.110244E-03  2.189622E-04 -6.747365E-03
       255 -1.538194E-03  1.393828E-04 -6.497546E-03
       256 -2.534253E-03 -8.235485E-05 -5.869028E-03
       257 -7.658866E-04 -2.252445E-04 -6.767969E-03
       258  1.715189E-03 -1.544100E-04 -6.547710E-03
       259  2.640019E-03 -9.932585E-05  5.936188E-03
       260  8.147863E-04 -2.512017E-04  6.886211E-03
       261 -1.710191E-03 -1.637869E-04  6.582277E-03
       262 -2.592933E-03  8.682870E-05  5.886761E-03
       263 -9.031649E-04  2.234302E-04  6.758925E-03
       264  1.649314E-03  1.419631E-04  6.503810E-03
       265  3.876047E-03  1.387739E-04 -2.393444E-03
       266  3.424473E-03  2.799358E-04  5.915910E-04
       267  4.123809E-03  1.473948E-04  3.536224E-03
       268  3.874164E-03 -1.414100E-04  2.327694E-03
       269  3.459403E-03 -2.732419E-04 -5.700560E-04
       270  4.159539E-03 -1.403673E-04 -3.452187E-03
       271 -3.759818E-03 -1.622687E-04 -2.403425E-03
       272 -3.331326E-03 -2.974024E-04  4.847563E-04
       273 -4.068629E-03 -1.573767E-04  3.397325E-03
       274 -3.794598E-03  1.516283E-04  2.531702E-03
       275 -3.391704E-03  2.818301E-04 -5.109331E-04
       276 -4.094096E-03  1.496588E-04 -3.577314E-03

 forces (fx,fy,fz) for set RIGHT and time  0.1000000E+01

        21  1.076210E+03  3.943240E+02 -9.408260E+02
        22  1.077724E+03 -4.513934E+02  9.111503E+02
        23 -1.140697E+03  2.621944E+02 -1.019472E+03
        24 -1.036946E+03 -5.615973E+01  1.037035E+03

 internal energy (element, energy) for set ALL and time  0.1000000E+01

         1  4.009510E-02
         2  3.869573E-02
         3  3.639172E-02
         4  3.499362E-02
         5  2.513701E-02
         6  2.035941E-02
         7  2.997743E-02
         8  2.573479E-02
         9  3.386544E-02
        10  2.769693E-02
        11  2.505636E-02
        12  1.784741E-02
        13  3.686433E-02
        14  3.956413E-02
        15  2.930956E-02
        16  3.386273E-02
        17  3.216764E-02
        18  3.386670E-02
        19  4.801850E-02
        20  4.814397E-02
        21  1.001493E-04
        22  7.204462E-06
        23  5.112681E-07
        24  4.028242E-08
        25  3.693059E-08
        26  4.936479E-07
        27  6.876198E-06
        28  9.587818E-05
        29  8.490112E-05
        30  6.320541E-06
        31  4.033326E-07
        32  6.648120E-08
        33  1.660313E-08
        34  1.387100E-07
        35  1.373240E-06
        36  2.043515E-05
        37  8.300646E-05
        38  7.162966E-06
        39  4.648759E-07
        40  3.868449E-07
        41  3.745287E-07
        42  4.147199E-07
        43  6.187028E-06
        44  7.049014E-05
        45  7.950051E-05
        46  6.548709E-06
        47  3.930644E-07
        48  2.387583E-07
        49  1.868505E-07
        50  1.524692E-07
        51  1.658105E-06
        52  1.686100E-05
        53  1.171814E-01
        54  1.351791E-01
        55  4.989483E-02
        56  5.342002E-02
        57  6.492005E-03
        58  3.400893E-03
        59  1.086926E-03
        60  1.279658E-04
        61  3.954844E-04
        62  1.869084E-03
        63  4.674114E-03
        64  8.027977E-03
        65  6.966758E-03
        66  4.053149E-03
        67  1.623558E-03
        68  3.442687E-04
        69  1.156462E-04
        70  9.621819E-04
        71  2.997175E-03
        72  5.710006E-03
        73  5.275143E-04
        74  3.031672E-04
        75  1.571043E-04
        76  5.620407E-05
        77  2.085098E-05
        78  7.083871E-05
        79  2.349769E-04
        80  4.845365E-04
        81  6.574727E-04
        82  3.238435E-04
        83  9.108498E-05
        84  1.340266E-05
        85  7.443973E-05
        86  2.696465E-04
        87  6.134136E-04
        88  1.032253E-03
        89  3.734146E-02
        90  4.134717E-02
        91  4.455019E-02
        92  3.954254E-02
        93  2.836442E-02
        94  3.618563E-02
        95  3.739178E-02
        96  3.044535E-02
        97  4.866759E-03
        98  6.274714E-03
        99  3.261380E-03
       100  1.299401E-03
       101  1.015619E-02
       102  8.714673E-03
       103  8.853194E-03
       104  5.372694E-03
       105  5.607777E-03
       106  1.800294E-03
       107  4.113011E-04
       108  5.702984E-05
       109  5.179376E-04
       110  1.783293E-03
       111  4.191033E-03
       112  9.502363E-03
       113  5.828664E-03
       114  3.469976E-03
       115  1.727823E-03
       116  6.754352E-04
       117  2.391803E-04
       118  4.096830E-04
       119  1.197064E-03
       120  2.410039E-03
       121  4.135367E-03
       122  1.237046E-03
       123  3.517009E-04
       124  2.742435E-04
       125  8.514064E-04
       126  2.097251E-03
       127  4.125135E-03
       128  6.634953E-03
       129  5.504601E-03
       130  2.209376E-03
       131  1.147342E-03
       132  5.928075E-04
       133  3.004381E-04
       134  2.636193E-04
       135  4.814649E-04
       136  8.611305E-04
       137  3.430713E-03
       138  2.607772E-03
       139  2.674979E-03
       140  3.826900E-03
       141  3.769549E-03
       142  1.948657E-03
       143  2.388282E-03
       144  2.641381E-03
       145  3.535826E-03
       146  2.313763E-03
       147  2.592157E-03
       148  4.034222E-03
       149  2.668933E-03
       150  1.973608E-03
       151  2.121254E-03
       152  2.614427E-03
       153  5.028522E-03
       154  3.576961E-03
       155  2.891581E-03
       156  3.756248E-03
       157  5.916796E-03
       158  4.473039E-03
       159  3.735765E-03
       160  4.932057E-03
       161  5.357510E-03
       162  4.251082E-03
       163  3.737317E-03
       164  4.357697E-03
       165  6.426012E-03
       166  4.923410E-03
       167  4.465767E-03
       168  5.332847E-03
       169  2.034141E-01
       170  2.142499E-01
       171  1.994224E-01
       172  2.034509E-01
       173  1.507866E-01
       174  1.658275E-01
       175  1.440730E-01
       176  1.609342E-01
       177  1.137976E-01
       178  1.282619E-01
       179  4.681624E-02
       180  1.270023E-01
       181  1.233945E-01
       182  4.091012E-02
       183  1.605950E-01
       184  7.908462E-02
       185  1.329434E-01
       186  1.460529E-01
       187  5.802063E-02
       188  1.485005E-01
       189  1.399010E-01
       190  4.506872E-02
       191  2.088947E-01
       192  6.189963E-02
       193  1.312673E-01
       194  1.226122E-01
       195  4.126271E-02
       196  1.246569E-01
       197  1.201826E-01
       198  3.476416E-02
       199  1.607338E-01
       200  8.952607E-02
       201  1.441417E-01
       202  1.382984E-01
       203  5.048831E-02
       204  1.422515E-01
       205  1.344038E-01
       206  3.792625E-02
       207  1.867334E-01
       208  1.011109E-01
       209  7.998540E-02
       210  1.937273E-01
       211  3.795529E-02
       212  1.595660E-01
       213  1.664108E-01
       214  4.551226E-02
       215  1.711664E-01
       216  1.077870E-01
       217  9.144355E-02
       218  2.030350E-01
       219  4.023477E-02
       220  1.675336E-01
       221  1.774546E-01
       222  5.060992E-02
       223  1.739257E-01
       224  1.246083E-01
       225  7.546556E-02
       226  2.147000E-01
       227  4.521290E-02
       228  1.783904E-01
       229  1.856161E-01
       230  5.420572E-02
       231  1.896035E-01
       232  1.054021E-01
       233  7.888275E-02
       234  2.282254E-01
       235  5.080333E-02
       236  1.903192E-01
       237  2.004976E-01
       238  6.366943E-02
       239  2.003376E-01
       240  1.126652E-01
       241  1.331435E-01
       242  1.452099E-01
       243  5.876501E-02
       244  1.605529E-01
       245  1.551836E-01
       246  4.816253E-02
       247  1.770697E-01
       248  8.792828E-02
       249  1.406166E-01
       250  1.668298E-01
       251  6.916467E-02
       252  1.793100E-01
       253  1.704206E-01
       254  4.963124E-02
       255  2.159810E-01
       256  7.046560E-02
       257  1.434599E-01
       258  1.466261E-01
       259  5.403364E-02
       260  1.590653E-01
       261  1.536258E-01
       262  4.152971E-02
       263  1.739186E-01
       264  1.068465E-01
       265  1.601312E-01
       266  1.426492E-01
       267  6.082691E-02
       268  1.696746E-01
       269  1.595396E-01
       270  4.286891E-02
       271  1.927095E-01
       272  1.020006E-01
       273  1.075448E-01
       274  2.679159E-01
       275  4.561879E-02
       276  1.856614E-01
       277  1.929387E-01
       278  5.066002E-02
       279  2.338570E-01
       280  1.394344E-01
       281  1.277720E-01
       282  2.861488E-01
       283  4.955770E-02
       284  1.985273E-01
       285  2.095059E-01
       286  5.843841E-02
       287  2.455127E-01
       288  1.581156E-01
       289  9.010453E-02
       290  2.612796E-01
       291  4.832420E-02
       292  1.807402E-01
       293  1.870771E-01
       294  5.286153E-02
       295  2.287973E-01
       296  1.221578E-01
       297  9.163092E-02
       298  2.914665E-01
       299  5.714097E-02
       300  2.001827E-01
       301  2.101358E-01
       302  6.518685E-02
       303  2.491377E-01
       304  1.372437E-01
       305  8.289714E-02
       306  6.759884E-02
       307  8.699494E-02
       308  8.107360E-02
       309  8.227385E-02
       310  6.035694E-02
       311  8.940245E-02
       312  8.652266E-02
       313  8.501186E-02
       314  6.006191E-02
       315  8.009671E-02
       316  1.039813E-01
       317  8.860643E-02
       318  6.073607E-02
       319  9.384683E-02
       320  8.132921E-02
       321  1.122468E-01
       322  8.296028E-02
       323  7.267010E-02
       324  1.035269E-01
       325  1.119212E-01
       326  7.898608E-02
       327  6.925681E-02
       328  9.812237E-02
       329  1.041885E-01
       330  7.938807E-02
       331  7.648349E-02
       332  9.104255E-02
       333  1.066053E-01
       334  9.435433E-02
       335  8.045106E-02
       336  1.032962E-01

 total internal energy for set ALL and time  0.1000000E+01

        2.255439E+01
