
                        S T E P       1


                                INCREMENT     1


 displacements (vx,vy,vz) for set NALL and time  0.1000000E+01

         1  0.000000E+00  0.000000E+00 -3.308722E-25
         2  0.000000E+00  1.323489E-24  6.617445E-25
         3  3.308722E-25  0.000000E+00 -1.654361E-25
         4 -3.308722E-25 -4.135903E-26 -3.987011E-23
         5  7.704842E-04  3.567158E-06 -9.222887E-04
         6  7.718953E-04  7.817360E-06  9.058129E-04
         7 -7.519757E-04  1.300105E-05 -9.226609E-04
         8 -7.526667E-04  6.703132E-06  9.067995E-04
         9  1.084725E-03 -2.614526E-06 -1.475471E-03
        10  1.085417E-03  2.082625E-05  1.405103E-03
        11 -1.114360E-03  2.456113E-05 -1.475536E-03
        12 -1.114966E-03  2.610316E-06  1.404978E-03
        13  3.371383E-03 -6.752696E-06 -3.877031E-03
        14  3.372175E-03  3.559575E-05  3.811033E-03
        15 -3.343061E-03  2.712782E-05 -3.875548E-03
        16 -3.344812E-03  2.173252E-06  3.810890E-03
        17  3.938069E-03  4.593396E-06 -4.811194E-03
        18  3.937404E-03  2.780077E-05  4.811850E-03
        19 -3.948958E-03  2.499750E-05 -4.810463E-03
        20 -3.947592E-03  1.088110E-05  4.812631E-03
        21  5.000000E-03  0.000000E+00 -6.000000E-03
        22  5.000000E-03  0.000000E+00  6.000000E-03
        23 -5.000000E-03 -3.269547E-20 -6.000000E-03
        24 -5.000000E-03  5.082198E-21  6.000000E-03
        25  5.624743E-05 -4.216316E-06 -9.509872E-05
        26  3.019142E-04 -9.649907E-06 -3.874422E-04
        27  6.587603E-04 -3.522512E-06 -7.532017E-04
        28  6.316883E-05 -3.101333E-06  7.734181E-05
        29  2.662455E-04 -7.983897E-06  3.219576E-04
        30  5.602475E-04 -7.533387E-07  6.997617E-04
        31 -9.075309E-05 -1.326865E-06 -3.521168E-05
        32 -3.150511E-04 -5.038164E-06 -2.582306E-04
        33 -5.721202E-04  2.947326E-06 -6.813107E-04
        34 -1.127536E-04 -2.482789E-06  7.749923E-05
        35 -4.057894E-04 -7.595907E-06  3.360090E-04
        36 -6.989017E-04 -4.003444E-07  7.106759E-04
        37  1.159649E-03 -9.836280E-06 -1.160294E-03
        38  8.891044E-04  8.293115E-06  1.062652E-03
        39 -7.865605E-04  1.100992E-05 -1.148925E-03
        40 -9.957893E-04 -2.271837E-06  1.077771E-03
        41  2.620219E-03 -5.015423E-05 -2.791204E-03
        42  1.962131E-03 -4.975568E-06  2.570857E-03
        43 -2.007730E-03 -1.407514E-05 -2.647825E-03
        44 -2.754809E-03 -2.565447E-05  2.632002E-03
        45  4.153433E-03 -1.824407E-05 -4.296716E-03
        46  3.175371E-03  1.709409E-05  4.439540E-03
        47 -3.212256E-03  1.008102E-05 -4.366842E-03
        48 -4.082703E-03 -4.077865E-06  4.334247E-03
        49  3.848091E-03  1.747333E-06 -5.035720E-03
        50  3.641040E-03 -7.500196E-06 -5.711235E-03
        51  4.139192E-03  9.146616E-06 -6.247925E-03
        52  3.039374E-03  1.903260E-05  5.081130E-03
        53  2.367859E-03  6.286820E-06  5.951971E-03
        54  3.034283E-03  2.062637E-05  6.587551E-03
        55 -3.095747E-03  1.511144E-05 -5.106557E-03
        56 -2.412412E-03  3.978881E-06 -5.875080E-03
        57 -3.005942E-03  1.831073E-05 -6.507331E-03
        58 -3.892300E-03  4.126614E-06  5.114022E-03
        59 -3.651165E-03 -5.555047E-06  5.753583E-03
        60 -4.096330E-03  8.040770E-06  6.209575E-03
        61  4.974217E-07  8.931058E-08 -1.145293E-08
        62  4.031060E-07  2.234802E-06 -7.106384E-07
        63  6.641939E-07  2.156389E-06 -6.573366E-07
        64 -2.400745E-07 -1.493586E-07  3.396047E-08
        65 -1.833367E-07  6.378968E-07 -2.194181E-07
        66 -2.883492E-07  7.877235E-07 -2.722105E-07
        67 -2.390825E-07  6.522870E-07  3.251117E-07
        68 -3.058732E-07  7.708083E-07  1.903457E-07
        69 -4.216031E-08  1.249344E-07  2.284676E-07
        70 -5.336241E-07  1.227848E-06 -5.544440E-07
        71 -6.676949E-07  1.602206E-06 -3.106999E-07
        72 -1.730662E-07  3.797467E-07 -3.498592E-07
        73  1.085756E-03  1.329030E-05  5.692505E-06
        74 -1.114823E-03  1.261633E-05 -2.802257E-05
        75 -2.844970E-05  8.231675E-06 -1.474948E-03
        76  1.387797E-06  9.107838E-06  1.404763E-03
        77  3.372819E-03  2.284439E-05 -4.716801E-05
        78 -3.345600E-03  4.239444E-05 -2.597863E-05
        79  3.279830E-05 -2.086809E-05 -3.875906E-03
        80  1.458992E-05  4.189519E-06  3.809785E-03
        81  3.938176E-03 -1.893756E-06 -2.382899E-06
        82 -3.949846E-03  4.969209E-07  1.969050E-06
        83  1.342176E-05 -3.043862E-06 -4.810364E-03
        84  8.881245E-06  2.678565E-05  4.811214E-03
        85  4.995142E-03 -1.342508E-04 -3.049993E-03
        86  4.997258E-03  1.022316E-05 -8.401853E-05
        87  4.994662E-03  1.539483E-04  2.923281E-03
        88 -5.007627E-03  1.691888E-04 -3.089990E-03
        89 -5.004120E-03  1.659064E-05 -4.474014E-05
        90 -5.006727E-03 -1.367072E-04  3.021032E-03
        91  2.499364E-03 -4.519236E-05 -5.996699E-03
        92 -6.284991E-05  3.927350E-05 -5.997660E-03
        93 -2.595935E-03  1.093750E-04 -5.995305E-03
        94  2.417465E-03  1.173266E-04  6.003305E-03
        95 -9.171722E-05  5.232748E-05  6.001302E-03
        96 -2.557674E-03 -3.188870E-05  6.001609E-03
        97  2.742758E-06  7.113101E-05 -6.269447E-04
        98  5.988863E-05  2.179357E-04 -1.571018E-03
        99 -1.718745E-04  1.546832E-04 -1.400179E-03
       100  7.240148E-05 -9.660405E-05 -8.055745E-04
       101  5.889749E-05 -2.318020E-04 -1.694726E-03
       102  2.523976E-04 -1.257590E-04 -1.348262E-03
       103 -1.622144E-04 -8.830139E-05  7.510853E-04
       104 -3.371453E-04 -2.455647E-04  1.752413E-03
       105 -4.460690E-04 -1.529635E-04  1.450339E-03
       106  5.930716E-05  7.747606E-05  6.683489E-04
       107  1.426133E-04  2.170283E-04  1.574950E-03
       108  3.544742E-04  1.430775E-04  1.359379E-03
       109 -7.906538E-04  2.529705E-04  1.109503E-04
       110 -9.526820E-04  3.206996E-04  2.923493E-04
       111  2.237359E-04  8.770388E-05  5.743381E-04
       112 -6.462374E-04 -2.108423E-04  2.721186E-05
       113 -7.559732E-04 -2.663234E-04 -1.544083E-04
       114  2.833158E-04 -6.378155E-05 -5.698129E-04
       115  6.597222E-04 -2.135032E-04 -9.736226E-05
       116  7.398700E-04 -2.594768E-04  3.277783E-05
       117 -3.085065E-04 -5.358940E-05  4.716894E-04
       118  7.296463E-04  2.357476E-04 -4.172808E-06
       119  8.729007E-04  3.006968E-04 -1.355432E-04
       120 -2.315800E-04  8.497502E-05 -4.754651E-04
       121  4.267363E-05 -1.054065E-05 -1.146399E-03
       122  4.187517E-05  2.145937E-05 -1.167940E-03
       123  3.763315E-05  2.935396E-05  1.069774E-03
       124  1.182156E-04 -1.034355E-05  1.072870E-03
       125  9.972878E-04 -3.803279E-06  2.321929E-04
       126  1.028729E-03  2.463907E-05 -3.177380E-04
       127 -8.980611E-04  9.980828E-06  2.288697E-04
       128 -8.759115E-04  2.060429E-05 -2.815227E-04
       129  8.723261E-04  6.693575E-05 -2.039462E-03
       130  1.163785E-03  4.052682E-04 -4.225184E-03
       131  1.751538E-03  8.972026E-04 -7.143712E-03
       132  1.708701E-03  1.160616E-03 -8.591140E-03
       133  7.039262E-04  9.860316E-04 -7.818031E-03
       134 -9.415115E-04  4.731319E-04 -5.615564E-03
       135 -2.344989E-03  9.185594E-05 -4.093571E-03
       136 -8.943750E-04 -3.681375E-05 -2.005392E-03
       137 -8.469116E-05 -3.634337E-04 -4.118179E-03
       138  1.176976E-03 -8.462388E-04 -6.991384E-03
       139  2.058916E-03 -1.107218E-03 -8.430920E-03
       140  2.295225E-03 -9.419680E-04 -7.707870E-03
       141  2.196190E-03 -4.509977E-04 -5.604881E-03
       142  2.544394E-03 -8.554508E-05 -4.158198E-03
       143  7.174841E-04 -5.822649E-05  2.029564E-03
       144 -2.543737E-04 -4.055626E-04  4.272799E-03
       145 -1.629178E-03 -9.029898E-04  7.222329E-03
       146 -2.533195E-03 -1.168941E-03  8.682838E-03
       147 -2.675329E-03 -9.933628E-04  7.904581E-03
       148 -2.400228E-03 -4.737723E-04  5.672601E-03
       149 -2.589904E-03 -7.715901E-05  4.085724E-03
       150 -9.509929E-04  7.924080E-05  2.023086E-03
       151 -1.144479E-03  4.164465E-04  4.206315E-03
       152 -1.525126E-03  8.908372E-04  7.028317E-03
       153 -1.295978E-03  1.133910E-03  8.373181E-03
       154 -2.258979E-04  9.509399E-04  7.564258E-03
       155  1.333088E-03  4.494623E-04  5.415081E-03
       156  2.544656E-03  8.666887E-05  3.975271E-03
       157  6.981135E-04  1.218241E-04 -1.082604E-03
       158 -1.547188E-03  7.676502E-04 -3.082247E-04
       159 -4.890480E-03  1.675024E-03  8.480710E-04
       160 -6.118418E-03  1.993592E-03  1.819014E-03
       161 -4.044642E-03  1.527835E-03  2.333373E-03
       162  1.253060E-04  6.534620E-04  2.535526E-03
       163  2.937339E-03  1.057477E-04  2.991062E-03
       164  7.042527E-04 -1.025014E-04  1.117400E-03
       165 -1.439622E-03 -7.209309E-04  1.216881E-03
       166 -4.609847E-03 -1.582996E-03  1.566127E-03
       167 -5.778265E-03 -1.887792E-03  1.251356E-03
       168 -3.794467E-03 -1.443798E-03 -2.418418E-05
       169  2.216386E-04 -6.032408E-04 -1.856543E-03
       170  2.954593E-03 -7.200050E-05 -3.185096E-03
       171 -8.794915E-04 -5.525369E-05 -1.224895E-03
       172  1.219156E-03 -6.600959E-04 -1.157217E-03
       173  4.494674E-03 -1.549217E-03 -1.168309E-03
       174  5.731501E-03 -1.870005E-03 -7.661662E-04
       175  3.730750E-03 -1.421009E-03  2.473085E-04
       176 -3.244278E-04 -5.711347E-04  1.673397E-03
       177 -3.002621E-03 -4.955041E-05  2.906490E-03
       178 -8.948675E-04  7.835747E-05  1.167352E-03
       179  1.116058E-03  6.600034E-04  2.675144E-04
       180  4.292462E-03  1.523665E-03 -1.299754E-03
       181  5.549009E-03  1.850596E-03 -2.484812E-03
       182  3.682325E-03  1.433613E-03 -2.856050E-03
       183 -2.279645E-04  6.157952E-04 -2.706201E-03
       184 -2.894612E-03  9.726252E-05 -3.002242E-03
       185  1.832096E-03  2.522512E-05 -4.262531E-03
       186  2.069092E-04  1.600612E-04 -5.146451E-03
       187 -1.728543E-03  1.356009E-04 -5.156994E-03
       188 -1.936824E-03 -3.248454E-05 -4.447565E-03
       189 -2.675959E-04 -1.555666E-04 -5.260149E-03
       190  1.733867E-03 -1.162707E-04 -5.210541E-03
       191  1.815476E-03 -5.245356E-05  4.547086E-03
       192  1.001910E-04 -1.935362E-04  5.459837E-03
       193 -1.791163E-03 -1.258988E-04  5.268118E-03
       194 -1.681390E-03  7.188853E-05  4.440713E-03
       195  1.213713E-04  2.149383E-04  5.369676E-03
       196  1.971428E-03  1.648624E-04  5.267236E-03
       197  2.633288E-03  2.326436E-04 -1.408964E-03
       198  2.705120E-03  2.402748E-04  8.830164E-04
       199  3.749242E-03  3.687291E-05  2.928929E-03
       200  2.721114E-03 -1.777602E-04  1.730108E-03
       201  2.713880E-03 -2.050209E-04 -6.067058E-04
       202  3.648699E-03 -2.496815E-05 -2.924086E-03
       203 -2.821850E-03 -1.491970E-04 -1.782689E-03
       204 -2.809744E-03 -1.789126E-04  4.353550E-04
       205 -3.651020E-03 -1.953902E-05  2.720540E-03
       206 -2.651400E-03  2.276448E-04  1.632344E-03
       207 -2.747298E-03  2.295612E-04 -5.030924E-04
       208 -3.741751E-03  3.707504E-05 -2.670539E-03
       209  2.511379E-03  9.357035E-05 -5.556115E-03
       210  1.850143E-03  4.250164E-04 -7.526940E-03
       211 -4.572118E-04  4.294026E-04 -7.661338E-03
       212 -2.389715E-03 -6.041910E-05 -5.550442E-03
       213 -1.461129E-03 -3.043204E-04 -7.030431E-03
       214  7.885801E-04 -2.918820E-04 -7.092165E-03
       215  2.261908E-03 -5.847091E-05  5.542166E-03
       216  1.228389E-03 -3.080223E-04  7.054196E-03
       217 -9.239506E-04 -2.828674E-04  7.050768E-03
       218 -2.462776E-03  1.157423E-04  5.663803E-03
       219 -1.878737E-03  4.421473E-04  7.604650E-03
       220  3.276932E-04  4.315395E-04  7.668184E-03
       221  3.227716E-03  2.333549E-04 -1.862159E-03
       222  2.243286E-03  5.130406E-04  1.532408E-03
       223  3.040462E-03  3.586335E-04  4.427263E-03
       224  2.989453E-03 -2.734183E-04  1.909880E-03
       225  2.048581E-03 -5.471200E-04 -1.236358E-03
       226  3.082687E-03 -3.450789E-04 -4.071331E-03
       227 -3.101533E-03 -2.470178E-04 -2.109801E-03
       228 -2.152453E-03 -5.231287E-04  9.762657E-04
       229 -3.079873E-03 -3.452606E-04  3.924659E-03
       230 -3.366835E-03  2.011909E-04  2.031764E-03
       231 -2.419605E-03  4.734146E-04 -1.517924E-03
       232 -3.044348E-03  3.559692E-04 -4.597002E-03

 forces (fx,fy,fz) for set RIGHT and time  0.1000000E+01

        21  1.439647E+03  1.112315E+02 -1.886660E+03
        22  8.671872E+02  5.825611E+02  2.086240E+03
        23 -1.398413E+03  6.041252E+02 -2.849973E+02
        24 -9.059525E+02 -2.377325E+02  6.192893E+01

 internal energy (element, energy) for set ALL and time  0.1000000E+01

         1  2.102926E-03
         2  1.201884E-03
         3  7.831043E-04
         4  1.562515E-03
         5  2.695329E-03
         6  1.730805E-03
         7  5.780238E-04
         8  1.649298E-03
         9  9.739203E-04
        10  1.211397E-03
        11  1.007614E-03
        12  3.266449E-03
        13  2.335752E-03
        14  2.435592E-03
        15  1.572008E-03
        16  1.881110E-03
        17  4.051420E-03
        18  4.063834E-03
        19  1.911532E-03
        20  1.106880E-03
        21  4.030221E-03
        22  5.596339E-03
        23  1.918953E-03
        24  2.402282E-03
        25  3.353009E-02
        26  3.518241E-02
        27  2.311572E-02
        28  1.925567E-02
        29  1.861220E-02
        30  2.093257E-02
        31  2.974565E-02
        32  2.712975E-02
        33  5.601744E-03
        34  7.087248E-03
        35  3.884860E-03
        36  4.374317E-03
        37  6.497513E-03
        38  5.886683E-03
        39  1.278369E-02
        40  6.438399E-03
        41  1.117587E-02
        42  5.290798E-03
        43  2.801817E-02
        44  2.240339E-02
        45  6.474403E-03
        46  7.689196E-03
        47  1.846946E-02
        48  2.103999E-02
        49  4.550680E-03
        50  3.297907E-03
        51  1.585463E-02
        52  2.467312E-02
        53  1.058166E-02
        54  5.048486E-03
        55  1.935853E-02
        56  1.777278E-02
        57  6.791700E-04
        58  5.252686E-05
        59  1.604939E-04
        60  2.014825E-03
        61  1.800341E-04
        62  1.386519E-05
        63  2.799712E-05
        64  3.547374E-04
        65  5.513332E-04
        66  4.462358E-05
        67  1.130728E-05
        68  1.525641E-04
        69  1.675867E-03
        70  1.377037E-04
        71  2.346543E-05
        72  3.089070E-04
        73  3.329291E-03
        74  1.348644E-03
        75  1.424372E-03
        76  1.698778E-03
        77  1.184586E-02
        78  1.817561E-02
        79  1.454548E-02
        80  1.509925E-02
        81  4.088853E-03
        82  5.447720E-03
        83  8.399498E-03
        84  6.506973E-03
        85  2.714220E-03
        86  2.230082E-03
        87  4.647208E-03
        88  7.128791E-03
        89  5.430008E-03
        90  4.789167E-03
        91  4.463044E-03
        92  5.170772E-03
        93  2.181729E-03
        94  3.038734E-03
        95  5.168587E-03
        96  4.469832E-03
        97  1.493909E-03
        98  2.209634E-03
        99  1.551465E-03
       100  2.092739E-03
       101  4.434081E-02
       102  9.810215E-03
       103  8.283383E-03
       104  4.516433E-02
       105  5.337618E-02
       106  7.899018E-03
       107  7.506833E-03
       108  4.060407E-02
       109  2.582668E-02
       110  9.920212E-03
       111  1.217903E-02
       112  4.346974E-02
       113  4.178081E-02
       114  1.232975E-02
       115  1.074688E-02
       116  2.502840E-02
       117  1.204566E-01
       118  9.225928E-02
       119  9.638785E-02
       120  1.121179E-01
       121  1.577343E-01
       122  1.045725E-01
       123  1.118387E-01
       124  1.237721E-01
       125  1.423792E-01
       126  9.045532E-02
       127  9.938924E-02
       128  1.392548E-01
       129  1.283539E-01
       130  8.868243E-02
       131  9.058274E-02
       132  1.152487E-01
       133  1.533139E-01
       134  1.078719E-01
       135  9.420511E-02
       136  1.252063E-01
       137  1.341362E-01
       138  1.042658E-01
       139  9.361353E-02
       140  1.249319E-01
       141  1.227806E-01
       142  1.041617E-01
       143  9.068597E-02
       144  1.105255E-01
       145  1.466689E-01
       146  1.281010E-01
       147  1.116454E-01
       148  1.340751E-01
       149  1.379079E-01
       150  8.541191E-02
       151  1.248267E-01
       152  1.078559E-01
       153  1.205518E-01
       154  1.222402E-01
       155  1.028342E-01
       156  1.029690E-01
       157  1.470818E-01
       158  1.055757E-01
       159  1.422941E-01
       160  9.350780E-02
       161  9.070365E-02
       162  1.364385E-01
       163  1.097365E-01
       164  1.391948E-01
       165  1.668049E-01
       166  2.031190E-01
       167  6.262713E-02
       168  1.790557E-01
       169  1.836004E-01
       170  5.945261E-02
       171  1.858649E-01
       172  9.518740E-02
       173  1.740018E-01
       174  2.202575E-01
       175  6.746860E-02
       176  1.879846E-01
       177  1.935919E-01
       178  6.023178E-02
       179  1.988727E-01
       180  6.734019E-02
       181  1.841461E-01
       182  1.910012E-01
       183  5.318655E-02
       184  1.710467E-01
       185  1.759842E-01
       186  5.046016E-02
       187  1.755251E-01
       188  1.140820E-01
       189  1.973053E-01
       190  1.916093E-01
       191  6.050460E-02
       192  1.809580E-01
       193  1.802505E-01
       194  5.068781E-02
       195  1.971420E-01
       196  1.095280E-01
       197  1.087263E-01
       198  2.404564E-01
       199  5.768134E-02
       200  2.257514E-01
       201  2.163823E-01
       202  5.203859E-02
       203  3.048435E-01
       204  1.722885E-01
       205  1.236221E-01
       206  2.481337E-01
       207  6.100399E-02
       208  2.367118E-01
       209  2.297697E-01
       210  5.860909E-02
       211  3.181160E-01
       212  1.927376E-01
       213  9.252397E-02
       214  2.497154E-01
       215  6.113974E-02
       216  2.254433E-01
       217  2.183426E-01
       218  5.908785E-02
       219  3.056261E-01
       220  1.509867E-01
       221  9.526985E-02
       222  2.759311E-01
       223  6.902769E-02
       224  2.426451E-01
       225  2.406363E-01
       226  7.048994E-02
       227  3.107973E-01
       228  1.638771E-01
       229  1.225283E-01
       230  9.485230E-02
       231  1.030347E-01
       232  1.108404E-01
       233  1.134542E-01
       234  8.370178E-02
       235  1.011281E-01
       236  8.877507E-02
       237  1.119454E-01
       238  7.876995E-02
       239  9.058049E-02
       240  1.201634E-01
       241  1.267963E-01
       242  8.628057E-02
       243  9.921560E-02
       244  1.154202E-01
       245  1.206267E-01
       246  9.302044E-02
       247  9.954639E-02
       248  1.351489E-01
       249  1.131771E-01
       250  8.542777E-02
       251  9.045921E-02
       252  1.211027E-01
       253  1.133091E-01
       254  9.505642E-02
       255  9.061842E-02
       256  1.144310E-01
       257  1.024224E-01
       258  1.027482E-01
       259  1.015876E-01
       260  1.285728E-01
       261  1.759932E-01
       262  1.304260E-01
       263  1.701128E-01
       264  8.379166E-02
       265  1.603812E-01
       266  1.149529E-01
       267  1.709139E-01
       268  9.174082E-02
       269  1.703793E-01
       270  1.118626E-01
       271  1.601753E-01
       272  1.129965E-01
       273  1.808109E-01
       274  1.320784E-01
       275  1.678998E-01
       276  8.892743E-02
       277  1.340662E-01
       278  1.010132E-01
       279  9.016712E-02
       280  1.020822E-01
       281  1.832247E-01
       282  1.261548E-01
       283  1.205372E-01
       284  1.365773E-01
       285  1.702642E-01
       286  1.302934E-01
       287  1.340977E-01
       288  1.275970E-01
       289  1.165247E-01
       290  1.127938E-01
       291  1.039255E-01
       292  9.470700E-02

 total internal energy for set ALL and time  0.1000000E+01

        2.448748E+01
