
                        S T E P       1


                                INCREMENT     1


 displacements (vx,vy,vz) for set NALL and time  0.1000000E+01

         1  0.000000E+00  0.000000E+00  6.617445E-25
         2  0.000000E+00 -1.323489E-24  6.617445E-25
         3  1.323489E-24 -1.323489E-24  2.441837E-22
         4  0.000000E+00 -1.323489E-24  5.300573E-22
         5  7.544876E-04 -3.440174E-06 -8.717803E-04
         6  7.551866E-04  5.259686E-06  8.304856E-04
         7 -6.996516E-04  2.287385E-06 -8.730070E-04
         8 -7.011699E-04  5.908281E-06  8.321303E-04
         9  1.391167E-03 -3.023912E-06 -1.687544E-03
        10  1.391424E-03  1.766615E-05  1.661891E-03
        11 -1.396982E-03  5.805320E-06 -1.688923E-03
        12 -1.398069E-03  4.083059E-06  1.662290E-03
        13  1.880429E-03  2.076919E-06 -2.565531E-03
        14  1.881131E-03  2.233411E-05  2.547502E-03
        15 -1.987095E-03  1.979755E-05 -2.566341E-03
        16 -1.988050E-03  5.803229E-06  2.547537E-03
        17  3.053952E-03  1.656308E-05 -4.131967E-03
        18  3.054414E-03  5.956519E-06  4.161671E-03
        19 -3.097533E-03  1.220635E-05 -4.129912E-03
        20 -3.097048E-03  1.712125E-05  4.162545E-03
        21  5.000000E-03  0.000000E+00 -6.000000E-03
        22  5.000000E-03  0.000000E+00  6.000000E-03
        23 -5.000000E-03  9.317362E-21 -6.000000E-03
        24 -5.000000E-03 -5.929231E-21  6.000000E-03
        25  3.092608E-04 -1.848072E-05 -4.623861E-04
        26  3.038722E-04 -1.489288E-05  4.151298E-04
        27 -3.112060E-04 -7.030413E-06 -4.681833E-04
        28 -3.597077E-04 -8.085284E-06  4.079401E-04
        29  1.352380E-03 -1.602553E-05 -1.244099E-03
        30  9.695024E-04  5.585620E-06  1.213937E-03
        31 -9.076708E-04 -1.446168E-05 -1.235242E-03
        32 -1.160438E-03 -4.644479E-06  1.247569E-03
        33  1.771816E-03 -1.602186E-05 -1.958719E-03
        34  1.316815E-03  8.923512E-06  1.944627E-03
        35 -1.386481E-03 -1.179399E-06 -1.955899E-03
        36 -1.823884E-03 -8.634847E-06  1.945592E-03
        37  3.219887E-03 -2.123964E-05 -3.492338E-03
        38  2.525349E-03 -8.701331E-06  3.474129E-03
        39 -2.584778E-03 -9.082037E-06 -3.370251E-03
        40 -3.313036E-03 -9.373495E-06  3.441518E-03
        41  3.716761E-03 -1.502735E-05 -5.487164E-03
        42  2.208188E-03 -2.832436E-05  5.605925E-03
        43 -2.199368E-03 -2.619884E-05 -5.706158E-03
        44 -3.449020E-03 -1.451327E-05  5.499646E-03
        45 -2.249328E-06 -1.812409E-09 -1.558029E-06
        46 -2.770213E-06  2.462196E-09 -1.916931E-06
        47  1.708383E-07 -4.413655E-08  1.973855E-07
        48 -1.973968E-07 -4.759729E-08 -1.993105E-07
        49  7.537021E-04 -4.290700E-06  1.239929E-04
        50 -7.028829E-04  1.171985E-05 -3.402761E-05
        51 -5.107999E-05 -2.210607E-06 -8.713006E-04
        52  7.843728E-05  8.237066E-06  8.320885E-04
        53  1.880301E-03 -6.587689E-06 -1.416227E-03
        54  1.880724E-03  2.059796E-05 -9.665306E-06
        55  1.880331E-03  4.414941E-05  1.396455E-03
        56 -1.988121E-03  3.733856E-05 -1.414942E-03
        57 -1.987916E-03  1.606303E-05 -5.057571E-06
        58 -1.988648E-03 -1.020179E-05  1.404503E-03
        59  9.850544E-04  3.391866E-05 -2.566876E-03
        60 -4.859865E-05  1.188393E-05 -2.566747E-03
        61 -1.084650E-03 -1.258042E-05 -2.567383E-03
        62  9.786562E-04 -1.186497E-05  2.546073E-03
        63 -5.910347E-05  9.975694E-06  2.546580E-03
        64 -1.093154E-03  3.390632E-05  2.546185E-03
        65  3.057122E-03  6.790894E-05 -2.140282E-03
        66  3.055879E-03  6.953965E-06 -2.343493E-05
        67  3.057315E-03 -5.345889E-05  2.112882E-03
        68 -3.095517E-03 -5.249440E-05 -2.060900E-03
        69 -3.096459E-03  8.204711E-06  2.975144E-05
        70 -3.095608E-03  7.083591E-05  2.113977E-03
        71  1.516459E-03  1.235039E-05 -4.131011E-03
        72  4.189470E-05 -1.259769E-05 -4.130828E-03
        73 -1.464227E-03 -2.398472E-05 -4.130890E-03
        74  1.482365E-03 -1.477123E-06  4.160994E-03
        75 -1.010473E-07  1.541642E-05  4.161585E-03
        76 -1.493632E-03  2.948843E-05  4.161251E-03
        77  5.007297E-03  1.155248E-05 -5.269163E-05
        78 -4.998921E-03  1.610831E-05 -7.768120E-05
        79 -8.441769E-05  2.249677E-05 -5.998660E-03
        80 -6.826906E-05  2.127436E-05  5.996251E-03
        81 -1.048546E-04 -1.883181E-05 -4.725851E-04
        82 -5.417756E-05  2.052398E-06 -4.714608E-04
        83 -4.592895E-05  1.828426E-05  4.061563E-04
        84  1.754884E-04 -9.281799E-07  4.183269E-04
        85  3.146015E-04  2.323465E-05  2.873427E-04
        86  3.001330E-04 -2.071404E-05 -2.705521E-04
        87 -3.456837E-04  3.378157E-05  2.386362E-04
        88 -3.208901E-04 -2.056775E-05 -2.871827E-04
        89  4.794489E-05 -2.984301E-05 -1.240360E-03
        90  1.737600E-05  2.090141E-05 -1.249986E-03
        91  1.038404E-04  9.251029E-06  1.233148E-03
        92  4.010783E-05  6.485709E-06  1.230463E-03
        93  1.135344E-03 -3.884820E-06  5.025598E-04
        94  1.157388E-03  1.301760E-05 -3.874271E-04
        95 -1.036992E-03  3.364205E-05  4.208813E-04
        96 -1.015714E-03 -1.720330E-05 -3.917110E-04
        97  1.334336E-03  1.337373E-04 -3.738834E-03
        98  1.938752E-04  3.356515E-04 -5.102945E-03
        99 -1.464960E-03  2.010258E-04 -4.712437E-03
       100 -1.402529E-03 -9.100183E-05 -3.647818E-03
       101 -8.016729E-05 -2.872836E-04 -4.988293E-03
       102  1.599013E-03 -1.831396E-04 -4.766254E-03
       103  1.225665E-03 -1.294014E-04  3.834007E-03
       104 -2.134275E-04 -3.680194E-04  5.399175E-03
       105 -1.774378E-03 -2.272453E-04  4.971532E-03
       106 -1.329651E-03  1.430236E-04  3.775787E-03
       107  1.716226E-04  3.649957E-04  5.260965E-03
       108  1.786541E-03  2.308495E-04  4.887009E-03
       109  1.203836E-03  2.510397E-04 -1.607314E-03
       110  1.248873E-03  2.905731E-04  1.555786E-04
       111  2.719775E-03  1.774530E-05  2.381083E-03
       112  1.267108E-03 -2.091697E-04  1.661530E-03
       113  1.281545E-03 -2.576459E-04 -1.726109E-04
       114  2.689953E-03  3.460446E-07 -2.466949E-03
       115 -1.415660E-03 -1.960493E-04 -1.867185E-03
       116 -1.502630E-03 -2.244140E-04 -2.132037E-04
       117 -2.822579E-03  1.632346E-05  2.165219E-03
       118 -1.496761E-03  2.006230E-04  1.797739E-03
       119 -1.604335E-03  2.265324E-04  2.915080E-04
       120 -2.870727E-03  1.078762E-07 -1.976963E-03
       121  1.745502E-03  1.636636E-04 -5.405739E-03
       122  1.763232E-03  6.085175E-04 -8.122286E-03
       123 -2.248911E-04  5.393690E-04 -8.038405E-03
       124 -1.556299E-03 -1.369706E-04 -5.427742E-03
       125 -1.090504E-03 -5.091655E-04 -7.720775E-03
       126  7.616558E-04 -4.425295E-04 -7.630287E-03
       127  1.447802E-03 -1.513090E-04  5.479961E-03
       128  8.634931E-04 -5.421707E-04  7.875473E-03
       129 -8.780750E-04 -4.523255E-04  7.663350E-03
       130 -1.597584E-03  1.728256E-04  5.500057E-03
       131 -1.682123E-03  5.832875E-04  8.025736E-03
       132  1.435157E-04  4.952583E-04  7.862259E-03
       133  1.552106E-03  4.988604E-04 -1.784332E-03
       134  3.649505E-04  8.570893E-04  1.289197E-03
       135  2.317653E-03  4.730274E-04  4.214073E-03
       136  1.421277E-03 -5.169531E-04  1.821810E-03
       137  2.410376E-04 -8.773985E-04 -1.170946E-03
       138  2.328336E-03 -4.668226E-04 -4.117883E-03
       139 -1.516634E-03 -4.939929E-04 -2.089339E-03
       140 -3.021825E-04 -8.627799E-04  8.096922E-04
       141 -2.253297E-03 -4.818901E-04  3.914488E-03
       142 -1.720777E-03  4.613753E-04  1.938591E-03
       143 -6.127203E-04  8.014441E-04 -1.344635E-03
       144 -2.337177E-03  4.656642E-04 -4.454107E-03

 forces (fx,fy,fz) for set RIGHT and time  0.1000000E+01

        21  2.532209E+03 -1.064398E+03 -2.310481E+03
        22  2.021015E+03  1.848802E+03  2.218769E+03
        23 -2.616190E+03  2.340795E+03 -1.709991E+03
        24 -1.868789E+03 -1.556615E+03  1.762045E+03

 internal energy (element, energy) for set ALL and time  0.1000000E+01

         1  1.447410E-02
         2  2.610872E-02
         3  2.327557E-02
         4  5.236334E-02
         5  2.716115E-02
         6  5.276410E-02
         7  1.669645E-02
         8  1.622041E-02
         9  1.001538E-03
        10  8.651230E-04
        11  4.976261E-02
        12  6.869917E-03
        13  4.764358E-02
        14  1.023251E-02
        15  5.783998E-03
        16  3.204770E-03
        17  2.373574E-03
        18  1.889707E-03
        19  2.055082E-03
        20  1.673484E-03
        21  2.207655E-03
        22  1.015861E-03
        23  1.395276E-03
        24  1.719309E-03
        25  2.031646E-02
        26  3.570772E-02
        27  7.839652E-03
        28  1.473895E-02
        29  8.438473E-03
        30  1.405737E-02
        31  1.791180E-02
        32  1.355443E-02
        33  1.008476E-01
        34  1.330182E-01
        35  1.469399E-01
        36  2.037919E-01
        37  1.200215E-01
        38  2.644260E-01
        39  6.531603E-02
        40  1.450804E-01
        41  5.625358E-03
        42  6.314114E-03
        43  8.577264E-03
        44  9.525718E-03
        45  4.021604E-03
        46  5.700264E-03
        47  4.734522E-03
        48  6.585861E-03
        49  1.779817E-02
        50  1.043654E-02
        51  1.570305E-02
        52  6.711597E-03
        53  2.350053E-02
        54  1.634561E-02
        55  8.395158E-03
        56  2.467895E-03
        57  2.025417E-02
        58  6.372438E-02
        59  7.401424E-03
        60  1.636267E-02
        61  4.739471E-02
        62  6.670914E-03
        63  7.008174E-03
        64  4.783740E-02
        65  3.888694E-02
        66  5.526255E-03
        67  5.769177E-03
        68  4.069730E-02
        69  2.426566E-02
        70  3.706438E-03
        71  3.121234E-03
        72  2.422833E-02
        73  1.432180E-02
        74  1.945817E-03
        75  2.229717E-03
        76  1.463747E-02
        77  1.264747E-02
        78  1.732168E-03
        79  9.321002E-04
        80  9.657999E-03
        81  1.077758E-02
        82  1.619363E-03
        83  1.832167E-03
        84  1.156264E-02
        85  7.208096E-03
        86  1.344716E-03
        87  3.442649E-03
        88  1.152298E-02
        89  1.203655E-02
        90  2.192481E-03
        91  3.526826E-03
        92  1.551323E-02
        93  1.319026E-01
        94  1.162149E-01
        95  1.072068E-01
        96  9.476158E-02
        97  4.907814E-02
        98  6.897966E-02
        99  5.827387E-02
       100  6.894787E-02
       101  5.012813E-01
       102  3.000478E-01
       103  3.997110E-01
       104  4.169740E-01
       105  3.788622E-01
       106  3.584180E-01
       107  2.687050E-01
       108  4.038986E-01
       109  5.989998E-01
       110  3.125519E-01
       111  5.378073E-01
       112  3.379458E-01
       113  2.944826E-01
       114  5.910528E-01
       115  2.707664E-01
       116  5.567628E-01
       117  4.064132E-01
       118  2.458629E-01
       119  3.480457E-01
       120  2.916694E-01
       121  2.887758E-01
       122  4.452342E-01
       123  2.382047E-01
       124  3.968734E-01
       125  5.147102E-01
       126  3.074535E-01
       127  5.283541E-01
       128  2.581763E-01
       129  2.477368E-01
       130  5.914523E-01
       131  2.516843E-01
       132  5.619174E-01
       133  6.494491E-01
       134  8.624474E-01
       135  7.353473E-01
       136  7.442463E-01
       137  6.398970E-01
       138  6.168809E-01
       139  5.565988E-01
       140  6.916347E-01
       141  3.692871E-01
       142  3.133860E-01
       143  3.494243E-01
       144  3.921238E-01
       145  4.140451E-01
       146  3.159204E-01
       147  3.870043E-01
       148  3.362160E-01
       149  3.771978E-01
       150  2.722249E-01
       151  3.030234E-01
       152  4.150752E-01
       153  4.345361E-01
       154  2.932314E-01
       155  3.511536E-01
       156  4.154878E-01
       157  4.735975E-01
       158  3.498155E-01
       159  3.442853E-01
       160  4.699836E-01
       161  4.932841E-01
       162  3.460824E-01
       163  3.509629E-01
       164  4.714551E-01
       165  4.146788E-01
       166  3.549760E-01
       167  3.358577E-01
       168  4.128476E-01
       169  4.226168E-01
       170  3.933617E-01
       171  3.765375E-01
       172  4.619641E-01
       173  4.982368E-01
       174  3.782483E-01
       175  4.819153E-01
       176  3.131735E-01
       177  4.542336E-01
       178  3.306508E-01
       179  4.581168E-01
       180  3.107387E-01
       181  4.746697E-01
       182  3.120370E-01
       183  4.217487E-01
       184  3.694317E-01
       185  5.188646E-01
       186  3.612291E-01
       187  4.694832E-01
       188  3.280087E-01
       189  5.013535E-01
       190  3.659411E-01
       191  3.355679E-01
       192  4.542053E-01
       193  5.770840E-01
       194  4.019472E-01
       195  3.914083E-01
       196  5.073472E-01
       197  5.254874E-01
       198  4.077676E-01
       199  4.086253E-01
       200  4.573997E-01
       201  4.406817E-01
       202  3.930214E-01
       203  3.429879E-01
       204  4.166610E-01

 total internal energy for set ALL and time  0.1000000E+01

        4.659936E+01
