
                        S T E P       1


                                INCREMENT     1


 displacements (vx,vy,vz) for set NALL and time  0.1000000E+01

         1  6.617445E-25  0.000000E+00  3.308722E-25
         2 -6.617445E-25  6.617445E-25  1.323489E-24
         3  0.000000E+00 -6.617445E-25  1.144818E-22
         4  0.000000E+00  6.617445E-25  2.531173E-22
         5  4.810198E-04  5.366804E-06 -5.301257E-04
         6  4.806721E-04  3.981677E-06  5.205128E-04
         7 -4.312063E-04  6.861922E-06 -5.305506E-04
         8 -4.320585E-04  5.472708E-06  5.204689E-04
         9  8.915183E-04  1.125259E-05 -9.332634E-04
        10  8.914880E-04  1.404833E-05  9.670100E-04
        11 -8.642754E-04 -1.803494E-06 -9.339538E-04
        12 -8.646225E-04  1.637898E-05  9.669289E-04
        13  1.221008E-03 -8.320049E-06 -1.516111E-03
        14  1.221302E-03  4.490044E-05  1.586552E-03
        15 -1.300976E-03  2.686870E-05 -1.517373E-03
        16 -1.303049E-03  3.630737E-06  1.586711E-03
        17  1.320654E-03 -2.855455E-05 -2.355217E-03
        18  1.322128E-03  7.949016E-05  2.451535E-03
        19 -1.581977E-03  6.593231E-05 -2.355580E-03
        20 -1.582954E-03 -1.215647E-05  2.451207E-03
        21  5.000000E-03  0.000000E+00 -6.000000E-03
        22  5.000000E-03  0.000000E+00  6.000000E-03
        23 -5.000000E-03  0.000000E+00 -6.000000E-03
        24 -5.000000E-03  4.404571E-21  6.000000E-03
        25  1.651167E-04 -7.547617E-06 -2.267150E-04
        26  1.769616E-04 -7.785799E-06  2.092413E-04
        27 -1.586783E-04 -2.555365E-06 -2.332813E-04
        28 -1.676499E-04 -4.188770E-06  2.157388E-04
        29  1.112350E-03 -6.836668E-07 -1.190292E-03
        30  1.341514E-03 -6.202414E-06 -1.494850E-03
        31  1.374434E-03 -5.167469E-06 -1.565701E-03
        32  9.863124E-04  1.895844E-05  8.967189E-04
        33  1.166974E-03  2.023080E-05  8.593124E-04
        34  1.199241E-03  2.763290E-05  1.255658E-03
        35 -9.601326E-04  1.375793E-06 -8.595195E-04
        36 -1.075212E-03  4.807563E-06 -8.082287E-04
        37 -1.134262E-03  1.432012E-05 -1.198712E-03
        38 -1.114047E-03  6.753739E-06  1.205101E-03
        39 -1.327084E-03  1.548971E-06  1.465162E-03
        40 -1.365608E-03  2.922380E-06  1.560693E-03
        41  1.568064E-03 -2.300664E-05 -1.795163E-03
        42  1.966328E-03 -3.130293E-05 -2.198925E-03
        43  1.821561E-03 -3.214585E-05 -2.270820E-03
        44  1.142198E-03  5.145406E-05  1.509293E-03
        45  1.194255E-03  5.089164E-05  1.532277E-03
        46  1.305947E-03  5.942174E-05  1.974898E-03
        47 -1.500328E-03  3.089414E-05 -1.401137E-03
        48 -1.730781E-03  3.412555E-05 -1.377799E-03
        49 -1.606766E-03  4.436993E-05 -1.848220E-03
        50 -1.523184E-03 -9.278765E-06  1.870656E-03
        51 -1.676154E-03 -1.754878E-05  2.233230E-03
        52 -1.666644E-03 -1.825526E-05  2.314176E-03
        53  8.907076E-04 -4.018395E-05 -2.788995E-03
        54  8.889807E-04 -5.726960E-05 -4.084837E-03
        55  2.502030E-03 -1.711963E-05 -5.690956E-03
        56  5.511378E-04  4.211082E-05  3.446663E-03
        57 -2.084944E-04  7.664818E-06  5.585530E-03
        58  1.258719E-03  3.588579E-05  6.988226E-03
        59 -1.461550E-03  3.475545E-05 -3.109572E-03
        60 -7.019890E-04  2.360909E-07 -5.132044E-03
        61 -1.375951E-03  3.374574E-05 -6.839754E-03
        62 -1.349929E-03 -2.883488E-05  3.080269E-03
        63 -1.284594E-03 -4.818901E-05  4.390483E-03
        64 -2.704783E-03 -1.428889E-05  5.740284E-03
        65 -1.514602E-06 -1.822631E-10 -1.048692E-06
        66 -1.320204E-06  1.644218E-09 -9.133642E-07
        67 -9.355341E-08 -2.511898E-08 -9.371336E-08
        68  4.329531E-08 -2.668140E-08  5.454334E-08
        69  4.806777E-04 -2.150319E-07  6.963680E-05
        70 -4.322532E-04  4.983702E-06 -2.962408E-05
        71 -2.968654E-05  6.283746E-06 -5.296297E-04
        72  5.148936E-05  3.900977E-06  5.210011E-04
        73  8.910088E-04  1.713645E-05  8.032541E-06
        74 -8.652174E-04  8.706873E-06  6.341079E-05
        75  2.168837E-05  4.304992E-06 -9.329267E-04
        76 -2.440105E-05  1.534993E-05  9.674347E-04
        77  1.220466E-03  2.423367E-05  7.072946E-05
        78 -1.302488E-03  2.439283E-05  6.633799E-05
        79 -6.470468E-05  4.093804E-06 -1.516943E-03
        80 -5.992047E-05  2.091781E-05  1.586715E-03
        81  1.323272E-03  2.316675E-05 -1.256174E-03
        82  1.323565E-03  3.730617E-05  7.336885E-05
        83  1.323673E-03  4.361633E-05  1.390141E-03
        84 -1.582880E-03  5.855833E-05 -1.256122E-03
        85 -1.582159E-03  2.813906E-05  9.118794E-05
        86 -1.583096E-03 -4.157669E-06  1.417688E-03
        87  5.742829E-04  4.787805E-06 -2.356383E-03
        88 -1.360901E-04  1.399380E-05 -2.356709E-03
        89 -8.434930E-04  2.606648E-05 -2.356298E-03
        90  5.909261E-04  3.768519E-05  2.449549E-03
        91 -1.476912E-04  2.895488E-05  2.449401E-03
        92 -8.781333E-04  2.378214E-05  2.449267E-03
        93  4.989459E-03 -2.541254E-04 -4.486017E-03
        94  4.987512E-03 -2.899447E-04 -3.001210E-03
        95  4.990427E-03 -1.739884E-04 -1.534030E-03
        96  4.991953E-03  1.873054E-05 -7.179657E-05
        97  4.990011E-03  2.120440E-04  1.398489E-03
        98  4.986703E-03  3.272220E-04  2.890616E-03
        99  4.988606E-03  2.819937E-04  4.419632E-03
       100 -5.015054E-03  3.161426E-04 -4.648553E-03
       101 -5.016211E-03  3.731006E-04 -3.190739E-03
       102 -5.012599E-03  2.583887E-04 -1.659572E-03
       103 -5.010062E-03  6.177858E-05 -8.878074E-05
       104 -5.011169E-03 -1.341467E-04  1.490461E-03
       105 -5.013524E-03 -2.541003E-04  3.049274E-03
       106 -5.012071E-03 -2.289624E-04  4.560487E-03
       107  3.722488E-03 -3.087555E-05 -5.996385E-03
       108  2.421991E-03 -1.058320E-05 -5.996218E-03
       109  1.109787E-03  4.655260E-05 -5.996417E-03
       110 -1.988322E-04  1.205883E-04 -5.995900E-03
       111 -1.485356E-03  1.861736E-04 -5.994056E-03
       112 -2.728851E-03  2.123064E-04 -5.992235E-03
       113 -3.907065E-03  1.626091E-04 -5.992648E-03
       114  3.653160E-03  1.549179E-04  6.004913E-03
       115  2.346289E-03  2.032325E-04  6.005888E-03
       116  1.072892E-03  1.797949E-04  6.004027E-03
       117 -1.746548E-04  1.190248E-04  6.002321E-03
       118 -1.402814E-03  4.979414E-05  6.001759E-03
       119 -2.615919E-03 -4.489596E-06  6.002062E-03
       120 -3.815427E-03 -2.535942E-05  6.001466E-03
       121 -5.024957E-05 -2.136638E-05 -2.364134E-04
       122 -4.780655E-05  1.594295E-05 -2.321637E-04
       123  1.147835E-05  2.031913E-05  2.127580E-04
       124  9.401003E-05 -1.227004E-05  2.104344E-04
       125  1.840800E-04  2.056061E-05  1.334155E-04
       126  1.673415E-04 -1.484477E-05 -1.192078E-04
       127 -1.528534E-04  6.381552E-06  1.140665E-04
       128 -1.617435E-04  7.849968E-07 -1.356050E-04
       129  1.265368E-04 -1.375981E-05 -7.091508E-04
       130 -7.072463E-05  2.668667E-05 -7.063549E-04
       131  7.446179E-05  1.481032E-05  7.257051E-04
       132 -2.548986E-05  4.211555E-06  7.269183E-04
       133  7.270074E-04  1.625223E-06  1.754868E-04
       134  7.273001E-04  1.017214E-05 -6.654878E-05
       135 -6.286360E-04  2.495557E-05  1.129043E-04
       136 -6.291440E-04 -1.217054E-05 -7.689254E-05
       137  1.090053E-04  1.614695E-05 -1.276872E-03
       138 -1.447737E-04 -9.255372E-06 -1.305045E-03
       139  5.175751E-05  4.306861E-06  1.321212E-03
       140 -8.326847E-05  3.317109E-05  1.313680E-03
       141  1.088503E-03  2.494064E-05  2.918664E-04
       142  1.129087E-03  1.634044E-05 -2.710296E-04
       143 -1.112682E-03  2.450485E-05  3.230165E-04
       144 -1.064318E-03  6.821932E-06 -1.792646E-04
       145  7.423689E-05 -1.883329E-05 -1.783168E-03
       146 -2.267545E-04  3.496231E-05 -1.827224E-03
       147  9.932987E-05  5.406572E-05  1.896410E-03
       148 -1.569282E-04  2.018651E-06  1.875712E-03
       149  1.382749E-03  1.168574E-05  4.574308E-04
       150  1.438267E-03  4.171522E-05 -3.090168E-04
       151 -1.466045E-03  2.338002E-05  4.050648E-04
       152 -1.431567E-03  2.708457E-05 -2.351235E-04
       153  1.128601E-03  6.343125E-05 -3.104998E-03
       154  2.049506E-03  5.408534E-04 -6.172812E-03
       155  3.715491E-03  1.294313E-03 -1.062214E-02
       156  4.579951E-03  1.799600E-03 -1.335436E-02
       157  3.843829E-03  1.726165E-03 -1.307914E-02
       158  1.510065E-03  1.106704E-03 -1.041835E-02
       159 -1.687518E-03  4.148466E-04 -7.629612E-03
       160 -1.129866E-03 -1.102112E-04 -3.629598E-03
       161 -3.925204E-04 -6.457165E-04 -7.069990E-03
       162  2.608181E-04 -1.300008E-03 -1.094345E-02
       163  3.872288E-04 -1.638550E-03 -1.280080E-02
       164  9.056290E-05 -1.424421E-03 -1.185375E-02
       165  1.853233E-04 -7.740636E-04 -9.057879E-03
       166  1.946256E-03 -2.082589E-04 -6.788874E-03
       167  8.575528E-04 -3.265009E-05  3.320120E-03
       168  1.102754E-05 -4.982474E-04  6.317778E-03
       169 -9.816435E-04 -1.174326E-03  1.031706E-02
       170 -1.381275E-03 -1.574232E-03  1.249526E-02
       171 -1.145305E-03 -1.414206E-03  1.180475E-02
       172 -1.027567E-03 -7.804868E-04  9.082905E-03
       173 -2.370108E-03 -2.080266E-04  6.779122E-03
       174 -1.420969E-03  1.029518E-04  3.343835E-03
       175 -2.175705E-03  5.889998E-04  6.471448E-03
       176 -3.678485E-03  1.308849E-03  1.072756E-02
       177 -4.480473E-03  1.773088E-03  1.324628E-02
       178 -3.821059E-03  1.681847E-03  1.288792E-02
       179 -1.622231E-03  1.077041E-03  1.029288E-02
       180  1.563508E-03  4.038410E-04  7.583532E-03
       181  2.866667E-04  2.810234E-04 -1.638796E-03
       182 -3.178207E-03  1.271643E-03 -1.747340E-04
       183 -7.602020E-03  2.468531E-03  1.901473E-03
       184 -9.480408E-03  2.949972E-03  3.810916E-03
       185 -7.353409E-03  2.472293E-03  5.059835E-03
       186 -2.253990E-03  1.400941E-03  5.604102E-03
       187  2.441569E-03  4.773354E-04  5.816228E-03
       188  7.470663E-04 -1.034813E-04  1.983911E-03
       189 -2.469259E-03 -1.027902E-03  1.957819E-03
       190 -7.478519E-03 -2.385900E-03  2.208763E-03
       191 -1.000158E-02 -3.032443E-03  1.580436E-03
       192 -8.108437E-03 -2.612726E-03 -2.993825E-04
       193 -2.733578E-03 -1.487025E-03 -2.929920E-03
       194  2.367716E-03 -4.864220E-04 -4.940238E-03
       195 -1.032958E-03 -1.045044E-04 -1.999259E-03
       196  2.108036E-03 -1.006231E-03 -1.730499E-03
       197  6.829772E-03 -2.284220E-03 -1.341384E-03
       198  9.085838E-03 -2.861459E-03 -3.622359E-04
       199  7.129082E-03 -2.424423E-03  1.319963E-03
       200  1.979042E-03 -1.343840E-03  3.378591E-03
       201 -2.690594E-03 -4.265772E-04  4.986501E-03
       202 -1.301447E-03  8.239291E-05  2.087333E-03
       203  1.309256E-03  8.346687E-04  5.860634E-04
       204  5.692371E-03  2.022562E-03 -2.200898E-03
       205  8.053117E-03  2.626449E-03 -4.747071E-03
       206  6.617050E-03  2.309755E-03 -6.179732E-03
       207  2.098989E-03  1.364225E-03 -6.439787E-03
       208 -2.353391E-03  4.897421E-04 -6.187942E-03

 forces (fx,fy,fz) for set RIGHT and time  0.1000000E+01

        21  1.845590E+03  7.194412E+02 -3.771086E+03
        22  8.289983E+02 -2.463417E+01  3.707448E+03
        23 -2.504947E+03  4.999501E+02  1.158048E+03
        24 -9.009653E+01  1.411057E+03 -1.088577E+03

 internal energy (element, energy) for set ALL and time  0.1000000E+01

         1  4.673485E-03
         2  1.032882E-02
         3  7.241724E-03
         4  9.414724E-03
         5  6.895305E-03
         6  9.891034E-03
         7  4.369601E-03
         8  4.557548E-03
         9  4.402930E-03
        10  3.164761E-02
        11  3.622131E-02
        12  8.396419E-03
        13  8.268264E-04
        14  2.855800E-04
        15  5.057022E-04
        16  1.375999E-03
        17  1.950248E-03
        18  9.712177E-04
        19  1.048872E-03
        20  7.762423E-03
        21  4.169534E-03
        22  1.799782E-03
        23  1.893931E-03
        24  1.114754E-02
        25  1.124289E-03
        26  3.361984E-04
        27  2.111333E-04
        28  2.573934E-04
        29  3.694913E-03
        30  9.893445E-04
        31  1.829087E-03
        32  3.599153E-03
        33  7.786387E-03
        34  1.483570E-03
        35  6.536413E-04
        36  1.273673E-03
        37  1.103363E-02
        38  2.964949E-03
        39  2.258590E-03
        40  1.164379E-02
        41  1.884650E-03
        42  9.432258E-04
        43  8.702733E-04
        44  6.433009E-03
        45  1.647815E-02
        46  3.318368E-02
        47  9.744432E-02
        48  9.188697E-02
        49  3.442521E-02
        50  3.507908E-02
        51  8.080257E-02
        52  6.903482E-02
        53  2.799172E-02
        54  3.461870E-02
        55  9.803964E-02
        56  1.124707E-01
        57  3.070009E-02
        58  2.648370E-02
        59  5.705404E-02
        60  7.589131E-02
        61  2.667436E-03
        62  2.738726E-03
        63  1.902909E-03
        64  2.213584E-03
        65  1.802412E-03
        66  1.342723E-03
        67  1.899282E-03
        68  1.620640E-03
        69  4.064295E-03
        70  1.710312E-03
        71  1.837456E-03
        72  1.098758E-03
        73  3.220243E-03
        74  2.210207E-03
        75  1.996827E-03
        76  8.327695E-04
        77  7.507940E-04
        78  1.430416E-03
        79  1.295010E-03
        80  9.911839E-04
        81  2.066205E-03
        82  2.696763E-03
        83  2.418897E-03
        84  4.105116E-03
        85  3.180880E-03
        86  9.270220E-03
        87  9.770488E-03
        88  1.107095E-02
        89  1.208475E-03
        90  4.396096E-03
        91  9.301487E-03
        92  9.221198E-03
        93  3.272021E-02
        94  4.035795E-03
        95  6.121470E-03
        96  3.807000E-02
        97  4.278920E-02
        98  4.805694E-03
        99  7.941102E-03
       100  4.978664E-02
       101  1.377617E-03
       102  2.484788E-04
       103  5.084314E-04
       104  4.496114E-03
       105  1.153163E-03
       106  2.317843E-04
       107  2.477564E-04
       108  2.124207E-03
       109  1.186425E-01
       110  6.350548E-02
       111  2.465144E-02
       112  5.734713E-03
       113  5.096621E-03
       114  2.446972E-02
       115  6.804549E-02
       116  1.342215E-01
       117  1.571964E-01
       118  7.933528E-02
       119  2.821024E-02
       120  6.008965E-03
       121  5.836333E-03
       122  2.282262E-02
       123  5.320957E-02
       124  9.422611E-02
       125  3.938475E-02
       126  2.709727E-02
       127  2.246987E-02
       128  2.009795E-02
       129  2.239948E-02
       130  3.237639E-02
       131  5.645152E-02
       132  9.186417E-02
       133  8.161529E-02
       134  4.564822E-02
       135  2.604466E-02
       136  1.801339E-02
       137  1.725859E-02
       138  2.022421E-02
       139  2.694426E-02
       140  3.319204E-02
       141  1.958862E-01
       142  1.075979E-01
       143  1.779293E-01
       144  1.833096E-01
       145  1.576888E-01
       146  1.545784E-01
       147  1.159442E-01
       148  1.519383E-01
       149  2.588394E-01
       150  1.262119E-01
       151  1.923400E-01
       152  1.276412E-01
       153  1.000152E-01
       154  1.968959E-01
       155  1.086656E-01
       156  1.985501E-01
       157  1.251327E-01
       158  8.524320E-02
       159  1.288339E-01
       160  7.566544E-02
       161  1.137732E-01
       162  1.633849E-01
       163  7.310789E-02
       164  1.069826E-01
       165  1.941089E-01
       166  1.243341E-01
       167  2.073350E-01
       168  9.139888E-02
       169  8.359986E-02
       170  1.787101E-01
       171  8.700577E-02
       172  1.953364E-01
       173  1.435968E-01
       174  1.029301E-01
       175  1.534015E-01
       176  1.222811E-01
       177  1.303875E-01
       178  1.795503E-01
       179  1.037663E-01
       180  1.371311E-01
       181  2.312097E-01
       182  1.268292E-01
       183  1.973900E-01
       184  1.088524E-01
       185  1.017542E-01
       186  1.872527E-01
       187  1.337033E-01
       188  2.537801E-01
       189  1.621377E-01
       190  1.157127E-01
       191  1.905850E-01
       192  1.734999E-01
       193  1.864933E-01
       194  1.822260E-01
       195  1.360598E-01
       196  1.565416E-01
       197  2.047633E-01
       198  1.721882E-01
       199  2.116983E-01
       200  1.345261E-01
       201  1.347627E-01
       202  1.845165E-01
       203  1.921912E-01
       204  2.539110E-01
       205  2.841728E-01
       206  4.295773E-01
       207  7.956937E-02
       208  2.791892E-01
       209  3.522921E-01
       210  1.417768E-01
       211  1.897193E-01
       212  1.268584E-01
       213  4.265254E-01
       214  2.638408E-01
       215  1.083973E-01
       216  3.051765E-01
       217  3.124317E-01
       218  1.202022E-01
       219  2.930414E-01
       220  1.632743E-01
       221  3.135331E-01
       222  3.305103E-01
       223  7.772192E-02
       224  2.680856E-01
       225  3.049651E-01
       226  1.202412E-01
       227  2.580590E-01
       228  1.998824E-01
       229  3.433483E-01
       230  3.856455E-01
       231  8.219653E-02
       232  2.836448E-01
       233  3.461991E-01
       234  1.361560E-01
       235  1.962101E-01
       236  1.367919E-01
       237  2.853836E-01
       238  2.975778E-01
       239  8.139213E-02
       240  3.082609E-01
       241  3.227265E-01
       242  1.043390E-01
       243  2.212853E-01
       244  2.255965E-01
       245  2.473234E-01
       246  5.379586E-01
       247  9.432160E-02
       248  4.145620E-01
       249  4.828115E-01
       250  1.761155E-01
       251  3.038731E-01
       252  3.554604E-01
       253  1.991902E-01
       254  4.229308E-01
       255  9.186515E-02
       256  3.502595E-01
       257  3.871344E-01
       258  1.366006E-01
       259  2.701832E-01
       260  2.416382E-01
       261  1.331605E-01
       262  4.639987E-01
       263  8.396043E-02
       264  3.127090E-01
       265  3.748182E-01
       266  1.507035E-01
       267  2.084243E-01
       268  2.004716E-01

 total internal energy for set ALL and time  0.1000000E+01

        2.886981E+01
