
                        S T E P       1


                                INCREMENT     1


 displacements (vx,vy,vz) for set NALL and time  0.1000000E+01

         1  0.000000E+00  6.617445E-25 -6.617445E-25
         2  0.000000E+00  0.000000E+00  0.000000E+00
         3  0.000000E+00  0.000000E+00 -1.654361E-25
         4 -6.617445E-25 -6.617445E-25  1.032321E-22
         5  7.882831E-04  5.746141E-06 -7.930978E-04
         6  7.882764E-04  1.479518E-05  7.542994E-04
         7 -7.716997E-04  2.440174E-05 -7.919602E-04
         8 -7.712280E-04  1.239286E-05  7.542562E-04
         9  1.352674E-03  7.773350E-06 -1.612712E-03
        10  1.354778E-03  3.024944E-05  1.549685E-03
        11 -1.281142E-03  2.567246E-05 -1.611549E-03
        12 -1.281180E-03  1.249954E-05  1.549954E-03
        13  1.914781E-03  8.503085E-06 -2.324084E-03
        14  1.914525E-03  4.015533E-05  2.295514E-03
        15 -1.871177E-03  3.577202E-05 -2.323767E-03
        16 -1.870685E-03  1.386451E-05  2.295719E-03
        17  2.297375E-03  1.061330E-06 -3.322772E-03
        18  2.297431E-03  4.617117E-05  3.339057E-03
        19 -2.279849E-03  5.067039E-05 -3.320107E-03
        20 -2.280833E-03  4.667163E-06  3.339644E-03
        21  5.000000E-03  0.000000E+00 -6.000000E-03
        22  5.000000E-03  0.000000E+00  6.000000E-03
        23 -5.000000E-03  0.000000E+00 -6.000000E-03
        24 -5.000000E-03  4.404571E-21  6.000000E-03
        25  3.317753E-05 -9.337834E-07 -2.053808E-05
        26  1.349587E-04 -4.194983E-06 -9.857187E-05
        27  2.858473E-04 -7.671039E-06 -2.198606E-04
        28  4.437951E-04 -9.025529E-06 -3.372990E-04
        29  5.769558E-04 -8.479183E-06 -4.312432E-04
        30  6.701916E-04 -6.436188E-06 -5.184003E-04
        31  7.216019E-04 -2.314989E-06 -6.395189E-04
        32  2.269382E-05 -4.174228E-07  4.607964E-06
        33  7.558602E-05 -1.573613E-06  2.950156E-05
        34  1.432716E-04 -2.978258E-06  8.594607E-05
        35  2.277406E-04 -3.783336E-06  1.739710E-04
        36  3.328479E-04 -2.707711E-06  2.897864E-04
        37  4.614131E-04  9.133014E-07  4.288249E-04
        38  6.143271E-04  7.057880E-06  5.855523E-04
        39 -3.660573E-05  3.124988E-07  1.183466E-05
        40 -1.179892E-04  1.037410E-06  2.605447E-05
        41 -2.110630E-04  6.623437E-07  7.510049E-06
        42 -3.083362E-04  1.452133E-07 -6.202702E-05
        43 -4.092204E-04  1.431506E-06 -1.896967E-04
        44 -5.166657E-04  6.164970E-06 -3.678596E-04
        45 -6.349176E-04  1.454022E-05 -5.778226E-04
        46 -3.321858E-05  3.069695E-07  2.475135E-06
        47 -1.108574E-04 -1.293915E-06  3.735779E-05
        48 -2.062951E-04 -3.555454E-06  1.189789E-04
        49 -3.093004E-04 -4.637190E-06  2.201459E-04
        50 -4.130632E-04 -3.831707E-06  3.253505E-04
        51 -5.201497E-04 -1.026294E-06  4.388028E-04
        52 -6.400479E-04  4.231950E-06  5.791762E-04
        53  2.653694E-03 -1.374222E-05 -3.006592E-03
        54  1.972238E-03  2.949917E-05  2.990527E-03
        55 -1.857083E-03  2.894146E-05 -2.854584E-03
        56 -2.620126E-03 -4.120339E-06  2.994539E-03
        57  2.244853E-03 -1.045472E-05 -3.770283E-03
        58  2.328708E-03 -2.875905E-05 -4.968589E-03
        59  3.409625E-03 -2.419006E-06 -5.991197E-03
        60  1.623592E-03  2.580286E-05  3.911566E-03
        61  1.024542E-03 -6.448075E-08  5.521825E-03
        62  2.147660E-03  2.363949E-05  6.678563E-03
        63 -1.653201E-03  2.466779E-05 -4.035008E-03
        64 -9.255301E-04  4.661915E-07 -5.521098E-03
        65 -1.935189E-03  2.403639E-05 -6.644188E-03
        66 -2.239244E-03 -9.072506E-06  3.839177E-03
        67 -2.288640E-03 -2.754835E-05  4.992683E-03
        68 -3.334058E-03 -3.867712E-06  5.941473E-03
        69  5.066850E-07 -4.230448E-07  1.590719E-07
        70  3.797907E-07  1.092620E-06 -3.372903E-07
        71  5.878106E-07  1.522610E-06 -4.570570E-07
        72 -2.898988E-07 -2.358274E-08 -9.659539E-09
        73 -2.307495E-07  1.129992E-06 -3.834622E-07
        74 -3.752025E-07  1.155236E-06 -3.974649E-07
        75 -2.601556E-07  7.112427E-07  3.630239E-07
        76 -3.257745E-07  8.222316E-07  2.142170E-07
        77 -3.791859E-08  1.179554E-07  2.599909E-07
        78 -3.597840E-07  8.151328E-07 -4.978021E-07
        79 -3.349188E-07  7.869017E-07 -3.073351E-07
        80 -1.404498E-08 -2.732429E-08 -3.965125E-07
        81  7.876072E-04 -2.803400E-05 -2.906665E-04
        82  7.879493E-04  2.091572E-06  7.328716E-05
        83  7.873196E-04  3.817728E-05  3.901870E-04
        84 -7.722632E-04  3.551589E-05 -2.595124E-04
        85 -7.719198E-04  5.068399E-06  1.202462E-04
        86 -7.726534E-04 -2.188841E-05  4.306851E-04
        87  3.652018E-04  3.106487E-05 -7.935420E-04
        88  2.671464E-05  5.651547E-06 -7.932558E-04
        89 -3.203929E-04 -1.534031E-05 -7.936393E-04
        90  4.106822E-04 -1.348507E-05  7.530929E-04
        91 -1.262713E-05  1.454352E-05  7.535302E-04
        92 -4.254152E-04  4.331384E-05  7.528911E-04
        93  1.916173E-03  2.059304E-05  9.352141E-06
        94 -1.869916E-03  6.618792E-06  6.666530E-07
        95  8.072480E-06  1.300641E-05 -2.323556E-03
        96  1.549220E-05  3.063245E-05  2.295794E-03
        97  2.298399E-03  1.493220E-05 -1.718481E-03
        98  2.298474E-03  1.990250E-05 -1.615235E-05
        99  2.298609E-03  2.513592E-05  1.698792E-03
       100 -2.280322E-03  4.849664E-05 -1.693089E-03
       101 -2.280034E-03  3.955253E-05  8.766123E-06
       102 -2.280514E-03  2.399871E-05  1.711670E-03
       103  1.102863E-03 -1.254646E-05 -3.321915E-03
       104  2.352143E-05 -1.389452E-05 -3.322015E-03
       105 -1.062567E-03  5.160422E-06 -3.321575E-03
       106  1.082516E-03  4.398403E-05  3.338676E-03
       107  5.518098E-06  2.959374E-05  3.338586E-03
       108 -1.070701E-03  1.239964E-05  3.338810E-03
       109  4.992662E-03 -2.074229E-04 -3.013254E-03
       110  4.995870E-03  2.260333E-05 -6.815316E-05
       111  4.991813E-03  2.491195E-04  2.909302E-03
       112 -5.012936E-03  2.991898E-04 -3.144277E-03
       113 -5.006760E-03  5.172851E-05 -7.111851E-05
       114 -5.010609E-03 -2.021993E-04  3.032087E-03
       115  2.450631E-03 -2.233144E-05 -5.996255E-03
       116 -1.422713E-04  8.539711E-05 -5.996919E-03
       117 -2.668594E-03  1.623163E-04 -5.993365E-03
       118  2.382802E-03  1.597381E-04  6.003724E-03
       119 -1.302682E-04  9.124394E-05  6.001160E-03
       120 -2.582779E-03 -1.093379E-05  6.000927E-03
       121  9.603259E-05  4.828263E-05 -4.755770E-04
       122  4.125110E-04  1.254571E-04 -1.028459E-03
       123  1.519643E-04  5.897746E-05 -8.448804E-04
       124 -4.885607E-05 -8.280839E-05 -7.052135E-04
       125 -3.841727E-04 -1.824811E-04 -1.386198E-03
       126 -1.835504E-04 -7.008132E-05 -9.993726E-04
       127 -8.953425E-05 -7.254746E-05  6.489687E-04
       128 -7.715198E-05 -1.686521E-04  1.312977E-03
       129 -2.033597E-04 -6.057534E-05  9.435764E-04
       130  4.869432E-06  5.583762E-05  5.136156E-04
       131 -2.859039E-05  1.403441E-04  1.101148E-03
       132  1.955424E-04  6.646239E-05  8.772818E-04
       133 -8.172593E-04  2.602030E-04  5.507459E-05
       134 -1.106868E-03  3.609509E-04 -7.456751E-06
       135  3.619415E-05  1.348947E-04  1.755263E-04
       136 -6.223848E-04 -2.001790E-04  4.956967E-05
       137 -1.003981E-03 -3.228228E-04  1.699826E-04
       138 -6.744370E-05 -1.377950E-04 -9.324430E-05
       139  6.207975E-04 -1.995984E-04 -1.219206E-04
       140  8.628818E-04 -2.847485E-04 -2.230946E-04
       141 -6.281008E-05 -1.026432E-04  9.052461E-05
       142  7.867128E-04  2.513241E-04  7.092903E-05
       143  1.122205E-03  3.660678E-04  2.516709E-04
       144 -1.025376E-05  1.430012E-04  3.497748E-05
       145  7.319245E-04  8.926234E-05 -1.464942E-03
       146  4.040220E-04  2.024069E-04 -2.191219E-03
       147 -3.631277E-04  1.422799E-04 -2.007749E-03
       148 -4.709286E-04 -8.366805E-05 -1.624193E-03
       149 -1.174987E-04 -1.717355E-04 -2.214473E-03
       150  4.880533E-04 -7.522383E-05 -1.877343E-03
       151  6.880336E-04 -7.275268E-05  1.463785E-03
       152  1.313844E-04 -1.858866E-04  2.205750E-03
       153 -6.100788E-04 -1.135426E-04  1.976295E-03
       154 -7.534446E-04  1.020567E-04  1.466843E-03
       155 -1.859657E-04  1.952395E-04  2.084809E-03
       156  6.397406E-04  1.232672E-04  1.852774E-03
       157  7.554341E-05  2.295803E-04 -2.488069E-04
       158 -1.556014E-04  3.098796E-04  3.323412E-04
       159  9.271868E-04  9.218339E-05  9.203376E-04
       160  6.212378E-04 -6.026832E-05  5.534057E-04
       161  4.663398E-04 -1.263841E-04 -7.728730E-06
       162  9.970005E-04 -3.486429E-05 -8.624280E-04
       163 -3.475651E-04 -1.177977E-04 -5.174608E-04
       164 -2.428311E-04 -1.658375E-04  2.649428E-06
       165 -9.880542E-04 -2.271420E-05  8.008066E-04
       166 -7.179518E-04  5.366898E-05  7.292320E-04
       167 -5.165264E-04  1.325050E-04  1.096636E-04
       168 -8.902695E-04  7.509804E-05 -8.982711E-04
       169  8.617868E-04  4.841594E-05 -2.013679E-03
       170  4.582707E-04  1.150627E-04 -2.490319E-03
       171 -4.334245E-04  6.845304E-05 -2.374851E-03
       172 -9.057522E-04  5.714612E-06 -1.922498E-03
       173 -5.436615E-04 -5.675427E-05 -2.394224E-03
       174  3.896176E-04 -2.381187E-05 -2.369471E-03
       175  8.535327E-04 -1.508815E-05  1.999377E-03
       176  3.651164E-04 -9.775845E-05  2.578682E-03
       177 -4.900489E-04 -4.001316E-05  2.422756E-03
       178 -6.893480E-04  4.596538E-05  1.921137E-03
       179 -2.109387E-04  1.196925E-04  2.445575E-03
       180  5.853713E-04  7.947293E-05  2.369431E-03
       181  8.950289E-04  1.643014E-04 -6.835904E-04
       182  6.088528E-04  2.629119E-04  1.576592E-04
       183  1.270451E-03  1.409620E-04  1.123586E-03
       184  9.677200E-04 -1.042831E-04  6.733989E-04
       185  6.805848E-04 -2.015794E-04 -1.538630E-04
       186  1.269412E-03 -9.408426E-05 -1.142272E-03
       187 -9.681958E-04 -8.751709E-05 -7.794208E-04
       188 -6.683872E-04 -1.883654E-04  1.632803E-05
       189 -1.199998E-03 -9.339731E-05  1.035152E-03
       190 -8.207174E-04  1.694543E-04  6.541913E-04
       191 -6.167737E-04  2.474138E-04 -1.026139E-04
       192 -1.297265E-03  1.216696E-04 -1.053165E-03
       193  1.461463E-03  8.514464E-05 -2.987185E-03
       194  7.341257E-04  1.905871E-04 -3.702252E-03
       195 -5.920616E-04  1.270454E-04 -3.531219E-03
       196 -1.313310E-03 -4.689204E-05 -3.032414E-03
       197 -4.617957E-04 -1.701339E-04 -3.836364E-03
       198  8.075498E-04 -1.223752E-04 -3.739660E-03
       199  1.352335E-03 -5.681941E-05  3.079476E-03
       200  4.000177E-04 -2.024071E-04  4.009610E-03
       201 -8.615907E-04 -1.379210E-04  3.825547E-03
       202 -1.400139E-03  1.100230E-04  3.085414E-03
       203 -4.332833E-04  2.459302E-04  3.967987E-03
       204  8.942610E-04  1.816326E-04  3.794270E-03
       205  1.788580E-03  7.110192E-05 -1.109471E-03
       206  1.621964E-03  1.391319E-04  4.220400E-04
       207  2.057437E-03  6.745295E-05  2.044120E-03
       208  1.758231E-03 -3.034596E-05  1.184016E-03
       209  1.585823E-03 -9.962483E-05 -3.960440E-04
       210  2.028154E-03 -2.611392E-05 -2.094443E-03
       211 -1.692526E-03 -4.023415E-05 -1.334996E-03
       212 -1.557505E-03 -9.964752E-05  1.666752E-04
       213 -2.015573E-03 -2.221644E-05  1.936400E-03
       214 -1.836660E-03  5.056772E-05  1.362906E-03
       215 -1.615388E-03  1.354431E-04  3.615431E-05
       216 -1.943442E-03  8.856733E-05 -1.688480E-03
       217  1.895441E-03  6.345968E-05 -3.836058E-03
       218  2.288987E-03  4.323358E-04 -6.211189E-03
       219  3.295820E-03  1.012299E-03 -9.635791E-03
       220  3.692002E-03  1.396633E-03 -1.171564E-02
       221  2.839288E-03  1.331157E-03 -1.146170E-02
       222  7.265848E-04  8.454109E-04 -9.374843E-03
       223 -2.083958E-03  3.124643E-04 -7.227563E-03
       224 -1.794096E-03 -2.633782E-05 -3.947677E-03
       225 -1.059305E-03 -3.726866E-04 -6.178511E-03
       226 -2.068453E-04 -8.852454E-04 -9.219299E-03
       227  2.733217E-04 -1.191283E-03 -1.089135E-02
       228  4.135849E-04 -1.075754E-03 -1.040178E-02
       229  8.013407E-04 -6.050119E-04 -8.384816E-03
       230  2.419110E-03 -1.736770E-04 -6.659278E-03
       231  1.675772E-03 -2.168810E-05  3.890039E-03
       232  7.502677E-04 -3.756255E-04  6.170176E-03
       233 -2.981850E-04 -9.059044E-04  9.307680E-03
       234 -8.931586E-04 -1.226048E-03  1.105047E-02
       235 -1.003551E-03 -1.108961E-03  1.054943E-02
       236 -1.221081E-03 -6.177105E-04  8.440476E-03
       237 -2.599925E-03 -1.688992E-04  6.634372E-03
       238 -1.795459E-03  7.659107E-05  3.921096E-03
       239 -2.070397E-03  4.462985E-04  6.304053E-03
       240 -2.993459E-03  1.009267E-03  9.634549E-03
       241 -3.388016E-03  1.373678E-03  1.161314E-02
       242 -2.634461E-03  1.300227E-03  1.132449E-02
       243 -6.662539E-04  8.241213E-04  9.282684E-03
       244  2.076627E-03  3.036114E-04  7.190499E-03
       245  1.965024E-03  1.079317E-04 -2.278033E-03
       246 -2.083280E-04  7.312570E-04 -7.714910E-04
       247 -3.648741E-03  1.662665E-03  1.226182E-03
       248 -5.360805E-03  2.100175E-03  3.078671E-03
       249 -4.027193E-03  1.802921E-03  4.387911E-03
       250 -3.362982E-04  1.028544E-03  5.116357E-03
       251  3.131508E-03  3.474332E-04  5.567014E-03
       252  1.897430E-03 -8.164748E-05  2.313629E-03
       253 -4.246687E-04 -7.493660E-04  1.683509E-03
       254 -4.048761E-03 -1.731944E-03  1.372055E-03
       255 -5.859536E-03 -2.196193E-03  5.220824E-04
       256 -4.456814E-03 -1.885047E-03 -1.158569E-03
       257 -5.367666E-04 -1.064061E-03 -3.327038E-03
       258  3.143908E-03 -3.423168E-04 -5.009858E-03
       259 -1.990071E-03 -4.447879E-05 -2.543412E-03
       260  3.819078E-04 -7.259283E-04 -1.859814E-03
       261  4.248951E-03 -1.772926E-03 -1.168162E-03
       262  6.190367E-03 -2.269190E-03 -7.149151E-05
       263  4.707905E-03 -1.939090E-03  1.548135E-03
       264  5.939947E-04 -1.076306E-03  3.445504E-03
       265 -3.160780E-03 -3.392716E-04  4.965925E-03
       266 -1.998561E-03  9.644243E-05  2.396215E-03
       267  5.180464E-05  6.869961E-04  6.812397E-04
       268  3.413565E-03  1.598125E-03 -1.860239E-03
       269  5.184716E-03  2.051472E-03 -4.096285E-03
       270  4.019799E-03  1.793998E-03 -5.407157E-03
       271  4.900825E-04  1.055113E-03 -5.802360E-03
       272 -2.960421E-03  3.774305E-04 -5.849546E-03

 forces (fx,fy,fz) for set RIGHT and time  0.1000000E+01

        21  1.476855E+03  9.572387E+02 -2.746951E+03
        22  5.661971E+02  4.476731E+01  2.761148E+03
        23 -1.991262E+03  6.487002E+02  6.675388E+02
        24 -8.311057E+01  6.728511E+02 -6.856474E+02

 internal energy (element, energy) for set ALL and time  0.1000000E+01

         1  1.508563E-03
         2  6.817250E-04
         3  3.894884E-04
         4  3.844809E-04
         5  3.908312E-04
         6  4.033398E-04
         7  7.224537E-04
         8  3.780214E-03
         9  1.373504E-03
        10  3.285361E-04
        11  2.183272E-04
        12  2.129768E-04
        13  2.027657E-04
        14  1.931251E-04
        15  1.902060E-04
        16  1.619264E-04
        17  5.514653E-04
        18  6.985164E-04
        19  7.081180E-04
        20  7.404875E-04
        21  7.377262E-04
        22  6.816702E-04
        23  6.775852E-04
        24  5.268255E-04
        25  9.631621E-04
        26  3.785845E-04
        27  2.249762E-04
        28  1.883268E-04
        29  1.882667E-04
        30  1.933424E-04
        31  2.619105E-04
        32  5.017448E-04
        33  3.971511E-02
        34  1.081446E-02
        35  2.968270E-02
        36  4.146563E-03
        37  1.056138E-02
        38  5.714224E-03
        39  5.603489E-03
        40  2.430651E-03
        41  3.026634E-03
        42  5.454098E-03
        43  7.468843E-03
        44  8.056179E-03
        45  6.530448E-03
        46  1.319831E-02
        47  2.635378E-03
        48  5.949971E-03
        49  2.234814E-02
        50  1.071232E-02
        51  4.838636E-02
        52  4.164354E-02
        53  2.177128E-02
        54  2.095352E-02
        55  4.425527E-02
        56  4.180666E-02
        57  1.484288E-02
        58  8.709747E-03
        59  4.061832E-02
        60  5.660020E-02
        61  2.067207E-02
        62  1.316553E-02
        63  3.263625E-02
        64  3.755196E-02
        65  8.303398E-04
        66  6.397742E-05
        67  1.135589E-04
        68  1.443872E-03
        69  2.405656E-04
        70  1.856514E-05
        71  5.002544E-05
        72  6.295381E-04
        73  6.809439E-04
        74  5.496936E-05
        75  1.498671E-05
        76  2.023860E-04
        77  1.202335E-03
        78  9.561211E-05
        79  3.985005E-05
        80  5.350637E-04
        81  1.016933E-02
        82  2.708539E-03
        83  5.185123E-04
        84  2.976576E-03
        85  1.464893E-02
        86  4.856244E-03
        87  7.427906E-04
        88  4.286548E-03
        89  8.284424E-03
        90  1.147601E-03
        91  1.578897E-03
        92  8.767360E-03
        93  4.053352E-03
        94  8.132296E-04
        95  1.048726E-03
        96  5.353755E-03
        97  2.543488E-03
        98  2.691569E-03
        99  7.562769E-03
       100  3.187229E-03
       101  4.504722E-03
       102  4.977928E-03
       103  3.739214E-03
       104  4.646898E-03
       105  3.910295E-03
       106  5.479134E-03
       107  5.740569E-03
       108  5.274685E-03
       109  5.583045E-03
       110  9.501646E-04
       111  3.802161E-04
       112  4.053967E-03
       113  4.240756E-03
       114  5.402501E-04
       115  6.559465E-04
       116  4.576880E-03
       117  1.251394E-02
       118  1.841480E-03
       119  1.898459E-03
       120  1.332231E-02
       121  1.545864E-02
       122  2.096863E-03
       123  2.125884E-03
       124  1.542453E-02
       125  1.007511E-01
       126  1.901507E-02
       127  1.841246E-02
       128  1.155438E-01
       129  1.511228E-01
       130  1.973746E-02
       131  1.696567E-02
       132  9.825440E-02
       133  4.387836E-02
       134  2.451038E-02
       135  3.065349E-02
       136  8.784677E-02
       137  7.611896E-02
       138  2.682926E-02
       139  2.264978E-02
       140  3.824250E-02
       141  9.629119E-02
       142  9.238716E-02
       143  9.710806E-02
       144  1.031442E-01
       145  1.317736E-01
       146  8.954302E-02
       147  1.083579E-01
       148  1.299425E-01
       149  1.280939E-01
       150  8.771156E-02
       151  1.030902E-01
       152  1.496554E-01
       153  9.411507E-02
       154  6.844123E-02
       155  7.810417E-02
       156  1.060361E-01
       157  1.571040E-01
       158  1.067045E-01
       159  9.096662E-02
       160  1.151948E-01
       161  1.153622E-01
       162  8.230151E-02
       163  6.915108E-02
       164  9.896123E-02
       165  1.034523E-01
       166  8.035636E-02
       167  6.893325E-02
       168  8.080903E-02
       169  1.542806E-01
       170  1.309183E-01
       171  1.171288E-01
       172  1.371084E-01
       173  6.610159E-02
       174  5.023244E-02
       175  5.602584E-02
       176  7.228891E-02
       177  7.308553E-02
       178  5.390560E-02
       179  6.299974E-02
       180  7.225113E-02
       181  7.901374E-02
       182  6.084250E-02
       183  6.641142E-02
       184  9.089958E-02
       185  6.700303E-02
       186  4.938362E-02
       187  5.704212E-02
       188  7.158636E-02
       189  1.166832E-01
       190  8.660782E-02
       191  6.237812E-02
       192  8.063187E-02
       193  1.264723E-01
       194  8.587149E-02
       195  7.879255E-02
       196  1.029719E-01
       197  9.403122E-02
       198  7.005756E-02
       199  6.037871E-02
       200  7.501440E-02
       201  1.086622E-01
       202  9.650807E-02
       203  8.213355E-02
       204  9.472121E-02
       205  6.523261E-02
       206  5.579870E-02
       207  6.371750E-02
       208  7.969221E-02
       209  9.903988E-02
       210  7.419801E-02
       211  9.444662E-02
       212  8.107287E-02
       213  8.918892E-02
       214  6.443139E-02
       215  7.677381E-02
       216  1.034952E-01
       217  8.121557E-02
       218  5.860280E-02
       219  6.909354E-02
       220  8.880389E-02
       221  1.101463E-01
       222  7.680065E-02
       223  7.302502E-02
       224  9.084355E-02
       225  9.615682E-02
       226  6.626283E-02
       227  6.305308E-02
       228  8.001918E-02
       229  9.359817E-02
       230  7.052142E-02
       231  6.596207E-02
       232  7.480089E-02
       233  1.013398E-01
       234  8.201842E-02
       235  7.978667E-02
       236  9.272160E-02
       237  9.812497E-02
       238  8.196438E-02
       239  9.412015E-02
       240  1.148383E-01
       241  9.728503E-02
       242  7.235572E-02
       243  8.931491E-02
       244  7.677788E-02
       245  9.959714E-02
       246  7.119898E-02
       247  8.146220E-02
       248  1.039189E-01
       249  1.081559E-01
       250  7.623583E-02
       251  8.891699E-02
       252  1.033742E-01
       253  1.173316E-01
       254  8.254995E-02
       255  7.270260E-02
       256  9.713552E-02
       257  1.162189E-01
       258  8.014003E-02
       259  7.097855E-02
       260  9.135310E-02
       261  1.028864E-01
       262  8.284198E-02
       263  7.272036E-02
       264  8.652739E-02
       265  1.185285E-01
       266  9.984430E-02
       267  8.547338E-02
       268  9.969975E-02
       269  1.877212E-01
       270  2.587338E-01
       271  4.864356E-02
       272  1.697963E-01
       273  2.116464E-01
       274  8.451800E-02
       275  1.194782E-01
       276  7.608696E-02
       277  1.726896E-01
       278  2.237796E-01
       279  6.031279E-02
       280  1.781781E-01
       281  2.028805E-01
       282  8.402114E-02
       283  1.689674E-01
       284  8.994011E-02
       285  1.959389E-01
       286  2.180062E-01
       287  4.669896E-02
       288  1.625380E-01
       289  1.882461E-01
       290  7.529374E-02
       291  1.555193E-01
       292  1.189971E-01
       293  2.150089E-01
       294  2.545203E-01
       295  5.088699E-02
       296  1.761509E-01
       297  2.154145E-01
       298  8.309816E-02
       299  1.266079E-01
       300  8.229723E-02
       301  9.507007E-02
       302  2.313552E-01
       303  4.128726E-02
       304  1.728302E-01
       305  1.982984E-01
       306  6.915611E-02
       307  1.269797E-01
       308  1.344428E-01
       309  1.292576E-01
       310  2.836177E-01
       311  4.927392E-02
       312  2.201764E-01
       313  2.552158E-01
       314  9.166012E-02
       315  1.648125E-01
       316  1.900854E-01
       317  1.023779E-01
       318  3.028769E-01
       319  5.491107E-02
       320  2.254561E-01
       321  2.572646E-01
       322  9.050539E-02
       323  1.750657E-01
       324  1.646414E-01
       325  7.997207E-02
       326  2.612417E-01
       327  4.671549E-02
       328  1.859940E-01
       329  2.211954E-01
       330  8.650661E-02
       331  1.228509E-01
       332  1.189875E-01

 total internal energy for set ALL and time  0.1000000E+01

        2.275830E+01
