
                        S T E P       1


                                INCREMENT     1


 displacements (vx,vy,vz) for set NALL and time  0.1000000E+01

         1  6.617445E-25 -8.271806E-26  0.000000E+00
         2  0.000000E+00  1.323489E-24  0.000000E+00
         3  0.000000E+00  3.308722E-25  6.617445E-25
         4  0.000000E+00 -3.308722E-25  5.806808E-23
         5  1.531124E-03  5.342960E-06 -1.709651E-03
         6  1.531176E-03  1.950518E-05  1.733057E-03
         7 -1.520380E-03  1.919132E-05 -1.709904E-03
         8 -1.521247E-03  4.487138E-06  1.733034E-03
         9  1.751826E-03  1.187180E-05 -2.094784E-03
        10  1.751681E-03  1.768594E-05  2.089750E-03
        11 -1.737313E-03  1.649634E-05 -2.094638E-03
        12 -1.737344E-03  1.706645E-05  2.089414E-03
        13  1.852255E-03  8.632823E-06 -2.256139E-03
        14  1.851889E-03  2.578168E-05  2.220492E-03
        15 -1.871532E-03  2.691650E-05 -2.257001E-03
        16 -1.871204E-03  1.756770E-05  2.221236E-03
        17  3.250425E-03  3.946999E-06 -3.806507E-03
        18  3.250998E-03  4.931438E-05  3.790464E-03
        19 -3.248309E-03  5.112228E-05 -3.807167E-03
        20 -3.248463E-03  2.568259E-06  3.791126E-03
        21  5.000000E-03 -1.694066E-22 -6.000000E-03
        22  5.000000E-03  0.000000E+00  6.000000E-03
        23 -5.000000E-03  1.694066E-22 -6.000000E-03
        24 -5.000000E-03  2.371692E-21  6.000000E-03
        25  7.854243E-04 -2.855248E-05 -7.697718E-04
        26  6.471880E-04 -1.427149E-05  7.853128E-04
        27 -6.523010E-04 -1.759218E-05 -7.825995E-04
        28 -7.922282E-04 -1.907845E-05  7.969494E-04
        29  3.595745E-03 -1.784143E-05 -4.423103E-03
        30  3.450066E-03 -2.693622E-05 -5.149538E-03
        31  4.023578E-03 -6.331829E-06 -5.912166E-03
        32  3.079935E-03  1.845393E-05  4.600492E-03
        33  2.484199E-03  1.524593E-06  5.759022E-03
        34  3.027740E-03  1.864088E-05  6.554035E-03
        35 -3.029664E-03  1.905864E-05 -4.628009E-03
        36 -2.348864E-03  2.232625E-06 -5.743560E-03
        37 -2.850932E-03  1.919275E-05 -6.526383E-03
        38 -3.619971E-03 -1.792624E-05  4.432458E-03
        39 -3.478793E-03 -2.755969E-05  5.131269E-03
        40 -3.996634E-03 -8.333028E-06  5.854321E-03
        41  6.576223E-07 -6.741304E-07  2.479997E-07
        42  4.854279E-07  1.130076E-06 -3.437084E-07
        43  7.413205E-07  1.812211E-06 -5.415029E-07
        44 -2.544091E-07 -5.526143E-07  1.634355E-07
        45 -1.707305E-07 -2.288029E-07  6.556527E-08
        46 -2.376261E-07  3.215494E-07 -1.155074E-07
        47 -3.854006E-07  1.042124E-06  4.648098E-07
        48 -5.382671E-07  1.348303E-06  2.614138E-07
        49 -1.189175E-07  3.165924E-07  2.953845E-07
        50 -6.210350E-07  1.437088E-06 -5.661792E-07
        51 -8.505905E-07  2.051782E-06 -2.991752E-07
        52 -2.668892E-07  6.227043E-07 -3.047053E-07
        53  1.530826E-03 -1.362195E-06 -8.034652E-04
        54  1.531101E-03  1.257773E-05 -2.939282E-07
        55  1.530857E-03  2.624090E-05  8.093140E-04
        56 -1.521010E-03  2.677041E-05 -7.923572E-04
        57 -1.520936E-03  1.689674E-05  1.465327E-05
        58 -1.521439E-03  2.004163E-06  8.206644E-04
        59  7.486949E-04  1.999705E-05 -1.710323E-03
        60  1.279015E-05  1.188780E-05 -1.710213E-03
        61 -7.265819E-04  4.051711E-06 -1.710365E-03
        62  7.365400E-04  5.049805E-06  1.732446E-03
        63  8.682447E-07  1.091041E-05  1.732524E-03
        64 -7.332864E-04  1.781830E-05  1.732307E-03
        65  3.247837E-03 -5.314138E-05 -1.859550E-03
        66  3.249558E-03  2.953988E-05  2.519300E-05
        67  3.248137E-03  1.092904E-04  1.893999E-03
        68 -3.250853E-03  1.083449E-04 -1.875276E-03
        69 -3.249403E-03  2.847968E-05  3.825836E-05
        70 -3.251018E-03 -5.286879E-05  1.928857E-03
        71  1.613423E-03  6.949512E-05 -3.809606E-03
        72 -1.238739E-05  2.694208E-05 -3.808850E-03
        73 -1.631441E-03 -1.512712E-05 -3.809705E-03
        74  1.627825E-03 -1.879236E-05  3.787947E-03
        75 -2.250600E-05  2.529078E-05  3.788789E-03
        76 -1.660769E-03  7.024348E-05  3.787982E-03
        77  4.994914E-03 -1.507908E-04 -3.007275E-03
        78  4.997247E-03  6.752801E-06 -4.733723E-05
        79  4.994662E-03  1.635995E-04  2.935909E-03
        80 -5.008888E-03  2.008355E-04 -3.101909E-03
        81 -5.004712E-03  3.050532E-05 -5.311389E-05
        82 -5.007482E-03 -1.433026E-04  3.018887E-03
        83  2.464104E-03 -9.363617E-06 -5.997353E-03
        84 -9.976441E-05  7.108157E-05 -5.997719E-03
        85 -2.617672E-03  1.259441E-04 -5.994971E-03
        86  2.419032E-03  1.246982E-04  6.002832E-03
        87 -8.750775E-05  7.619720E-05  6.000815E-03
        88 -2.554356E-03 -2.378227E-07  6.000475E-03
        89  2.340153E-05  6.427472E-05 -4.879950E-04
        90  3.934908E-04  3.214194E-04 -2.146057E-03
        91  1.022994E-03  6.647652E-04 -4.181383E-03
        92  1.235420E-03  8.360005E-04 -5.124608E-03
        93  7.864974E-04  6.985208E-04 -4.509535E-03
        94 -1.331913E-04  3.292411E-04 -2.921832E-03
        95 -9.451041E-04  6.053526E-05 -1.847926E-03
        96  1.720233E-04 -8.457966E-05 -6.293393E-04
        97  6.981846E-04 -3.715636E-04 -2.482747E-03
        98  1.309851E-03 -7.176978E-04 -4.540855E-03
        99  1.543175E-03 -8.653454E-04 -5.366488E-03
       100  1.291634E-03 -6.878594E-04 -4.566560E-03
       101  8.837401E-04 -2.864426E-04 -2.841734E-03
       102  9.797933E-04 -2.041869E-05 -1.787809E-03
       103 -1.848544E-04 -7.945973E-05  5.932669E-04
       104 -7.989008E-04 -3.652585E-04  2.430656E-03
       105 -1.523862E-03 -7.258376E-04  4.567868E-03
       106 -1.823918E-03 -8.964333E-04  5.509305E-03
       107 -1.560652E-03 -7.384084E-04  4.797621E-03
       108 -1.064021E-03 -3.369593E-04  3.070060E-03
       109 -1.041241E-03 -4.472335E-05  1.898751E-03
       110  1.625121E-05  7.137864E-05  5.374124E-04
       111 -2.959653E-04  3.341264E-04  2.236043E-03
       112 -8.261650E-04  6.697565E-04  4.229682E-03
       113 -9.643024E-04  8.289973E-04  5.113064E-03
       114 -5.185471E-04  6.848354E-04  4.469061E-03
       115  3.192709E-04  3.198028E-04  2.902191E-03
       116  1.019643E-03  5.838253E-05  1.862455E-03
       117 -3.232846E-04  1.007909E-04  5.925205E-05
       118 -1.860673E-03  5.423547E-04  3.296879E-04
       119 -3.970049E-03  1.114546E-03  8.003005E-04
       120 -4.711069E-03  1.306917E-03  1.154081E-03
       121 -3.369812E-03  1.005281E-03  1.242744E-03
       122 -7.072831E-04  4.466506E-04  1.176272E-03
       123  1.140464E-03  8.632457E-05  1.320504E-03
       124 -2.701549E-04 -8.467125E-05  1.204761E-05
       125 -1.633589E-03 -4.781861E-04  3.267579E-04
       126 -3.555001E-03 -1.000252E-03  8.259134E-04
       127 -4.254376E-03 -1.182649E-03  9.270570E-04
       128 -3.045555E-03 -9.118637E-04  4.150208E-04
       129 -5.931731E-04 -3.983051E-04 -5.083761E-04
       130  1.143562E-03 -6.023936E-05 -1.253653E-03
       131  2.624781E-04 -8.196429E-05 -5.526279E-05
       132  1.666188E-03 -4.858429E-04 -2.629004E-04
       133  3.656547E-03 -1.025846E-03 -5.225655E-04
       134  4.357869E-03 -1.208071E-03 -5.192553E-04
       135  3.080043E-03 -9.207624E-04 -1.180277E-04
       136  5.491293E-04 -3.899596E-04  5.794937E-04
       137 -1.178057E-03 -5.295315E-05  1.230429E-03
       138  2.864587E-04  8.958120E-05  1.771998E-05
       139  1.751613E-03  5.124164E-04 -3.434411E-04
       140  3.820169E-03  1.074588E-03 -1.074142E-03
       141  4.568331E-03  1.269849E-03 -1.546774E-03
       142  3.263478E-03  9.775873E-04 -1.515083E-03
       143  6.390487E-04  4.282755E-04 -1.197458E-03
       144 -1.161362E-03  7.772082E-05 -1.240522E-03
       145  2.447701E-04  1.778856E-05 -1.969344E-03
       146 -2.308894E-04  5.647452E-06 -1.968832E-03
       147  2.243333E-04  7.988282E-06  1.969250E-03
       148 -1.896678E-04  2.186277E-05  1.969725E-03
       149  1.683128E-03  9.384921E-07  3.262886E-04
       150  1.681197E-03  2.739866E-05 -3.334282E-04
       151 -1.646785E-03  3.025849E-05  3.220465E-04
       152 -1.648408E-03 -4.057709E-07 -3.168334E-04
       153  1.575047E-03  5.068550E-05 -2.605173E-03
       154  1.685477E-03  2.606657E-04 -3.965425E-03
       155  2.014736E-03  5.606130E-04 -5.748998E-03
       156  1.883851E-03  7.053220E-04 -6.551706E-03
       157  1.015284E-03  5.674242E-04 -5.933556E-03
       158 -4.307860E-04  2.291434E-04 -4.481331E-03
       159 -1.910405E-03  2.058934E-05 -3.655949E-03
       160 -1.502416E-03 -1.270262E-05 -2.611962E-03
       161 -8.122038E-04 -2.325835E-04 -4.039709E-03
       162  9.365870E-05 -5.462835E-04 -5.914077E-03
       163  7.079885E-04 -6.879126E-04 -6.709199E-03
       164  9.373593E-04 -5.252843E-04 -5.981780E-03
       165  1.115457E-03 -1.587260E-04 -4.411339E-03
       166  1.914488E-03  4.967677E-05 -3.599165E-03
       167  1.434755E-03 -2.152060E-05  2.606883E-03
       168  6.568966E-04 -2.490976E-04  4.080454E-03
       169 -3.465253E-04 -5.697542E-04  5.986544E-03
       170 -1.034847E-03 -7.229920E-04  6.836578E-03
       171 -1.274863E-03 -5.731981E-04  6.163985E-03
       172 -1.382241E-03 -2.070639E-04  4.591314E-03
       173 -2.043186E-03  2.645211E-05  3.664701E-03
       174 -1.546568E-03  6.150008E-05  2.593559E-03
       175 -1.571552E-03  2.805328E-04  4.015376E-03
       176 -1.811144E-03  5.869179E-04  5.843390E-03
       177 -1.615870E-03  7.276310E-04  6.630978E-03
       178 -7.424565E-04  5.761266E-04  5.953622E-03
       179  6.383295E-04  2.240241E-04  4.445215E-03
       180  2.000437E-03  1.305454E-05  3.616385E-03
       181  1.683665E-03  6.478187E-05 -1.578223E-03
       182  3.266461E-04  4.547696E-04 -7.512129E-04
       183 -1.815820E-03  1.035652E-03  2.038263E-04
       184 -2.753838E-03  1.276912E-03  1.004648E-03
       185 -1.694557E-03  1.039959E-03  1.550994E-03
       186  7.410403E-04  5.292557E-04  1.989978E-03
       187  2.610665E-03  1.643876E-04  2.722323E-03
       188  1.689517E-03 -2.851862E-05  1.547718E-03
       189  4.484844E-04 -3.862346E-04  1.213853E-03
       190 -1.504837E-03 -9.167103E-04  1.189710E-03
       191 -2.373768E-03 -1.141021E-03  8.650809E-04
       192 -1.414912E-03 -9.274729E-04 -3.038959E-05
       193  8.340322E-04 -4.567382E-04 -1.373311E-03
       194  2.607389E-03 -1.111835E-04 -2.676607E-03
       195 -1.729691E-03 -2.085476E-05 -1.647496E-03
       196 -4.657297E-04 -3.844967E-04 -1.223727E-03
       197  1.557803E-03 -9.331715E-04 -9.522098E-04
       198  2.444214E-03 -1.161257E-03 -4.967701E-04
       199  1.435508E-03 -9.356175E-04  3.208637E-04
       200 -8.801151E-04 -4.502308E-04  1.459531E-03
       201 -2.645492E-03 -1.053136E-04  2.653442E-03
       202 -1.723942E-03  6.739410E-05  1.596769E-03
       203 -4.597112E-04  4.324328E-04  6.796095E-04
       204  1.562928E-03  9.817995E-04 -5.064775E-04
       205  2.460641E-03  1.213739E-03 -1.406297E-03
       206  1.458909E-03  9.906829E-04 -1.837611E-03
       207 -8.675331E-04  5.040400E-04 -2.048209E-03
       208 -2.643553E-03  1.578161E-04 -2.689001E-03
       209  3.025716E-03  1.055819E-04 -4.552268E-03
       210  3.218596E-03  4.185636E-04 -6.563387E-03
       211  3.627270E-03  8.659180E-04 -9.203956E-03
       212  3.414000E-03  1.143641E-03 -1.070949E-02
       213  2.186317E-03  1.065256E-03 -1.038005E-02
       214  3.869165E-05  6.650405E-04 -8.657600E-03
       215 -2.500564E-03  2.417718E-04 -6.950194E-03
       216 -2.925236E-03 -4.328596E-05 -4.518808E-03
       217 -2.247484E-03 -3.279870E-04 -6.348796E-03
       218 -1.271545E-03 -7.192844E-04 -8.669322E-03
       219 -4.363093E-04 -9.404179E-04 -9.879612E-03
       220  2.107463E-04 -8.349297E-04 -9.422790E-03
       221  1.034054E-03 -4.613100E-04 -7.819811E-03
       222  2.695083E-03 -1.272446E-04 -6.482183E-03
       223  2.900449E-03 -5.462115E-05  4.551055E-03
       224  2.123756E-03 -3.508302E-04  6.454362E-03
       225  1.008392E-03 -7.508818E-04  8.820096E-03
       226  6.535999E-05 -9.743364E-04  1.003934E-02
       227 -5.984860E-04 -8.607653E-04  9.540182E-03
       228 -1.333660E-03 -4.690667E-04  7.855648E-03
       229 -2.834888E-03 -1.226957E-04  6.460345E-03
       230 -2.993679E-03  1.112202E-04  4.585076E-03
       231 -3.116235E-03  4.278831E-04  6.620978E-03
       232 -3.458540E-03  8.651312E-04  9.206498E-03
       233 -3.225665E-03  1.129399E-03  1.064405E-02
       234 -2.048966E-03  1.045451E-03  1.029076E-02
       235  8.949759E-06  6.518609E-04  8.599558E-03
       236  2.501686E-03  2.364566E-04  6.927648E-03
       237  3.376732E-03 -2.497679E-05 -2.907059E-03
       238  2.062506E-03  3.529174E-04 -1.567280E-03
       239 -3.677322E-04  1.010959E-03  2.814114E-04
       240 -1.716984E-03  1.354965E-03  2.119854E-03
       241 -9.793891E-04  1.192125E-03  3.598382E-03
       242  1.428107E-03  6.876362E-04  4.628078E-03
       243  3.746793E-03  2.325529E-04  5.365045E-03
       244  3.332457E-03  6.402111E-05  2.942941E-03
       245  1.843912E-03 -3.651960E-04  2.275681E-03
       246 -8.389696E-04 -1.092637E-03  1.693029E-03
       247 -2.338235E-03 -1.475936E-03  6.145296E-04
       248 -1.540978E-03 -1.301139E-03 -1.120523E-03
       249  1.117751E-03 -7.450843E-04 -3.210540E-03
       250  3.684867E-03 -2.421454E-04 -4.893005E-03
       251 -3.351077E-03  7.270067E-05 -3.008235E-03
       252 -1.828477E-03 -3.657410E-04 -2.215093E-03
       253  9.699900E-04 -1.123415E-03 -1.328832E-03
       254  2.511395E-03 -1.516582E-03 -9.792705E-05
       255  1.645646E-03 -1.325363E-03  1.529533E-03
       256 -1.124990E-03 -7.448613E-04  3.350084E-03
       257 -3.714976E-03 -2.367820E-04  4.869560E-03
       258 -3.397279E-03 -3.335728E-05  3.039909E-03
       259 -2.167004E-03  3.225032E-04  1.605321E-03
       260  2.089934E-04  9.665012E-04 -6.230649E-04
       261  1.603705E-03  1.322641E-03 -2.757600E-03
       262  9.878497E-04  1.188491E-03 -4.272986E-03
       263 -1.305972E-03  7.090306E-04 -5.098268E-03
       264 -3.618286E-03  2.552306E-04 -5.563640E-03

 forces (fx,fy,fz) for set RIGHT and time  0.1000000E+01

        21  9.139883E+02  1.023578E+03 -2.191380E+03
        22  5.578498E+02 -3.507514E+01  2.232058E+03
        23 -1.296947E+03  3.536894E+02  6.256554E+02
        24 -1.783780E+02  8.735661E+02 -6.811969E+02

 internal energy (element, energy) for set ALL and time  0.1000000E+01

         1  3.692639E-02
         2  4.131337E-02
         3  3.779205E-02
         4  3.262478E-02
         5  3.395941E-02
         6  4.155514E-02
         7  3.150649E-02
         8  3.391504E-02
         9  2.248342E-03
        10  6.264007E-04
        11  2.414972E-03
        12  6.778939E-03
        13  1.021018E-02
        14  1.023466E-02
        15  1.191036E-02
        16  8.934007E-03
        17  2.988500E-02
        18  3.444204E-02
        19  2.823543E-02
        20  1.651273E-02
        21  1.135753E-02
        22  7.259522E-03
        23  2.855523E-02
        24  2.463090E-02
        25  1.174467E-02
        26  1.131645E-02
        27  2.595750E-02
        28  2.446661E-02
        29  9.354461E-03
        30  5.145404E-03
        31  2.239609E-02
        32  3.229703E-02
        33  1.282872E-02
        34  8.505654E-03
        35  2.091671E-02
        36  2.425147E-02
        37  1.440503E-03
        38  1.110958E-04
        39  1.765432E-04
        40  2.250468E-03
        41  2.550715E-04
        42  1.992024E-05
        43  1.528647E-05
        44  1.976960E-04
        45  1.180806E-03
        46  9.684809E-05
        47  1.670872E-05
        48  2.215818E-04
        49  1.860657E-03
        50  1.557836E-04
        51  1.508144E-05
        52  1.770968E-04
        53  6.235641E-03
        54  7.678158E-04
        55  1.155638E-03
        56  7.189452E-03
        57  8.799802E-03
        58  1.345121E-03
        59  1.145065E-03
        60  8.579222E-03
        61  1.802903E-03
        62  2.390993E-04
        63  3.574220E-04
        64  2.270154E-03
        65  4.081711E-03
        66  6.076864E-04
        67  5.000491E-04
        68  3.930898E-03
        69  2.342096E-02
        70  3.134349E-02
        71  2.135281E-02
        72  2.755151E-02
        73  4.995786E-02
        74  4.361177E-02
        75  1.257815E-02
        76  1.121682E-02
        77  1.070624E-02
        78  2.414614E-03
        79  2.701546E-03
        80  1.011413E-02
        81  1.180054E-02
        82  3.175280E-03
        83  2.388900E-03
        84  1.058428E-02
        85  1.392823E-02
        86  2.939417E-03
        87  3.327972E-03
        88  1.475164E-02
        89  1.443482E-02
        90  3.289499E-03
        91  3.025392E-03
        92  1.399965E-02
        93  5.111025E-02
        94  9.444080E-03
        95  8.990468E-03
        96  5.333048E-02
        97  7.059062E-02
        98  9.353833E-03
        99  8.248198E-03
       100  4.836827E-02
       101  2.214208E-02
       102  1.199532E-02
       103  1.565895E-02
       104  4.779290E-02
       105  4.253656E-02
       106  1.364463E-02
       107  1.089257E-02
       108  1.832827E-02
       109  9.615847E-02
       110  8.904015E-02
       111  3.261368E-02
       112  8.930017E-02
       113  8.750896E-02
       114  2.742826E-02
       115  9.338339E-02
       116  4.811302E-02
       117  1.421578E-01
       118  8.778688E-02
       119  4.230209E-02
       120  1.096498E-01
       121  9.860877E-02
       122  2.722535E-02
       123  1.279677E-01
       124  4.373852E-02
       125  1.186434E-01
       126  8.711421E-02
       127  3.406106E-02
       128  9.629941E-02
       129  9.200497E-02
       130  2.573889E-02
       131  1.025660E-01
       132  6.370283E-02
       133  1.162915E-01
       134  8.400871E-02
       135  3.246035E-02
       136  9.237666E-02
       137  8.726721E-02
       138  2.347852E-02
       139  9.867383E-02
       140  5.649003E-02
       141  6.096649E-02
       142  8.856145E-02
       143  2.373775E-02
       144  9.007406E-02
       145  8.492789E-02
       146  2.042106E-02
       147  1.146014E-01
       148  6.663877E-02
       149  5.242187E-02
       150  8.840874E-02
       151  2.191570E-02
       152  8.646680E-02
       153  8.359810E-02
       154  2.149713E-02
       155  1.078220E-01
       156  6.981657E-02
       157  4.340618E-02
       158  8.402366E-02
       159  2.497163E-02
       160  8.591305E-02
       161  8.170851E-02
       162  2.318765E-02
       163  1.090929E-01
       164  5.357813E-02
       165  5.515432E-02
       166  1.052663E-01
       167  3.206915E-02
       168  1.070383E-01
       169  1.027330E-01
       170  3.045722E-02
       171  1.329139E-01
       172  6.783584E-02
       173  4.918350E-02
       174  4.466474E-02
       175  4.711370E-02
       176  6.126559E-02
       177  4.332529E-02
       178  6.783354E-02
       179  3.025801E-02
       180  5.280387E-02
       181  6.619970E-02
       182  4.988868E-02
       183  5.180213E-02
       184  4.702603E-02
       185  3.040987E-02
       186  5.412078E-02
       187  4.389493E-02
       188  6.253529E-02
       189  1.120777E-02
       190  2.251786E-02
       191  1.888933E-02
       192  1.408551E-02
       193  3.670165E-02
       194  3.039570E-02
       195  2.891288E-02
       196  4.675592E-02
       197  7.176254E-02
       198  8.025088E-02
       199  2.812206E-02
       200  7.681829E-02
       201  7.418412E-02
       202  2.420295E-02
       203  1.015853E-01
       204  4.820352E-02
       205  9.328092E-02
       206  1.019078E-01
       207  3.839529E-02
       208  9.985500E-02
       209  9.397889E-02
       210  2.919925E-02
       211  1.440443E-01
       212  4.605304E-02
       213  8.922181E-02
       214  8.563762E-02
       215  2.738679E-02
       216  8.312557E-02
       217  8.034637E-02
       218  2.283718E-02
       219  1.092927E-01
       220  6.171628E-02
       221  9.121801E-02
       222  8.840859E-02
       223  3.123028E-02
       224  8.781502E-02
       225  8.249227E-02
       226  2.329277E-02
       227  1.201410E-01
       228  6.203395E-02
       229  3.962898E-02
       230  9.574812E-02
       231  1.838181E-02
       232  7.893550E-02
       233  8.266582E-02
       234  2.311560E-02
       235  8.653739E-02
       236  5.393332E-02
       237  4.024990E-02
       238  9.173179E-02
       239  1.807054E-02
       240  7.556201E-02
       241  8.035824E-02
       242  2.324677E-02
       243  7.904002E-02
       244  5.804490E-02
       245  3.098006E-02
       246  8.843950E-02
       247  1.856047E-02
       248  7.345522E-02
       249  7.672597E-02
       250  2.313590E-02
       251  7.981488E-02
       252  4.393805E-02
       253  3.659198E-02
       254  1.036009E-01
       255  2.288784E-02
       256  8.638536E-02
       257  9.139407E-02
       258  3.004922E-02
       259  9.377547E-02
       260  5.080060E-02
       261  1.003250E-01
       262  1.238699E-01
       263  3.091046E-02
       264  1.068436E-01
       265  1.254677E-01
       266  4.592731E-02
       267  7.135429E-02
       268  4.720295E-02
       269  9.254477E-02
       270  1.091799E-01
       271  3.723831E-02
       272  1.078332E-01
       273  1.170166E-01
       274  4.444427E-02
       275  9.646728E-02
       276  5.592746E-02
       277  9.917047E-02
       278  9.504932E-02
       279  2.977252E-02
       280  9.855256E-02
       281  1.063729E-01
       282  3.776855E-02
       283  8.732193E-02
       284  7.067008E-02
       285  1.148098E-01
       286  1.223297E-01
       287  3.328786E-02
       288  1.123313E-01
       289  1.291989E-01
       290  4.561651E-02
       291  7.611922E-02
       292  5.158837E-02
       293  5.243869E-02
       294  1.423822E-01
       295  2.138467E-02
       296  7.977988E-02
       297  9.666110E-02
       298  3.596741E-02
       299  5.923716E-02
       300  6.458005E-02
       301  8.113541E-02
       302  1.894128E-01
       303  2.697220E-02
       304  1.101050E-01
       305  1.352585E-01
       306  5.199832E-02
       307  8.230902E-02
       308  9.535985E-02
       309  5.815474E-02
       310  1.844936E-01
       311  2.876049E-02
       312  1.100821E-01
       313  1.314471E-01
       314  4.878845E-02
       315  8.390506E-02
       316  8.053017E-02
       317  4.273273E-02
       318  1.616431E-01
       319  2.515074E-02
       320  8.648796E-02
       321  1.087012E-01
       322  4.589116E-02
       323  5.793984E-02
       324  5.720392E-02

 total internal energy for set ALL and time  0.1000000E+01

        1.671766E+01
