
                        S T E P       1


                                INCREMENT     1


 displacements (vx,vy,vz) for set TIP_TOP and time  0.1000000E+01

       503  7.205033E-02 -1.667715E-03 -2.453891E+00
       504  7.198655E-02 -1.628965E-03 -2.449795E+00
       507  7.190685E-02 -1.485104E-03 -2.445928E+00
       510  7.190949E-02 -1.107455E-03 -2.442677E+00
       512  7.197390E-02 -4.074807E-04 -2.440806E+00
       514  7.198146E-02  4.462297E-11 -2.440686E+00
       516  7.197390E-02  4.074808E-04 -2.440806E+00
       519  7.190949E-02  1.107455E-03 -2.442677E+00
       522  7.190685E-02  1.485104E-03 -2.445928E+00
       525  7.198655E-02  1.628965E-03 -2.449795E+00
       528  7.205033E-02  1.667715E-03 -2.453891E+00

 forces (fx,fy,fz) for set CLAMP and time  0.1000000E+01

         1  6.191689E+03  1.761935E+04  6.135424E+03
         4  1.175073E+04  1.461456E-07  1.226968E+04
         5  5.070361E+03  2.882173E+04 -1.451787E+03
         8  9.098462E+03  2.708391E-07 -2.900780E+03
         9  3.465574E+03  1.967855E+04 -1.387605E+03
        12  6.202561E+03  2.225338E-07 -2.773060E+03
        13  1.933156E+03  1.094568E+04 -1.365026E+03
        16  3.451478E+03  1.731941E-07 -2.725655E+03
        17  4.295909E+02  2.401191E+03 -1.358815E+03
        20  7.610509E+02  1.218210E-07 -2.722380E+03
        21  5.610697E+03 -1.723120E+03 -4.643009E+03
        24 -9.307260E+02  4.681584E-08 -1.911406E+03
        26  6.191689E+03 -1.761935E+04  6.135424E+03
        28  5.070361E+03 -2.882173E+04 -1.451787E+03
        30  3.465574E+03 -1.967855E+04 -1.387605E+03
        32  1.933156E+03 -1.094568E+04 -1.365026E+03
        34  4.295909E+02 -2.401191E+03 -1.358815E+03
        36  5.610697E+03  1.723120E+03 -4.643009E+03
        37  5.381121E+03 -1.264191E+03 -3.644864E+03
        40  1.169385E+04 -6.162827E+01 -7.142089E+03
        41 -2.046961E+03 -3.339889E+03 -1.649027E+03
        44 -2.781184E+03 -1.556982E+02 -3.278711E+03
        45 -7.587838E+03 -2.076268E+03  5.276066E+03
        48 -1.479808E+04 -9.435234E+01  1.046986E+04
        50  1.203795E+04 -8.535787E+01 -7.077192E+03
        52 -2.772570E+03 -1.965391E+02 -3.279131E+03
        54 -1.514045E+04 -1.101733E+02  1.047414E+04
        56  1.218885E+04 -1.208338E+02 -7.202429E+03
        58 -2.824629E+03 -2.308112E+02 -3.273397E+03
        60 -1.534941E+04 -1.144243E+02  1.063408E+04
        62 -1.976985E+03 -1.339343E+02 -2.165248E+03
        64 -1.053938E+04 -5.971126E+01  7.389041E+03
        66 -1.069641E+03  2.706903E-08 -1.131365E+03
        68 -5.634608E+03  1.846069E-08  3.974390E+03
        70 -1.976985E+03  1.339343E+02 -2.165248E+03
        72 -1.053938E+04  5.971126E+01  7.389041E+03
        74  1.218885E+04  1.208338E+02 -7.202429E+03
        76 -2.824629E+03  2.308112E+02 -3.273397E+03
        78 -1.534941E+04  1.144243E+02  1.063408E+04
        80  1.203795E+04  8.535787E+01 -7.077192E+03
        82 -2.772570E+03  1.965391E+02 -3.279131E+03
        84 -1.514045E+04  1.101733E+02  1.047414E+04
        86  1.169385E+04  6.162827E+01 -7.142089E+03
        88 -2.781184E+03  1.556982E+02 -3.278711E+03
        90 -1.479808E+04  9.435234E+01  1.046986E+04
        92  5.381121E+03  1.264191E+03 -3.644864E+03
        94 -2.046961E+03  3.339889E+03 -1.649027E+03
        96 -7.587838E+03  2.076268E+03  5.276066E+03

 internal energy (element, energy) for set EALL and time  0.1000000E+01

         1  2.149102E+02
         2  1.225633E+02
         3  6.160844E+01
         4  2.834628E+01
         5  2.103717E+01
         6  2.149102E+02
         7  1.225633E+02
         8  6.160844E+01
         9  2.834628E+01
        10  2.103717E+01
        11  3.047102E+01
        12  4.053604E+01
        13  3.059025E+01
        14  4.069681E+01
        15  3.107849E+01
        16  4.125443E+01
        17  3.117785E+01
        18  4.181879E+01
        19  1.116996E+01
        20  1.526219E+01
        21  1.116996E+01
        22  1.526219E+01
        23  3.117785E+01
        24  4.181879E+01
        25  3.107849E+01
        26  4.125443E+01
        27  3.059025E+01
        28  4.069681E+01
        29  3.047102E+01
        30  4.053604E+01
        31  1.883298E+02
        32  1.147210E+02
        33  6.110461E+01
        34  3.013404E+01
        35  2.279335E+01
        36  1.883298E+02
        37  1.147210E+02
        38  6.110461E+01
        39  3.013404E+01
        40  2.279335E+01
        41  2.741222E+01
        42  3.581576E+01
        43  2.751568E+01
        44  3.600099E+01
        45  2.747386E+01
        46  3.602550E+01
        47  2.781802E+01
        48  3.605437E+01
        49  1.022567E+01
        50  1.308352E+01
        51  1.022567E+01
        52  1.308352E+01
        53  2.781802E+01
        54  3.605437E+01
        55  2.747386E+01
        56  3.602550E+01
        57  2.751568E+01
        58  3.600099E+01
        59  2.741222E+01
        60  3.581576E+01
        61  1.422829E+02
        62  8.368736E+01
        63  4.376793E+01
        64  2.136313E+01
        65  1.616329E+01
        66  1.422829E+02
        67  8.368736E+01
        68  4.376793E+01
        69  2.136313E+01
        70  1.616329E+01
        71  2.105934E+01
        72  2.765688E+01
        73  2.096871E+01
        74  2.752258E+01
        75  2.092908E+01
        76  2.746901E+01
        77  2.098723E+01
        78  2.744386E+01
        79  7.613333E+00
        80  9.948388E+00
        81  7.613333E+00
        82  9.948388E+00
        83  2.098723E+01
        84  2.744386E+01
        85  2.092908E+01
        86  2.746901E+01
        87  2.096871E+01
        88  2.752258E+01
        89  2.105934E+01
        90  2.765688E+01
        91  1.074357E+02
        92  6.411972E+01
        93  3.379585E+01
        94  1.665383E+01
        95  1.265606E+01
        96  1.074357E+02
        97  6.411972E+01
        98  3.379585E+01
        99  1.665383E+01
       100  1.265606E+01
       101  1.578464E+01
       102  2.067488E+01
       103  1.578265E+01
       104  2.066432E+01
       105  1.577479E+01
       106  2.066107E+01
       107  1.590393E+01
       108  2.067402E+01
       109  5.790483E+00
       110  7.493701E+00
       111  5.790483E+00
       112  7.493701E+00
       113  1.590393E+01
       114  2.067402E+01
       115  1.577479E+01
       116  2.066107E+01
       117  1.578265E+01
       118  2.066432E+01
       119  1.578464E+01
       120  2.067488E+01
       121  7.697113E+01
       122  4.586258E+01
       123  2.431516E+01
       124  1.215514E+01
       125  9.324653E+00
       126  7.697113E+01
       127  4.586258E+01
       128  2.431516E+01
       129  1.215514E+01
       130  9.324653E+00
       131  1.123906E+01
       132  1.473903E+01
       133  1.126673E+01
       134  1.476351E+01
       135  1.130131E+01
       136  1.481369E+01
       137  1.145518E+01
       138  1.486490E+01
       139  4.175689E+00
       140  5.387957E+00
       141  4.175689E+00
       142  5.387957E+00
       143  1.145518E+01
       144  1.486490E+01
       145  1.130131E+01
       146  1.481369E+01
       147  1.126673E+01
       148  1.476351E+01
       149  1.123906E+01
       150  1.473903E+01
       151  5.167674E+01
       152  3.092067E+01
       153  1.653681E+01
       154  8.435951E+00
       155  6.556147E+00
       156  5.167674E+01
       157  3.092067E+01
       158  1.653681E+01
       159  8.435951E+00
       160  6.556147E+00
       161  7.498632E+00
       162  9.830263E+00
       163  7.537938E+00
       164  9.871101E+00
       165  7.581699E+00
       166  9.932831E+00
       167  7.740432E+00
       168  9.988563E+00
       169  2.826482E+00
       170  3.615571E+00
       171  2.826482E+00
       172  3.615571E+00
       173  7.740432E+00
       174  9.988563E+00
       175  7.581699E+00
       176  9.932831E+00
       177  7.537938E+00
       178  9.871101E+00
       179  7.498632E+00
       180  9.830263E+00
       181  3.135113E+01
       182  1.887204E+01
       183  1.028240E+01
       184  5.465307E+00
       185  4.357527E+00
       186  3.135113E+01
       187  1.887204E+01
       188  1.028240E+01
       189  5.465307E+00
       190  4.357527E+00
       191  4.516566E+00
       192  5.923017E+00
       193  4.564711E+00
       194  5.978674E+00
       195  4.619444E+00
       196  6.055270E+00
       197  4.787670E+00
       198  6.118626E+00
       199  1.753245E+00
       200  2.208860E+00
       201  1.753245E+00
       202  2.208860E+00
       203  4.787670E+00
       204  6.118626E+00
       205  4.619444E+00
       206  6.055270E+00
       207  4.564711E+00
       208  5.978674E+00
       209  4.516566E+00
       210  5.923017E+00
       211  1.587183E+01
       212  9.708139E+00
       213  5.550607E+00
       214  3.250790E+00
       215  2.736808E+00
       216  1.587183E+01
       217  9.708139E+00
       218  5.550607E+00
       219  3.250790E+00
       220  2.736808E+00
       221  2.490333E+00
       222  3.246634E+00
       223  2.448533E+00
       224  3.186611E+00
       225  2.422546E+00
       226  3.160091E+00
       227  2.557609E+00
       228  3.171807E+00
       229  9.347983E-01
       230  1.130964E+00
       231  9.347983E-01
       232  1.130964E+00
       233  2.557609E+00
       234  3.171807E+00
       235  2.422546E+00
       236  3.160091E+00
       237  2.448533E+00
       238  3.186611E+00
       239  2.490333E+00
       240  3.246634E+00
       241  5.182706E+00
       242  3.505599E+00
       243  2.424613E+00
       244  1.818305E+00
       245  1.655623E+00
       246  5.182706E+00
       247  3.505599E+00
       248  2.424613E+00
       249  1.818305E+00
       250  1.655623E+00
       251  1.383912E+00
       252  1.717268E+00
       253  1.211598E+00
       254  1.467927E+00
       255  1.046549E+00
       256  1.269212E+00
       257  1.079975E+00
       258  1.176682E+00
       259  3.779014E-01
       260  3.995040E-01
       261  3.779014E-01
       262  3.995040E-01
       263  1.079975E+00
       264  1.176682E+00
       265  1.046549E+00
       266  1.269212E+00
       267  1.211598E+00
       268  1.467927E+00
       269  1.383912E+00
       270  1.717268E+00
       271  5.601568E-01
       272  5.743292E-01
       273  6.762255E-01
       274  8.452953E-01
       275  1.104650E+00
       276  5.601568E-01
       277  5.743292E-01
       278  6.762255E-01
       279  8.452953E-01
       280  1.104650E+00
       281  5.059543E-01
       282  5.375831E-01
       283  4.721232E-01
       284  3.969605E-01
       285  5.903889E-01
       286  5.628455E-01
       287  1.416970E+00
       288  1.135601E+00
       289  1.465926E-01
       290  6.902707E-01
       291  1.465926E-01
       292  6.902707E-01
       293  1.416970E+00
       294  1.135601E+00
       295  5.903889E-01
       296  5.628455E-01
       297  4.721232E-01
       298  3.969605E-01
       299  5.059543E-01
       300  5.375831E-01
