
                        S T E P       1


                                INCREMENT     1


 displacements (vx,vy,vz) for set NALL and time  0.1000000E+01

         1 -6.617445E-25  1.323489E-24  0.000000E+00
         2  0.000000E+00 -1.323489E-24 -1.323489E-24
         3  0.000000E+00  0.000000E+00 -3.308722E-24
         4  0.000000E+00 -1.323489E-24  2.193683E-22
         5  4.844564E-04 -9.463707E-06 -4.825116E-04
         6  4.845154E-04  1.389275E-05  4.863560E-04
         7 -4.961183E-04  4.165613E-06 -4.816146E-04
         8 -4.963087E-04  9.883061E-07  4.856112E-04
         9  6.533753E-04 -1.623975E-05 -1.012746E-03
        10  6.540639E-04  1.633576E-05  9.712211E-04
        11 -7.586130E-04  1.720091E-05 -1.012226E-03
        12 -7.587791E-04 -6.353269E-06  9.716622E-04
        13  2.448181E-03 -2.328369E-05 -3.005710E-03
        14  2.448699E-03  2.841366E-05  2.916746E-03
        15 -2.520701E-03  3.047021E-05 -3.003192E-03
        16 -2.523609E-03 -8.699896E-06  2.917367E-03
        17  4.164328E-03 -3.180636E-06 -4.984933E-03
        18  4.162676E-03  4.153840E-05  4.921612E-03
        19 -4.192066E-03  3.142230E-05 -4.984073E-03
        20 -4.191021E-03 -4.693418E-06  4.921588E-03
        21  5.000000E-03  0.000000E+00 -6.000000E-03
        22  5.000000E-03  0.000000E+00  6.000000E-03
        23 -5.000000E-03 -2.642743E-20 -6.000000E-03
        24 -5.000000E-03  3.218725E-21  6.000000E-03
        25  8.650554E-04 -2.105142E-05 -8.322675E-04
        26  6.389116E-04  6.364365E-06  8.015704E-04
        27 -6.281563E-04  5.414438E-06 -7.871246E-04
        28 -7.858098E-04 -1.215074E-05  7.430323E-04
        29  1.768664E-03 -5.661477E-05 -2.134840E-03
        30  1.260541E-03 -3.973544E-06  1.897866E-03
        31 -1.289340E-03 -6.540859E-06 -1.909007E-03
        32 -1.946798E-03 -3.122124E-05  1.954037E-03
        33  3.072134E-03 -2.786483E-05 -3.146288E-03
        34  3.942508E-03 -3.809662E-05 -3.744157E-03
        35  4.417858E-03 -2.353383E-05 -4.536839E-03
        36  2.469572E-03  1.570766E-05  3.211933E-03
        37  2.999195E-03  7.557145E-06  3.719198E-03
        38  3.762529E-03  2.098498E-05  4.406402E-03
        39 -2.741896E-03  1.198985E-05 -3.426858E-03
        40 -3.246194E-03  2.788134E-06 -3.973860E-03
        41 -3.828295E-03  1.333989E-05 -4.565583E-03
        42 -3.244218E-03 -2.267108E-05  3.317317E-03
        43 -4.231114E-03 -3.326134E-05  3.918123E-03
        44 -4.585133E-03 -2.120298E-05  4.512200E-03
        45  4.169165E-03 -4.433718E-06 -5.165490E-03
        46  4.027563E-03 -1.070375E-05 -5.650598E-03
        47  4.388019E-03  3.616832E-06 -6.118126E-03
        48  3.201902E-03  2.340243E-05  5.377243E-03
        49  2.638481E-03  1.175745E-05  6.155845E-03
        50  3.284139E-03  2.126739E-05  6.573781E-03
        51 -3.321300E-03  1.710167E-05 -5.356446E-03
        52 -2.727014E-03  7.284069E-06 -6.017918E-03
        53 -3.275803E-03  1.738242E-05 -6.462675E-03
        54 -4.176704E-03 -8.548420E-06  5.149754E-03
        55 -4.021906E-03 -1.373660E-05  5.570173E-03
        56 -4.372973E-03 -1.045708E-07  6.032786E-03
        57  7.354268E-07  1.497955E-07 -2.282940E-08
        58  5.970475E-07  3.344988E-06 -1.064014E-06
        59  9.850607E-07  3.211447E-06 -9.791968E-07
        60  7.926711E-07  2.845139E-06 -8.722773E-07
        61  4.648560E-07  3.290335E-06 -1.053430E-06
        62  5.468402E-07  4.601011E-07 -1.328065E-07
        63 -1.089152E-06  2.775809E-06  2.419100E-07
        64 -2.338412E-06  5.722607E-06 -8.253468E-08
        65 -1.257381E-06  2.977594E-06 -4.834260E-07
        66 -1.334075E-06  3.145193E-06 -6.496147E-07
        67 -2.353958E-06  5.748210E-06 -1.954619E-07
        68 -1.042412E-06  2.632685E-06  7.955610E-08
        69  4.864598E-04  1.461602E-06  2.956071E-05
        70 -4.946694E-04  3.533003E-06 -7.491022E-05
        71 -4.011706E-05 -1.882725E-06 -4.818982E-04
        72  4.696144E-05  7.420906E-06  4.860900E-04
        73  6.546577E-04  2.630781E-06 -2.490826E-05
        74 -7.583577E-04  1.231593E-06  5.899963E-05
        75 -5.030095E-05 -7.341898E-06 -1.012297E-03
        76 -1.179363E-04  1.511103E-05  9.711563E-04
        77  2.450073E-03  9.059643E-06 -6.070498E-05
        78 -2.522862E-03  5.872083E-05 -2.871817E-05
        79 -2.747692E-05 -4.889815E-05 -3.004356E-03
        80 -5.417891E-05  9.261941E-06  2.915728E-03
        81  4.164332E-03 -1.980818E-05 -7.309907E-06
        82 -4.192920E-03 -4.271334E-06 -3.787105E-05
        83 -1.085937E-05 -5.013946E-06 -4.983879E-03
        84  1.378652E-05  1.202698E-05  4.920509E-03
        85  4.996030E-03 -1.104601E-04 -3.038520E-03
        86  4.997775E-03  7.076401E-06 -6.703462E-05
        87  4.995691E-03  1.242199E-04  2.937477E-03
        88 -5.006163E-03  1.378348E-04 -3.067298E-03
        89 -5.003305E-03  1.645957E-05 -2.806424E-05
        90 -5.005339E-03 -1.062178E-04  3.023338E-03
        91  2.499393E-03 -2.880624E-05 -5.997528E-03
        92 -4.862698E-05  3.818961E-05 -5.998158E-03
        93 -2.574614E-03  9.135635E-05 -5.996190E-03
        94  2.431574E-03  1.020802E-04  6.002771E-03
        95 -7.717241E-05  5.271300E-05  6.001007E-03
        96 -2.550117E-03 -1.575229E-05  6.001046E-03
        97  6.077646E-05  3.858373E-05 -3.527014E-04
        98  2.312033E-04  9.361848E-05 -7.368590E-04
        99  6.523677E-05  4.040052E-05 -5.670022E-04
       100  3.381142E-05 -3.089590E-05 -3.151229E-04
       101 -1.651213E-04 -7.439706E-05 -6.350100E-04
       102 -1.110388E-04 -2.820673E-05 -5.021145E-04
       103  1.952892E-05 -4.595656E-05  3.997824E-04
       104  1.775139E-04 -1.096175E-04  8.299232E-04
       105  7.602079E-05 -4.572674E-05  6.115298E-04
       106 -1.068694E-05  3.616944E-05  3.294798E-04
       107 -1.060756E-04  8.431399E-05  6.710367E-04
       108  1.867560E-05  3.658856E-05  5.235530E-04
       109 -5.150454E-04  1.639518E-04  2.618769E-05
       110 -7.344592E-04  2.370730E-04 -4.536212E-05
       111 -3.470053E-05  9.865891E-05  7.052831E-05
       112 -4.667398E-04 -1.493373E-04  5.296330E-05
       113 -6.805690E-04 -2.214475E-04  1.520453E-04
       114 -3.002192E-05 -9.355121E-05 -2.295434E-05
       115  4.131821E-04 -1.330181E-04 -1.207310E-04
       116  6.019514E-04 -1.969403E-04 -2.669485E-04
       117  1.233147E-08 -7.965799E-05 -6.178731E-05
       118  4.263787E-04  1.376738E-04  4.847688E-05
       119  6.185438E-04  2.034100E-04  1.229918E-04
       120  4.951170E-06  8.460500E-05 -4.266224E-05
       121  1.699163E-04  7.103035E-06 -7.995207E-04
       122 -1.506327E-04 -1.421411E-05 -8.311850E-04
       123  6.229133E-05  5.884373E-06  7.448900E-04
       124 -8.879080E-05  1.797256E-05  7.985921E-04
       125  7.487622E-04 -4.087419E-05  1.433880E-04
       126  7.538166E-04  4.193373E-05 -1.453613E-04
       127 -6.906235E-04  2.325094E-05  6.676736E-05
       128 -7.066068E-04 -1.851396E-05 -1.459326E-04
       129  5.297272E-04  3.939501E-05 -1.463526E-03
       130  8.569553E-04  3.076226E-04 -3.197074E-03
       131  1.467905E-03  6.958329E-04 -5.501104E-03
       132  1.579946E-03  9.003290E-04 -6.626403E-03
       133  8.888870E-04  7.566138E-04 -5.988687E-03
       134 -3.875205E-04  3.490301E-04 -4.238760E-03
       135 -1.578923E-03  5.846188E-05 -3.081538E-03
       136 -6.102241E-04 -3.497944E-05 -1.455431E-03
       137 -2.845324E-05 -2.961719E-04 -3.144122E-03
       138  8.764587E-04 -6.814910E-04 -5.436226E-03
       139  1.473407E-03 -8.926638E-04 -6.599466E-03
       140  1.576001E-03 -7.674279E-04 -6.053390E-03
       141  1.452451E-03 -3.829799E-04 -4.406875E-03
       142  1.740653E-03 -9.224172E-05 -3.255332E-03
       143  3.753496E-04 -4.363651E-05  1.449600E-03
       144 -3.532374E-04 -3.183562E-04  3.224244E-03
       145 -1.366841E-03 -7.135796E-04  5.568204E-03
       146 -1.990307E-03 -9.247428E-04  6.728193E-03
       147 -2.013739E-03 -7.845994E-04  6.107137E-03
       148 -1.736759E-03 -3.723263E-04  4.336387E-03
       149 -1.886228E-03 -6.180410E-05  3.095448E-03
       150 -7.090617E-04  5.945671E-05  1.493257E-03
       151 -9.453591E-04  3.272604E-04  3.226375E-03
       152 -1.330639E-03  7.002469E-04  5.444607E-03
       153 -1.230108E-03  8.910630E-04  6.500037E-03
       154 -4.495512E-04  7.479353E-04  5.867118E-03
       155  7.511272E-04  3.550882E-04  4.183354E-03
       156  1.732963E-03  6.982535E-05  3.050713E-03
       157  3.530021E-04  8.070545E-05 -7.437053E-04
       158 -1.452075E-03  5.998369E-04 -1.696963E-04
       159 -4.163513E-03  1.335556E-03  7.117722E-04
       160 -5.198073E-03  1.603418E-03  1.448949E-03
       161 -3.587446E-03  1.241928E-03  1.825504E-03
       162 -2.713069E-04  5.466126E-04  1.955848E-03
       163  2.017141E-03  1.006670E-04  2.290323E-03
       164  3.554048E-04 -8.054470E-05  7.176725E-04
       165 -1.382153E-03 -5.817092E-04  7.910906E-04
       166 -3.976679E-03 -1.287033E-03  1.091980E-03
       167 -4.972899E-03 -1.546281E-03  8.792992E-04
       168 -3.423632E-03 -1.199844E-03 -9.253101E-05
       169 -2.083623E-04 -5.269387E-04 -1.504954E-03
       170  2.029565E-03 -9.176424E-05 -2.510882E-03
       171 -5.774698E-04 -4.460892E-05 -8.633414E-04
       172  1.100400E-03 -5.280033E-04 -8.616496E-04
       173  3.737312E-03 -1.243632E-03 -9.232460E-04
       174  4.766631E-03 -1.510110E-03 -6.532049E-04
       175  3.218895E-03 -1.162987E-03  1.107310E-04
       176  9.141742E-06 -4.903119E-04  1.216837E-03
       177 -2.164730E-03 -6.661747E-05  2.189877E-03
       178 -6.016285E-04  4.864557E-05  9.300876E-04
       179  1.020478E-03  5.176281E-04  3.384063E-04
       180  3.630061E-03  1.226804E-03 -8.296293E-04
       181  4.735977E-03  1.513404E-03 -1.736690E-03
       182  3.337823E-03  1.201658E-03 -2.034255E-03
       183  2.461961E-04  5.551080E-04 -1.947823E-03
       184 -1.975950E-03  1.224480E-04 -2.238084E-03
       185  1.987124E-03  1.305212E-05 -3.329807E-03
       186  1.870944E-03  2.684041E-04 -4.982645E-03
       187  1.929624E-03  6.572226E-04 -7.289872E-03
       188  1.447994E-03  8.734140E-04 -8.476302E-03
       189  1.887477E-04  7.477723E-04 -7.924573E-03
       190 -1.559203E-03  3.563087E-04 -6.245424E-03
       191 -3.057865E-03  6.890633E-05 -5.100790E-03
       192 -2.131287E-03 -3.793403E-05 -3.550740E-03
       193 -1.224918E-03 -3.089247E-04 -5.301800E-03
       194  1.007430E-04 -6.901148E-04 -7.570806E-03
       195  1.183536E-03 -8.848242E-04 -8.648380E-03
       196  1.806682E-03 -7.365601E-04 -7.993101E-03
       197  2.206434E-03 -3.343408E-04 -6.268950E-03
       198  2.990298E-03 -4.781776E-05 -5.135900E-03
       199  1.864433E-03 -3.836317E-05  3.439697E-03
       200  7.818045E-04 -3.184500E-04  5.248077E-03
       201 -6.463750E-04 -7.157484E-04  7.604502E-03
       202 -1.728746E-03 -9.249317E-04  8.754465E-03
       203 -2.238195E-03 -7.796311E-04  8.109112E-03
       204 -2.454176E-03 -3.621238E-04  6.315760E-03
       205 -3.083829E-03 -5.272785E-05  5.079421E-03
       206 -1.999592E-03  5.798771E-05  3.440851E-03
       207 -1.739896E-03  3.270718E-04  5.181865E-03
       208 -1.602832E-03  6.991872E-04  7.395165E-03
       209 -9.780105E-04  8.876876E-04  8.438495E-03
       210  2.958359E-04  7.426348E-04  7.796469E-03
       211  1.918851E-03  3.508234E-04  6.117250E-03
       212  3.210502E-03  7.235401E-05  5.013153E-03
       213  2.159700E-03  7.073643E-05 -1.996038E-03
       214  3.028690E-04  6.050660E-04 -7.392950E-04
       215 -2.481906E-03  1.360998E-03  7.225096E-04
       216 -3.495685E-03  1.624234E-03  1.933831E-03
       217 -1.753236E-03  1.232941E-03  2.697983E-03
       218  1.711161E-03  5.066958E-04  3.173671E-03
       219  3.962028E-03  6.878282E-05  3.880911E-03
       220  2.199267E-03 -5.383725E-05  2.081975E-03
       221  5.588725E-04 -5.272961E-04  1.598727E-03
       222 -1.913529E-03 -1.199511E-03  1.385541E-03
       223 -2.857821E-03 -1.445414E-03  7.146710E-04
       224 -1.364779E-03 -1.111542E-03 -6.719123E-04
       225  1.714825E-03 -4.671083E-04 -2.493975E-03
       226  3.828074E-03 -5.630939E-05 -3.967701E-03
       227 -2.448340E-03  5.923752E-09 -2.316724E-03
       228 -8.281024E-04 -4.674533E-04 -1.777290E-03
       229  1.815944E-03 -1.185052E-03 -1.307416E-03
       230  2.882754E-03 -1.460996E-03 -5.207820E-04
       231  1.377559E-03 -1.123774E-03  7.404244E-04
       232 -1.787162E-03 -4.607454E-04  2.322590E-03
       233 -3.902823E-03 -4.887563E-05  3.752328E-03
       234 -2.272903E-03  7.352235E-05  2.153605E-03
       235 -6.403896E-04  5.457114E-04  8.929040E-04
       236  1.846306E-03  1.221956E-03 -8.418697E-04
       237  2.772257E-03  1.463669E-03 -2.225642E-03
       238  1.217804E-03  1.115956E-03 -2.930097E-03
       239 -1.916674E-03  4.603311E-04 -3.209337E-03
       240 -3.971412E-03  6.110295E-05 -3.859536E-03
       241  2.602904E-03  8.241949E-05 -5.672089E-03
       242  1.630612E-03  3.538201E-04 -7.281637E-03
       243 -7.437071E-04  3.508584E-04 -7.359515E-03
       244 -2.455563E-03 -5.422376E-05 -5.683186E-03
       245 -1.283232E-03 -2.427742E-04 -6.828549E-03
       246  1.001729E-03 -2.210330E-04 -6.824070E-03
       247  2.254068E-03 -6.162860E-05  5.720065E-03
       248  9.775685E-04 -2.549557E-04  6.891009E-03
       249 -1.180467E-03 -2.133088E-04  6.789027E-03
       250 -2.542431E-03  1.043030E-04  5.763251E-03
       251 -1.629891E-03  3.792961E-04  7.391908E-03
       252  6.469109E-04  3.619543E-04  7.402919E-03
       253  3.555169E-03  1.914990E-04 -2.009205E-03
       254  2.753148E-03  4.190966E-04  1.361058E-03
       255  3.412587E-03  2.907271E-04  4.280604E-03
       256  3.166659E-03 -2.670724E-04  2.236291E-03
       257  2.401904E-03 -4.885965E-04 -8.636657E-04
       258  3.394562E-03 -2.902953E-04 -3.861902E-03
       259 -3.396611E-03 -2.190653E-04 -2.294828E-03
       260 -2.655722E-03 -4.345010E-04  7.665313E-04
       261 -3.471961E-03 -2.752528E-04  3.761502E-03
       262 -3.636433E-03  1.729735E-04  2.161397E-03
       263 -2.865129E-03  3.940154E-04 -1.292867E-03
       264 -3.408965E-03  2.901063E-04 -4.377560E-03

 forces (fx,fy,fz) for set RIGHT and time  0.1000000E+01

        21  1.121861E+03  1.554818E+02 -1.630824E+03
        22  7.139426E+02  3.878805E+02  1.886089E+03
        23 -1.160738E+03  3.988648E+02 -9.495206E+01
        24 -6.492641E+02  4.741800E+01 -1.844855E+02

 internal energy (element, energy) for set ALL and time  0.1000000E+01

         1  1.797494E-02
         2  3.572998E-02
         3  3.097741E-02
         4  1.819150E-02
         5  2.531366E-03
         6  2.479981E-03
         7  5.382052E-03
         8  2.421230E-03
         9  7.687481E-03
        10  3.302860E-03
        11  2.481806E-03
        12  1.373403E-03
        13  2.094126E-02
        14  1.936685E-02
        15  1.460277E-02
        16  1.079465E-02
        17  7.732434E-03
        18  1.315600E-02
        19  1.588880E-02
        20  1.848019E-02
        21  7.277881E-03
        22  3.824378E-03
        23  4.754185E-03
        24  8.125237E-03
        25  5.882969E-03
        26  4.312069E-03
        27  3.778971E-03
        28  9.014755E-03
        29  6.006849E-03
        30  2.809882E-03
        31  2.940992E-03
        32  6.100604E-03
        33  1.333921E-02
        34  5.707498E-03
        35  5.434882E-03
        36  4.158728E-03
        37  9.339242E-03
        38  3.688943E-03
        39  1.816353E-02
        40  1.514504E-02
        41  3.994927E-03
        42  4.214162E-03
        43  1.161150E-02
        44  1.114208E-02
        45  3.291167E-03
        46  1.564415E-03
        47  9.550628E-03
        48  1.399743E-02
        49  6.604580E-03
        50  4.034433E-03
        51  1.315880E-02
        52  1.397448E-02
        53  1.478584E-03
        54  1.143887E-04
        55  3.537487E-04
        56  4.439686E-03
        57  3.001643E-03
        58  2.408393E-04
        59  5.739339E-05
        60  7.323873E-04
        61  1.178978E-03
        62  1.416074E-04
        63  2.494700E-04
        64  2.467585E-03
        65  3.653313E-03
        66  3.471798E-04
        67  9.038423E-05
        68  5.823561E-04
        69  7.677115E-03
        70  6.662675E-03
        71  9.532776E-03
        72  1.886283E-02
        73  3.544834E-03
        74  3.958392E-03
        75  5.094225E-03
        76  1.063213E-02
        77  4.159291E-03
        78  3.276328E-03
        79  8.855648E-03
        80  2.186075E-02
        81  1.115313E-03
        82  8.230691E-04
        83  1.277561E-03
        84  7.063297E-03
        85  8.604960E-04
        86  9.392471E-04
        87  3.561653E-03
        88  4.312199E-03
        89  1.094065E-03
        90  3.742326E-03
        91  1.361343E-03
        92  3.465799E-03
        93  3.137347E-03
        94  4.953369E-03
        95  6.468973E-03
        96  5.587061E-03
        97  2.993025E-03
        98  3.665013E-03
        99  3.679124E-03
       100  2.821982E-03
       101  2.943252E-02
       102  6.409397E-03
       103  5.425061E-03
       104  2.959717E-02
       105  3.462595E-02
       106  4.969050E-03
       107  4.608001E-03
       108  2.534249E-02
       109  1.532871E-02
       110  6.389847E-03
       111  8.080885E-03
       112  2.825449E-02
       113  2.870708E-02
       114  8.256737E-03
       115  6.884978E-03
       116  1.477398E-02
       117  4.264590E-02
       118  3.516982E-02
       119  3.699120E-02
       120  5.036631E-02
       121  5.547470E-02
       122  2.804664E-02
       123  3.781091E-02
       124  3.955464E-02
       125  5.038290E-02
       126  3.228291E-02
       127  3.857115E-02
       128  5.686551E-02
       129  3.592041E-02
       130  2.654944E-02
       131  3.097147E-02
       132  3.873479E-02
       133  6.295697E-02
       134  4.235931E-02
       135  3.521173E-02
       136  4.472310E-02
       137  5.591768E-02
       138  4.256337E-02
       139  3.293354E-02
       140  4.345461E-02
       141  5.271031E-02
       142  4.108748E-02
       143  3.662258E-02
       144  3.928421E-02
       145  5.506774E-02
       146  4.254798E-02
       147  3.916520E-02
       148  4.339014E-02
       149  7.707437E-02
       150  7.769266E-02
       151  9.357061E-02
       152  7.966415E-02
       153  8.771047E-02
       154  8.491582E-02
       155  7.393653E-02
       156  8.558532E-02
       157  9.552596E-02
       158  8.100461E-02
       159  1.222836E-01
       160  8.230196E-02
       161  8.486275E-02
       162  1.028510E-01
       163  8.376830E-02
       164  1.136639E-01
       165  1.047964E-01
       166  1.273873E-01
       167  4.011158E-02
       168  1.137937E-01
       169  1.151297E-01
       170  3.689983E-02
       171  1.258981E-01
       172  6.386217E-02
       173  1.091833E-01
       174  1.365894E-01
       175  4.150641E-02
       176  1.167667E-01
       177  1.211023E-01
       178  3.802673E-02
       179  1.208640E-01
       180  4.120905E-02
       181  1.172473E-01
       182  1.223086E-01
       183  3.372673E-02
       184  1.084749E-01
       185  1.115577E-01
       186  3.205724E-02
       187  1.148873E-01
       188  7.309517E-02
       189  1.205904E-01
       190  1.150731E-01
       191  3.728815E-02
       192  1.112114E-01
       193  1.104438E-01
       194  3.099026E-02
       195  1.201096E-01
       196  6.844614E-02
       197  7.017212E-02
       198  1.569406E-01
       199  3.626658E-02
       200  1.437849E-01
       201  1.397656E-01
       202  3.424124E-02
       203  1.868232E-01
       204  1.071269E-01
       205  8.029643E-02
       206  1.646814E-01
       207  3.881353E-02
       208  1.530410E-01
       209  1.507205E-01
       210  3.900226E-02
       211  1.976044E-01
       212  1.212264E-01
       213  5.906493E-02
       214  1.596008E-01
       215  3.757866E-02
       216  1.411751E-01
       217  1.385228E-01
       218  3.769526E-02
       219  1.848718E-01
       220  9.259859E-02
       221  6.142645E-02
       222  1.834010E-01
       223  4.355228E-02
       224  1.541189E-01
       225  1.573213E-01
       226  4.813237E-02
       227  1.810237E-01
       228  9.726907E-02
       229  1.078594E-01
       230  1.375241E-01
       231  3.772182E-02
       232  1.094111E-01
       233  1.142114E-01
       234  3.757596E-02
       235  1.162708E-01
       236  5.914399E-02
       237  1.042071E-01
       238  1.282624E-01
       239  4.490999E-02
       240  1.221391E-01
       241  1.213940E-01
       242  3.634303E-02
       243  1.356788E-01
       244  4.561729E-02
       245  1.147520E-01
       246  1.209756E-01
       247  3.498029E-02
       248  1.108357E-01
       249  1.125710E-01
       250  3.183025E-02
       251  1.178733E-01
       252  7.433818E-02
       253  1.155868E-01
       254  1.155355E-01
       255  3.780505E-02
       256  1.114388E-01
       257  1.098621E-01
       258  3.088112E-02
       259  1.239678E-01
       260  6.699481E-02
       261  7.733504E-02
       262  1.693673E-01
       263  3.984226E-02
       264  1.580855E-01
       265  1.502135E-01
       266  3.564271E-02
       267  2.258857E-01
       268  1.238494E-01
       269  7.465783E-02
       270  1.535832E-01
       271  3.568834E-02
       272  1.408246E-01
       273  1.381732E-01
       274  3.566151E-02
       275  1.869128E-01
       276  1.148551E-01
       277  6.257667E-02
       278  1.699181E-01
       279  3.731457E-02
       280  1.406757E-01
       281  1.391317E-01
       282  3.802659E-02
       283  1.873853E-01
       284  9.497758E-02
       285  5.961126E-02
       286  1.661068E-01
       287  4.395258E-02
       288  1.544453E-01
       289  1.491295E-01
       290  4.227028E-02
       291  2.098003E-01
       292  1.080136E-01
       293  1.103983E-01
       294  8.287000E-02
       295  1.094775E-01
       296  5.409080E-02
       297  9.545943E-02
       298  7.145338E-02
       299  1.083127E-01
       300  5.987662E-02
       301  9.781659E-02
       302  6.728130E-02
       303  9.901611E-02
       304  7.576457E-02
       305  1.150878E-01
       306  8.542156E-02
       307  1.109160E-01
       308  5.801750E-02
       309  8.604711E-02
       310  6.737576E-02
       311  5.902251E-02
       312  6.714537E-02
       313  1.134462E-01
       314  8.038588E-02
       315  7.745028E-02
       316  9.049537E-02
       317  1.017531E-01
       318  8.051243E-02
       319  8.161398E-02
       320  7.977710E-02
       321  7.182814E-02
       322  7.453374E-02
       323  6.717655E-02
       324  6.147965E-02

 total internal energy for set ALL and time  0.1000000E+01

        1.939665E+01
