
                        S T E P       1


                                INCREMENT     1


 displacements (vx,vy,vz) for set NALL and time  0.1000000E+01

         1  0.000000E+00  0.000000E+00  6.617445E-25
         2 -1.323489E-24  0.000000E+00  0.000000E+00
         3  0.000000E+00  0.000000E+00 -1.161362E-22
         4  0.000000E+00  3.308722E-25 -6.435465E-23
         5  9.860630E-04  3.277852E-06 -1.196889E-03
         6  9.871107E-04  4.170141E-06  1.170945E-03
         7 -9.883144E-04  5.498882E-06 -1.195337E-03
         8 -9.895783E-04  6.788125E-06  1.171181E-03
         9  1.867253E-03  6.555109E-06 -2.274359E-03
        10  1.868450E-03  8.961080E-06  2.264017E-03
        11 -1.871722E-03  1.171905E-05 -2.272770E-03
        12 -1.872534E-03  1.239481E-05  2.264139E-03
        13  2.764938E-03  9.244035E-06 -3.379428E-03
        14  2.766543E-03  1.884029E-05  3.358509E-03
        15 -2.764849E-03  2.042147E-05 -3.377670E-03
        16 -2.766316E-03  1.582224E-05  3.358467E-03
        17  3.589232E-03  1.485550E-05 -4.472360E-03
        18  3.588629E-03  2.626270E-05  4.463166E-03
        19 -3.608261E-03  2.568337E-05 -4.471193E-03
        20 -3.606726E-03  2.001484E-05  4.463473E-03
        21  5.000000E-03  0.000000E+00 -6.000000E-03
        22  5.000000E-03  0.000000E+00  6.000000E-03
        23 -5.000000E-03 -4.269046E-20 -6.000000E-03
        24 -5.000000E-03  7.115077E-21  6.000000E-03
        25  5.903549E-04 -2.192855E-05 -7.142860E-04
        26  4.551765E-04 -1.289384E-05  6.008272E-04
        27 -4.347293E-04 -1.549135E-05 -5.960598E-04
        28 -6.111474E-04 -1.145132E-05  6.077965E-04
        29  1.729276E-03 -1.615076E-05 -1.736714E-03
        30  1.271738E-03 -8.821086E-06  1.738225E-03
        31 -1.286688E-03 -9.354110E-06 -1.730230E-03
        32 -1.674552E-03 -2.425411E-06  1.746125E-03
        33  2.690973E-03 -1.303525E-05 -2.833962E-03
        34  1.930539E-03 -1.512439E-06  2.791935E-03
        35 -1.956206E-03 -1.903465E-06 -2.816506E-03
        36 -2.676031E-03  1.733788E-06  2.810430E-03
        37  3.687336E-03 -7.512464E-06 -3.860004E-03
        38  2.886760E-03  7.105840E-06  3.871029E-03
        39 -2.881911E-03  5.622654E-06 -3.875974E-03
        40 -3.641957E-03  4.987486E-06  3.852858E-03
        41  3.341266E-03  9.084673E-06 -4.802161E-03
        42  3.051027E-03 -4.685835E-06 -5.747231E-03
        43  3.751455E-03  1.543835E-05 -6.395597E-03
        44  2.623989E-03  1.788616E-05  4.754695E-03
        45  1.845985E-03  3.308325E-06  5.822793E-03
        46  2.626388E-03  2.386821E-05  6.715234E-03
        47 -2.682206E-03  1.592967E-05 -4.794440E-03
        48 -1.871765E-03  2.393131E-06 -5.763698E-03
        49 -2.568323E-03  2.243275E-05 -6.638887E-03
        50 -3.386161E-03  1.016300E-05  4.869812E-03
        51 -3.031212E-03 -3.732896E-06  5.762358E-03
        52 -3.677481E-03  1.334175E-05  6.334512E-03
        53  1.715511E-06  5.170740E-09  1.189805E-06
        54 -6.711149E-07  9.214299E-10 -4.642667E-07
        55  7.440849E-07  7.550758E-09  8.014327E-07
        56 -9.390835E-07  1.157394E-08 -1.017616E-06
        57  9.874400E-04  1.423305E-05 -2.493200E-05
        58 -9.903075E-04  2.921227E-05 -1.105371E-05
        59  5.911429E-06 -2.077956E-05 -1.195507E-03
        60 -6.934504E-06  5.593950E-06  1.170248E-03
        61  1.868613E-03  2.053933E-05 -1.691845E-05
        62 -1.873722E-03  2.959405E-05 -1.327541E-05
        63  1.380447E-05 -1.698594E-05 -2.272881E-03
        64  9.288436E-06  9.365677E-06  2.263121E-03
        65  2.766671E-03  3.704012E-05 -1.951821E-05
        66 -2.767049E-03  4.374793E-05 -2.436427E-05
        67  1.177335E-05 -1.449247E-05 -3.377979E-03
        68  1.425830E-05  1.241673E-05  3.357481E-03
        69  3.589148E-03  3.709161E-07 -1.151459E-05
        70 -3.609643E-03  2.324426E-06 -7.875623E-06
        71  1.631384E-05 -5.873863E-06 -4.470984E-03
        72  1.241217E-05  2.209905E-05  4.462337E-03
        73  4.993753E-03 -1.727941E-04 -3.064676E-03
        74  4.996484E-03  1.333754E-05 -1.082349E-04
        75  4.993163E-03  1.982307E-04  2.901524E-03
        76 -5.009932E-03  2.199491E-04 -3.120994E-03
        77 -5.005360E-03  2.185418E-05 -6.377589E-05
        78 -5.008734E-03 -1.770867E-04  3.022902E-03
        79  2.497947E-03 -6.274604E-05 -5.995572E-03
        80 -8.445408E-05  4.964032E-05 -5.996888E-03
        81 -2.627532E-03  1.439010E-04 -5.993786E-03
        82  2.394443E-03  1.516631E-04  6.004305E-03
        83 -1.164385E-04  6.415404E-05  6.001737E-03
        84 -2.572262E-03 -4.709065E-05  6.002247E-03
        85  3.164258E-06  9.873511E-05 -8.635846E-04
        86  7.652165E-05  2.948951E-04 -2.126668E-03
        87 -2.275330E-04  2.006487E-04 -1.855594E-03
        88  1.274418E-04 -1.235244E-04 -1.018893E-03
        89  1.997620E-04 -3.260421E-04 -2.309807E-03
        90  4.326307E-04 -2.104487E-04 -1.946286E-03
        91 -2.415326E-04 -1.076169E-04  9.284001E-04
        92 -5.490623E-04 -3.177304E-04  2.257733E-03
        93 -6.914357E-04 -2.104611E-04  1.920749E-03
        94  8.734923E-05  1.050575E-04  8.963462E-04
        95  2.133360E-04  2.931860E-04  2.111832E-03
        96  4.828687E-04  1.917303E-04  1.807614E-03
        97 -9.897956E-04  3.171696E-04  1.433012E-04
        98 -1.157084E-03  3.930404E-04  3.911492E-04
        99  3.376553E-04  9.665949E-05  7.623676E-04
       100 -8.469496E-04 -2.763349E-04  5.748126E-06
       101 -9.479721E-04 -3.376448E-04 -3.768827E-04
       102  4.232227E-04 -7.020041E-05 -9.498494E-04
       103  8.979565E-04 -2.905836E-04 -1.308598E-04
       104  9.476611E-04 -3.375342E-04  6.043008E-05
       105 -4.905822E-04 -5.473341E-05  6.395354E-04
       106  9.048945E-04  2.928700E-04 -3.051538E-06
       107  1.068276E-03  3.700694E-04 -1.806040E-04
       108 -3.256917E-04  9.766114E-05 -6.272897E-04
       109  5.485343E-04  4.173552E-05 -1.676946E-03
       110  1.254196E-04  2.245682E-04 -2.867703E-03
       111 -6.908808E-04  1.878257E-04 -2.856274E-03
       112 -6.036740E-04 -4.782714E-05 -1.789041E-03
       113  8.071617E-05 -2.250722E-04 -2.944237E-03
       114  9.774272E-04 -1.896224E-04 -2.949895E-03
       115  4.692434E-04 -6.683174E-05  1.858752E-03
       116 -2.986299E-04 -2.644187E-04  3.131788E-03
       117 -1.078949E-03 -2.014934E-04  2.999658E-03
       118 -3.861474E-04  7.071355E-05  1.815144E-03
       119  2.478207E-04  2.515061E-04  2.991270E-03
       120  9.587372E-04  1.969548E-04  2.900439E-03
       121  3.039705E-04  2.349857E-04 -2.013807E-04
       122  2.417209E-04  2.854448E-04  7.059096E-04
       123  1.381575E-03  6.841491E-05  1.502708E-03
       124  4.048458E-04 -1.992935E-04  3.646536E-04
       125  3.920901E-04 -2.374349E-04 -6.589087E-04
       126  1.478788E-03 -3.279061E-05 -1.634953E-03
       127 -4.658649E-04 -1.807223E-04 -5.753721E-04
       128 -4.700726E-04 -2.154190E-04  2.947588E-04
       129 -1.507125E-03 -2.195556E-05  1.346624E-03
       130 -3.369446E-04  2.290775E-04  4.652844E-04
       131 -2.981735E-04  2.745704E-04 -3.249158E-04
       132 -1.379938E-03  7.069235E-05 -1.277757E-03
       133  9.751624E-04  4.492761E-05 -2.754431E-03
       134  2.052674E-04  2.292635E-04 -3.953953E-03
       135 -1.012632E-03  1.943465E-04 -3.951685E-03
       136 -1.029423E-03 -4.352318E-05 -2.880127E-03
       137  4.147949E-05 -2.241382E-04 -4.054756E-03
       138  1.350724E-03 -1.897550E-04 -4.066000E-03
       139  9.008012E-04 -5.775378E-05  2.924886E-03
       140 -2.571810E-04 -2.569970E-04  4.207390E-03
       141 -1.453927E-03 -1.976356E-04  4.091650E-03
       142 -8.500988E-04  6.773409E-05  2.854721E-03
       143  1.227512E-04  2.465562E-04  4.020937E-03
       144  1.256598E-03  1.984713E-04  3.960234E-03
       145  1.046816E-03  2.774955E-04 -6.640600E-04
       146  9.706328E-04  3.312757E-04  8.092256E-04
       147  2.204608E-03  9.323670E-05  2.118168E-03
       148  1.170302E-03 -2.274127E-04  8.079982E-04
       149  1.187077E-03 -2.575271E-04 -8.190957E-04
       150  2.371139E-03 -3.134529E-05 -2.307996E-03
       151 -1.235578E-03 -2.067640E-04 -1.021641E-03
       152 -1.274158E-03 -2.321932E-04  4.285189E-04
       153 -2.406288E-03 -1.765282E-05  1.988300E-03
       154 -1.144761E-03  2.559346E-04  8.427293E-04
       155 -1.096810E-03  3.034526E-04 -5.259569E-04
       156 -2.229124E-03  8.822032E-05 -1.935445E-03
       157  1.450601E-03  4.322272E-05 -3.833708E-03
       158  7.313875E-05  2.145856E-04 -4.962808E-03
       159 -1.624763E-03  1.773884E-04 -4.952726E-03
       160 -1.600998E-03 -3.319501E-05 -3.977096E-03
       161 -1.289161E-04 -1.963061E-04 -5.056713E-03
       162  1.662101E-03 -1.555255E-04 -5.042040E-03
       163  1.509538E-03 -4.977484E-05  4.032146E-03
       164 -2.204439E-05 -2.373160E-04  5.250349E-03
       165 -1.718453E-03 -1.718463E-04  5.108231E-03
       166 -1.305256E-03  7.023195E-05  3.946376E-03
       167  3.196691E-04  2.390115E-04  5.059767E-03
       168  1.927346E-03  1.876146E-04  4.987817E-03
       169  1.935077E-03  2.835568E-04 -1.112019E-03
       170  2.047462E-03  2.888872E-04  9.263946E-04
       171  3.348835E-03  3.695059E-05  2.729145E-03
       172  2.154551E-03 -1.915739E-04  1.309185E-03
       173  2.170384E-03 -2.207736E-04 -8.445731E-04
       174  3.255235E-03 -1.534190E-05 -2.849127E-03
       175 -2.183867E-03 -1.810622E-04 -1.513787E-03
       176 -2.190166E-03 -2.137158E-04  4.794552E-04
       177 -3.240290E-03 -1.597151E-05  2.555312E-03
       178 -2.018842E-03  2.657234E-04  1.292003E-03
       179 -2.137453E-03  2.703644E-04 -5.977692E-04
       180 -3.345764E-03  3.935410E-05 -2.485834E-03
       181  2.321096E-03  1.260424E-04 -5.418405E-03
       182  2.166265E-03  5.635985E-04 -8.022528E-03
       183 -1.776205E-06  5.697832E-04 -8.203547E-03
       184 -2.182374E-03 -8.313194E-05 -5.422053E-03
       185 -1.657999E-03 -4.050124E-04 -7.374745E-03
       186  4.495415E-04 -3.900337E-04 -7.461681E-03
       187  2.013697E-03 -9.343743E-05  5.464207E-03
       188  1.363715E-03 -4.240848E-04  7.466768E-03
       189 -6.126263E-04 -3.841854E-04  7.431377E-03
       190 -2.252799E-03  1.497504E-04  5.535849E-03
       191 -2.185925E-03  5.796681E-04  8.096117E-03
       192 -1.517022E-04  5.680123E-04  8.193230E-03
       193  2.656883E-03  3.144830E-04 -1.657113E-03
       194  1.406866E-03  6.700398E-04  1.797513E-03
       195  2.468592E-03  4.634321E-04  4.706815E-03
       196  2.370657E-03 -3.609812E-04  1.790861E-03
       197  1.172006E-03 -7.101508E-04 -1.361583E-03
       198  2.524215E-03 -4.455491E-04 -4.257410E-03
       199 -2.515789E-03 -3.252990E-04 -1.998440E-03
       200 -1.294898E-03 -6.808854E-04  1.078964E-03
       201 -2.507590E-03 -4.481016E-04  4.083301E-03
       202 -2.843897E-03  2.695647E-04  1.839144E-03
       203 -1.623440E-03  6.204288E-04 -1.824412E-03
       204 -2.453694E-03  4.636694E-04 -4.953828E-03

 forces (fx,fy,fz) for set RIGHT and time  0.1000000E+01

        21  1.852210E+03  1.358001E+02 -2.448728E+03
        22  1.124134E+03  6.614773E+02  2.672780E+03
        23 -1.822420E+03  6.886151E+02 -4.278135E+02
        24 -1.168998E+03 -2.762604E+02  1.815009E+02

 internal energy (element, energy) for set ALL and time  0.1000000E+01

         1  2.433162E-02
         2  3.309986E-02
         3  2.137223E-02
         4  1.557916E-02
         5  1.701282E-02
         6  1.783454E-02
         7  1.974972E-02
         8  1.526907E-02
         9  9.818747E-03
        10  1.254928E-02
        11  5.367829E-03
        12  5.561963E-03
        13  5.989298E-03
        14  7.171904E-03
        15  1.059765E-02
        16  7.807351E-03
        17  1.089817E-02
        18  1.169553E-02
        19  7.333142E-03
        20  5.877627E-03
        21  5.997585E-03
        22  7.353696E-03
        23  8.917698E-03
        24  7.862772E-03
        25  9.038694E-03
        26  7.132291E-03
        27  6.108883E-03
        28  7.090772E-03
        29  5.101378E-03
        30  8.470847E-03
        31  7.567051E-03
        32  7.603539E-03
        33  1.982108E-02
        34  8.055546E-03
        35  4.561052E-02
        36  3.511509E-02
        37  1.029489E-02
        38  1.501262E-02
        39  3.305592E-02
        40  4.100280E-02
        41  7.809523E-03
        42  6.763129E-03
        43  2.846925E-02
        44  4.626796E-02
        45  1.758429E-02
        46  8.363392E-03
        47  3.305852E-02
        48  2.979078E-02
        49  2.827909E-03
        50  4.224734E-03
        51  4.876167E-04
        52  5.767036E-04
        53  1.758325E-03
        54  5.675167E-04
        55  3.088704E-03
        56  8.336026E-04
        57  1.662958E-03
        58  6.991812E-04
        59  1.686997E-03
        60  2.696498E-03
        61  2.126134E-03
        62  9.911902E-04
        63  9.517972E-04
        64  1.607153E-03
        65  3.262434E-03
        66  1.439959E-03
        67  2.734729E-03
        68  4.038541E-03
        69  3.059722E-03
        70  1.133114E-03
        71  1.932275E-03
        72  2.302606E-03
        73  3.255179E-03
        74  1.296069E-03
        75  2.463706E-03
        76  3.954483E-03
        77  3.218825E-03
        78  1.113559E-03
        79  1.618171E-03
        80  2.352267E-03
        81  4.755867E-03
        82  5.751331E-03
        83  8.974872E-03
        84  7.260620E-03
        85  3.007377E-03
        86  4.059397E-03
        87  2.952135E-03
        88  4.253386E-03
        89  7.381876E-02
        90  1.649154E-02
        91  1.403555E-02
        92  7.532190E-02
        93  9.072445E-02
        94  1.363930E-02
        95  1.295242E-02
        96  6.852602E-02
        97  4.562071E-02
        98  1.694538E-02
        99  2.077366E-02
       100  7.588908E-02
       101  7.159749E-02
       102  2.076262E-02
       103  1.818493E-02
       104  4.444243E-02
       105  2.203874E-01
       106  1.680866E-01
       107  1.754981E-01
       108  2.071868E-01
       109  2.432526E-01
       110  1.524471E-01
       111  1.628654E-01
       112  1.697911E-01
       113  2.309237E-01
       114  1.442484E-01
       115  1.611238E-01
       116  2.213532E-01
       117  2.190543E-01
       118  1.503426E-01
       119  1.561801E-01
       120  1.920592E-01
       121  2.446704E-01
       122  1.721801E-01
       123  1.512148E-01
       124  2.019084E-01
       125  2.320522E-01
       126  1.775106E-01
       127  1.632662E-01
       128  2.163608E-01
       129  2.258232E-01
       130  1.920858E-01
       131  1.682541E-01
       132  2.064273E-01
       133  2.311198E-01
       134  2.013537E-01
       135  1.765242E-01
       136  2.112673E-01
       137  2.110571E-01
       138  1.593163E-01
       139  1.706936E-01
       140  1.840705E-01
       141  2.071882E-01
       142  1.478057E-01
       143  1.746632E-01
       144  1.450676E-01
       145  2.179670E-01
       146  1.475632E-01
       147  1.609093E-01
       148  1.987941E-01
       149  2.096344E-01
       150  1.406312E-01
       151  1.561938E-01
       152  1.788445E-01
       153  2.112654E-01
       154  1.516066E-01
       155  1.521885E-01
       156  2.052958E-01
       157  2.130938E-01
       158  1.535446E-01
       159  1.576567E-01
       160  2.127399E-01
       161  2.075772E-01
       162  1.693408E-01
       163  1.619518E-01
       164  2.036081E-01
       165  1.871268E-01
       166  1.672495E-01
       167  1.611592E-01
       168  2.004670E-01
       169  2.117961E-01
       170  1.610502E-01
       171  1.722296E-01
       172  1.870490E-01
       173  2.101696E-01
       174  1.492131E-01
       175  1.767059E-01
       176  1.453199E-01
       177  2.215591E-01
       178  1.486005E-01
       179  1.615329E-01
       180  1.995446E-01
       181  2.114085E-01
       182  1.423227E-01
       183  1.567618E-01
       184  1.806304E-01
       185  2.060018E-01
       186  1.510386E-01
       187  1.521310E-01
       188  2.050715E-01
       189  2.071735E-01
       190  1.525131E-01
       191  1.601084E-01
       192  2.161817E-01
       193  2.018966E-01
       194  1.686247E-01
       195  1.629287E-01
       196  2.065262E-01
       197  1.844631E-01
       198  1.646991E-01
       199  1.598196E-01
       200  1.991528E-01
       201  2.123391E-01
       202  1.618956E-01
       203  1.752860E-01
       204  1.912036E-01
       205  2.088475E-01
       206  1.503006E-01
       207  1.785551E-01
       208  1.534545E-01
       209  2.168385E-01
       210  1.473724E-01
       211  1.628437E-01
       212  2.063235E-01
       213  2.157340E-01
       214  1.450842E-01
       215  1.637281E-01
       216  1.858978E-01
       217  2.064985E-01
       218  1.567062E-01
       219  1.663108E-01
       220  2.256099E-01
       221  1.926628E-01
       222  1.411345E-01
       223  1.479246E-01
       224  1.994008E-01
       225  1.900410E-01
       226  1.567592E-01
       227  1.507150E-01
       228  1.902085E-01
       229  1.861167E-01
       230  1.710129E-01
       231  1.732056E-01
       232  2.190023E-01
       233  3.144917E-01
       234  2.323961E-01
       235  3.005465E-01
       236  1.490131E-01
       237  2.786549E-01
       238  1.990309E-01
       239  2.944020E-01
       240  1.569417E-01
       241  2.946585E-01
       242  1.932211E-01
       243  2.779500E-01
       244  1.959823E-01
       245  3.257441E-01
       246  2.361050E-01
       247  2.965923E-01
       248  1.590975E-01
       249  2.216229E-01
       250  1.664365E-01
       251  1.492928E-01
       252  1.708510E-01
       253  3.065835E-01
       254  2.110108E-01
       255  2.025364E-01
       256  2.291019E-01
       257  2.873155E-01
       258  2.203574E-01
       259  2.278607E-01
       260  2.162978E-01
       261  1.952184E-01
       262  1.868318E-01
       263  1.741184E-01
       264  1.593362E-01

 total internal energy for set ALL and time  0.1000000E+01

        3.211187E+01
