
                        S T E P       1


                                INCREMENT     1


 displacements (vx,vy,vz) for set NALL and time  0.1000000E+01

         1  0.000000E+00  5.790264E-25 -6.617445E-25
         2  6.617445E-25  0.000000E+00 -6.617445E-25
         3 -3.308722E-25 -6.617445E-25 -3.176374E-23
         4  0.000000E+00 -3.308722E-25  9.529121E-23
         5  1.740232E-03 -7.729632E-06 -2.072284E-03
         6  1.740041E-03  2.272625E-05  2.105213E-03
         7 -1.744191E-03  2.170014E-05 -2.073285E-03
         8 -1.743291E-03 -1.155827E-05  2.107055E-03
         9  2.241214E-03  8.363273E-06 -2.815992E-03
        10  2.241152E-03  1.306505E-05  2.878306E-03
        11 -2.244743E-03  1.364481E-05 -2.816000E-03
        12 -2.245048E-03  5.786310E-06  2.878131E-03
        13  2.512512E-03  7.309905E-06 -3.163582E-03
        14  2.512390E-03  1.570122E-05  3.203636E-03
        15 -2.511372E-03  2.080557E-05 -3.163533E-03
        16 -2.511609E-03  4.289720E-06  3.203618E-03
        17  2.762970E-03  6.809709E-07 -3.662483E-03
        18  2.763338E-03  2.348219E-05  3.673609E-03
        19 -2.757540E-03  2.977205E-05 -3.662854E-03
        20 -2.757747E-03 -2.021228E-06  3.673844E-03
        21  5.000000E-03  0.000000E+00 -6.000000E-03
        22  5.000000E-03  0.000000E+00  6.000000E-03
        23 -5.000000E-03  5.065257E-20 -6.000000E-03
        24 -5.000000E-03 -2.388633E-20  6.000000E-03
        25  9.612364E-04 -4.230630E-05 -1.123272E-03
        26  8.109656E-04 -1.688810E-05  9.618553E-04
        27 -7.619930E-04 -2.200539E-05 -9.133623E-04
        28 -1.015432E-03 -3.155540E-05  1.092561E-03
        29  2.222982E-03 -1.300039E-05 -2.336288E-03
        30  1.648337E-03  6.073158E-06  2.536904E-03
        31 -1.663445E-03  4.394565E-06 -2.563978E-03
        32 -2.121287E-03 -1.120065E-05  2.421681E-03
        33  2.916891E-03 -1.043894E-06 -3.726686E-03
        34  3.032555E-03 -5.968287E-06 -3.882287E-03
        35  3.187450E-03 -1.421091E-05 -4.243007E-03
        36  3.431312E-03 -1.846137E-05 -4.829262E-03
        37  3.774774E-03 -1.075493E-05 -5.543285E-03
        38  4.188424E-03  5.897535E-06 -6.147395E-03
        39  4.612891E-03  1.437962E-05 -6.310959E-03
        40  2.633705E-03  1.834262E-05  3.800374E-03
        41  2.521745E-03  8.798071E-06  4.067823E-03
        42  2.449580E-03 -2.284433E-06  4.524366E-03
        43  2.467490E-03 -7.144701E-06  5.145916E-03
        44  2.652801E-03 -2.133720E-07  5.820401E-03
        45  3.099107E-03  1.459942E-05  6.350786E-03
        46  3.926989E-03  1.825132E-05  6.440292E-03
        47 -2.650674E-03  2.454505E-05 -3.790882E-03
        48 -2.531073E-03  1.331463E-05 -4.088629E-03
        49 -2.437351E-03  1.272340E-06 -4.572994E-03
        50 -2.433217E-03 -3.876512E-06 -5.192487E-03
        51 -2.600135E-03  2.484261E-06 -5.833558E-03
        52 -3.021403E-03  1.596933E-05 -6.327286E-03
        53 -3.812450E-03  2.028009E-05 -6.433820E-03
        54 -2.954663E-03 -5.007864E-06  3.763104E-03
        55 -3.095340E-03 -1.096044E-05  3.936634E-03
        56 -3.245166E-03 -1.904875E-05  4.281376E-03
        57 -3.453850E-03 -2.301732E-05  4.807403E-03
        58 -3.744015E-03 -1.639200E-05  5.433898E-03
        59 -4.114883E-03 -1.561509E-06  5.976574E-03
        60 -4.544486E-03  8.056169E-06  6.182664E-03
        61  1.676492E-06  1.900652E-09  1.161469E-06
        62 -6.090253E-07 -1.947946E-09 -4.224390E-07
        63  8.073101E-07  7.920106E-09  8.696102E-07
        64 -8.045889E-07  1.158878E-08 -8.723619E-07
        65  2.241637E-03  1.123878E-05  3.250434E-05
        66 -2.244346E-03  9.315276E-06  2.982907E-05
        67 -4.190455E-06  1.121635E-05 -2.815890E-03
        68 -8.482030E-07  9.361481E-06  2.878210E-03
        69  2.512163E-03  2.086614E-06 -1.559365E-03
        70  2.512343E-03  1.099042E-05  2.289632E-05
        71  2.512127E-03  2.038680E-05  1.603673E-03
        72 -2.511184E-03  1.625014E-05 -1.563772E-03
        73 -2.511202E-03  1.394355E-05  1.905601E-05
        74 -2.511312E-03  1.016442E-05  1.602619E-03
        75  1.218686E-03  1.978394E-05 -3.164187E-03
        76 -1.233693E-06  1.309578E-05 -3.164027E-03
        77 -1.220005E-03  7.311026E-06 -3.164140E-03
        78  1.220793E-03  7.324892E-06  3.203343E-03
        79  1.244156E-06  9.886872E-06  3.203355E-03
        80 -1.219174E-03  1.259667E-05  3.203291E-03
        81  2.763833E-03  1.321272E-05  1.272971E-05
        82 -2.757061E-03  1.318611E-05  1.769684E-05
        83  1.747422E-05  1.482392E-05 -3.662676E-03
        84  1.430075E-05  1.098402E-05  3.673465E-03
        85  5.005413E-03  2.950291E-05 -7.875208E-05
        86 -4.998268E-03  7.636931E-05 -7.576216E-05
        87 -9.185336E-05  4.876765E-05 -6.000138E-03
        88 -9.344489E-05  6.496515E-05  5.996649E-03
        89  2.674502E-05  7.856980E-05 -5.967676E-04
        90  4.683283E-04  3.921652E-04 -2.619802E-03
        91  1.218273E-03  8.098894E-04 -5.096435E-03
        92  1.460010E-03  1.015831E-03 -6.231951E-03
        93  9.063845E-04  8.437636E-04 -5.461127E-03
        94 -1.959206E-04  3.901013E-04 -3.510579E-03
        95 -1.126873E-03  6.474233E-05 -2.210943E-03
        96  2.035478E-04 -9.647379E-05 -7.164500E-04
        97  8.322914E-04 -4.272753E-04 -2.850209E-03
        98  1.582434E-03 -8.341946E-04 -5.266052E-03
        99  1.912750E-03 -1.024238E-03 -6.319818E-03
       100  1.678897E-03 -8.476014E-04 -5.529189E-03
       101  1.220175E-03 -4.048533E-04 -3.627003E-03
       102  1.246162E-03 -8.197032E-05 -2.342812E-03
       103 -2.280560E-04 -9.029335E-05  6.752542E-04
       104 -9.827211E-04 -4.199905E-04  2.793612E-03
       105 -1.890827E-03 -8.430380E-04  5.298686E-03
       106 -2.315766E-03 -1.055601E-03  6.466304E-03
       107 -2.070962E-03 -8.943050E-04  5.744498E-03
       108 -1.497793E-03 -4.461213E-04  3.816125E-03
       109 -1.365680E-03 -9.808668E-05  2.419040E-03
       110  2.901849E-05  8.639933E-05  6.513012E-04
       111 -3.193545E-04  4.055714E-04  2.714779E-03
       112 -9.185255E-04  8.139896E-04  5.140658E-03
       113 -1.047319E-03  1.008480E-03  6.219282E-03
       114 -4.918837E-04  8.342776E-04  5.441370E-03
       115  4.947455E-04  3.910957E-04  3.539074E-03
       116  1.252694E-03  7.229177E-05  2.270925E-03
       117 -3.688214E-04  1.150633E-04  7.229400E-05
       118 -2.130183E-03  6.209924E-04  4.028125E-04
       119 -4.542927E-03  1.275581E-03  9.794288E-04
       120 -5.373450E-03  1.491447E-03  1.425738E-03
       121 -3.808631E-03  1.139453E-03  1.560452E-03
       122 -7.387670E-04  4.954093E-04  1.500574E-03
       123  1.353371E-03  8.751121E-05  1.659225E-03
       124 -3.150221E-04 -9.877412E-05  3.055863E-06
       125 -1.932808E-03 -5.658003E-04  3.198866E-04
       126 -4.218493E-03 -1.186954E-03  8.034305E-04
       127 -5.040306E-03 -1.401496E-03  7.998053E-04
       128 -3.585404E-03 -1.075576E-03  9.950058E-05
       129 -6.634061E-04 -4.637817E-04 -1.007860E-03
       130  1.358098E-03 -7.051932E-05 -1.763943E-03
       131  3.216598E-04 -1.004697E-04 -5.729263E-05
       132  2.025794E-03 -5.908057E-04 -2.631505E-04
       133  4.427782E-03 -1.242609E-03 -4.933697E-04
       134  5.250613E-03 -1.456753E-03 -3.966396E-04
       135  3.670581E-03 -1.101396E-03  1.554066E-04
       136  5.942534E-04 -4.562661E-04  1.002101E-03
       137 -1.440924E-03 -5.943575E-05  1.684117E-03
       138  3.288278E-04  1.028400E-04  1.957598E-05
       139  2.010463E-03  5.881113E-04 -4.006867E-04
       140  4.383668E-03  1.233095E-03 -1.252170E-03
       141  5.240016E-03  1.456617E-03 -1.812156E-03
       142  3.739780E-03  1.120579E-03 -1.795978E-03
       143  7.256432E-04  4.896995E-04 -1.451871E-03
       144 -1.339201E-03  8.764398E-05 -1.519910E-03
       145  1.086580E-03  1.175538E-05 -2.345117E-03
       146  4.375911E-04  1.299458E-04 -3.113212E-03
       147 -6.753495E-04  1.178768E-04 -3.156394E-03
       148 -1.118362E-03 -4.053932E-05 -2.626000E-03
       149 -3.687242E-04 -1.243939E-04 -3.197269E-03
       150  7.804984E-04 -7.447982E-05 -3.074895E-03
       151  9.999087E-04 -4.032883E-05  2.652831E-03
       152  2.077260E-04 -1.416489E-04  3.323170E-03
       153 -8.410249E-04 -8.971281E-05  3.182474E-03
       154 -9.256413E-04  2.123038E-05  2.468107E-03
       155 -1.145833E-04  1.283639E-04  3.173866E-03
       156  8.997217E-04  1.028150E-04  3.160446E-03
       157  1.328141E-03  1.327929E-04 -6.489390E-04
       158  1.169976E-03  1.951408E-04  6.263778E-04
       159  1.809948E-03  7.521621E-05  1.766175E-03
       160  1.368318E-03 -1.053527E-04  9.566144E-04
       161  1.229324E-03 -1.622228E-04 -3.503357E-04
       162  1.834299E-03 -4.940630E-05 -1.688202E-03
       163 -1.451668E-03 -8.422258E-05 -1.091304E-03
       164 -1.253843E-03 -1.574909E-04  1.790019E-04
       165 -1.777453E-03 -6.325115E-05  1.630447E-03
       166 -1.280859E-03  1.423252E-04  8.581135E-04
       167 -1.119351E-03  2.061322E-04 -4.087363E-04
       168 -1.760929E-03  8.557881E-05 -1.662096E-03
       169  4.475150E-04  1.157126E-05 -3.430688E-03
       170 -3.388554E-04  1.675420E-05 -3.427515E-03
       171  4.170501E-04  2.015050E-05  3.401810E-03
       172 -2.989253E-04  1.508829E-07  3.404077E-03
       173  2.649151E-03  1.132088E-05  5.037521E-04
       174  2.645492E-03  1.039669E-05 -5.199444E-04
       175 -2.534480E-03 -9.200048E-06  4.812438E-04
       176 -2.538412E-03  3.520780E-05 -4.909705E-04
       177  2.350913E-03  6.535424E-05 -4.176461E-03
       178  2.534403E-03  3.873261E-04 -6.248854E-03
       179  3.139339E-03  8.867635E-04 -9.197585E-03
       180  3.171594E-03  1.215623E-03 -1.097733E-02
       181  2.137130E-03  1.156124E-03 -1.074353E-02
       182  8.306876E-05  7.341971E-04 -8.930295E-03
       183 -2.453565E-03  2.702720E-04 -7.060108E-03
       184 -2.273413E-03 -2.953385E-05 -4.162751E-03
       185 -1.462123E-03 -3.360837E-04 -6.135751E-03
       186 -4.168903E-04 -7.996335E-04 -8.883753E-03
       187  3.555093E-04 -1.087571E-03 -1.045261E-02
       188  8.073175E-04 -1.003597E-03 -1.010590E-02
       189  1.369958E-03 -5.946254E-04 -8.354220E-03
       190  2.830450E-03 -1.956973E-04 -6.754056E-03
       191  2.199023E-03 -5.104488E-05  4.254400E-03
       192  1.272105E-03 -3.728791E-04  6.324744E-03
       193  1.198648E-04 -8.417721E-04  9.097068E-03
       194 -7.040902E-04 -1.124069E-03  1.063240E-02
       195 -1.115358E-03 -1.022566E-03  1.019754E-02
       196 -1.560237E-03 -5.886583E-04  8.333524E-03
       197 -2.885381E-03 -1.781414E-04  6.677965E-03
       198 -2.316315E-03  6.810050E-05  4.230997E-03
       199 -2.424472E-03  3.902098E-04  6.308636E-03
       200 -2.959383E-03  8.739080E-04  9.171739E-03
       201 -2.962533E-03  1.179113E-03  1.083182E-02
       202 -1.963635E-03  1.101442E-03  1.051571E-02
       203  1.237857E-05  6.809490E-04  8.712321E-03
       204  2.503487E-03  2.427589E-04  6.953922E-03
       205  2.543967E-03  7.360186E-05 -2.637811E-03
       206  7.173554E-04  5.979681E-04 -1.164608E-03
       207 -2.209362E-03  1.390773E-03  7.949006E-04
       208 -3.611977E-03  1.749944E-03  2.650713E-03
       209 -2.370343E-03  1.472828E-03  4.027557E-03
       210  8.442789E-04  7.985891E-04  4.873595E-03
       211  3.678960E-03  2.427261E-04  5.443834E-03
       212  2.516349E-03 -5.836163E-05  2.683779E-03
       213  6.336580E-04 -6.002943E-04  1.940977E-03
       214 -2.357897E-03 -1.411841E-03  1.347970E-03
       215 -3.813385E-03 -1.785681E-03  2.406722E-04
       216 -2.569298E-03 -1.509417E-03 -1.554129E-03
       217  7.331853E-04 -8.179746E-04 -3.667485E-03
       218  3.687141E-03 -2.395367E-04 -5.192608E-03
       219 -2.588771E-03 -2.854635E-05 -2.711318E-03
       220 -6.713788E-04 -5.797994E-04 -1.837113E-03
       221  2.510983E-03 -1.441684E-03 -9.573849E-04
       222  4.089574E-03 -1.845554E-03  2.453372E-04
       223  2.822377E-03 -1.563265E-03  1.852475E-03
       224 -6.010920E-04 -8.454279E-04  3.642019E-03
       225 -3.636479E-03 -2.499892E-04  5.049135E-03
       226 -2.622708E-03  4.596332E-05  2.736090E-03
       227 -9.157001E-04  5.381970E-04  1.094279E-03
       228  1.984213E-03  1.324448E-03 -1.315188E-03
       229  3.515726E-03  1.716690E-03 -3.479001E-03
       230  2.501192E-03  1.492617E-03 -4.839970E-03
       231 -5.405539E-04  8.561896E-04 -5.400473E-03
       232 -3.428730E-03  2.893387E-04 -5.658022E-03

 forces (fx,fy,fz) for set RIGHT and time  0.1000000E+01

        21  1.343000E+03  3.228026E+02 -1.807281E+03
        22  4.629183E+02 -7.052330E+01  1.882026E+03
        23 -2.093021E+03  4.232589E+02  3.084236E+01
        24  2.816630E+02  1.393448E+02 -1.076835E+02

 internal energy (element, energy) for set ALL and time  0.1000000E+01

         1  6.382262E-02
         2  6.236716E-02
         3  5.603966E-02
         4  4.516175E-02
         5  4.380736E-02
         6  4.912275E-02
         7  5.447657E-02
         8  5.257474E-02
         9  2.405190E-03
        10  5.187863E-03
        11  1.485756E-03
        12  1.046845E-03
        13  4.061658E-03
        14  1.568644E-03
        15  9.277834E-03
        16  4.533253E-03
        17  1.192542E-02
        18  1.161947E-02
        19  1.323806E-02
        20  1.096079E-02
        21  2.071484E-03
        22  2.287139E-03
        23  8.126603E-03
        24  3.208817E-03
        25  2.447004E-03
        26  3.344519E-03
        27  4.268197E-03
        28  3.975980E-03
        29  3.190428E-03
        30  6.108998E-03
        31  1.967993E-02
        32  1.036160E-02
        33  3.620874E-03
        34  4.759369E-03
        35  4.827037E-03
        36  4.245648E-03
        37  3.788684E-03
        38  6.049579E-03
        39  1.730022E-02
        40  1.101526E-02
        41  2.629965E-03
        42  3.230955E-03
        43  2.932243E-03
        44  2.270318E-03
        45  2.179631E-03
        46  4.209836E-03
        47  1.322192E-02
        48  2.118700E-02
        49  2.286483E-03
        50  2.779294E-03
        51  3.265059E-03
        52  3.096125E-03
        53  2.722137E-03
        54  4.847851E-03
        55  1.322818E-02
        56  9.840699E-03
        57  3.058414E-03
        58  3.582310E-03
        59  5.385997E-04
        60  3.520721E-04
        61  2.036140E-03
        62  6.801594E-04
        63  2.498042E-03
        64  5.590143E-04
        65  8.137665E-04
        66  4.829838E-03
        67  2.493493E-03
        68  4.336182E-03
        69  5.368887E-03
        70  5.548869E-03
        71  4.659098E-03
        72  4.568513E-03
        73  1.591977E-04
        74  1.962190E-04
        75  2.836645E-04
        76  2.636007E-04
        77  3.247387E-04
        78  6.555429E-05
        79  5.683871E-05
        80  2.803076E-04
        81  2.203228E-04
        82  5.765529E-05
        83  5.852980E-05
        84  2.137358E-04
        85  4.100825E-03
        86  5.780999E-04
        87  4.955732E-04
        88  3.913086E-03
        89  5.032712E-03
        90  6.551773E-04
        91  7.223241E-04
        92  5.086366E-03
        93  1.967105E-02
        94  2.125326E-02
        95  1.063623E-02
        96  1.218694E-02
        97  6.984767E-04
        98  1.668359E-03
        99  1.092912E-03
       100  1.474008E-03
       101  9.816640E-02
       102  9.338057E-02
       103  1.291191E-01
       104  9.633395E-02
       105  7.023966E-02
       106  9.561078E-02
       107  7.769320E-02
       108  6.891096E-02
       109  1.447488E-01
       110  1.314479E-01
       111  4.812237E-02
       112  1.331883E-01
       113  1.296808E-01
       114  3.975121E-02
       115  1.425766E-01
       116  7.324542E-02
       117  1.831887E-01
       118  1.161265E-01
       119  5.048175E-02
       120  1.366950E-01
       121  1.280091E-01
       122  3.540288E-02
       123  1.408894E-01
       124  5.110975E-02
       125  1.558283E-01
       126  1.174680E-01
       127  4.207190E-02
       128  1.230684E-01
       129  1.212795E-01
       130  3.427940E-02
       131  1.193932E-01
       132  7.930638E-02
       133  1.720430E-01
       134  1.241182E-01
       135  4.768911E-02
       136  1.362886E-01
       137  1.290381E-01
       138  3.473772E-02
       139  1.448127E-01
       140  8.021353E-02
       141  8.011269E-02
       142  1.167062E-01
       143  3.183969E-02
       144  1.197173E-01
       145  1.118411E-01
       146  2.646358E-02
       147  1.568080E-01
       148  8.826144E-02
       149  7.419916E-02
       150  1.259537E-01
       151  3.151088E-02
       152  1.236980E-01
       153  1.186150E-01
       154  3.001025E-02
       155  1.598096E-01
       156  9.747275E-02
       157  6.541382E-02
       158  1.223546E-01
       159  3.631204E-02
       160  1.263534E-01
       161  1.182860E-01
       162  3.179563E-02
       163  1.683805E-01
       164  8.058373E-02
       165  7.335791E-02
       166  1.379797E-01
       167  4.178126E-02
       168  1.405109E-01
       169  1.347059E-01
       170  3.948619E-02
       171  1.755414E-01
       172  8.896222E-02
       173  8.573472E-02
       174  6.432777E-02
       175  6.732894E-02
       176  7.227639E-02
       177  7.181109E-02
       178  5.468651E-02
       179  6.607429E-02
       180  6.494270E-02
       181  7.528820E-02
       182  5.398077E-02
       183  6.034534E-02
       184  7.895959E-02
       185  8.573965E-02
       186  5.816598E-02
       187  6.388578E-02
       188  7.678860E-02
       189  8.418128E-02
       190  5.857772E-02
       191  5.720899E-02
       192  7.575774E-02
       193  7.742915E-02
       194  5.530394E-02
       195  5.325545E-02
       196  7.031685E-02
       197  8.215308E-02
       198  6.446835E-02
       199  5.794505E-02
       200  6.928738E-02
       201  7.148962E-02
       202  6.368409E-02
       203  5.853946E-02
       204  7.158717E-02
       205  1.060699E-01
       206  1.204297E-01
       207  1.107448E-01
       208  1.132712E-01
       209  1.533296E-01
       210  1.468801E-01
       211  1.438108E-01
       212  1.636074E-01
       213  8.382192E-02
       214  6.843653E-02
       215  8.147100E-02
       216  7.169757E-02
       217  7.130876E-02
       218  8.386173E-02
       219  7.036890E-02
       220  7.308427E-02
       221  8.709722E-02
       222  6.635535E-02
       223  8.547855E-02
       224  5.904625E-02
       225  7.298981E-02
       226  8.023239E-02
       227  7.484369E-02
       228  8.107401E-02
       229  1.341674E-01
       230  1.845553E-01
       231  3.646119E-02
       232  1.269114E-01
       233  1.568649E-01
       234  6.138590E-02
       235  8.565693E-02
       236  6.070474E-02
       237  1.438696E-01
       238  1.828991E-01
       239  4.570040E-02
       240  1.373934E-01
       241  1.603348E-01
       242  6.556135E-02
       243  1.097500E-01
       244  6.258019E-02
       245  1.521583E-01
       246  1.550478E-01
       247  3.541613E-02
       248  1.246790E-01
       249  1.436441E-01
       250  5.529345E-02
       251  1.050233E-01
       252  8.674961E-02
       253  1.615871E-01
       254  1.842002E-01
       255  3.978772E-02
       256  1.364692E-01
       257  1.618833E-01
       258  5.807277E-02
       259  9.960489E-02
       260  6.279849E-02
       261  7.279421E-02
       262  1.791494E-01
       263  3.323937E-02
       264  1.329787E-01
       265  1.477595E-01
       266  4.786592E-02
       267  1.139562E-01
       268  1.110315E-01
       269  9.583913E-02
       270  2.083203E-01
       271  3.696792E-02
       272  1.579253E-01
       273  1.795233E-01
       274  6.228315E-02
       275  1.367665E-01
       276  1.455710E-01
       277  7.075055E-02
       278  2.154651E-01
       279  4.012812E-02
       280  1.585759E-01
       281  1.789941E-01
       282  6.248963E-02
       283  1.338351E-01
       284  1.200900E-01
       285  6.160676E-02
       286  2.082814E-01
       287  3.699556E-02
       288  1.417099E-01
       289  1.673487E-01
       290  6.445488E-02
       291  1.049007E-01
       292  9.865497E-02

 total internal energy for set ALL and time  0.1000000E+01

        1.969553E+01
