
                        S T E P       1


                                INCREMENT     1


 displacements (vx,vy,vz) for set NALL and time  0.1000000E+01

         1  0.000000E+00 -6.617445E-25 -9.926167E-25
         2  0.000000E+00  0.000000E+00 -1.654361E-24
         3  0.000000E+00 -1.323489E-24  1.647744E-22
         4  0.000000E+00 -1.323489E-24  3.176374E-22
         5  6.770876E-04 -9.327216E-06 -8.214917E-04
         6  6.776443E-04  7.241545E-06  8.072995E-04
         7 -6.876676E-04 -3.460535E-07 -8.216747E-04
         8 -6.886181E-04 -1.646063E-06  8.079098E-04
         9  1.289224E-03 -1.307732E-05 -1.662061E-03
        10  1.290261E-03  1.733658E-05  1.686477E-03
        11 -1.422032E-03  4.906238E-06 -1.662419E-03
        12 -1.421835E-03 -5.255025E-06  1.686517E-03
        13  2.420504E-03 -1.350065E-05 -2.989585E-03
        14  2.419984E-03  1.383308E-05  3.176213E-03
        15 -2.517544E-03 -1.722883E-06 -2.990353E-03
        16 -2.517794E-03 -7.007696E-06  3.177153E-03
        17  3.526441E-03 -1.404757E-05 -4.474220E-03
        18  3.524936E-03 -2.227200E-05  4.586859E-03
        19 -3.620013E-03  5.417631E-06 -4.471638E-03
        20 -3.622459E-03  5.597926E-06  4.585465E-03
        21  5.000000E-03 -2.117582E-23 -6.000000E-03
        22  5.000000E-03  0.000000E+00  6.000000E-03
        23 -5.000000E-03 -8.216220E-21 -6.000000E-03
        24 -5.000000E-03  1.439956E-21  6.000000E-03
        25  3.174680E-04 -2.031997E-05 -4.286009E-04
        26  3.125004E-04 -1.116341E-05  3.648861E-04
        27 -2.705602E-04 -9.575034E-06 -4.149757E-04
        28 -3.192061E-04 -1.204382E-05  3.708134E-04
        29  1.173431E-03 -2.274253E-05 -1.102943E-03
        30  8.878557E-04  2.243466E-06  1.095823E-03
        31 -9.212294E-04 -1.269100E-05 -1.104164E-03
        32 -1.035471E-03 -1.657782E-05  1.096778E-03
        33  2.871130E-03 -2.370456E-05 -3.206524E-03
        34  3.271294E-03 -3.222098E-05 -3.420449E-03
        35  3.582116E-03 -3.729402E-05 -3.607730E-03
        36  3.775478E-03 -3.887866E-05 -3.760700E-03
        37  3.839215E-03 -3.791074E-05 -3.891516E-03
        38  3.784032E-03 -3.416397E-05 -4.038683E-03
        39  3.636731E-03 -2.664417E-05 -4.249502E-03
        40  2.478268E-03  2.119211E-06  3.425064E-03
        41  2.448980E-03 -1.162952E-05  3.763887E-03
        42  2.399028E-03 -2.088844E-05  4.103033E-03
        43  2.407250E-03 -2.367262E-05  4.357070E-03
        44  2.528910E-03 -2.289711E-05  4.486210E-03
        45  2.786374E-03 -2.314438E-05  4.500957E-03
        46  3.167364E-03 -2.408051E-05  4.471550E-03
        47 -2.548964E-03 -1.084111E-05 -3.177959E-03
        48 -2.605627E-03 -1.683969E-05 -3.338887E-03
        49 -2.693107E-03 -2.031720E-05 -3.475820E-03
        50 -2.815778E-03 -2.150145E-05 -3.618559E-03
        51 -2.973623E-03 -1.982260E-05 -3.788164E-03
        52 -3.161231E-03 -1.454650E-05 -3.989326E-03
        53 -3.363002E-03 -5.146172E-06 -4.220417E-03
        54 -2.836088E-03 -1.336908E-05  3.334706E-03
        55 -3.174261E-03 -1.820669E-05  3.455930E-03
        56 -3.483906E-03 -2.126197E-05  3.577591E-03
        57 -3.730616E-03 -2.250572E-05  3.719050E-03
        58 -3.883677E-03 -2.087999E-05  3.889487E-03
        59 -3.920017E-03 -1.557552E-05  4.091943E-03
        60 -3.827545E-03 -6.382259E-06  4.324319E-03
        61 -1.587470E-06 -2.688330E-09 -1.100154E-06
        62 -1.757279E-06 -3.789164E-10 -1.216786E-06
        63  1.076062E-07 -2.962785E-08  1.248606E-07
        64 -1.259414E-08 -3.151996E-08 -4.407612E-09
        65  6.770060E-04 -3.878323E-06  1.007196E-04
        66 -6.893628E-04  6.731665E-06 -1.737754E-05
        67 -8.444122E-05 -8.673729E-06 -8.208864E-04
        68  1.448081E-05  1.595805E-06  8.079786E-04
        69  1.289704E-03  2.047555E-06 -9.547973E-04
        70  1.290022E-03  1.423282E-05 -1.107999E-05
        71  1.289891E-03  1.993484E-05  9.440141E-04
        72 -1.423151E-03  2.038006E-05 -9.323901E-04
        73 -1.422576E-03 -5.972954E-06  3.918954E-05
        74 -1.423160E-03 -2.975585E-05  9.978439E-04
        75  7.089168E-04  7.758947E-06 -1.663125E-03
        76 -5.763904E-05 -7.493388E-06 -1.662873E-03
        77 -8.295873E-04 -2.111450E-05 -1.663083E-03
        78  6.789123E-04 -1.753193E-05  1.685176E-03
        79 -1.003708E-04  2.829854E-06  1.685491E-03
        80 -8.617226E-04  2.625497E-05  1.684970E-03
        81  2.422362E-03 -1.111699E-05  1.097286E-04
        82 -2.517703E-03  1.817317E-06  1.083039E-04
        83 -5.533223E-05 -4.781884E-06 -2.988969E-03
        84 -5.936947E-05  4.073502E-06  3.176682E-03
        85  3.530521E-03 -5.661809E-05  1.444911E-04
        86 -3.622004E-03  2.928749E-05  2.268278E-04
        87 -2.190095E-05 -1.942090E-05 -4.470211E-03
        88 -1.005235E-04 -3.502384E-06  4.586032E-03
        89  5.006241E-03  3.883587E-05 -1.925797E-05
        90 -4.999125E-03 -2.558287E-05 -2.037343E-04
        91 -8.528464E-05  1.686975E-05 -5.997025E-03
        92  6.163694E-05 -6.713019E-06  5.998212E-03
        93 -1.328069E-04 -2.048281E-05 -4.194457E-04
        94  4.892101E-05  8.184807E-07 -4.350256E-04
        95 -1.148302E-04  1.802682E-05  3.700132E-04
        96  2.143525E-04 -9.208242E-06  3.685137E-04
        97  3.184731E-04  9.738365E-06  2.727185E-04
        98  3.066268E-04 -8.942902E-06 -2.860347E-04
        99 -3.063359E-04  1.576457E-05  2.561603E-04
       100 -2.755285E-04 -6.308946E-06 -2.920959E-04
       101 -7.186477E-05 -5.145543E-05 -1.091282E-03
       102  1.754201E-05  3.782980E-05 -1.125839E-03
       103 -5.267336E-05  4.419283E-05  1.094555E-03
       104  9.219015E-05 -3.567051E-05  1.096168E-03
       105  1.007687E-03 -6.421007E-06  3.649999E-04
       106  1.040609E-03  1.052266E-05 -2.584841E-04
       107 -9.695875E-04 -5.151969E-06  2.449248E-04
       108 -9.658705E-04  4.672642E-06 -2.396225E-04
       109  9.801998E-04  8.708208E-05 -2.593959E-03
       110  6.685403E-04  2.445736E-04 -3.685442E-03
       111 -5.246647E-04  1.341328E-04 -3.378998E-03
       112 -1.306399E-03 -7.155996E-05 -2.482854E-03
       113 -1.075485E-03 -1.899689E-04 -3.366573E-03
       114  2.015343E-04 -9.689819E-05 -3.173678E-03
       115  8.532253E-04 -1.106705E-04  2.793629E-03
       116  1.803011E-04 -3.029769E-04  4.080196E-03
       117 -9.275209E-04 -1.801827E-04  3.714548E-03
       118 -1.277932E-03  1.205167E-04  2.805059E-03
       119 -7.369468E-04  2.899066E-04  3.974429E-03
       120  5.440416E-04  1.605011E-04  3.599509E-03
       121  4.865070E-04  2.622554E-04 -1.136980E-03
       122 -2.891858E-06  4.316565E-04 -4.212104E-05
       123  1.222237E-03  2.036606E-04  1.599451E-03
       124  5.612024E-04 -2.375820E-04  1.269427E-03
       125  1.097910E-05 -4.242411E-04  2.878880E-04
       126  1.158866E-03 -2.144500E-04 -1.334340E-03
       127 -8.949858E-04 -1.922095E-04 -1.346941E-03
       128 -5.541979E-04 -3.263708E-04 -2.983412E-04
       129 -1.607951E-03 -1.380373E-04  1.477220E-03
       130 -1.017626E-03  1.556218E-04  1.513271E-03
       131 -6.655897E-04  2.930716E-04  5.362290E-04
       132 -1.595650E-03  1.312803E-04 -1.262502E-03
       133  2.098480E-03  1.052038E-04 -4.070192E-03
       134  1.362862E-03  2.648863E-04 -5.196658E-03
       135 -7.211974E-04  1.361249E-04 -4.834267E-03
       136 -1.966506E-03 -1.104048E-04 -4.028440E-03
       137 -1.325178E-03 -2.797472E-04 -5.200700E-03
       138  5.394655E-04 -1.641823E-04 -4.902207E-03
       139  1.737225E-03 -1.115978E-04  4.284801E-03
       140  2.512250E-04 -2.664797E-04  5.376420E-03
       141 -1.660520E-03 -1.220894E-04  4.926429E-03
       142 -1.745101E-03  1.146095E-04  4.288072E-03
       143 -5.657050E-04  2.911939E-04  5.514785E-03
       144  1.236575E-03  1.427085E-04  5.073228E-03
       145  2.209299E-03  9.629725E-05 -1.492642E-03
       146  1.850386E-03  2.356417E-04  1.869154E-04
       147  2.745798E-03  8.268685E-05  2.293973E-03
       148  2.079122E-03 -1.326211E-04  1.651767E-03
       149  1.325340E-03 -3.759080E-04 -1.772954E-05
       150  2.245128E-03 -2.164880E-04 -2.125591E-03
       151 -2.107913E-03 -1.664210E-04 -1.680817E-03
       152 -1.930430E-03 -2.588278E-04 -3.174225E-05
       153 -2.998962E-03 -6.854620E-05  2.200637E-03
       154 -2.093103E-03  1.609310E-04  1.881230E-03
       155 -1.665104E-03  3.198178E-04  2.710532E-04
       156 -2.682611E-03  1.389772E-04 -1.963187E-03
       157  2.509064E-03  1.237195E-04 -5.652571E-03
       158  1.314070E-03  3.604576E-04 -7.180783E-03
       159 -1.401306E-03  2.312575E-04 -6.805676E-03
       160 -2.060599E-03 -1.918940E-04 -5.991806E-03
       161 -4.115528E-04 -4.552191E-04 -7.632969E-03
       162  1.877831E-03 -2.595002E-04 -6.914153E-03
       163  2.210376E-03 -1.889688E-04  5.919472E-03
       164  8.019787E-04 -4.567697E-04  7.604402E-03
       165 -1.541536E-03 -2.998221E-04  7.063269E-03
       166 -2.277338E-03  1.625249E-04  5.868104E-03
       167 -1.199340E-03  3.852060E-04  7.305468E-03
       168  1.224648E-03  2.320702E-04  6.816309E-03
       169  1.838835E-03  5.044882E-04 -1.701604E-03
       170  8.505100E-04  7.974332E-04  1.035247E-03
       171  3.229813E-03  3.077979E-04  3.571016E-03
       172  2.751718E-03 -2.930188E-04  2.313511E-03
       173  2.117531E-03 -5.068216E-04 -3.560105E-04
       174  3.577914E-03 -2.291713E-04 -3.326045E-03
       175 -2.474933E-03 -3.612558E-04 -2.143726E-03
       176 -1.638954E-03 -6.183783E-04  4.397145E-04
       177 -3.316118E-03 -2.870987E-04  3.306425E-03
       178 -2.832336E-03  2.783257E-04  2.598871E-03
       179 -2.235868E-03  4.803258E-04 -2.925975E-04
       180 -3.555204E-03  2.317018E-04 -3.526880E-03

 forces (fx,fy,fz) for set RIGHT and time  0.1000000E+01

        21  2.625001E+03 -5.109038E+02 -1.709632E+03
        22  1.407581E+03 -7.079417E+01  9.737025E+02
        23 -2.190582E+03  4.962653E+02 -1.995054E+03
        24 -1.822289E+03 -6.983457E+02  2.724966E+03

 internal energy (element, energy) for set ALL and time  0.1000000E+01

         1  1.248113E-02
         2  1.672064E-02
         3  1.328506E-02
         4  1.881431E-02
         5  1.392392E-02
         6  2.198277E-02
         7  9.134611E-03
         8  8.009610E-03
         9  1.733765E-03
        10  3.388143E-03
        11  1.411261E-02
        12  3.531182E-03
        13  1.836341E-02
        14  6.754757E-03
        15  4.686337E-03
        16  6.170095E-03
        17  2.637256E-02
        18  1.578655E-02
        19  1.886849E-02
        20  1.413810E-02
        21  9.276244E-04
        22  1.031770E-03
        23  1.032046E-03
        24  1.038848E-03
        25  1.015400E-03
        26  1.112449E-03
        27  1.819514E-03
        28  1.490846E-02
        29  1.823614E-03
        30  1.396777E-03
        31  1.175499E-03
        32  1.496953E-03
        33  1.542536E-03
        34  1.480290E-03
        35  1.738315E-03
        36  1.923478E-02
        37  2.145422E-03
        38  1.543531E-03
        39  1.381125E-03
        40  1.416137E-03
        41  1.447870E-03
        42  1.443285E-03
        43  1.637613E-03
        44  2.480044E-03
        45  2.002062E-03
        46  7.172190E-04
        47  6.059228E-04
        48  6.373199E-04
        49  6.817259E-04
        50  7.453935E-04
        51  8.485986E-04
        52  7.347592E-04
        53  2.259368E-02
        54  7.223903E-02
        55  1.232073E-01
        56  1.272572E-01
        57  2.642930E-03
        58  3.328884E-03
        59  3.709538E-03
        60  3.568472E-03
        61  1.831172E-03
        62  2.543765E-03
        63  2.435511E-03
        64  2.467248E-03
        65  1.064185E-03
        66  5.956209E-03
        67  9.360355E-03
        68  5.090712E-03
        69  1.639886E-03
        70  5.099054E-03
        71  9.859394E-03
        72  5.428595E-03
        73  3.468229E-02
        74  5.304861E-03
        75  4.161865E-03
        76  3.113568E-02
        77  3.542061E-02
        78  4.478373E-03
        79  6.123673E-03
        80  4.041208E-02
        81  3.533144E-02
        82  5.146271E-03
        83  4.353291E-03
        84  3.443606E-02
        85  2.246693E-02
        86  2.440383E-03
        87  4.843290E-03
        88  2.907229E-02
        89  1.611266E-02
        90  1.633094E-02
        91  4.237962E-03
        92  4.275863E-03
        93  8.539297E-03
        94  1.085460E-02
        95  8.624194E-03
        96  7.563394E-03
        97  4.081804E-02
        98  3.300084E-02
        99  2.036439E-02
       100  2.535156E-03
       101  8.181503E-02
       102  7.831034E-02
       103  3.956585E-02
       104  2.221944E-02
       105  6.999521E-02
       106  9.335342E-02
       107  5.991769E-02
       108  2.157191E-02
       109  7.870570E-02
       110  1.056472E-01
       111  3.494091E-02
       112  1.032947E-02
       113  4.182322E-01
       114  2.780175E-01
       115  3.095411E-01
       116  3.235432E-01
       117  3.178188E-01
       118  3.154188E-01
       119  2.605357E-01
       120  3.544659E-01
       121  4.522026E-01
       122  2.741229E-01
       123  4.122775E-01
       124  3.042480E-01
       125  2.728539E-01
       126  4.861152E-01
       127  2.453736E-01
       128  4.226964E-01
       129  3.876623E-01
       130  2.802026E-01
       131  4.163380E-01
       132  2.703792E-01
       133  3.689595E-01
       134  3.676528E-01
       135  3.486412E-01
       136  3.390560E-01
       137  4.011074E-01
       138  3.467047E-01
       139  4.579871E-01
       140  3.011042E-01
       141  3.271530E-01
       142  4.363340E-01
       143  3.344139E-01
       144  4.424978E-01
       145  2.802519E-01
       146  2.424207E-01
       147  2.673156E-01
       148  3.044219E-01
       149  3.164868E-01
       150  2.534633E-01
       151  3.230239E-01
       152  2.807803E-01
       153  2.969222E-01
       154  2.146798E-01
       155  2.512957E-01
       156  3.447695E-01
       157  3.324577E-01
       158  2.347025E-01
       159  2.759878E-01
       160  3.670168E-01
       161  3.515392E-01
       162  2.448854E-01
       163  2.256585E-01
       164  2.900353E-01
       165  3.708897E-01
       166  2.494766E-01
       167  2.331297E-01
       168  2.945118E-01
       169  3.481745E-01
       170  2.818001E-01
       171  2.548777E-01
       172  2.947840E-01
       173  3.209596E-01
       174  2.903684E-01
       175  2.568237E-01
       176  2.892901E-01
       177  3.247044E-01
       178  2.973542E-01
       179  3.302766E-01
       180  3.498325E-01
       181  3.520545E-01
       182  2.679512E-01
       183  3.499322E-01
       184  3.556664E-01
       185  3.192435E-01
       186  2.468080E-01
       187  2.761710E-01
       188  3.892548E-01
       189  3.691740E-01
       190  2.657176E-01
       191  3.442304E-01
       192  4.237999E-01
       193  4.179114E-01
       194  2.802956E-01
       195  2.511137E-01
       196  3.359288E-01
       197  4.482417E-01
       198  3.045591E-01
       199  2.610300E-01
       200  3.574043E-01
       201  3.607323E-01
       202  2.806218E-01
       203  2.622056E-01
       204  3.195606E-01
       205  3.527331E-01
       206  3.046639E-01
       207  2.846295E-01
       208  3.354231E-01
       209  3.114645E-01
       210  2.339318E-01
       211  3.020573E-01
       212  3.027232E-01
       213  2.843265E-01
       214  1.820213E-01
       215  2.483667E-01
       216  3.336129E-01
       217  2.962512E-01
       218  2.063228E-01
       219  2.710933E-01
       220  3.590092E-01
       221  2.805485E-01
       222  1.910198E-01
       223  3.010779E-01
       224  2.559927E-01
       225  4.552337E-01
       226  2.989781E-01
       227  2.129528E-01
       228  3.078001E-01
       229  4.388502E-01
       230  3.172994E-01
       231  2.852232E-01
       232  4.010294E-01
       233  3.814843E-01
       234  2.689980E-01
       235  2.331724E-01
       236  2.815944E-01
       237  3.617786E-01
       238  3.113035E-01
       239  2.699881E-01
       240  3.598415E-01

 total internal energy for set ALL and time  0.1000000E+01

        4.232369E+01
