
                        S T E P       1


                                INCREMENT     1


 displacements (vx,vy,vz) for set TIP_TOP and time  0.1000000E+01

      1991  1.106317E-01 -3.038093E-03 -3.000505E+00
      1992  1.105864E-01 -2.995917E-03 -2.993908E+00
      1995  1.104125E-01 -2.883589E-03 -2.987373E+00
      1998  1.103279E-01 -2.328183E-03 -2.981377E+00
      2000  1.103498E-01 -9.185485E-04 -2.977511E+00
      2002  1.103409E-01 -4.253247E-11 -2.977256E+00
      2004  1.103498E-01  9.185484E-04 -2.977511E+00
      2007  1.103279E-01  2.328183E-03 -2.981377E+00
      2010  1.104125E-01  2.883589E-03 -2.987373E+00
      2013  1.105864E-01  2.995917E-03 -2.993908E+00
      2016  1.106317E-01  3.038093E-03 -3.000505E+00

 forces (fx,fy,fz) for set CLAMP and time  0.1000000E+01

         1  3.214451E+03  4.622836E+03  1.426607E+03
         4  5.724478E+03 -2.649013E-09  2.848417E+03
         5  5.214112E+03  7.741017E+03  4.828093E+02
         8  9.207934E+03 -8.977215E-09  9.688420E+02
         9  3.694244E+03  5.407873E+03 -1.950259E+01
        12  6.506493E+03 -1.498623E-08 -3.513228E+01
        13  1.939068E+03  2.782708E+03 -3.333657E+02
        16  3.416021E+03 -2.084487E-08 -6.618315E+02
        17  3.140135E+01 -5.451533E+01 -4.293938E+02
        20  5.329249E+01 -2.733442E-08 -8.552827E+02
        21 -1.259352E+03 -1.035786E+03 -1.184673E+03
        24 -1.569509E+03 -1.864474E-08 -4.512912E+02
        26  3.214451E+03 -4.622836E+03  1.426607E+03
        28  5.214112E+03 -7.741017E+03  4.828093E+02
        30  3.694244E+03 -5.407873E+03 -1.950259E+01
        32  1.939068E+03 -2.782708E+03 -3.333657E+02
        34  3.140135E+01  5.451533E+01 -4.293938E+02
        36 -1.259352E+03  1.035786E+03 -1.184673E+03
        37 -7.941497E+02 -5.160456E+02 -1.211808E+03
        40 -9.877822E+02 -1.208759E+02 -2.149351E+03
        41 -1.885045E+03 -1.137130E+03 -2.114331E+02
        44 -2.697151E+03 -2.680087E+02 -4.155072E+02
        45 -1.268138E+03 -6.232304E+02  1.382114E+03
        48 -2.063392E+03 -1.474275E+02  2.539763E+03
        50 -8.453950E+02 -1.098459E+02 -1.973961E+03
        52 -2.543729E+03 -2.342853E+02 -4.269638E+02
        54 -2.060845E+03 -1.244221E+02  2.408278E+03
        56 -8.107808E+02 -7.329893E+01 -1.923046E+03
        58 -2.514331E+03 -1.438851E+02 -4.296679E+02
        60 -2.073220E+03 -7.171904E+01  2.373882E+03
        62 -1.715888E+03 -4.752504E+01 -2.808975E+02
        64 -1.411824E+03 -2.080057E+01  1.613332E+03
        66 -9.126168E+02 -5.931663E-09 -1.478685E+02
        68 -7.505987E+02 -2.806011E-09  8.597185E+02
        70 -1.715888E+03  4.752504E+01 -2.808975E+02
        72 -1.411824E+03  2.080057E+01  1.613332E+03
        74 -8.107808E+02  7.329893E+01 -1.923046E+03
        76 -2.514331E+03  1.438851E+02 -4.296679E+02
        78 -2.073220E+03  7.171904E+01  2.373882E+03
        80 -8.453950E+02  1.098459E+02 -1.973961E+03
        82 -2.543729E+03  2.342853E+02 -4.269638E+02
        84 -2.060845E+03  1.244221E+02  2.408278E+03
        86 -9.877822E+02  1.208759E+02 -2.149351E+03
        88 -2.697151E+03  2.680087E+02 -4.155072E+02
        90 -2.063392E+03  1.474275E+02  2.539763E+03
        92 -7.941497E+02  5.160456E+02 -1.211808E+03
        94 -1.885045E+03  1.137130E+03 -2.114331E+02
        96 -1.268138E+03  6.232304E+02  1.382114E+03

 internal energy (element, energy) for set EALL and time  0.1000000E+01

         1  3.313498E+01
         2  1.801159E+01
         3  7.140280E+00
         4  1.197316E+00
         5  1.347738E+00
         6  3.313498E+01
         7  1.801159E+01
         8  7.140280E+00
         9  1.197316E+00
        10  1.347738E+00
        11  3.565998E+00
        12  4.776550E+00
        13  2.938886E+00
        14  4.123830E+00
        15  2.717559E+00
        16  3.915957E+00
        17  2.645254E+00
        18  3.827635E+00
        19  9.471222E-01
        20  1.383273E+00
        21  9.471222E-01
        22  1.383273E+00
        23  2.645254E+00
        24  3.827635E+00
        25  2.717559E+00
        26  3.915957E+00
        27  2.938886E+00
        28  4.123830E+00
        29  3.565998E+00
        30  4.776550E+00
        31  4.367322E+01
        32  2.579619E+01
        33  1.013428E+01
        34  1.706833E+00
        35  2.038564E+00
        36  4.367322E+01
        37  2.579619E+01
        38  1.013428E+01
        39  1.706833E+00
        40  2.038564E+00
        41  3.845903E+00
        42  5.066221E+00
        43  4.093717E+00
        44  5.358378E+00
        45  4.015461E+00
        46  5.281882E+00
        47  3.902421E+00
        48  5.202447E+00
        49  1.389320E+00
        50  1.878800E+00
        51  1.389320E+00
        52  1.878800E+00
        53  3.902421E+00
        54  5.202447E+00
        55  4.015461E+00
        56  5.281882E+00
        57  4.093717E+00
        58  5.358378E+00
        59  3.845903E+00
        60  5.066221E+00
        61  3.900652E+01
        62  2.125063E+01
        63  8.331299E+00
        64  1.363330E+00
        65  1.549574E+00
        66  3.900652E+01
        67  2.125063E+01
        68  8.331299E+00
        69  1.363330E+00
        70  1.549574E+00
        71  2.958441E+00
        72  4.346697E+00
        73  3.130498E+00
        74  4.547821E+00
        75  3.220076E+00
        76  4.664520E+00
        77  3.227982E+00
        78  4.683780E+00
        79  1.170844E+00
        80  1.700824E+00
        81  1.170844E+00
        82  1.700824E+00
        83  3.227982E+00
        84  4.683780E+00
        85  3.220076E+00
        86  4.664520E+00
        87  3.130498E+00
        88  4.547821E+00
        89  2.958441E+00
        90  4.346697E+00
        91  4.127641E+01
        92  2.163973E+01
        93  8.293521E+00
        94  1.376677E+00
        95  1.479758E+00
        96  4.127641E+01
        97  2.163973E+01
        98  8.293521E+00
        99  1.376677E+00
       100  1.479758E+00
       101  3.058664E+00
       102  4.528469E+00
       103  3.121016E+00
       104  4.585407E+00
       105  3.185279E+00
       106  4.638113E+00
       107  3.216279E+00
       108  4.650646E+00
       109  1.169184E+00
       110  1.687658E+00
       111  1.169184E+00
       112  1.687658E+00
       113  3.216279E+00
       114  4.650646E+00
       115  3.185279E+00
       116  4.638113E+00
       117  3.121016E+00
       118  4.585407E+00
       119  3.058664E+00
       120  4.528469E+00
       121  4.299597E+01
       122  2.232583E+01
       123  8.469932E+00
       124  1.419067E+00
       125  1.412192E+00
       126  4.299597E+01
       127  2.232583E+01
       128  8.469932E+00
       129  1.419067E+00
       130  1.412192E+00
       131  3.123035E+00
       132  4.653223E+00
       133  3.148095E+00
       134  4.662593E+00
       135  3.176968E+00
       136  4.674748E+00
       137  3.194934E+00
       138  4.680704E+00
       139  1.161811E+00
       140  1.701333E+00
       141  1.161811E+00
       142  1.701333E+00
       143  3.194934E+00
       144  4.680704E+00
       145  3.176968E+00
       146  4.674748E+00
       147  3.148095E+00
       148  4.662593E+00
       149  3.123035E+00
       150  4.653223E+00
       151  4.442552E+01
       152  2.306895E+01
       153  8.770467E+00
       154  1.502552E+00
       155  1.340570E+00
       156  4.442552E+01
       157  2.306895E+01
       158  8.770467E+00
       159  1.502552E+00
       160  1.340570E+00
       161  3.163120E+00
       162  4.758203E+00
       163  3.171401E+00
       164  4.757503E+00
       165  3.184896E+00
       166  4.764516E+00
       167  3.199371E+00
       168  4.773959E+00
       169  1.164751E+00
       170  1.736775E+00
       171  1.164751E+00
       172  1.736775E+00
       173  3.199371E+00
       174  4.773959E+00
       175  3.184896E+00
       176  4.764516E+00
       177  3.171401E+00
       178  4.757503E+00
       179  3.163120E+00
       180  4.758203E+00
       181  4.563705E+01
       182  2.379571E+01
       183  9.128597E+00
       184  1.617196E+00
       185  1.269437E+00
       186  4.563705E+01
       187  2.379571E+01
       188  9.128597E+00
       189  1.617196E+00
       190  1.269437E+00
       191  3.179138E+00
       192  4.857109E+00
       193  3.184029E+00
       194  4.860862E+00
       195  3.194161E+00
       196  4.872172E+00
       197  3.210654E+00
       198  4.888325E+00
       199  1.170120E+00
       200  1.779988E+00
       201  1.170120E+00
       202  1.779988E+00
       203  3.210654E+00
       204  4.888325E+00
       205  3.194161E+00
       206  4.872172E+00
       207  3.184029E+00
       208  4.860862E+00
       209  3.179138E+00
       210  4.857109E+00
       211  4.673170E+01
       212  2.450131E+01
       213  9.512910E+00
       214  1.750551E+00
       215  1.199889E+00
       216  4.673170E+01
       217  2.450131E+01
       218  9.512910E+00
       219  1.750551E+00
       220  1.199889E+00
       221  3.182717E+00
       222  4.957586E+00
       223  3.188950E+00
       224  4.966788E+00
       225  3.200662E+00
       226  4.983610E+00
       227  3.220139E+00
       228  5.005587E+00
       229  1.174510E+00
       230  1.823833E+00
       231  1.174510E+00
       232  1.823833E+00
       233  3.220139E+00
       234  5.005587E+00
       235  3.200662E+00
       236  4.983610E+00
       237  3.188950E+00
       238  4.966788E+00
       239  3.182717E+00
       240  4.957586E+00
       241  4.773980E+01
       242  2.517585E+01
       243  9.901143E+00
       244  1.894471E+00
       245  1.133226E+00
       246  4.773980E+01
       247  2.517585E+01
       248  9.901143E+00
       249  1.894471E+00
       250  1.133226E+00
       251  3.177566E+00
       252  5.057657E+00
       253  3.185867E+00
       254  5.070339E+00
       255  3.200154E+00
       256  5.091223E+00
       257  3.222377E+00
       258  5.117420E+00
       259  1.175966E+00
       260  1.865326E+00
       261  1.175966E+00
       262  1.865326E+00
       263  3.222377E+00
       264  5.117420E+00
       265  3.200154E+00
       266  5.091223E+00
       267  3.185867E+00
       268  5.070339E+00
       269  3.177566E+00
       270  5.057657E+00
       271  4.866172E+01
       272  2.580986E+01
       273  1.028162E+01
       274  2.044815E+00
       275  1.070398E+00
       276  4.866172E+01
       277  2.580986E+01
       278  1.028162E+01
       279  2.044815E+00
       280  1.070398E+00
       281  3.164576E+00
       282  5.153491E+00
       283  3.174539E+00
       284  5.168064E+00
       285  3.191155E+00
       286  5.191673E+00
       287  3.215705E+00
       288  5.221052E+00
       289  1.174013E+00
       290  1.903633E+00
       291  1.174013E+00
       292  1.903633E+00
       293  3.215705E+00
       294  5.221052E+00
       295  3.191155E+00
       296  5.191673E+00
       297  3.174539E+00
       298  5.168064E+00
       299  3.164576E+00
       300  5.153491E+00
       301  4.948247E+01
       302  2.639333E+01
       303  1.064755E+01
       304  2.199394E+00
       305  1.012263E+00
       306  4.948247E+01
       307  2.639333E+01
       308  1.064755E+01
       309  2.199394E+00
       310  1.012263E+00
       311  3.143317E+00
       312  5.241764E+00
       313  3.154532E+00
       314  5.257519E+00
       315  3.173099E+00
       316  5.283245E+00
       317  3.199743E+00
       318  5.315401E+00
       319  1.168581E+00
       320  1.938464E+00
       321  1.168581E+00
       322  1.938464E+00
       323  3.199743E+00
       324  5.315401E+00
       325  3.173100E+00
       326  5.283245E+00
       327  3.154532E+00
       328  5.257519E+00
       329  3.143317E+00
       330  5.241764E+00
       331  5.018208E+01
       332  2.691543E+01
       333  1.099353E+01
       334  2.356596E+00
       335  9.595542E-01
       336  5.018208E+01
       337  2.691543E+01
       338  1.099353E+01
       339  2.356596E+00
       340  9.595542E-01
       341  3.113198E+00
       342  5.319981E+00
       343  3.125446E+00
       344  5.336784E+00
       345  3.145744E+00
       346  5.364532E+00
       347  3.174435E+00
       348  5.399433E+00
       349  1.159679E+00
       350  1.969491E+00
       351  1.159679E+00
       352  1.969491E+00
       353  3.174435E+00
       354  5.399433E+00
       355  3.145744E+00
       356  5.364532E+00
       357  3.125446E+00
       358  5.336784E+00
       359  3.113198E+00
       360  5.319981E+00
       361  5.073946E+01
       362  2.736440E+01
       363  1.131398E+01
       364  2.514705E+00
       365  9.128833E-01
       366  5.073946E+01
       367  2.736440E+01
       368  1.131398E+01
       369  2.514705E+00
       370  9.128833E-01
       371  3.073760E+00
       372  5.386178E+00
       373  3.086956E+00
       374  5.404117E+00
       375  3.108896E+00
       376  5.434006E+00
       377  3.139705E+00
       378  5.471755E+00
       379  1.147282E+00
       380  1.996210E+00
       381  1.147282E+00
       382  1.996210E+00
       383  3.139705E+00
       384  5.471755E+00
       385  3.108896E+00
       386  5.434006E+00
       387  3.086956E+00
       388  5.404117E+00
       389  3.073760E+00
       390  5.386178E+00
       391  5.113342E+01
       392  2.772777E+01
       393  1.160266E+01
       394  2.671655E+00
       395  8.727257E-01
       396  5.113342E+01
       397  2.772777E+01
       398  1.160266E+01
       399  2.671655E+00
       400  8.727257E-01
       401  3.024724E+00
       402  5.438562E+00
       403  3.038837E+00
       404  5.457749E+00
       405  3.062393E+00
       406  5.489930E+00
       407  3.095448E+00
       408  5.530625E+00
       409  1.131344E+00
       410  2.017972E+00
       411  1.131344E+00
       412  2.017972E+00
       413  3.095448E+00
       414  5.530625E+00
       415  3.062393E+00
       416  5.489930E+00
       417  3.038837E+00
       418  5.457749E+00
       419  3.024724E+00
       420  5.438562E+00
       421  5.134289E+01
       422  2.799258E+01
       423  1.185278E+01
       424  2.824998E+00
       425  8.394105E-01
       426  5.134289E+01
       427  2.799258E+01
       428  1.185278E+01
       429  2.824998E+00
       430  8.394105E-01
       431  2.965960E+00
       432  5.475296E+00
       433  2.980971E+00
       434  5.495799E+00
       435  3.006129E+00
       436  5.530380E+00
       437  3.041586E+00
       438  5.574067E+00
       439  1.111826E+00
       440  2.034031E+00
       441  1.111826E+00
       442  2.034031E+00
       443  3.041586E+00
       444  5.574067E+00
       445  3.006129E+00
       446  5.530380E+00
       447  2.980971E+00
       448  5.495799E+00
       449  2.965960E+00
       450  5.475296E+00
       451  5.134714E+01
       452  2.814571E+01
       453  1.205716E+01
       454  2.971937E+00
       455  8.131019E-01
       456  5.134714E+01
       457  2.814571E+01
       458  1.205716E+01
       459  2.971937E+00
       460  8.131019E-01
       461  2.897463E+00
       462  5.494434E+00
       463  2.913347E+00
       464  5.516261E+00
       465  2.940082E+00
       466  5.553289E+00
       467  2.978116E+00
       468  5.599950E+00
       469  1.088717E+00
       470  2.043586E+00
       471  1.088717E+00
       472  2.043586E+00
       473  2.978116E+00
       474  5.599950E+00
       475  2.940082E+00
       476  5.553289E+00
       477  2.913347E+00
       478  5.516261E+00
       479  2.897463E+00
       480  5.494434E+00
       481  5.112628E+01
       482  2.817425E+01
       483  1.220843E+01
       484  3.109374E+00
       485  7.937767E-01
       486  5.112628E+01
       487  2.817425E+01
       488  1.220843E+01
       489  3.109374E+00
       490  7.937767E-01
       491  2.819343E+00
       492  5.493917E+00
       493  2.836063E+00
       494  5.517029E+00
       495  2.864331E+00
       496  5.556497E+00
       497  2.905133E+00
       498  5.606050E+00
       499  1.062043E+00
       500  2.045801E+00
       501  1.062043E+00
       502  2.045801E+00
       503  2.905133E+00
       504  5.606050E+00
       505  2.864331E+00
       506  5.556497E+00
       507  2.836063E+00
       508  5.517029E+00
       509  2.819343E+00
       510  5.493917E+00
       511  5.066188E+01
       512  2.806584E+01
       513  1.229924E+01
       514  3.233966E+00
       515  7.812040E-01
       516  5.066188E+01
       517  2.806584E+01
       518  1.229924E+01
       519  3.233966E+00
       520  7.812040E-01
       521  2.731808E+00
       522  5.471621E+00
       523  2.749318E+00
       524  5.495940E+00
       525  2.779054E+00
       526  5.537795E+00
       527  2.822834E+00
       528  5.590097E+00
       529  1.031870E+00
       530  2.039827E+00
       531  1.031870E+00
       532  2.039827E+00
       533  2.822834E+00
       534  5.590097E+00
       535  2.779054E+00
       536  5.537795E+00
       537  2.749318E+00
       538  5.495940E+00
       539  2.731808E+00
       540  5.471621E+00
       541  4.993768E+01
       542  2.780917E+01
       543  1.232249E+01
       544  3.342202E+00
       545  7.749281E-01
       546  4.993768E+01
       547  2.780917E+01
       548  1.232249E+01
       549  3.342202E+00
       550  7.749281E-01
       551  2.635169E+00
       552  5.425420E+00
       553  2.653411E+00
       554  5.450836E+00
       555  2.684531E+00
       556  5.494981E+00
       557  2.731516E+00
       558  5.549832E+00
       559  9.983054E-01
       560  2.024816E+00
       561  9.983054E-01
       562  2.024816E+00
       563  2.731516E+00
       564  5.549832E+00
       565  2.684531E+00
       566  5.494981E+00
       567  2.653411E+00
       568  5.450836E+00
       569  2.635169E+00
       570  5.425420E+00
       571  4.894049E+01
       572  2.739448E+01
       573  1.227159E+01
       574  3.430498E+00
       575  7.742615E-01
       576  4.894049E+01
       577  2.739448E+01
       578  1.227159E+01
       579  3.430498E+00
       580  7.742615E-01
       581  2.529822E+00
       582  5.353259E+00
       583  2.548731E+00
       584  5.379633E+00
       585  2.581130E+00
       586  5.425928E+00
       587  2.631568E+00
       588  5.483071E+00
       589  9.614950E-01
       590  1.999955E+00
       591  9.614950E-01
       592  1.999955E+00
       593  2.631568E+00
       594  5.483071E+00
       595  2.581130E+00
       596  5.425928E+00
       597  2.548731E+00
       598  5.379633E+00
       599  2.529822E+00
       600  5.353259E+00
       601  4.766101E+01
       602  2.681410E+01
       603  1.214077E+01
       604  3.495316E+00
       605  7.782884E-01
       606  4.766101E+01
       607  2.681410E+01
       608  1.214077E+01
       609  3.495316E+00
       610  7.782884E-01
       611  2.416246E+00
       612  5.253240E+00
       613  2.435753E+00
       614  5.280409E+00
       615  2.469312E+00
       616  5.328677E+00
       617  2.523469E+00
       618  5.387800E+00
       619  9.216211E-01
       620  1.964495E+00
       621  9.216211E-01
       622  1.964495E+00
       623  2.523469E+00
       624  5.387800E+00
       625  2.469312E+00
       626  5.328677E+00
       627  2.435753E+00
       628  5.280409E+00
       629  2.416246E+00
       630  5.253240E+00
       631  4.609475E+01
       632  2.606304E+01
       633  1.192541E+01
       634  3.533311E+00
       635  7.858835E-01
       636  4.609475E+01
       637  2.606304E+01
       638  1.192541E+01
       639  3.533311E+00
       640  7.858835E-01
       641  2.294996E+00
       642  5.123721E+00
       643  2.315027E+00
       644  5.151500E+00
       645  2.349615E+00
       646  5.201531E+00
       647  2.407774E+00
       648  5.262274E+00
       649  8.789009E-01
       650  1.917791E+00
       651  8.789009E-01
       652  1.917791E+00
       653  2.407774E+00
       654  5.262274E+00
       655  2.349615E+00
       656  5.201531E+00
       657  2.315027E+00
       658  5.151500E+00
       659  2.294996E+00
       660  5.123721E+00
       661  4.424290E+01
       662  2.513957E+01
       663  1.162238E+01
       664  3.541493E+00
       665  7.957456E-01
       666  4.424290E+01
       667  2.513957E+01
       668  1.162238E+01
       669  3.541493E+00
       670  7.957456E-01
       671  2.166692E+00
       672  4.963425E+00
       673  2.187178E+00
       674  4.991618E+00
       675  2.222654E+00
       676  5.043174E+00
       677  2.285115E+00
       678  5.105141E+00
       679  8.335844E-01
       680  1.859347E+00
       681  8.335844E-01
       682  1.859347E+00
       683  2.285115E+00
       684  5.105141E+00
       685  2.222654E+00
       686  5.043174E+00
       687  2.187178E+00
       688  4.991618E+00
       689  2.166692E+00
       690  4.963425E+00
       691  4.211305E+01
       692  2.404572E+01
       693  1.123037E+01
       694  3.517402E+00
       695  8.064482E-01
       696  4.211305E+01
       697  2.404572E+01
       698  1.123037E+01
       699  3.517402E+00
       700  8.064482E-01
       701  2.032022E+00
       702  4.771558E+00
       703  2.052898E+00
       704  4.799971E+00
       705  2.089122E+00
       706  4.852803E+00
       707  2.156192E+00
       708  4.915572E+00
       709  7.859530E-01
       710  1.788868E+00
       711  7.859530E-01
       712  1.788868E+00
       713  2.156192E+00
       714  4.915572E+00
       715  2.089122E+00
       716  4.852803E+00
       717  2.052898E+00
       718  4.799971E+00
       719  2.032022E+00
       720  4.771558E+00
       721  3.971989E+01
       722  2.278779E+01
       723  1.075022E+01
       724  3.459298E+00
       725  8.165053E-01
       726  3.971989E+01
       727  2.278779E+01
       728  1.075022E+01
       729  3.459298E+00
       730  8.165053E-01
       731  1.891740E+00
       732  4.547930E+00
       733  1.912951E+00
       734  4.576390E+00
       735  1.949792E+00
       736  4.630261E+00
       737  2.021783E+00
       738  4.693413E+00
       739  7.363209E-01
       740  1.706310E+00
       741  7.363209E-01
       742  1.706310E+00
       743  2.021783E+00
       744  4.693413E+00
       745  1.949792E+00
       746  4.630261E+00
       747  1.912951E+00
       748  4.576390E+00
       749  1.891740E+00
       750  4.547930E+00
       751  3.708561E+01
       752  2.137667E+01
       753  1.018518E+01
       754  3.366330E+00
       755  8.244517E-01
       756  3.708561E+01
       757  2.137667E+01
       758  1.018518E+01
       759  3.366330E+00
       760  8.244517E-01
       761  1.746672E+00
       762  4.293081E+00
       763  1.768180E+00
       764  4.321467E+00
       765  1.805523E+00
       766  4.376184E+00
       767  1.882750E+00
       768  4.439327E+00
       769  6.850375E-01
       770  1.611942E+00
       771  6.850375E-01
       772  1.611942E+00
       773  1.882750E+00
       774  4.439327E+00
       775  1.805523E+00
       776  4.376184E+00
       777  1.768180E+00
       778  4.321467E+00
       779  1.746672E+00
       780  4.293081E+00
       781  3.424006E+01
       782  1.982804E+01
       783  9.541088E+00
       784  3.238702E+00
       785  8.289350E-01
       786  3.424006E+01
       787  1.982804E+01
       788  9.541088E+00
       789  3.238702E+00
       790  8.289350E-01
       791  1.597726E+00
       792  4.008417E+00
       793  1.619518E+00
       794  4.036687E+00
       795  1.657283E+00
       796  4.092135E+00
       797  1.740056E+00
       798  4.154942E+00
       799  6.324940E-01
       800  1.506392E+00
       801  6.324940E-01
       802  1.506392E+00
       803  1.740056E+00
       804  4.154942E+00
       805  1.657283E+00
       806  4.092135E+00
       807  1.619518E+00
       808  4.036687E+00
       809  1.597726E+00
       810  4.008417E+00
       811  3.122058E+01
       812  1.816236E+01
       813  8.826485E+00
       814  3.077794E+00
       815  8.288158E-01
       816  3.122058E+01
       817  1.816236E+01
       818  8.826485E+00
       819  3.077794E+00
       820  8.288158E-01
       821  1.445919E+00
       822  3.696350E+00
       823  1.468010E+00
       824  3.724567E+00
       825  1.506165E+00
       826  3.780744E+00
       827  1.594796E+00
       828  3.842984E+00
       829  5.791318E-01
       830  1.390694E+00
       831  5.791318E-01
       832  1.390694E+00
       833  1.594796E+00
       834  3.842984E+00
       835  1.506165E+00
       836  3.780744E+00
       837  1.468010E+00
       838  3.724567E+00
       839  1.445919E+00
       840  3.696350E+00
       841  2.807147E+01
       842  1.640464E+01
       843  8.052564E+00
       844  2.886256E+00
       845  8.232741E-01
       846  2.807147E+01
       847  1.640464E+01
       848  8.052564E+00
       849  2.886256E+00
       850  8.232741E-01
       851  1.292414E+00
       852  3.360474E+00
       853  1.314850E+00
       854  3.388799E+00
       855  1.353423E+00
       856  3.445817E+00
       857  1.448224E+00
       858  3.507372E+00
       859  5.254529E-01
       860  1.266321E+00
       861  5.254529E-01
       862  1.266321E+00
       863  1.448224E+00
       864  3.507372E+00
       865  1.353423E+00
       866  3.445817E+00
       867  1.314850E+00
       868  3.388799E+00
       869  1.292414E+00
       870  3.360474E+00
       871  2.484294E+01
       872  1.458384E+01
       873  7.232990E+00
       874  2.668034E+00
       875  8.119223E-01
       876  2.484294E+01
       877  1.458384E+01
       878  7.232990E+00
       879  2.668034E+00
       880  8.119223E-01
       881  1.138586E+00
       882  3.005788E+00
       883  1.161438E+00
       884  3.034399E+00
       885  1.200516E+00
       886  3.092423E+00
       887  1.301806E+00
       888  3.153267E+00
       889  4.720296E-01
       890  1.135191E+00
       891  4.720296E-01
       892  1.135191E+00
       893  1.301806E+00
       894  3.153267E+00
       895  1.200516E+00
       896  3.092423E+00
       897  1.161438E+00
       898  3.034399E+00
       899  1.138586E+00
       900  3.005788E+00
       901  2.158956E+01
       902  1.273212E+01
       903  6.383577E+00
       904  2.428365E+00
       905  7.949243E-01
       906  2.158956E+01
       907  1.273212E+01
       908  6.383577E+00
       909  2.428365E+00
       910  7.949243E-01
       911  9.861319E-01
       912  2.638969E+00
       913  1.009468E+00
       914  2.667859E+00
       915  1.049174E+00
       916  2.726922E+00
       917  1.157273E+00
       918  2.787032E+00
       919  4.195098E-01
       920  9.996411E-01
       921  4.195098E-01
       922  9.996411E-01
       923  1.157273E+00
       924  2.787032E+00
       925  1.049174E+00
       926  2.726922E+00
       927  1.009468E+00
       928  2.667859E+00
       929  9.861319E-01
       930  2.638969E+00
       931  1.836835E+01
       932  1.088367E+01
       933  5.521831E+00
       934  2.173719E+00
       935  7.731176E-01
       936  1.836835E+01
       937  1.088367E+01
       938  5.521831E+00
       939  2.173719E+00
       940  7.731176E-01
       941  8.372081E-01
       942  2.268647E+00
       943  8.610558E-01
       944  2.297240E+00
       945  9.014844E-01
       946  2.356889E+00
       947  1.016688E+00
       948  2.416064E+00
       949  3.686120E-01
       950  8.623562E-01
       951  3.686120E-01
       952  8.623562E-01
       953  1.016688E+00
       954  2.416064E+00
       955  9.014844E-01
       956  2.356889E+00
       957  8.610558E-01
       958  2.297240E+00
       959  8.372081E-01
       960  2.268647E+00
       961  1.523649E+01
       962  9.073566E+00
       963  4.666437E+00
       964  1.911707E+00
       965  7.481229E-01
       966  1.523649E+01
       967  9.073566E+00
       968  4.666437E+00
       969  1.911707E+00
       970  7.481229E-01
       971  6.946046E-01
       972  1.905520E+00
       973  7.189058E-01
       974  1.932091E+00
       975  7.600206E-01
       976  1.990866E+00
       977  8.825496E-01
       978  2.048476E+00
       979  3.201050E-01
       980  7.262515E-01
       981  3.201050E-01
       982  7.262515E-01
       983  8.825496E-01
       984  2.048476E+00
       985  7.600206E-01
       986  1.990866E+00
       987  7.189058E-01
       988  1.932091E+00
       989  6.946046E-01
       990  1.905520E+00
       991  1.224942E+01
       992  7.336665E+00
       993  3.836743E+00
       994  1.650921E+00
       995  7.223793E-01
       996  1.224942E+01
       997  7.336665E+00
       998  3.836743E+00
       999  1.650921E+00
      1000  7.223793E-01
      1001  5.619391E-01
      1002  1.562057E+00
      1003  5.865381E-01
      1004  1.582990E+00
      1005  6.280220E-01
      1006  1.637807E+00
      1007  7.578729E-01
      1008  1.692543E+00
      1009  2.747603E-01
      1010  5.942918E-01
      1011  2.747603E-01
      1012  5.942918E-01
      1013  7.578729E-01
      1014  1.692543E+00
      1015  6.280220E-01
      1016  1.637807E+00
      1017  5.865381E-01
      1018  1.582990E+00
      1019  5.619391E-01
      1020  1.562057E+00
      1021  9.460163E+00
      1022  5.707156E+00
      1023  3.052328E+00
      1024  1.400601E+00
      1025  6.989936E-01
      1026  9.460163E+00
      1027  5.707156E+00
      1028  3.052328E+00
      1029  1.400601E+00
      1030  6.989936E-01
      1031  4.440747E-01
      1032  1.251480E+00
      1033  4.687431E-01
      1034  1.260558E+00
      1035  5.097142E-01
      1036  1.306120E+00
      1037  6.462774E-01
      1038  1.355883E+00
      1039  2.332751E-01
      1040  4.692498E-01
      1041  2.332751E-01
      1042  4.692498E-01
      1043  6.462774E-01
      1044  1.355883E+00
      1045  5.097142E-01
      1046  1.306120E+00
      1047  4.687431E-01
      1048  1.260558E+00
      1049  4.440747E-01
      1050  1.251480E+00
      1051  6.921053E+00
      1052  4.219079E+00
      1053  2.332919E+00
      1054  1.170175E+00
      1055  6.811462E-01
      1056  6.921053E+00
      1057  4.219079E+00
      1058  2.332919E+00
      1059  1.170175E+00
      1060  6.811462E-01
      1061  3.481173E-01
      1062  9.861106E-01
      1063  3.727032E-01
      1064  9.741174E-01
      1065  4.110453E-01
      1066  1.002607E+00
      1067  5.520859E-01
      1068  1.044446E+00
      1069  1.961291E-01
      1070  3.533942E-01
      1071  1.961291E-01
      1072  3.533942E-01
      1073  5.520859E-01
      1074  1.044446E+00
      1075  4.110453E-01
      1076  1.002607E+00
      1077  3.727032E-01
      1078  9.741174E-01
      1079  3.481173E-01
      1080  9.861106E-01
      1081  4.686064E+00
      1082  2.908404E+00
      1083  1.699788E+00
      1084  9.694104E-01
      1085  6.706650E-01
      1086  4.686064E+00
      1087  2.908404E+00
      1088  1.699788E+00
      1089  9.694104E-01
      1090  6.706650E-01
      1091  2.864289E-01
      1092  7.751555E-01
      1093  3.111653E-01
      1094  7.317653E-01
      1095  3.420872E-01
      1096  7.333307E-01
      1097  4.816360E-01
      1098  7.636292E-01
      1099  1.633607E-01
      1100  2.491432E-01
      1101  1.633607E-01
      1102  2.491432E-01
      1103  4.816360E-01
      1104  7.636292E-01
      1105  3.420872E-01
      1106  7.333307E-01
      1107  3.111653E-01
      1108  7.317653E-01
      1109  2.864289E-01
      1110  7.751555E-01
      1111  2.806417E+00
      1112  1.816565E+00
      1113  1.181510E+00
      1114  8.075289E-01
      1115  6.639770E-01
      1116  2.806417E+00
      1117  1.816565E+00
      1118  1.181510E+00
      1119  8.075289E-01
      1120  6.639770E-01
      1121  2.772839E-01
      1122  6.211308E-01
      1123  3.056102E-01
      1124  5.430701E-01
      1125  3.220596E-01
      1126  5.103615E-01
      1127  4.493867E-01
      1128  5.255981E-01
      1129  1.347169E-01
      1130  1.629099E-01
      1131  1.347169E-01
      1132  1.629099E-01
      1133  4.493867E-01
      1134  5.255981E-01
      1135  3.220596E-01
      1136  5.103615E-01
      1137  3.056102E-01
      1138  5.430701E-01
      1139  2.772839E-01
      1140  6.211308E-01
      1141  1.336537E+00
      1142  9.922783E-01
      1143  8.044903E-01
      1144  6.875179E-01
      1145  6.455118E-01
      1146  1.336537E+00
      1147  9.922783E-01
      1148  8.044903E-01
      1149  6.875179E-01
      1150  6.455118E-01
      1151  3.291350E-01
      1152  5.070764E-01
      1153  3.756902E-01
      1154  4.208641E-01
      1155  3.830262E-01
      1156  3.737294E-01
      1157  4.999991E-01
      1158  3.860518E-01
      1159  1.103139E-01
      1160  1.236882E-01
      1161  1.103139E-01
      1162  1.236882E-01
      1163  4.999991E-01
      1164  3.860518E-01
      1165  3.830262E-01
      1166  3.737294E-01
      1167  3.756902E-01
      1168  4.208641E-01
      1169  3.291350E-01
      1170  5.070764E-01
      1171  3.871600E-01
      1172  4.352979E-01
      1173  5.184447E-01
      1174  5.877001E-01
      1175  6.742063E-01
      1176  3.871600E-01
      1177  4.352979E-01
      1178  5.184447E-01
      1179  5.877001E-01
      1180  6.742063E-01
      1181  3.746331E-01
      1182  3.881151E-01
      1183  4.515809E-01
      1184  3.431340E-01
      1185  5.280908E-01
      1186  3.630180E-01
      1187  7.839657E-01
      1188  5.045535E-01
      1189  1.118659E-01
      1190  2.418348E-01
      1191  1.118659E-01
      1192  2.418348E-01
      1193  7.839657E-01
      1194  5.045535E-01
      1195  5.280908E-01
      1196  3.630180E-01
      1197  4.515809E-01
      1198  3.431340E-01
      1199  3.746331E-01
      1200  3.881151E-01
      1201  3.780727E-02
      1202  8.983673E-02
      1203  1.941360E-01
      1204  3.763623E-01
      1205  8.356646E-01
      1206  3.780727E-02
      1207  8.983673E-02
      1208  1.941360E-01
      1209  3.763623E-01
      1210  8.356646E-01
      1211  2.748635E-01
      1212  3.045808E-01
      1213  3.853574E-01
      1214  2.919039E-01
      1215  6.145009E-01
      1216  5.655914E-01
      1217  1.807077E+00
      1218  1.681742E+00
      1219  2.079429E-01
      1220  1.272068E+00
      1221  2.079429E-01
      1222  1.272068E+00
      1223  1.807077E+00
      1224  1.681742E+00
      1225  6.145009E-01
      1226  5.655914E-01
      1227  3.853574E-01
      1228  2.919039E-01
      1229  2.748635E-01
      1230  3.045808E-01
