
                        S T E P       1


                                INCREMENT     1


 displacements (vx,vy,vz) for set TIP_TOP and time  0.1000000E+01

      1175  1.010429E-01 -2.449635E-03 -2.770869E+00
      1176  1.010015E-01 -2.402783E-03 -2.765435E+00
      1179  1.008937E-01 -2.259541E-03 -2.760175E+00
      1182  1.008901E-01 -1.773178E-03 -2.755505E+00
      1184  1.009731E-01 -6.847036E-04 -2.752591E+00
      1186  1.009784E-01  1.927922E-11 -2.752396E+00
      1188  1.009731E-01  6.847036E-04 -2.752591E+00
      1191  1.008901E-01  1.773178E-03 -2.755505E+00
      1194  1.008937E-01  2.259541E-03 -2.760175E+00
      1197  1.010015E-01  2.402783E-03 -2.765435E+00
      1200  1.010429E-01  2.449635E-03 -2.770869E+00

 forces (fx,fy,fz) for set CLAMP and time  0.1000000E+01

         1  3.173653E+03  6.874005E+03  1.799281E+03
         4  5.669311E+03  1.565381E-07  3.593311E+03
         5  5.189080E+03  1.157351E+04  3.161795E+02
         8  9.220512E+03  2.516581E-07  6.311950E+02
         9  3.647516E+03  8.026362E+03 -1.241587E+02
        12  6.473920E+03  2.015274E-07 -2.498258E+02
        13  1.899817E+03  4.078234E+03 -4.096432E+02
        16  3.374911E+03  1.472250E-07 -8.208276E+02
        17  1.059394E+01 -1.616313E+02 -5.191318E+02
        20  2.131483E+01  8.957215E-08 -1.040500E+03
        21 -9.937529E+02 -1.569967E+03 -1.763518E+03
        24 -1.589849E+03  2.514137E-08 -5.979789E+02
        26  3.173653E+03 -6.874005E+03  1.799281E+03
        28  5.189080E+03 -1.157351E+04  3.161795E+02
        30  3.647516E+03 -8.026362E+03 -1.241587E+02
        32  1.899817E+03 -4.078234E+03 -4.096432E+02
        34  1.059394E+01  1.616313E+02 -5.191318E+02
        36 -9.937529E+02  1.569967E+03 -1.763518E+03
        37 -5.790140E+02 -6.785978E+02 -1.735001E+03
        40 -5.116872E+02 -8.637976E+01 -3.208506E+03
        41 -1.870064E+03 -1.497192E+03 -2.909983E+02
        44 -2.629136E+03 -2.001098E+02 -5.745892E+02
        45 -1.455041E+03 -8.200944E+02  1.969984E+03
        48 -2.448165E+03 -1.139366E+02  3.729267E+03
        50 -3.438002E+02 -8.508698E+01 -3.012793E+03
        52 -2.509253E+03 -1.880533E+02 -5.838595E+02
        54 -2.504625E+03 -1.029777E+02  3.585233E+03
        56 -2.757041E+02 -5.886320E+01 -2.943916E+03
        58 -2.480015E+03 -1.222634E+02 -5.885740E+02
        60 -2.550264E+03 -6.403142E+01  3.543497E+03
        62 -1.688872E+03 -4.001480E+01 -3.959507E+02
        64 -1.750281E+03 -1.959407E+01  2.411726E+03
        66 -8.982720E+02  9.666121E-09 -2.105748E+02
        68 -9.338218E+02  7.298377E-09  1.286148E+03
        70 -1.688872E+03  4.001480E+01 -3.959507E+02
        72 -1.750281E+03  1.959407E+01  2.411726E+03
        74 -2.757041E+02  5.886320E+01 -2.943916E+03
        76 -2.480015E+03  1.222634E+02 -5.885740E+02
        78 -2.550264E+03  6.403142E+01  3.543497E+03
        80 -3.438002E+02  8.508698E+01 -3.012793E+03
        82 -2.509253E+03  1.880533E+02 -5.838595E+02
        84 -2.504625E+03  1.029777E+02  3.585233E+03
        86 -5.116872E+02  8.637976E+01 -3.208506E+03
        88 -2.629136E+03  2.001098E+02 -5.745892E+02
        90 -2.448165E+03  1.139366E+02  3.729267E+03
        92 -5.790140E+02  6.785978E+02 -1.735001E+03
        94 -1.870064E+03  1.497192E+03 -2.909983E+02
        96 -1.455041E+03  8.200944E+02  1.969984E+03

 internal energy (element, energy) for set EALL and time  0.1000000E+01

         1  4.961496E+01
         2  2.740405E+01
         3  1.089010E+01
         4  1.989006E+00
         5  2.344541E+00
         6  4.961496E+01
         7  2.740405E+01
         8  1.089010E+01
         9  1.989006E+00
        10  2.344541E+00
        11  5.084333E+00
        12  6.810754E+00
        13  4.531089E+00
        14  6.241022E+00
        15  4.302419E+00
        16  6.028144E+00
        17  4.220528E+00
        18  5.945391E+00
        19  1.520800E+00
        20  2.154578E+00
        21  1.520800E+00
        22  2.154578E+00
        23  4.220528E+00
        24  5.945391E+00
        25  4.302419E+00
        26  6.028144E+00
        27  4.531089E+00
        28  6.241022E+00
        29  5.084333E+00
        30  6.810754E+00
        31  6.073661E+01
        32  3.466937E+01
        33  1.376535E+01
        34  2.603216E+00
        35  2.973618E+00
        36  6.073661E+01
        37  3.466937E+01
        38  1.376535E+01
        39  2.603216E+00
        40  2.973618E+00
        41  5.072195E+00
        42  7.028555E+00
        43  5.417063E+00
        44  7.428826E+00
        45  5.445563E+00
        46  7.457283E+00
        47  5.402141E+00
        48  7.418041E+00
        49  1.951889E+00
        50  2.687392E+00
        51  1.951889E+00
        52  2.687392E+00
        53  5.402141E+00
        54  7.418041E+00
        55  5.445563E+00
        56  7.457283E+00
        57  5.417063E+00
        58  7.428826E+00
        59  5.072195E+00
        60  7.028555E+00
        61  6.520859E+01
        62  3.433924E+01
        63  1.345938E+01
        64  2.610790E+00
        65  2.733640E+00
        66  6.520859E+01
        67  3.433924E+01
        68  1.345938E+01
        69  2.610790E+00
        70  2.733640E+00
        71  5.053728E+00
        72  7.279764E+00
        73  5.160131E+00
        74  7.396188E+00
        75  5.270309E+00
        76  7.523469E+00
        77  5.299446E+00
        78  7.558551E+00
        79  1.923246E+00
        80  2.745859E+00
        81  1.923246E+00
        82  2.745859E+00
        83  5.299446E+00
        84  7.558551E+00
        85  5.270309E+00
        86  7.523469E+00
        87  5.160131E+00
        88  7.396188E+00
        89  5.053728E+00
        90  7.279764E+00
        91  6.967310E+01
        92  3.634601E+01
        93  1.411518E+01
        94  2.840522E+00
        95  2.594361E+00
        96  6.967310E+01
        97  3.634601E+01
        98  1.411518E+01
        99  2.840522E+00
       100  2.594361E+00
       101  5.292880E+00
       102  7.765975E+00
       103  5.292899E+00
       104  7.755789E+00
       105  5.311516E+00
       106  7.764318E+00
       107  5.339017E+00
       108  7.782031E+00
       109  1.945015E+00
       110  2.831641E+00
       111  1.945015E+00
       112  2.831641E+00
       113  5.339017E+00
       114  7.782031E+00
       115  5.311516E+00
       116  7.764318E+00
       117  5.292899E+00
       118  7.755789E+00
       119  5.292880E+00
       120  7.765975E+00
       121  7.243253E+01
       122  3.813338E+01
       123  1.507307E+01
       124  3.199306E+00
       125  2.465526E+00
       126  7.243253E+01
       127  3.813338E+01
       128  1.507307E+01
       129  3.199306E+00
       130  2.465526E+00
       131  5.355490E+00
       132  8.069037E+00
       133  5.363417E+00
       134  8.071113E+00
       135  5.380038E+00
       136  8.085295E+00
       137  5.407998E+00
       138  8.113742E+00
       139  1.971943E+00
       140  2.956245E+00
       141  1.971943E+00
       142  2.956245E+00
       143  5.407998E+00
       144  8.113742E+00
       145  5.380038E+00
       146  8.085295E+00
       147  5.363417E+00
       148  8.071113E+00
       149  5.355490E+00
       150  8.069037E+00
       151  7.479039E+01
       152  3.978140E+01
       153  1.608917E+01
       154  3.638819E+00
       155  2.367820E+00
       156  7.479039E+01
       157  3.978140E+01
       158  1.608917E+01
       159  3.638819E+00
       160  2.367820E+00
       161  5.405916E+00
       162  8.363739E+00
       163  5.421593E+00
       164  8.382608E+00
       165  5.449615E+00
       166  8.417236E+00
       167  5.487574E+00
       168  8.462581E+00
       169  2.002114E+00
       170  3.085352E+00
       171  2.002114E+00
       172  3.085352E+00
       173  5.487574E+00
       174  8.462581E+00
       175  5.449615E+00
       176  8.417236E+00
       177  5.421593E+00
       178  8.382608E+00
       179  5.405916E+00
       180  8.363739E+00
       181  7.662908E+01
       182  4.117987E+01
       183  1.703952E+01
       184  4.102663E+00
       185  2.291495E+00
       186  7.662908E+01
       187  4.117987E+01
       188  1.703952E+01
       189  4.102663E+00
       190  2.291495E+00
       191  5.430263E+00
       192  8.643499E+00
       193  5.450677E+00
       194  8.670329E+00
       195  5.484991E+00
       196  8.714650E+00
       197  5.528668E+00
       198  8.769418E+00
       199  2.017471E+00
       200  3.198342E+00
       201  2.017471E+00
       202  3.198342E+00
       203  5.528668E+00
       204  8.769418E+00
       205  5.484991E+00
       206  8.714650E+00
       207  5.450677E+00
       208  8.670329E+00
       209  5.430263E+00
       210  8.643499E+00
       211  7.783180E+01
       212  4.224898E+01
       213  1.787642E+01
       214  4.573276E+00
       215  2.241000E+00
       216  7.783180E+01
       217  4.224898E+01
       218  1.787642E+01
       219  4.573276E+00
       220  2.241000E+00
       221  5.425943E+00
       222  8.886831E+00
       223  5.448227E+00
       224  8.916442E+00
       225  5.486752E+00
       226  8.966558E+00
       227  5.534965E+00
       228  9.028110E+00
       229  2.019443E+00
       230  3.292990E+00
       231  2.019443E+00
       232  3.292990E+00
       233  5.534965E+00
       234  9.028110E+00
       235  5.486752E+00
       236  8.966558E+00
       237  5.448227E+00
       238  8.916442E+00
       239  5.425943E+00
       240  8.886831E+00
       241  7.822092E+01
       242  4.288929E+01
       243  1.855026E+01
       244  5.033024E+00
       245  2.218841E+00
       246  7.822092E+01
       247  4.288929E+01
       248  1.855026E+01
       249  5.033024E+00
       250  2.218841E+00
       251  5.385887E+00
       252  9.072406E+00
       253  5.409738E+00
       254  9.104321E+00
       255  5.451836E+00
       256  9.159474E+00
       257  5.504921E+00
       258  9.227133E+00
       259  2.007694E+00
       260  3.365398E+00
       261  2.007694E+00
       262  3.365398E+00
       263  5.504921E+00
       264  9.227133E+00
       265  5.451836E+00
       266  9.159474E+00
       267  5.409738E+00
       268  9.104321E+00
       269  5.385887E+00
       270  9.072406E+00
       271  7.764020E+01
       272  4.300175E+01
       273  1.900617E+01
       274  5.458388E+00
       275  2.223610E+00
       276  7.764020E+01
       277  4.300175E+01
       278  1.900617E+01
       279  5.458388E+00
       280  2.223610E+00
       281  5.306687E+00
       282  9.181017E+00
       283  5.331928E+00
       284  9.215097E+00
       285  5.377314E+00
       286  9.275141E+00
       287  5.435934E+00
       288  9.348289E+00
       289  1.981222E+00
       290  3.408782E+00
       291  1.981222E+00
       292  3.408782E+00
       293  5.435934E+00
       294  9.348289E+00
       295  5.377314E+00
       296  9.275141E+00
       297  5.331928E+00
       298  9.215097E+00
       299  5.306687E+00
       300  9.181017E+00
       301  7.595274E+01
       302  4.249229E+01
       303  1.918575E+01
       304  5.820377E+00
       305  2.249915E+00
       306  7.595274E+01
       307  4.249229E+01
       308  1.918575E+01
       309  5.820377E+00
       310  2.249915E+00
       311  5.184450E+00
       312  9.192339E+00
       313  5.210739E+00
       314  9.228087E+00
       315  5.258860E+00
       316  9.292482E+00
       317  5.323866E+00
       318  9.370111E+00
       319  1.938566E+00
       320  3.415198E+00
       321  1.938566E+00
       322  3.415198E+00
       323  5.323866E+00
       324  9.370111E+00
       325  5.258860E+00
       326  9.292482E+00
       327  5.210739E+00
       328  9.228087E+00
       329  5.184450E+00
       330  9.192339E+00
       331  7.305640E+01
       332  4.128312E+01
       333  1.903436E+01
       334  6.086961E+00
       335  2.288248E+00
       336  7.305640E+01
       337  4.128312E+01
       338  1.903436E+01
       339  6.086961E+00
       340  2.288248E+00
       341  5.014434E+00
       342  9.084590E+00
       343  5.041349E+00
       344  9.121273E+00
       345  5.091472E+00
       346  9.189146E+00
       347  5.163928E+00
       348  9.269884E+00
       349  1.878116E+00
       350  3.376295E+00
       351  1.878116E+00
       352  3.376295E+00
       353  5.163928E+00
       354  9.269884E+00
       355  5.091472E+00
       356  9.189146E+00
       357  5.041349E+00
       358  9.121273E+00
       359  5.014434E+00
       360  9.084590E+00
       361  6.890373E+01
       362  3.932526E+01
       363  1.850800E+01
       364  6.225951E+00
       365  2.325325E+00
       366  6.890373E+01
       367  3.932526E+01
       368  1.850800E+01
       369  6.225951E+00
       370  2.325325E+00
       371  4.790792E+00
       372  8.836058E+00
       373  4.817970E+00
       374  8.872903E+00
       375  4.869308E+00
       376  8.943217E+00
       377  4.950550E+00
       378  9.025493E+00
       379  1.798095E+00
       380  3.284040E+00
       381  1.798095E+00
       382  3.284040E+00
       383  4.950550E+00
       384  9.025493E+00
       385  4.869308E+00
       386  8.943217E+00
       387  4.817970E+00
       388  8.872903E+00
       389  4.790792E+00
       390  8.836058E+00
       391  6.352149E+01
       392  3.661143E+01
       393  1.758107E+01
       394  6.208861E+00
       395  2.345131E+00
       396  6.352149E+01
       397  3.661143E+01
       398  1.758107E+01
       399  6.208861E+00
       400  2.345131E+00
       401  4.506896E+00
       402  8.427520E+00
       403  4.534179E+00
       404  8.463981E+00
       405  4.586079E+00
       406  8.535835E+00
       407  4.677723E+00
       408  8.618160E+00
       409  1.696673E+00
       410  3.131738E+00
       411  1.696673E+00
       412  3.131738E+00
       413  4.677723E+00
       414  8.618160E+00
       415  4.586079E+00
       416  8.535835E+00
       417  4.534179E+00
       418  8.463981E+00
       419  4.506896E+00
       420  8.427520E+00
       421  5.702496E+01
       422  3.318685E+01
       423  1.625398E+01
       424  6.015663E+00
       425  2.330985E+00
       426  5.702496E+01
       427  3.318685E+01
       428  1.625398E+01
       429  6.015663E+00
       430  2.330985E+00
       431  4.156311E+00
       432  7.845684E+00
       433  4.183933E+00
       434  7.881841E+00
       435  4.236137E+00
       436  7.954915E+00
       437  4.340058E+00
       438  8.036284E+00
       439  1.572323E+00
       440  2.915446E+00
       441  1.572323E+00
       442  2.915446E+00
       443  4.340058E+00
       444  8.036284E+00
       445  4.236137E+00
       446  7.954915E+00
       447  4.183933E+00
       448  7.881841E+00
       449  4.156311E+00
       450  7.845684E+00
       451  4.962330E+01
       452  2.915532E+01
       453  1.455910E+01
       454  5.639680E+00
       455  2.268498E+00
       456  4.962330E+01
       457  2.915532E+01
       458  1.455910E+01
       459  5.639680E+00
       460  2.268498E+00
       461  3.734916E+00
       462  7.087888E+00
       463  3.763622E+00
       464  7.124784E+00
       465  3.816495E+00
       466  7.199743E+00
       467  3.934733E+00
       468  7.279980E+00
       469  1.424471E+00
       470  2.635568E+00
       471  1.424471E+00
       472  2.635568E+00
       473  3.934733E+00
       474  7.279980E+00
       475  3.816495E+00
       476  7.199743E+00
       477  3.763622E+00
       478  7.124784E+00
       479  3.734916E+00
       480  7.087888E+00
       481  4.161146E+01
       482  2.467742E+01
       483  1.256302E+01
       484  5.091612E+00
       485  2.149078E+00
       486  4.161146E+01
       487  2.467742E+01
       488  1.256302E+01
       489  5.091612E+00
       490  2.149078E+00
       491  3.244727E+00
       492  6.168478E+00
       493  3.275474E+00
       494  6.207673E+00
       495  3.329796E+00
       496  6.285813E+00
       497  3.464195E+00
       498  6.365433E+00
       499  1.254357E+00
       500  2.298308E+00
       501  1.254357E+00
       502  2.298308E+00
       503  3.464195E+00
       504  6.365433E+00
       505  3.329796E+00
       506  6.285813E+00
       507  3.275474E+00
       508  6.207673E+00
       509  3.244727E+00
       510  6.168478E+00
       511  3.334636E+01
       512  1.995926E+01
       513  1.036383E+01
       514  4.401690E+00
       515  1.973340E+00
       516  3.334636E+01
       517  1.995926E+01
       518  1.036383E+01
       519  4.401690E+00
       520  1.973340E+00
       521  2.699814E+00
       522  5.126750E+00
       523  2.732386E+00
       524  5.167913E+00
       525  2.787993E+00
       526  5.248793E+00
       527  2.939256E+00
       528  5.327536E+00
       529  1.065918E+00
       530  1.916363E+00
       531  1.065918E+00
       532  1.916363E+00
       533  2.939256E+00
       534  5.327536E+00
       535  2.787993E+00
       536  5.248793E+00
       537  2.732386E+00
       538  5.167913E+00
       539  2.699814E+00
       540  5.126750E+00
       541  2.520976E+01
       542  1.523321E+01
       543  8.084169E+00
       544  3.619615E+00
       545  1.753618E+00
       546  2.520976E+01
       547  1.523321E+01
       548  8.084169E+00
       549  3.619615E+00
       550  1.753618E+00
       551  2.132402E+00
       552  4.033825E+00
       553  2.162894E+00
       554  4.069465E+00
       555  2.215697E+00
       556  4.145583E+00
       557  2.381412E+00
       558  4.219035E+00
       559  8.661237E-01
       560  1.508462E+00
       561  8.661237E-01
       562  1.508462E+00
       563  2.381412E+00
       564  4.219035E+00
       565  2.215697E+00
       566  4.145583E+00
       567  2.162894E+00
       568  4.069465E+00
       569  2.132402E+00
       570  4.033825E+00
       571  1.757695E+01
       572  1.074010E+01
       573  5.861443E+00
       574  2.810478E+00
       575  1.513700E+00
       576  1.757695E+01
       577  1.074010E+01
       578  5.861443E+00
       579  2.810478E+00
       580  1.513700E+00
       581  1.595847E+00
       582  2.990404E+00
       583  1.612991E+00
       584  2.997886E+00
       585  1.651461E+00
       586  3.047974E+00
       587  1.824479E+00
       588  3.104746E+00
       589  6.650626E-01
       590  1.097510E+00
       591  6.650626E-01
       592  1.097510E+00
       593  1.824479E+00
       594  3.104746E+00
       595  1.651461E+00
       596  3.047974E+00
       597  1.612991E+00
       598  2.997886E+00
       599  1.595847E+00
       600  2.990404E+00
       601  1.083726E+01
       602  6.728840E+00
       603  3.837357E+00
       604  2.045750E+00
       605  1.285214E+00
       606  1.083726E+01
       607  6.728840E+00
       608  3.837357E+00
       609  2.045750E+00
       610  1.285214E+00
       611  1.156077E+00
       612  2.105519E+00
       613  1.138355E+00
       614  2.036989E+00
       615  1.141291E+00
       616  2.024209E+00
       617  1.309912E+00
       618  2.051459E+00
       619  4.745213E-01
       620  7.091652E-01
       621  4.745213E-01
       622  7.091652E-01
       623  1.309912E+00
       624  2.051459E+00
       625  1.141291E+00
       626  2.024209E+00
       627  1.138355E+00
       628  2.036989E+00
       629  1.156077E+00
       630  2.105519E+00
       631  5.389332E+00
       632  3.479956E+00
       633  2.192638E+00
       634  1.407594E+00
       635  1.085040E+00
       636  5.389332E+00
       637  3.479956E+00
       638  2.192638E+00
       639  1.407594E+00
       640  1.085040E+00
       641  8.673832E-01
       642  1.426844E+00
       643  8.140014E-01
       644  1.261308E+00
       645  7.614227E-01
       646  1.160399E+00
       647  9.018914E-01
       648  1.145292E+00
       649  3.085971E-01
       650  3.775011E-01
       651  3.085971E-01
       652  3.775011E-01
       653  9.018914E-01
       654  1.145292E+00
       655  7.614227E-01
       656  1.160399E+00
       657  8.140014E-01
       658  1.261308E+00
       659  8.673832E-01
       660  1.426844E+00
       661  1.639601E+00
       662  1.282157E+00
       663  1.080714E+00
       664  9.604929E-01
       665  9.288601E-01
       666  1.639601E+00
       667  1.282157E+00
       668  1.080714E+00
       669  9.604929E-01
       670  9.288601E-01
       671  6.703273E-01
       672  8.438019E-01
       673  6.608942E-01
       674  6.914950E-01
       675  6.370368E-01
       676  6.158779E-01
       677  8.062104E-01
       678  6.324207E-01
       679  1.931291E-01
       680  2.229632E-01
       681  1.931291E-01
       682  2.229632E-01
       683  8.062104E-01
       684  6.324207E-01
       685  6.370368E-01
       686  6.158779E-01
       687  6.608942E-01
       688  6.914950E-01
       689  6.703273E-01
       690  8.438019E-01
       691  1.545530E-01
       692  2.072219E-01
       693  3.133261E-01
       694  4.721182E-01
       695  8.359197E-01
       696  1.545530E-01
       697  2.072219E-01
       698  3.133261E-01
       699  4.721182E-01
       700  8.359197E-01
       701  3.507229E-01
       702  3.747651E-01
       703  4.123522E-01
       704  2.983322E-01
       705  5.883666E-01
       706  5.105149E-01
       707  1.530560E+00
       708  1.365507E+00
       709  1.923583E-01
       710  9.724034E-01
       711  1.923583E-01
       712  9.724034E-01
       713  1.530560E+00
       714  1.365507E+00
       715  5.883666E-01
       716  5.105149E-01
       717  4.123522E-01
       718  2.983322E-01
       719  3.507229E-01
       720  3.747651E-01
