
                        S T E P       1


                                INCREMENT     1


 displacements (vx,vy,vz) for set NALL and time  0.1000000E+01

         1  1.323489E-24  1.323489E-24  0.000000E+00
         2  0.000000E+00  2.646978E-24  1.323489E-24
         3  0.000000E+00  0.000000E+00  3.050642E-22
         4  0.000000E+00  0.000000E+00  2.335958E-22
         5  3.010140E-03 -2.591421E-05 -3.257668E-03
         6  3.011192E-03  3.700651E-05  3.310074E-03
         7 -2.931285E-03  3.100027E-05 -3.257786E-03
         8 -2.932868E-03 -2.425067E-05  3.310580E-03
         9  3.341080E-03 -7.678720E-06 -4.062702E-03
        10  3.341261E-03  1.136748E-05  4.079104E-03
        11 -3.289447E-03  1.296346E-05 -4.062840E-03
        12 -3.289400E-03 -3.014730E-06  4.079460E-03
        13  3.821468E-03 -2.763353E-06 -4.706462E-03
        14  3.821812E-03  7.397968E-06  4.708107E-03
        15 -3.835468E-03  3.636726E-06 -4.706549E-03
        16 -3.835341E-03  2.980786E-06  4.708253E-03
        17  4.530715E-03  3.087445E-06 -5.562517E-03
        18  4.531442E-03 -5.167090E-06  5.587995E-03
        19 -4.555757E-03 -6.842158E-06 -5.562980E-03
        20 -4.555747E-03  1.017444E-05  5.588518E-03
        21  5.000000E-03  0.000000E+00 -6.000000E-03
        22  5.000000E-03  0.000000E+00  6.000000E-03
        23 -5.000000E-03 -2.117582E-23 -6.000000E-03
        24 -5.000000E-03 -8.735027E-22  6.000000E-03
        25  8.349464E-05 -6.339206E-06 -1.284874E-04
        26  4.161888E-04 -2.449017E-05 -5.773087E-04
        27  9.952625E-04 -4.357377E-05 -1.276229E-03
        28  1.653216E-03 -5.093620E-05 -1.994256E-03
        29  2.254785E-03 -4.646613E-05 -2.576151E-03
        30  2.705979E-03 -3.713004E-05 -2.963306E-03
        31  2.962226E-03 -2.989108E-05 -3.179930E-03
        32  7.153724E-05 -1.071445E-06  3.908789E-05
        33  3.143096E-04 -7.485059E-06  2.019465E-04
        34  7.118331E-04 -1.591522E-05  5.591066E-04
        35  1.184053E-03 -2.050333E-05  1.126883E-03
        36  1.678028E-03 -1.323560E-05  1.844007E-03
        37  2.166019E-03  6.208940E-06  2.571755E-03
        38  2.628525E-03  2.873695E-05  3.115598E-03
        39 -1.389279E-04 -1.879437E-06 -3.087229E-05
        40 -4.786478E-04 -7.853444E-06 -1.992289E-04
        41 -9.065577E-04 -1.745789E-05 -5.870157E-04
        42 -1.363636E-03 -2.228658E-05 -1.169381E-03
        43 -1.812921E-03 -1.531944E-05 -1.875021E-03
        44 -2.238918E-03  3.138595E-06 -2.568325E-03
        45 -2.632957E-03  2.356788E-05 -3.069528E-03
        46 -1.475732E-04 -3.257955E-06  9.515695E-05
        47 -5.882124E-04 -2.031678E-05  5.010965E-04
        48 -1.235819E-03 -3.962811E-05  1.218573E-03
        49 -1.927099E-03 -4.754462E-05  2.001545E-03
        50 -2.518351E-03 -4.223696E-05  2.659121E-03
        51 -2.905852E-03 -3.181238E-05  3.091430E-03
        52 -3.034278E-03 -2.472770E-05  3.283830E-03
        53  3.299375E-03 -2.385222E-05 -3.242115E-03
        54  3.521434E-03 -2.311530E-05 -3.224395E-03
        55  3.666382E-03 -2.406569E-05 -3.275045E-03
        56  3.739028E-03 -2.504761E-05 -3.412797E-03
        57  3.741027E-03 -2.283396E-05 -3.620764E-03
        58  3.670878E-03 -1.668991E-05 -3.847086E-03
        59  3.528311E-03 -9.741606E-06 -4.012385E-03
        60  2.926116E-03  3.394094E-05  3.377803E-03
        61  2.810825E-03  2.519400E-05  3.582273E-03
        62  2.714873E-03  1.796069E-05  3.843425E-03
        63  2.690755E-03  1.550244E-05  4.057152E-03
        64  2.763478E-03  1.598622E-05  4.164935E-03
        65  2.922183E-03  1.564600E-05  4.169102E-03
        66  3.127325E-03  1.301048E-05  4.119815E-03
        67 -2.798120E-03  2.483836E-05 -3.359770E-03
        68 -2.686836E-03  1.750063E-05 -3.551521E-03
        69 -2.623294E-03  1.251201E-05 -3.737800E-03
        70 -2.629778E-03  1.102869E-05 -3.892312E-03
        71 -2.714319E-03  1.193870E-05 -4.001046E-03
        72 -2.870309E-03  1.333232E-05 -4.058614E-03
        73 -3.076206E-03  1.378359E-05 -4.070492E-03
        74 -3.109245E-03 -2.030018E-05  3.260471E-03
        75 -3.278443E-03 -1.894068E-05  3.223538E-03
        76 -3.418244E-03 -1.984275E-05  3.271490E-03
        77 -3.518640E-03 -2.091289E-05  3.413926E-03
        78 -3.566567E-03 -1.869461E-05  3.626815E-03
        79 -3.548024E-03 -1.248304E-05  3.857127E-03
        80 -3.452123E-03 -5.336978E-06  4.029155E-03
        81  5.521105E-03 -4.668596E-06 -5.761435E-03
        82  4.092959E-03 -8.993901E-06  5.767696E-03
        83 -4.043283E-03 -9.921053E-06 -5.773397E-03
        84 -5.489681E-03 -9.704777E-07  5.782121E-03
        85  9.497848E-07  3.913970E-07 -9.523197E-08
        86  7.829407E-07  4.775827E-06 -1.523013E-06
        87  1.306358E-06  4.407023E-06 -1.346446E-06
        88 -8.367224E-07 -1.162577E-06  3.258587E-07
        89 -6.006294E-07  7.501468E-07 -2.794162E-07
        90 -8.943585E-07  1.909865E-06 -6.671333E-07
        91 -2.049683E-07  6.235367E-07  6.859758E-07
        92  4.834769E-08 -6.588359E-08  4.752976E-07
        93  3.139776E-07 -6.844416E-07  6.968112E-07
        94 -8.743370E-07  1.986119E-06 -1.158981E-06
        95 -8.611033E-07  2.032419E-06 -7.068113E-07
        96 -7.615816E-08  4.961924E-08 -8.978243E-07
        97  3.010207E-03 -4.070672E-05 -1.520124E-03
        98  3.011067E-03  7.686425E-06  1.544431E-05
        99  3.010397E-03  5.408213E-05  1.557386E-03
       100 -2.932522E-03  3.483220E-05 -1.544488E-03
       101 -2.932005E-03  1.793496E-05  1.950885E-05
       102 -2.932780E-03 -6.956238E-06  1.586842E-03
       103  1.480904E-03 -1.608837E-05 -3.257622E-03
       104  1.309253E-05  1.160256E-07 -3.258073E-03
       105 -1.441340E-03  1.801634E-05 -3.257511E-03
       106  1.472059E-03  2.885475E-05  3.309771E-03
       107  8.667868E-06  3.214326E-06  3.309424E-03
       108 -1.439484E-03 -2.105240E-05  3.309771E-03
       109  3.340972E-03  3.221133E-06  6.309362E-05
       110 -3.289568E-03  4.592612E-06  5.395755E-05
       111 -5.547868E-06  1.030838E-06 -4.063099E-03
       112  1.934246E-06  3.804532E-06  4.079137E-03
       113  3.820826E-03 -1.996264E-05 -3.641575E-03
       114  3.820785E-03 -2.122991E-05 -2.489809E-03
       115  3.821074E-03 -1.186180E-05 -1.277445E-03
       116  3.821241E-03  2.544071E-06 -3.302425E-05
       117  3.821150E-03  1.673073E-05  1.215498E-03
       118  3.820952E-03  2.558255E-05  2.440296E-03
       119  3.821065E-03  2.398280E-05  3.613190E-03
       120 -3.836530E-03  2.524275E-05 -3.623151E-03
       121 -3.836610E-03  2.826533E-05 -2.468567E-03
       122 -3.836350E-03  1.862008E-05 -1.263643E-03
       123 -3.836189E-03  2.724952E-06 -3.146342E-05
       124 -3.836320E-03 -1.301548E-05  1.204930E-03
       125 -3.836543E-03 -2.226822E-05  2.422337E-03
       126 -3.836409E-03 -1.879922E-05  3.597273E-03
       127  2.943990E-03  2.090462E-05 -4.707461E-03
       128  2.006402E-03  2.524249E-05 -4.707662E-03
       129  1.026024E-03  1.640411E-05 -4.707431E-03
       130  2.213441E-05  1.070634E-06 -4.707300E-03
       131 -9.858234E-04 -1.429435E-05 -4.707446E-03
       132 -1.978017E-03 -2.326881E-05 -4.707692E-03
       133 -2.934142E-03 -1.930410E-05 -4.707527E-03
       134  2.922724E-03 -1.715013E-05  4.706958E-03
       135  1.979798E-03 -2.139732E-05  4.706824E-03
       136  1.006140E-03 -1.170274E-05  4.707094E-03
       137  1.595767E-05  4.981538E-06  4.707267E-03
       138 -9.768739E-04  2.172380E-05  4.707133E-03
       139 -1.958657E-03  3.155669E-05  4.706899E-03
       140 -2.915679E-03  2.745007E-05  4.707065E-03
       141  4.530450E-03 -9.200218E-06 -2.759743E-03
       142  4.530727E-03  2.647572E-06  7.793318E-06
       143  4.530681E-03  1.140612E-05  2.778376E-03
       144 -4.556185E-03  4.104212E-06 -2.748212E-03
       145 -4.556151E-03  1.570409E-06 -4.190714E-07
       146 -4.556202E-03 -9.596457E-07  2.753892E-03
       147  2.229777E-03  8.219240E-06 -5.562732E-03
       148  1.864981E-06 -8.946305E-07 -5.562736E-03
       149 -2.232414E-03 -1.150446E-05 -5.563066E-03
       150  2.230362E-03 -7.600238E-06  5.587982E-03
       151  1.183311E-05  4.715684E-06  5.588311E-03
       152 -2.218959E-03  1.490100E-05  5.588229E-03
       153  4.999829E-03 -4.208988E-06 -4.528907E-03
       154  4.999798E-03 -4.855677E-06 -3.030135E-03
       155  4.999848E-03 -3.023359E-06 -1.513059E-03
       156  4.999876E-03  8.237852E-08  1.223770E-05
       157  4.999847E-03  3.249483E-06  1.535906E-03
       158  4.999794E-03  5.203133E-06  3.048187E-03
       159  4.999829E-03  4.552803E-06  4.539227E-03
       160 -5.000391E-03  9.631066E-06 -4.540367E-03
       161 -5.000456E-03  1.121274E-05 -3.049249E-03
       162 -5.000342E-03  7.273381E-06 -1.536021E-03
       163 -5.000274E-03  5.816263E-07 -1.103193E-05
       164 -5.000327E-03 -6.133628E-06  1.515411E-03
       165 -5.000429E-03 -1.018641E-05  3.032933E-03
       166 -5.000356E-03 -8.922130E-06  4.531008E-03
       167  3.774851E-03  7.616443E-06 -6.000327E-03
       168  2.526441E-03  8.954053E-06 -6.000380E-03
       169  1.262300E-03  6.018745E-06 -6.000298E-03
       170 -9.256907E-06  9.617503E-07 -6.000248E-03
       171 -1.279834E-03 -4.167817E-06 -6.000291E-03
       172 -2.540874E-03 -7.360174E-06 -6.000368E-03
       173 -3.783605E-03 -6.592086E-06 -6.000344E-03
       174  3.782523E-03 -8.406929E-06  5.999606E-03
       175  2.539120E-03 -1.004388E-05  5.999578E-03
       176  1.277834E-03 -7.062242E-06  5.999680E-03
       177  7.352894E-06 -1.751559E-06  5.999755E-03
       178 -1.263870E-03  3.675773E-06  5.999732E-03
       179 -2.527545E-03  7.096922E-06  5.999665E-03
       180 -3.775423E-03  6.465952E-06  5.999729E-03
       181  3.171615E-05  1.183922E-04 -9.029411E-04
       182  6.981574E-04  6.045970E-04 -4.039390E-03
       183  1.845615E-03  1.264917E-03 -7.952165E-03
       184  2.206989E-03  1.604736E-03 -9.820191E-03
       185  1.330402E-03  1.358314E-03 -8.722060E-03
       186 -4.099256E-04  6.631771E-04 -5.733730E-03
       187 -1.907297E-03  1.394420E-04 -3.638990E-03
       188  2.841766E-04 -1.578783E-04 -1.160543E-03
       189  1.170650E-03 -6.778268E-04 -4.514497E-03
       190  2.227173E-03 -1.301804E-03 -8.220263E-03
       191  2.658455E-03 -1.580005E-03 -9.768153E-03
       192  2.277281E-03 -1.287287E-03 -8.452723E-03
       193  1.653367E-03 -5.916484E-04 -5.463339E-03
       194  1.925699E-03 -1.061274E-04 -3.535670E-03
       195 -3.341609E-04 -1.487954E-04  1.099795E-03
       196 -1.443820E-03 -6.696284E-04  4.444743E-03
       197 -2.771205E-03 -1.324317E-03  8.321146E-03
       198 -3.369946E-03 -1.646591E-03  1.009289E-02
       199 -2.979880E-03 -1.387899E-03  8.932338E-03
       200 -2.158832E-03 -6.879092E-04  5.919892E-03
       201 -2.120674E-03 -1.511633E-04  3.764926E-03
       202  2.410818E-05  1.330502E-04  1.000682E-03
       203 -5.741890E-04  6.294456E-04  4.208502E-03
       204 -1.575553E-03  1.271777E-03  8.022036E-03
       205 -1.830787E-03  1.587404E-03  9.767909E-03
       206 -9.774570E-04  1.331611E-03  8.629656E-03
       207  6.278760E-04  6.503158E-04  5.705781E-03
       208  1.993586E-03  1.432216E-04  3.685375E-03
       209 -6.318526E-04  1.968701E-04  1.250933E-04
       210 -3.643781E-03  1.061727E-03  6.921044E-04
       211 -7.780721E-03  2.183895E-03  1.674483E-03
       212 -9.243974E-03  2.563592E-03  2.426678E-03
       213 -6.633879E-03  1.976655E-03  2.633782E-03
       214 -1.428539E-03  8.845060E-04  2.484109E-03
       215  2.207335E-03  1.753162E-04  2.666372E-03
       216 -5.463120E-04 -1.713340E-04  2.173442E-05
       217 -3.362282E-03 -9.840659E-04  6.498779E-04
       218 -7.368608E-03 -2.072448E-03  1.640275E-03
       219 -8.872633E-03 -2.464020E-03  1.814186E-03
       220 -6.438714E-03 -1.919166E-03  7.534836E-04
       221 -1.414120E-03 -8.671133E-04 -1.102478E-03
       222  2.177537E-03 -1.677222E-04 -2.510528E-03
       223  5.359692E-04 -1.674789E-04 -1.021045E-04
       224  3.396981E-03 -9.907611E-04 -4.838278E-04
       225  7.452149E-03 -2.090968E-03 -9.430845E-04
       226  8.880992E-03 -2.462252E-03 -8.693491E-04
       227  6.282647E-03 -1.878085E-03 -2.279852E-05
       228  1.146378E-03 -8.009547E-04  1.354432E-03
       229 -2.318938E-03 -1.250237E-04  2.524068E-03
       230  5.559485E-04  1.737541E-04  1.643165E-05
       231  3.361589E-03  9.835715E-04 -7.246214E-04
       232  7.308478E-03  2.056175E-03 -2.193416E-03
       233  8.729228E-03  2.427066E-03 -3.166964E-03
       234  6.225630E-03  1.866212E-03 -3.148570E-03
       235  1.197249E-03  8.137152E-04 -2.528417E-03
       236 -2.256842E-03  1.409078E-04 -2.516235E-03
       237  5.363310E-04 -1.514367E-05 -3.687104E-03
       238 -4.703975E-04  1.792141E-05 -3.695921E-03
       239  4.899840E-04  2.508552E-05  3.706521E-03
       240 -3.193048E-04 -1.473017E-05  3.691660E-03
       241  3.288246E-03 -3.505723E-05  8.747004E-04
       242  3.296541E-03  4.270561E-05 -8.305062E-04
       243 -3.147298E-03  3.353660E-05  8.332953E-04
       244 -3.092915E-03 -1.306607E-05 -8.069496E-04
       245  4.385462E-04 -5.419491E-05 -4.207823E-03
       246 -3.868176E-04  5.712024E-05 -4.205786E-03
       247  4.744603E-04  6.085034E-05  4.187387E-03
       248 -3.844853E-04 -5.047659E-05  4.189288E-03
       249  3.492464E-03  1.828149E-05  6.752940E-04
       250  3.490271E-03 -1.716119E-05 -6.480902E-04
       251 -3.415233E-03 -1.479213E-05  5.924828E-04
       252 -3.418973E-03  2.267146E-05 -5.679582E-04
       253  2.703975E-03  8.687851E-05 -5.464063E-03
       254  1.077471E-03  1.949848E-04 -6.199314E-03
       255 -1.476664E-03  1.098516E-04 -5.935336E-03
       256 -2.696379E-03 -6.961562E-05 -5.378611E-03
       257 -1.045351E-03 -1.649963E-04 -6.044805E-03
       258  1.484376E-03 -9.577092E-05 -5.867037E-03
       259  2.566763E-03 -9.400912E-05  5.527320E-03
       260  7.926567E-04 -2.184044E-04  6.348058E-03
       261 -1.653263E-03 -1.256229E-04  6.039591E-03
       262 -2.618183E-03  9.853882E-05  5.512116E-03
       263 -8.492300E-04  2.090285E-04  6.266760E-03
       264  1.622410E-03  1.159180E-04  5.974372E-03
       265  3.552372E-03  1.036933E-04 -2.555492E-03
       266  3.297037E-03  1.972826E-04  1.650891E-04
       267  3.944826E-03  8.126289E-05  3.131145E-03
       268  3.516938E-03 -1.101641E-04  2.507964E-03
       269  3.274670E-03 -2.016696E-04 -1.971374E-04
       270  3.955910E-03 -7.956683E-05 -3.116171E-03
       271 -3.631448E-03 -8.469860E-05 -2.603978E-03
       272 -3.447222E-03 -1.623982E-04  4.278100E-05
       273 -4.055687E-03 -5.707956E-05  3.018418E-03
       274 -3.682527E-03  7.635643E-05  2.551912E-03
       275 -3.505912E-03  1.525593E-04 -9.054014E-05
       276 -4.063940E-03  5.818491E-05 -3.024421E-03

 forces (fx,fy,fz) for set RIGHT and time  0.1000000E+01

        21  1.617089E+03 -4.124462E+02 -1.318677E+03
        22  1.514050E+03  2.648617E+02  1.171921E+03
        23 -1.569616E+03  8.771475E+02 -1.108521E+03
        24 -1.579701E+03 -1.291087E+03  1.223713E+03

 internal energy (element, energy) for set ALL and time  0.1000000E+01

         1  1.232680E-02
         2  1.141703E-02
         3  5.618849E-03
         4  5.124031E-03
         5  5.892353E-03
         6  6.124909E-03
         7  5.979792E-03
         8  5.181190E-03
         9  9.141915E-03
        10  8.700651E-03
        11  7.341094E-03
        12  6.405381E-03
        13  5.339669E-03
        14  5.508210E-03
        15  9.386486E-03
        16  1.195352E-02
        17  6.491342E-03
        18  7.729352E-03
        19  6.605467E-03
        20  5.690600E-03
        21  4.920851E-03
        22  5.197932E-03
        23  9.036630E-03
        24  1.903443E-02
        25  1.212050E-02
        26  1.337488E-02
        27  6.313221E-03
        28  5.106336E-03
        29  6.144422E-03
        30  7.251888E-03
        31  7.270222E-03
        32  6.479520E-03
        33  2.034452E-03
        34  2.943640E-04
        35  3.598837E-04
        36  3.022804E-04
        37  1.554535E-04
        38  7.030115E-05
        39  5.361643E-04
        40  1.163708E-03
        41  1.223313E-03
        42  7.320628E-04
        43  7.386760E-05
        44  3.254251E-04
        45  5.038962E-04
        46  3.069519E-04
        47  1.912332E-04
        48  8.356282E-04
        49  5.559517E-03
        50  2.039984E-04
        51  5.277515E-05
        52  8.163753E-05
        53  1.106660E-04
        54  1.165786E-04
        55  1.019158E-04
        56  3.973767E-04
        57  3.421186E-03
        58  3.517758E-04
        59  3.563238E-04
        60  2.645283E-04
        61  1.134219E-04
        62  4.400141E-05
        63  4.458579E-04
        64  8.250230E-04
        65  3.871256E-03
        66  9.178132E-03
        67  6.968942E-03
        68  3.603269E-03
        69  1.126934E-02
        70  1.499309E-02
        71  1.520382E-02
        72  1.170920E-02
        73  8.502018E-04
        74  6.856641E-04
        75  2.318924E-04
        76  4.440041E-04
        77  5.471802E-04
        78  5.327856E-04
        79  1.504821E-03
        80  1.594976E-03
        81  2.380517E-03
        82  1.847503E-04
        83  6.330236E-04
        84  7.925936E-03
        85  2.461217E-03
        86  1.903049E-04
        87  2.452496E-04
        88  3.139931E-03
        89  1.946945E-03
        90  1.489825E-04
        91  1.573796E-04
        92  2.047373E-03
        93  6.620739E-03
        94  5.287240E-04
        95  1.978387E-04
        96  2.661244E-03
        97  2.394783E-02
        98  2.940151E-03
        99  3.579797E-03
       100  2.414346E-02
       101  1.894864E-02
       102  2.348928E-03
       103  2.300791E-03
       104  1.755008E-02
       105  4.033053E-03
       106  8.759710E-04
       107  3.381133E-04
       108  4.348407E-03
       109  3.573033E-03
       110  7.793580E-04
       111  2.795309E-04
       112  3.411547E-03
       113  4.864775E-04
       114  1.337096E-03
       115  1.960280E-03
       116  5.440690E-03
       117  4.510248E-03
       118  1.776456E-03
       119  1.276667E-03
       120  2.472190E-03
       121  2.613888E-02
       122  1.486703E-02
       123  5.655076E-03
       124  1.029938E-03
       125  4.936033E-04
       126  4.005580E-03
       127  1.190950E-02
       128  2.198792E-02
       129  1.339659E-02
       130  7.725163E-03
       131  3.080110E-03
       132  6.515504E-04
       133  2.568782E-04
       134  1.920146E-03
       135  5.800504E-03
       136  1.091509E-02
       137  2.042348E-02
       138  1.172345E-02
       139  4.554142E-03
       140  8.419709E-04
       141  2.952987E-04
       142  2.993490E-03
       143  9.268867E-03
       144  1.747082E-02
       145  7.012332E-03
       146  4.005408E-03
       147  1.600830E-03
       148  3.524034E-04
       149  1.790938E-04
       150  1.059131E-03
       151  3.017214E-03
       152  5.606151E-03
       153  8.797553E-04
       154  1.007807E-04
       155  1.615653E-04
       156  8.147322E-04
       157  3.564112E-03
       158  4.208122E-04
       159  7.232047E-04
       160  4.433660E-03
       161  4.450553E-03
       162  5.702923E-04
       163  9.446001E-04
       164  5.782454E-03
       165  7.425702E-03
       166  7.403166E-04
       167  1.819710E-03
       168  1.004546E-02
       169  2.602826E-03
       170  1.394861E-03
       171  4.592819E-04
       172  5.265374E-05
       173  1.275807E-04
       174  6.789306E-04
       175  1.757398E-03
       176  3.066350E-03
       177  2.634783E-03
       178  1.496515E-03
       179  5.746634E-04
       180  1.015675E-04
       181  4.087134E-05
       182  3.964849E-04
       183  1.204894E-03
       184  2.272291E-03
       185  2.946964E-03
       186  1.602364E-03
       187  5.462642E-04
       188  6.111478E-05
       189  1.090552E-04
       190  7.010859E-04
       191  1.895401E-03
       192  3.383938E-03
       193  2.348413E-03
       194  1.307380E-03
       195  4.887174E-04
       196  8.152790E-05
       197  5.081631E-05
       198  3.826437E-04
       199  1.091271E-03
       200  2.009775E-03
       201  3.449937E-01
       202  3.302704E-01
       203  1.131201E-01
       204  3.188452E-01
       205  3.183808E-01
       206  9.982141E-02
       207  3.200143E-01
       208  1.631901E-01
       209  4.500207E-01
       210  2.696250E-01
       211  1.290293E-01
       212  3.365862E-01
       213  3.075035E-01
       214  8.617115E-02
       215  3.683474E-01
       216  1.250713E-01
       217  3.844877E-01
       218  2.723407E-01
       219  1.046719E-01
       220  2.990922E-01
       221  2.907717E-01
       222  8.268739E-02
       223  2.940380E-01
       224  1.933781E-01
       225  4.077449E-01
       226  3.086728E-01
       227  1.122663E-01
       228  3.254123E-01
       229  3.135095E-01
       230  8.580259E-02
       231  3.276926E-01
       232  1.911832E-01
       233  2.331936E-01
       234  3.382508E-01
       235  9.064632E-02
       236  3.435962E-01
       237  3.247445E-01
       238  7.775893E-02
       239  4.320462E-01
       240  2.525461E-01
       241  2.203595E-01
       242  3.825831E-01
       243  9.189258E-02
       244  3.664848E-01
       245  3.573062E-01
       246  9.287181E-02
       247  4.497189E-01
       248  2.878329E-01
       249  1.805607E-01
       250  3.484706E-01
       251  1.015775E-01
       252  3.541239E-01
       253  3.350220E-01
       254  9.211788E-02
       255  4.572605E-01
       256  2.242055E-01
       257  2.003469E-01
       258  3.838409E-01
       259  1.155496E-01
       260  3.891431E-01
       261  3.723295E-01
       262  1.086669E-01
       263  4.861787E-01
       264  2.498402E-01
       265  2.012594E-01
       266  1.740382E-01
       267  1.911879E-01
       268  1.778332E-01
       269  1.643347E-01
       270  1.711479E-01
       271  1.607965E-01
       272  2.030134E-01
       273  2.073839E-01
       274  1.602458E-01
       275  2.484026E-01
       276  1.839292E-01
       277  1.485046E-01
       278  2.109920E-01
       279  1.468035E-01
       280  2.219546E-01
       281  2.561800E-01
       282  1.736711E-01
       283  2.377713E-01
       284  1.640629E-01
       285  2.345317E-01
       286  2.014754E-01
       287  2.233903E-01
       288  1.941990E-01
       289  2.152709E-01
       290  1.788786E-01
       291  2.328217E-01
       292  1.595402E-01
       293  1.899978E-01
       294  2.522026E-01
       295  1.853257E-01
       296  2.303410E-01
       297  1.087222E-01
       298  1.010885E-01
       299  1.072887E-01
       300  1.167187E-01
       301  1.184064E-01
       302  9.763807E-02
       303  1.180530E-01
       304  1.044852E-01
       305  1.074593E-01
       306  7.948297E-02
       307  8.869763E-02
       308  1.279806E-01
       309  1.249787E-01
       310  8.948740E-02
       311  1.036146E-01
       312  1.344670E-01
       313  1.478057E-01
       314  1.103841E-01
       315  9.263362E-02
       316  1.210519E-01
       317  1.612585E-01
       318  1.105573E-01
       319  9.860970E-02
       320  1.276217E-01
       321  1.472559E-01
       322  1.286493E-01
       323  1.138744E-01
       324  1.254764E-01
       325  1.364584E-01
       326  1.292513E-01
       327  1.137769E-01
       328  1.283915E-01
       329  3.002391E-01
       330  3.110260E-01
       331  2.862751E-01
       332  2.723725E-01
       333  3.568886E-01
       334  3.700056E-01
       335  3.250778E-01
       336  2.887631E-01

 total internal energy for set ALL and time  0.1000000E+01

        3.016964E+01
