
                        S T E P       1


                                INCREMENT     1


 displacements (vx,vy,vz) for set TIP_TOP and time  0.1000000E+01

       887  1.020250E-01 -2.296204E-03 -3.518295E+00
       888  1.019909E-01 -2.199599E-03 -3.513033E+00
       891  1.018886E-01 -2.138267E-03 -3.507783E+00
       894  1.018021E-01 -1.798113E-03 -3.502806E+00
       896  1.018239E-01 -6.600229E-04 -3.499600E+00
       898  1.018509E-01  6.323757E-07 -3.499411E+00
       900  1.018239E-01  6.612876E-04 -3.499600E+00
       903  1.018020E-01  1.799377E-03 -3.502804E+00
       906  1.018885E-01  2.139532E-03 -3.507780E+00
       909  1.019908E-01  2.200864E-03 -3.513028E+00
       912  1.020248E-01  2.297469E-03 -3.518288E+00
      1378  1.020394E-01 -2.206912E-03 -3.515622E+00
      1392  1.019385E-01 -2.191387E-03 -3.510405E+00
      1406  1.018459E-01 -2.038209E-03 -3.505259E+00
      1433  1.017929E-01 -1.335626E-03 -3.500838E+00
      1453  1.018464E-01 -3.232196E-04 -3.499471E+00
      1473  1.018464E-01  3.244843E-04 -3.499471E+00
      1497  1.017928E-01  1.336891E-03 -3.500836E+00
      1511  1.018458E-01  2.039474E-03 -3.505257E+00
      1525  1.019384E-01  2.192652E-03 -3.510400E+00
      1539  1.020393E-01  2.208177E-03 -3.515616E+00
      2696  1.020476E-01 -2.224802E-03 -3.516917E+00
      2710  1.020173E-01 -2.199163E-03 -3.514329E+00
      2724  1.019645E-01 -2.200102E-03 -3.511720E+00
      2738  1.019131E-01 -2.173748E-03 -3.509091E+00
      2752  1.018672E-01 -2.092409E-03 -3.506516E+00
      2766  1.018227E-01 -1.955358E-03 -3.504016E+00
      2780  1.017950E-01 -1.595641E-03 -3.501789E+00
      2794  1.018013E-01 -1.029227E-03 -3.500150E+00
      2808  1.018392E-01 -4.859111E-04 -3.499542E+00
      2822  1.018498E-01 -1.610746E-04 -3.499427E+00
      2836  1.018497E-01  1.623394E-04 -3.499427E+00
      2850  1.018392E-01  4.871758E-04 -3.499542E+00
      2864  1.018013E-01  1.030492E-03 -3.500149E+00
      2878  1.017950E-01  1.596906E-03 -3.501787E+00
      2892  1.018226E-01  1.956622E-03 -3.504013E+00
      2906  1.018671E-01  2.093674E-03 -3.506513E+00
      2920  1.019130E-01  2.175013E-03 -3.509087E+00
      2934  1.019643E-01  2.201367E-03 -3.511715E+00
      2948  1.020171E-01  2.200428E-03 -3.514323E+00
      2962  1.020474E-01  2.226066E-03 -3.516911E+00
      4605  1.020417E-01 -2.247170E-03 -3.517560E+00
      4619  1.020455E-01 -2.214145E-03 -3.516268E+00
      4633  1.020293E-01 -2.202280E-03 -3.514976E+00
      4647  1.020042E-01 -2.197944E-03 -3.513681E+00
      4661  1.019776E-01 -2.201159E-03 -3.512377E+00
      4675  1.019515E-01 -2.196662E-03 -3.511062E+00
      4689  1.019257E-01 -2.183803E-03 -3.509748E+00
      4703  1.019007E-01 -2.159033E-03 -3.508436E+00
      4717  1.018777E-01 -2.114625E-03 -3.507148E+00
      4731  1.018567E-01 -2.067626E-03 -3.505887E+00
      4745  1.018341E-01 -2.001332E-03 -3.504636E+00
      4759  1.018115E-01 -1.890962E-03 -3.503404E+00
      4791  1.017970E-01 -1.693220E-03 -3.502290E+00
      4805  1.017931E-01 -1.481780E-03 -3.501303E+00
      4819  1.017959E-01 -1.177095E-03 -3.500483E+00
      4833  1.018067E-01 -8.657063E-04 -3.499841E+00
      4857  1.018330E-01 -5.690079E-04 -3.499583E+00
      4871  1.018434E-01 -4.048318E-04 -3.499505E+00
      4885  1.018484E-01 -2.419011E-04 -3.499446E+00
      4899  1.018506E-01 -8.045865E-05 -3.499416E+00
      4927  1.018506E-01  8.172340E-05 -3.499416E+00
      4941  1.018484E-01  2.431659E-04 -3.499446E+00
      4955  1.018434E-01  4.060966E-04 -3.499504E+00
      4969  1.018330E-01  5.702726E-04 -3.499583E+00
      4997  1.018067E-01  8.669711E-04 -3.499840E+00
      5011  1.017959E-01  1.178360E-03 -3.500482E+00
      5025  1.017930E-01  1.483045E-03 -3.501302E+00
      5039  1.017970E-01  1.694484E-03 -3.502288E+00
      5053  1.018114E-01  1.892227E-03 -3.503402E+00
      5067  1.018341E-01  2.002597E-03 -3.504633E+00
      5081  1.018566E-01  2.068891E-03 -3.505884E+00
      5095  1.018776E-01  2.115889E-03 -3.507145E+00
      5109  1.019006E-01  2.160297E-03 -3.508432E+00
      5123  1.019256E-01  2.185068E-03 -3.509743E+00
      5137  1.019514E-01  2.197927E-03 -3.511057E+00
      5151  1.019775E-01  2.202424E-03 -3.512372E+00
      5165  1.020041E-01  2.199209E-03 -3.513676E+00
      5179  1.020291E-01  2.203545E-03 -3.514970E+00
      5193  1.020453E-01  2.215410E-03 -3.516262E+00
      5207  1.020415E-01  2.248435E-03 -3.517554E+00

 forces (fx,fy,fz) for set CLAMP and time  0.1000000E+01

         1  1.993286E+03  4.038183E+03  1.497963E+03
         4  3.452535E+03 -2.852176E-04  2.988849E+03
         5  2.157097E+03  6.071880E+03 -4.906655E+01
         8  3.432904E+03 -5.302791E-04 -9.141021E+01
         9  1.450309E+03  3.988027E+03 -9.198252E+01
        12  2.315843E+03 -3.497086E-04 -2.800389E+02
        13  8.140760E+02  2.214214E+03 -1.315239E+02
        16  1.269871E+03 -1.073329E-04 -2.552369E+02
        17  5.632786E+01  1.195095E+02  1.815678E+01
        20  7.084337E+01 -1.385785E-05  3.891486E+01
        21 -1.592311E+02 -6.901395E+02 -2.712686E+02
        24 -4.253467E+02 -8.262143E-06 -1.957953E+02
        26  1.993283E+03 -4.038182E+03  1.497963E+03
        28  2.157093E+03 -6.071878E+03 -4.906630E+01
        30  1.450307E+03 -3.988026E+03 -9.198226E+01
        32  8.140760E+02 -2.214214E+03 -1.315237E+02
        34  5.632806E+01 -1.195096E+02  1.815679E+01
        36 -1.592307E+02  6.901395E+02 -2.712687E+02
        37 -3.257366E+02 -3.270280E+02 -8.830504E+02
        40 -1.021168E+01 -5.344156E+01 -1.518865E+03
        41 -9.183162E+02 -8.457458E+02 -1.441772E+02
        44 -9.793671E+02 -3.569776E+02  3.811232E+02
        45 -7.225678E+02 -4.967921E+02  1.134364E+03
        48 -5.708953E+02 -2.335132E+01  6.414329E+02
        50  2.049071E+02 -4.228079E+01 -1.355352E+03
        52 -8.514007E+02  1.506800E+02  2.532147E+02
        54 -6.088893E+02 -1.435003E+01  6.530303E+02
        56  2.395511E+02 -1.715357E+02 -8.226624E+02
        58 -1.066432E+03 -9.688431E+01 -3.761048E+02
        60 -1.053871E+03  3.322581E+02  1.523242E+03
        62 -3.424696E+02 -2.812605E+02 -8.316714E+02
        64 -1.242880E+03 -2.417323E+01  1.719056E+03
        66 -4.113632E+02  9.195344E-06 -1.238928E+02
        68 -6.779372E+02  1.236825E-05  9.263337E+02
        70 -3.424696E+02  2.812607E+02 -8.316714E+02
        72 -1.242880E+03  2.417330E+01  1.719056E+03
        74  2.395506E+02  1.715358E+02 -8.226628E+02
        76 -1.066432E+03  9.688429E+01 -3.761043E+02
        78 -1.053870E+03 -3.322577E+02  1.523241E+03
        80  2.049045E+02  4.228057E+01 -1.355353E+03
        82 -8.514004E+02 -1.506800E+02  2.532157E+02
        84 -6.088881E+02  1.435008E+01  6.530298E+02
        86 -1.021616E+01  5.344131E+01 -1.518867E+03
        88 -9.793662E+02  3.569775E+02  3.811243E+02
        90 -5.708933E+02  2.335138E+01  6.414319E+02
        92 -3.257394E+02  3.270284E+02 -8.830515E+02
        94 -9.183161E+02  8.457457E+02 -1.441765E+02
        96 -7.225650E+02  4.967916E+02  1.134363E+03
       913  2.556865E+03  7.246686E+03 -2.574206E+01
       914  3.456628E+03  1.911528E+01  2.991364E+03
       915  4.112752E+03  3.886433E+01  2.943019E+00
       916  3.440466E+03  2.701732E+01 -9.393930E+01
       917  4.096542E+03 -5.178923E-04  1.295441E+01
       932  1.794484E+03  4.978973E+03 -7.757522E+01
       933  2.845328E+03  3.797255E+01 -1.553838E+02
       934  2.270379E+03  2.019644E+01 -1.375697E+02
       935  2.845047E+03 -4.109213E-04 -1.590046E+02
       946  1.135145E+03  3.105569E+03 -1.167674E+02
       947  1.769641E+03 -6.795458E+00 -2.063097E+02
       948  1.272583E+03  1.145807E+01 -2.580855E+02
       949  1.767431E+03 -2.206238E-04 -2.347627E+02
       960  2.416167E+02  9.793320E+02 -2.986741E+02
       961  3.180812E+02  4.954969E+00 -6.006060E+02
       962  7.093731E+01  1.650921E+00  3.819930E+01
       963  3.132077E+02 -2.453176E-05 -5.997973E+02
       974 -8.069393E+00 -3.600818E+02 -1.391523E+02
       975  2.896468E+01  2.412127E+00 -2.680779E+02
       976 -4.237063E+02 -1.467166E+01 -1.942568E+02
       977  3.114104E+01  2.483636E-05 -2.711608E+02
       988  3.456628E+03 -1.911588E+01  2.991364E+03
       989  4.112751E+03 -3.886541E+01  2.943254E+00
       990  3.440465E+03 -2.701842E+01 -9.393901E+01
       991  2.556860E+03 -7.246684E+03 -2.574171E+01
      1002  2.845328E+03 -3.797337E+01 -1.553835E+02
      1003  2.270379E+03 -2.019696E+01 -1.375694E+02
      1004  1.794481E+03 -4.978972E+03 -7.757501E+01
      1012  1.769641E+03  6.795128E+00 -2.063095E+02
      1013  1.272582E+03 -1.145826E+01 -2.580853E+02
      1014  1.135144E+03 -3.105569E+03 -1.167672E+02
      1022  3.180810E+02 -4.955008E+00 -6.006057E+02
      1023  7.093733E+01 -1.650939E+00  3.819931E+01
      1024  2.416168E+02 -9.793321E+02 -2.986738E+02
      1032  2.896468E+01 -2.412056E+00 -2.680782E+02
      1033 -4.237062E+02  1.467165E+01 -1.942568E+02
      1034 -8.068998E+00  3.600817E+02 -1.391525E+02
      1042 -7.908737E+02 -7.610437E+02 -2.081513E+02
      1043 -1.712652E+02 -4.371605E+01 -1.672036E+03
      1044 -9.753693E+02 -8.576635E+01 -2.980153E+02
      1045 -8.318564E+02  2.185895E+02  3.948767E+02
      1046 -9.159670E+02 -1.115955E+02 -2.292623E+02
      1061 -1.083554E+03 -9.278020E+02 -1.007220E+02
      1062 -6.260941E+02  5.073055E+02 -6.865714E+01
      1063 -6.628605E+02  2.595461E+02  1.485801E+03
      1064 -7.587372E+02 -3.408434E+02  7.024349E+02
      1075 -9.694957E+02 -1.615194E+02 -3.082301E+02
      1076 -1.039956E+03 -9.087380E+01  1.275099E+03
      1077 -5.956277E+02 -1.936585E+01  6.476676E+02
      1078 -5.960409E+02  2.572799E+02  7.057685E+02
      1089 -8.585430E+02 -1.030423E+02 -2.447562E+02
      1090  2.858554E+02  1.225547E+02 -8.403381E+02
      1091 -5.227150E+02  1.269199E+02 -7.501391E+02
      1092 -1.056592E+03 -3.632960E+02  3.173095E+02
      1093 -6.145502E+02 -2.472205E+02 -7.976833E+02
      1107 -9.654088E+02 -7.600812E+02 -8.105137E+01
      1108 -1.165434E+03 -4.385084E+02  1.490723E+03
      1109 -1.179681E+03  2.604770E+02  5.399997E+02
      1117  3.446062E+02  1.353559E+02 -8.370413E+02
      1118 -4.650668E+02  4.239375E+02 -2.135142E+02
      1119 -6.176839E+02  2.253544E+02 -9.661532E+02
      1120 -3.508953E+02 -5.015628E+02 -4.885186E+01
      1130 -1.340863E+03 -4.677014E+02  4.807419E+02
      1131 -1.281890E+03 -4.056934E+02  1.671410E+03
      1132 -9.219052E+02 -4.121631E+01 -2.475522E+02
      1140 -3.326713E+02 -1.182892E+01 -1.121361E+02
      1141 -4.097601E+02 -1.000735E+01 -1.246286E+02
      1142 -3.334800E+02 -4.070812E-06 -1.112250E+02
      1150 -3.326713E+02  1.182890E+01 -1.121361E+02
      1151 -4.097601E+02  1.000738E+01 -1.246286E+02
      1152 -3.508951E+02  5.015629E+02 -4.885189E+01
      1160  3.446056E+02 -1.353562E+02 -8.370415E+02
      1161 -4.650671E+02 -4.239378E+02 -2.135138E+02
      1162 -6.176839E+02 -2.253543E+02 -9.661529E+02
      1163 -6.145504E+02  2.472206E+02 -7.976831E+02
      1174 -9.219051E+02  4.121639E+01 -2.475521E+02
      1175 -1.340863E+03  4.677013E+02  4.807419E+02
      1176 -1.281890E+03  4.056933E+02  1.671409E+03
      1177 -1.179680E+03 -2.604768E+02  5.399999E+02
      1188  2.858538E+02 -1.225551E+02 -8.403388E+02
      1189 -5.227157E+02 -1.269203E+02 -7.501388E+02
      1190 -1.056592E+03  3.632959E+02  3.173100E+02
      1191 -8.585435E+02  1.030420E+02 -2.447554E+02
      1202 -9.654088E+02  7.600809E+02 -8.105118E+01
      1203 -1.165433E+03  4.385081E+02  1.490722E+03
      1204 -5.960399E+02 -2.572797E+02  7.057685E+02
      1212 -9.694958E+02  1.615194E+02 -3.082290E+02
      1213 -1.039954E+03  9.087377E+01  1.275099E+03
      1214 -5.956261E+02  1.936591E+01  6.476669E+02
      1215 -7.587360E+02  3.408434E+02  7.024349E+02
      1226 -9.159679E+02  1.115952E+02 -2.292611E+02
      1227 -1.712705E+02  4.371590E+01 -1.672038E+03
      1228 -9.753702E+02  8.576623E+01 -2.980139E+02
      1229 -8.318553E+02 -2.185894E+02  3.948779E+02
      1230 -7.908742E+02  7.610442E+02 -2.081506E+02
      1244 -6.260930E+02 -5.073049E+02 -6.865651E+01
      1245 -6.628563E+02 -2.595456E+02  1.485799E+03
      1246 -1.083553E+03  9.278014E+02 -1.007213E+02
      1659 -2.545219E+02 -2.744666E+02  4.236265E+00
      1660  1.619557E+02 -2.206025E+01 -6.321469E+02
      1661 -3.415464E+02 -3.756852E+01  5.065632E+01
      1662 -3.519986E+02 -3.699207E+01  4.996532E+01
      1663 -7.876772E+01  2.327531E+02  6.278092E+00
      1678 -2.672479E+02 -2.934150E+02  6.921279E+00
      1679 -3.628468E+02 -3.121893E+01  5.256202E+01
      1680 -5.628366E+02 -1.539646E+01  6.451338E+02
      1681 -3.640225E+02 -4.560541E+01  6.718100E+01
      1716  1.183227E+02 -5.323479E+01 -1.396303E+03
      1717 -8.813585E+02 -1.187488E+02 -2.291964E+02
      1722  2.122146E+02 -2.564772E+01 -6.033204E+02
      1723 -3.644134E+02 -3.836557E+01  6.683793E+01
      1724 -5.792993E+02 -1.866404E+01  6.485159E+02
      1725 -3.626186E+02 -3.685335E+01  7.371273E+01
      1736  2.282779E+02 -2.144027E+01 -6.022239E+02
      1737 -3.679828E+02 -3.331477E+01  6.306607E+01
      1738 -5.992392E+02 -1.930668E+01  6.562891E+02
      1739 -3.732644E+02 -2.276788E+01  6.070559E+01
      1770 -1.405167E+02 -1.496385E+02 -1.020218E+01
      1771  2.611984E+02 -7.607544E+00 -2.719483E+02
      1772 -1.977257E+02 -1.590380E+01  4.307432E+01
      1773 -4.605033E+02 -1.097685E+01  3.531882E+02
      1774 -7.589979E+01  1.355461E+02 -1.070821E+01
      1803 -2.173770E+02 -2.741511E+02  2.868182E+00
      1804  2.288542E+02 -2.429899E+01 -6.194807E+02
      1805 -3.400951E+02 -2.631707E+01  5.884096E+01
      1806 -3.517045E+02 -2.984473E+01  5.528794E+01
      1807 -1.112203E+02  2.450506E+02  1.158559E+01
      1821 -3.669689E+02 -3.640644E+01  5.440507E+01
      1822 -6.206396E+02 -1.772909E+01  6.552118E+02
      1823 -1.211829E+02  2.719068E+02  1.239828E+01
      1851 -1.207940E+02 -1.608927E+02 -3.215897E+01
      1852  2.685693E+02 -6.683623E+00 -2.778799E+02
      1853 -2.102949E+02 -1.318355E+01  3.769142E+01
      1854 -2.391572E+02 -1.218140E+01  3.893416E+01
      1855 -8.727637E+01  1.558424E+02 -2.770714E+01
      1870 -1.560386E+02 -2.060779E+02 -8.531744E+00
      1871 -2.668822E+02 -1.167738E+01  3.924166E+01
      1872 -5.614265E+02 -1.486587E+01  5.005178E+02
      1873 -1.210587E+02  1.984634E+02 -1.095750E+01
      1908 -2.357359E+02 -3.109009E+02  1.664620E+01
      1909  2.645342E+02 -1.156264E+01 -6.612054E+02
      1910 -3.955058E+02 -1.902114E+01  5.958500E+01
      1911 -6.712111E+02 -9.998135E+00  7.024813E+02
      1912 -1.662228E+02  2.928975E+02  1.956523E+01
      1941 -4.925741E+02 -9.926724E+00 -1.232676E+02
      1942 -6.756468E+02 -4.942988E+00  9.250180E+02
      1943 -4.940366E+02  4.455138E-06 -1.227969E+02
      1951 -4.925741E+02  9.926785E+00 -1.232676E+02
      1952 -6.756467E+02  4.943053E+00  9.250180E+02
      1957 -8.727647E+01 -1.558424E+02 -2.770714E+01
      1958  2.685691E+02  6.683586E+00 -2.778800E+02
      1959 -2.102950E+02  1.318348E+01  3.769139E+01
      1960 -2.391572E+02  1.218136E+01  3.893414E+01
      1961 -1.207939E+02  1.608928E+02 -3.215897E+01
      1976 -1.210588E+02 -1.984634E+02 -1.095749E+01
      1977 -2.668822E+02  1.167736E+01  3.924164E+01
      1978 -5.614263E+02  1.486582E+01  5.005178E+02
      1979 -1.560386E+02  2.060780E+02 -8.531746E+00
      2014 -1.662227E+02 -2.928974E+02  1.956523E+01
      2015  2.645339E+02  1.156268E+01 -6.612052E+02
      2016 -3.955057E+02  1.902120E+01  5.958495E+01
      2017 -6.712106E+02  9.998170E+00  7.024811E+02
      2018 -2.357359E+02  3.109008E+02  1.664620E+01
      2047 -7.589995E+01 -1.355462E+02 -1.070822E+01
      2048  2.611977E+02  7.607498E+00 -2.719486E+02
      2049 -1.977259E+02  1.590372E+01  4.307424E+01
      2050 -4.605028E+02  1.097679E+01  3.531884E+02
      2051 -1.405167E+02  1.496386E+02 -1.020218E+01
      2080 -1.112202E+02 -2.450505E+02  1.158560E+01
      2081  2.288534E+02  2.429900E+01 -6.194805E+02
      2082 -3.400950E+02  2.631709E+01  5.884086E+01
      2083 -3.517044E+02  2.984478E+01  5.528785E+01
      2084 -2.173769E+02  2.741510E+02  2.868187E+00
      2099 -1.211827E+02 -2.719066E+02  1.239830E+01
      2100 -3.669687E+02  3.640652E+01  5.440497E+01
      2101 -6.206387E+02  1.772914E+01  6.552113E+02
      2102 -3.732642E+02  2.276798E+01  6.070548E+01
      2137  1.183192E+02  5.323457E+01 -1.396305E+03
      2138 -8.813591E+02  1.187485E+02 -2.291954E+02
      2143  2.282769E+02  2.144034E+01 -6.022234E+02
      2144 -3.679825E+02  3.331485E+01  6.306593E+01
      2145 -5.992378E+02  1.930673E+01  6.562885E+02
      2146 -3.626182E+02  3.685343E+01  7.371256E+01
      2157  2.122132E+02  2.564776E+01 -6.033198E+02
      2158 -3.644130E+02  3.836566E+01  6.683776E+01
      2159 -5.792976E+02  1.866411E+01  6.485151E+02
      2160 -3.640221E+02  4.560551E+01  6.718084E+01
      2210 -7.876758E+01 -2.327529E+02  6.278086E+00
      2211  1.619538E+02  2.206025E+01 -6.321465E+02
      2212 -3.415462E+02  3.756855E+01  5.065610E+01
      2213 -3.519983E+02  3.699213E+01  4.996512E+01
      2214 -2.545218E+02  2.744664E+02  4.236270E+00
      2228 -3.628463E+02  3.121903E+01  5.256185E+01
      2229 -5.628345E+02  1.539651E+01  6.451328E+02
      2230 -2.672478E+02  2.934147E+02  6.921316E+00
      2992  8.118314E+01  2.351830E+02  2.101465E+01
      2993  2.359531E+02  2.079544E+00  1.101137E+02
      2994  1.236515E+02 -2.660892E-01  4.167142E+01
      2995  7.118269E+01  2.135779E+00  3.707898E+01
      2996  1.220009E+02  6.286383E-01  4.173211E+01
      3011  2.347879E+02  1.136703E+00  1.070021E+02
      3012  1.212856E+02  4.945704E-01  4.154757E+01
      3013  7.086443E+01  8.590428E-01  3.855991E+01
      3014  1.210309E+02 -1.315752E-05  4.174569E+01
      3049  2.841984E+01  6.234655E+00  2.234129E+01
      3050  2.255679E+01  3.722238E+00  4.558443E+01
      3051 -1.608918E+02  6.314110E+00 -8.996598E+00
      3052  2.413596E+01  2.216566E+00  4.688853E+01
      3063  2.484208E+01  1.047954E+00  4.721409E+01
      3064 -1.622616E+02  2.301865E+00 -7.196000E+00
      3065  2.513345E+01 -1.567505E-05  4.757784E+01
      3109  2.347879E+02 -1.136712E+00  1.070021E+02
      3110  1.212856E+02 -4.945892E-01  4.154759E+01
      3111  7.086444E+01 -8.590619E-01  3.855991E+01
      3112  1.220009E+02 -6.286560E-01  4.173213E+01
      3123  2.359531E+02 -2.079552E+00  1.101136E+02
      3124  1.236515E+02  2.660881E-01  4.167146E+01
      3125  7.118273E+01 -2.135781E+00  3.707900E+01
      3126  8.118330E+01 -2.351831E+02  2.101467E+01
      3157  2.484209E+01 -1.047976E+00  4.721408E+01
      3158 -1.622616E+02 -2.301871E+00 -7.195993E+00
      3159  2.413598E+01 -2.216591E+00  4.688852E+01
      3167  2.255682E+01 -3.722246E+00  4.558442E+01
      3168 -1.608918E+02 -6.314112E+00 -8.996571E+00
      3169  2.842006E+01 -6.234762E+00  2.234128E+01

 internal energy (element, energy) for set EALL and time  0.1000000E+01

         1  4.119392E+01
         2  2.897574E+01
         3  4.100551E+01
         4  2.885423E+01
         5  4.893783E+00
         6  4.522387E+00
         7  4.956323E+00
         8  4.560427E+00
         9  4.938299E+00
        10  4.491442E+00
        11  4.902335E+00
        12  4.489683E+00
        13  3.058500E+01
        14  4.989691E+00
        15  4.580546E+00
        16  5.006145E+00
        17  4.590580E+00
        18  4.883355E+00
        19  4.490436E+00
        20  4.876993E+00
        21  4.491750E+00
        22  3.076082E+01
        23  2.019199E+01
        24  1.362706E+01
        25  2.010414E+01
        26  1.356582E+01
        27  2.312958E+01
        28  2.283241E+00
        29  1.880167E+00
        30  2.304096E+00
        31  1.892062E+00
        32  2.187074E+00
        33  1.783920E+00
        34  2.188634E+00
        35  1.783569E+00
        36  2.326743E+01
        37  2.314373E+00
        38  1.903685E+00
        39  2.318391E+00
        40  1.913630E+00
        41  2.191171E+00
        42  1.779151E+00
        43  2.192649E+00
        44  1.770745E+00
        45  8.664602E+00
        46  4.953246E+00
        47  8.613892E+00
        48  4.932038E+00
        49  1.058839E+01
        50  6.218919E+00
        51  1.554104E+00
        52  1.227888E+00
        53  1.558566E+00
        54  1.230179E+00
        55  1.424969E+00
        56  1.112100E+00
        57  1.413928E+00
        58  1.110834E+00
        59  6.250788E+00
        60  2.369837E+00
        61  1.448827E-01
        62  7.247172E-02
        63  1.439095E-01
        64  7.252388E-02
        65  1.176823E-01
        66  5.023841E-02
        67  1.178860E-01
        68  5.105530E-02
        69  2.360392E+00
        70  1.434839E-01
        71  7.259810E-02
        72  1.433412E-01
        73  7.263381E-02
        74  1.178364E-01
        75  5.124266E-02
        76  1.178131E-01
        77  5.127412E-02
        78  3.122710E+00
        79  2.480252E-01
        80  1.421504E-01
        81  2.503076E-01
        82  1.409099E-01
        83  1.396751E-01
        84  6.097931E-02
        85  1.399204E-01
        86  6.061373E-02
        87  3.138745E+00
        88  2.515129E-01
        89  1.405323E-01
        90  2.519657E-01
        91  1.404253E-01
        92  1.403212E-01
        93  6.041050E-02
        94  1.404794E-01
        95  6.038217E-02
        96  4.191641E-02
        97  5.378205E-02
        98  4.297955E-02
        99  5.386231E-02
       100  1.832037E-02
       101  2.533191E-02
       102  1.849577E-02
       103  2.404283E-02
       104  7.439888E-01
       105  4.349920E-02
       106  5.414918E-02
       107  4.373053E-02
       108  5.425789E-02
       109  1.846765E-02
       110  2.349877E-02
       111  1.842048E-02
       112  2.339933E-02
       113  7.545925E-01
       114  1.027146E-01
       115  1.199335E-01
       116  1.012016E-01
       117  1.236996E-01
       118  2.065069E-02
       119  2.136106E-02
       120  2.072174E-02
       121  2.182823E-02
       122  1.172984E+00
       123  1.008746E-01
       124  1.253314E-01
       125  1.009643E-01
       126  1.254162E-01
       127  2.063157E-02
       128  2.218475E-02
       129  2.062649E-02
       130  2.217777E-02
       131  1.132688E+00
       132  4.100550E+01
       133  2.885423E+01
       134  4.119390E+01
       135  2.897573E+01
       136  5.006145E+00
       137  4.590580E+00
       138  4.989690E+00
       139  4.580545E+00
       140  4.876992E+00
       141  4.491750E+00
       142  4.883354E+00
       143  4.490435E+00
       144  3.076082E+01
       145  4.956322E+00
       146  4.560425E+00
       147  4.893781E+00
       148  4.522385E+00
       149  4.902334E+00
       150  4.489682E+00
       151  4.938297E+00
       152  4.491440E+00
       153  3.058499E+01
       154  2.010414E+01
       155  1.356582E+01
       156  2.019198E+01
       157  1.362705E+01
       158  2.326742E+01
       159  2.318391E+00
       160  1.913630E+00
       161  2.314373E+00
       162  1.903685E+00
       163  2.192649E+00
       164  1.770744E+00
       165  2.191170E+00
       166  1.779150E+00
       167  2.312958E+01
       168  2.304096E+00
       169  1.892061E+00
       170  2.283241E+00
       171  1.880167E+00
       172  2.188633E+00
       173  1.783569E+00
       174  2.187073E+00
       175  1.783920E+00
       176  8.613891E+00
       177  4.932037E+00
       178  8.664599E+00
       179  4.953244E+00
       180  1.558566E+00
       181  1.230179E+00
       182  1.554104E+00
       183  1.227888E+00
       184  1.413928E+00
       185  1.110834E+00
       186  1.424968E+00
       187  1.112100E+00
       188  6.250788E+00
       189  1.058838E+01
       190  6.218919E+00
       191  2.360392E+00
       192  1.433413E-01
       193  7.263381E-02
       194  1.434839E-01
       195  7.259812E-02
       196  1.178130E-01
       197  5.127412E-02
       198  1.178364E-01
       199  5.124265E-02
       200  2.369837E+00
       201  1.439096E-01
       202  7.252392E-02
       203  1.448827E-01
       204  7.247177E-02
       205  1.178859E-01
       206  5.105528E-02
       207  1.176823E-01
       208  5.023838E-02
       209  3.138745E+00
       210  2.519657E-01
       211  1.404253E-01
       212  2.515130E-01
       213  1.405324E-01
       214  1.404794E-01
       215  6.038217E-02
       216  1.403213E-01
       217  6.041051E-02
       218  3.122711E+00
       219  2.503077E-01
       220  1.409100E-01
       221  2.480253E-01
       222  1.421505E-01
       223  1.399204E-01
       224  6.061375E-02
       225  1.396751E-01
       226  6.097933E-02
       227  4.373054E-02
       228  5.425789E-02
       229  4.349921E-02
       230  5.414917E-02
       231  1.842048E-02
       232  2.339934E-02
       233  1.846765E-02
       234  2.349877E-02
       235  7.545925E-01
       236  4.297956E-02
       237  5.386229E-02
       238  4.191642E-02
       239  5.378201E-02
       240  1.849576E-02
       241  2.404282E-02
       242  1.832036E-02
       243  2.533191E-02
       244  7.439887E-01
       245  1.009643E-01
       246  1.254162E-01
       247  1.008746E-01
       248  1.253314E-01
       249  2.062648E-02
       250  2.217776E-02
       251  2.063155E-02
       252  2.218470E-02
       253  1.132687E+00
       254  1.012016E-01
       255  1.236996E-01
       256  1.027146E-01
       257  1.199335E-01
       258  2.072171E-02
       259  2.182816E-02
       260  2.065066E-02
       261  2.136097E-02
       262  1.172983E+00
       263  1.873868E+00
       264  2.564407E+00
       265  1.595721E+00
       266  2.264175E+00
       267  1.456780E-01
       268  1.875073E-01
       269  1.425528E-01
       270  1.933276E-01
       271  1.675682E-01
       272  1.645436E-01
       273  1.547669E-01
       274  2.004405E-01
       275  2.551744E+00
       276  1.704512E+00
       277  2.672794E+00
       278  3.378121E+00
       279  4.434971E+00
       280  3.717475E-01
       281  4.147151E-01
       282  3.614873E-01
       283  4.120811E-01
       284  3.567207E-01
       285  4.198434E-01
       286  3.413597E-01
       287  4.038957E-01
       288  4.658343E-01
       289  5.296260E-01
       290  4.618184E-01
       291  5.105429E-01
       292  4.900877E-01
       293  5.558535E-01
       294  4.944891E-01
       295  5.736005E-01
       296  4.099719E+00
       297  6.001247E-01
       298  7.215928E-01
       299  6.241070E-01
       300  7.583677E-01
       301  4.754036E-01
       302  6.605195E-01
       303  4.990558E-01
       304  7.256481E-01
       305  4.112275E-01
       306  5.139747E-01
       307  4.190191E-01
       308  5.238423E-01
       309  3.922974E-01
       310  4.803161E-01
       311  4.131494E-01
       312  5.166832E-01
       313  6.221018E-01
       314  7.401491E-01
       315  6.120972E-01
       316  7.363447E-01
       317  4.933823E-01
       318  7.903817E-01
       319  4.704092E-01
       320  4.273389E-02
       321  4.132116E-02
       322  5.074154E-02
       323  4.813952E-02
       324  5.008689E-02
       325  4.649463E-02
       326  8.492843E-02
       327  2.304170E-01
       328  1.476764E+00
       329  2.137912E+00
       330  1.419727E+00
       331  2.091255E+00
       332  1.776762E+00
       333  2.723026E+00
       334  1.846491E+00
       335  2.744752E+00
       336  2.904996E+00
       337  4.651807E-01
       338  5.143382E-01
       339  4.620040E-01
       340  5.144816E-01
       341  4.725468E-01
       342  5.497755E-01
       343  4.612129E-01
       344  5.539928E-01
       345  2.897240E+00
       346  4.650623E-01
       347  5.209022E-01
       348  4.684328E-01
       349  5.251181E-01
       350  4.585240E-01
       351  5.438002E-01
       352  4.625289E-01
       353  5.315563E-01
       354  4.454029E+00
       355  6.245137E-01
       356  7.511088E-01
       357  6.194704E-01
       358  7.256012E-01
       359  5.342437E-01
       360  5.543707E-02
       361  5.543402E-02
       362  5.454315E-02
       363  5.119309E-02
       364  7.612886E-02
       365  2.027975E-01
       366  5.800520E-02
       367  5.295249E-02
       368  5.429926E-01
       369  7.269264E-01
       370  4.249410E+00
       371  6.142365E-01
       372  7.207080E-01
       373  5.952178E-01
       374  7.090681E-01
       375  5.345162E-01
       376  7.284299E-01
       377  5.735209E-01
       378  5.978068E-02
       379  5.675699E-02
       380  7.583415E-02
       381  6.873024E-02
       382  6.845756E-02
       383  5.970834E-02
       384  8.730284E-02
       385  1.211953E-01
       386  1.397364E+00
       387  2.096715E+00
       388  1.538506E-01
       389  1.915509E-01
       390  1.543733E-01
       391  1.936215E-01
       392  1.530029E-01
       393  1.903856E-01
       394  1.542893E-01
       395  1.922463E-01
       396  2.133988E+00
       397  1.786965E+00
       398  2.675874E+00
       399  1.795770E-01
       400  2.304701E-01
       401  1.883898E-01
       402  2.382121E-01
       403  1.977856E-01
       404  2.484931E-01
       405  1.928092E-01
       406  2.428123E-01
       407  2.586007E+00
       408  3.540505E-01
       409  4.052899E-01
       410  3.579317E-01
       411  4.135404E-01
       412  3.333970E-01
       413  3.935297E-01
       414  3.396517E-01
       415  4.026068E-01
       416  4.632601E-01
       417  5.262158E-01
       418  4.773791E-01
       419  5.550359E-01
       420  4.786024E-01
       421  5.483864E-01
       422  4.715331E-01
       423  5.443632E-01
       424  3.053281E+00
       425  4.192422E+00
       426  4.080738E-01
       427  4.895257E-01
       428  4.071423E-01
       429  4.794038E-01
       430  5.151842E-01
       431  6.093614E-01
       432  4.646915E-01
       433  5.516224E-01
       434  5.604756E-01
       435  6.481575E-01
       436  5.600694E-01
       437  6.396591E-01
       438  7.253264E-01
       439  8.432855E-02
       440  7.977655E-02
       441  8.794729E-02
       442  9.270443E-02
       443  8.800912E-02
       444  1.178048E-01
       445  9.153240E-02
       446  9.873043E-02
       447  6.735595E-01
       448  8.131169E-01
       449  3.670549E+00
       450  5.747474E-01
       451  6.502215E-01
       452  5.671806E-01
       453  6.442024E-01
       454  6.140308E-01
       455  7.250594E-01
       456  5.806822E-01
       457  6.732167E-01
       458  1.456987E+00
       459  2.204954E+00
       460  1.662966E-01
       461  2.097630E-01
       462  1.852884E-01
       463  2.266343E-01
       464  1.665006E-01
       465  2.024351E-01
       466  1.709604E-01
       467  2.012386E-01
       468  2.590523E-01
       469  3.170334E-01
       470  2.727992E-01
       471  3.298603E-01
       472  2.435654E-01
       473  2.892895E-01
       474  2.443554E-01
       475  2.900001E-01
       476  1.799674E+00
       477  2.608186E+00
       478  2.031160E-01
       479  2.527798E-01
       480  2.347741E-01
       481  2.759313E-01
       482  2.131432E-01
       483  2.519965E-01
       484  2.145407E-01
       485  2.474358E-01
       486  3.081770E-01
       487  3.680729E-01
       488  3.184422E-01
       489  3.785381E-01
       490  2.980634E-01
       491  3.531716E-01
       492  2.972192E-01
       493  3.508464E-01
       494  3.156911E+00
       495  5.155080E-01
       496  5.951171E-01
       497  5.290622E-01
       498  6.088776E-01
       499  4.715049E-01
       500  5.475067E-01
       501  4.757727E-01
       502  5.521691E-01
       503  3.261222E+00
       504  4.454378E+00
       505  3.600117E+00
       506  5.538025E-01
       507  6.328047E-01
       508  5.494458E-01
       509  6.251741E-01
       510  5.594893E-01
       511  6.415721E-01
       512  5.501360E-01
       513  6.283583E-01
       514  3.612240E+00
       515  4.687084E+00
       516  5.841337E-01
       517  8.586189E-01
       518  5.899719E-01
       519  8.633824E-01
       520  7.255816E-01
       521  9.861617E-01
       522  7.223934E-01
       523  9.876895E-01
       524  1.208304E+00
       525  1.643700E+00
       526  1.213560E+00
       527  1.649791E+00
       528  1.318723E+00
       529  1.702742E+00
       530  1.319170E+00
       531  1.704588E+00
       532  5.899719E-01
       533  8.633824E-01
       534  5.841337E-01
       535  8.586188E-01
       536  7.223934E-01
       537  9.876894E-01
       538  7.255814E-01
       539  9.861617E-01
       540  1.213560E+00
       541  1.649791E+00
       542  1.208304E+00
       543  1.643700E+00
       544  1.319170E+00
       545  1.704588E+00
       546  1.318722E+00
       547  1.702741E+00
       548  1.852884E-01
       549  2.266343E-01
       550  1.662966E-01
       551  2.097631E-01
       552  1.709603E-01
       553  2.012386E-01
       554  1.665005E-01
       555  2.024351E-01
       556  2.727992E-01
       557  3.298603E-01
       558  2.590523E-01
       559  3.170333E-01
       560  2.443554E-01
       561  2.900001E-01
       562  2.435653E-01
       563  2.892894E-01
       564  1.456987E+00
       565  2.204953E+00
       566  2.347739E-01
       567  2.759312E-01
       568  2.031160E-01
       569  2.527798E-01
       570  2.145405E-01
       571  2.474357E-01
       572  2.131430E-01
       573  2.519964E-01
       574  3.184421E-01
       575  3.785380E-01
       576  3.081770E-01
       577  3.680729E-01
       578  2.972191E-01
       579  3.508463E-01
       580  2.980633E-01
       581  3.531715E-01
       582  1.799673E+00
       583  2.608185E+00
       584  3.261221E+00
       585  4.454376E+00
       586  3.156909E+00
       587  5.290620E-01
       588  6.088773E-01
       589  5.155077E-01
       590  5.951167E-01
       591  4.757725E-01
       592  5.521688E-01
       593  4.715046E-01
       594  5.475063E-01
       595  3.612239E+00
       596  4.687082E+00
       597  3.600116E+00
       598  5.494455E-01
       599  6.251738E-01
       600  5.538022E-01
       601  6.328042E-01
       602  5.501358E-01
       603  6.283579E-01
       604  5.594889E-01
       605  6.415716E-01
       606  1.543733E-01
       607  1.936215E-01
       608  1.538506E-01
       609  1.915510E-01
       610  1.542893E-01
       611  1.922463E-01
       612  1.530029E-01
       613  1.903856E-01
       614  2.133988E+00
       615  1.397365E+00
       616  2.096714E+00
       617  1.883898E-01
       618  2.382121E-01
       619  1.795770E-01
       620  2.304701E-01
       621  1.928091E-01
       622  2.428122E-01
       623  1.977855E-01
       624  2.484930E-01
       625  2.586006E+00
       626  1.786963E+00
       627  2.675872E+00
       628  3.053279E+00
       629  4.192418E+00
       630  3.579314E-01
       631  4.135401E-01
       632  3.540502E-01
       633  4.052894E-01
       634  3.396514E-01
       635  4.026064E-01
       636  3.333967E-01
       637  3.935293E-01
       638  4.773786E-01
       639  5.550353E-01
       640  4.632595E-01
       641  5.262150E-01
       642  4.715326E-01
       643  5.443625E-01
       644  4.786018E-01
       645  5.483856E-01
       646  3.670546E+00
       647  5.671801E-01
       648  6.442018E-01
       649  5.747468E-01
       650  6.502208E-01
       651  5.806817E-01
       652  6.732160E-01
       653  6.140301E-01
       654  7.250585E-01
       655  4.071420E-01
       656  4.794034E-01
       657  4.080735E-01
       658  4.895252E-01
       659  4.646911E-01
       660  5.516217E-01
       661  5.151835E-01
       662  6.093605E-01
       663  5.600688E-01
       664  6.396583E-01
       665  5.604749E-01
       666  6.481566E-01
       667  6.735586E-01
       668  8.131155E-01
       669  7.253252E-01
       670  8.794717E-02
       671  9.270430E-02
       672  8.432844E-02
       673  7.977646E-02
       674  9.153227E-02
       675  9.873034E-02
       676  8.800897E-02
       677  1.178045E-01
       678  1.419728E+00
       679  2.091255E+00
       680  1.476764E+00
       681  2.137911E+00
       682  1.846488E+00
       683  2.744750E+00
       684  1.776759E+00
       685  2.723023E+00
       686  2.897237E+00
       687  4.684321E-01
       688  5.251172E-01
       689  4.650615E-01
       690  5.209012E-01
       691  4.625282E-01
       692  5.315555E-01
       693  4.585232E-01
       694  5.437991E-01
       695  2.904992E+00
       696  4.620031E-01
       697  5.144804E-01
       698  4.651797E-01
       699  5.143369E-01
       700  4.612120E-01
       701  5.539916E-01
       702  4.725458E-01
       703  5.497742E-01
       704  4.249404E+00
       705  5.952170E-01
       706  7.090668E-01
       707  6.142355E-01
       708  7.207067E-01
       709  5.735203E-01
       710  7.583405E-02
       711  6.873015E-02
       712  5.978061E-02
       713  5.675694E-02
       714  8.730278E-02
       715  1.211952E-01
       716  6.845753E-02
       717  5.970833E-02
       718  5.345154E-01
       719  7.284278E-01
       720  4.454021E+00
       721  6.194692E-01
       722  7.255995E-01
       723  6.245124E-01
       724  7.511069E-01
       725  5.429919E-01
       726  7.269252E-01
       727  5.342429E-01
       728  5.454307E-02
       729  5.119301E-02
       730  5.543700E-02
       731  5.543397E-02
       732  5.800510E-02
       733  5.295238E-02
       734  7.612864E-02
       735  2.027966E-01
       736  1.595722E+00
       737  2.264173E+00
       738  1.873870E+00
       739  2.564407E+00
       740  1.704509E+00
       741  2.672790E+00
       742  1.425527E-01
       743  1.933274E-01
       744  1.456778E-01
       745  1.875069E-01
       746  1.547670E-01
       747  2.004405E-01
       748  1.675676E-01
       749  1.645438E-01
       750  2.551739E+00
       751  3.614868E-01
       752  4.120804E-01
       753  3.717470E-01
       754  4.147143E-01
       755  3.413592E-01
       756  4.038950E-01
       757  3.567201E-01
       758  4.198425E-01
       759  4.618174E-01
       760  5.105415E-01
       761  4.658331E-01
       762  5.296244E-01
       763  4.944879E-01
       764  5.735991E-01
       765  4.900866E-01
       766  5.558520E-01
       767  3.378116E+00
       768  4.434958E+00
       769  4.190184E-01
       770  5.238412E-01
       771  4.112268E-01
       772  5.139736E-01
       773  4.131488E-01
       774  5.166823E-01
       775  3.922967E-01
       776  4.803149E-01
       777  6.120958E-01
       778  7.363427E-01
       779  6.221003E-01
       780  7.401471E-01
       781  4.704088E-01
       782  5.074147E-02
       783  4.813944E-02
       784  4.273385E-02
       785  4.132113E-02
       786  8.492828E-02
       787  2.304163E-01
       788  5.008687E-02
       789  4.649461E-02
       790  4.933808E-01
       791  7.903787E-01
       792  4.099708E+00
       793  6.241052E-01
       794  7.583651E-01
       795  6.001227E-01
       796  7.215903E-01
       797  4.990549E-01
       798  7.256464E-01
       799  4.754025E-01
       800  6.605170E-01
       801  3.499794E+01
       802  3.641199E+00
       803  3.203515E+00
       804  3.628580E+00
       805  3.185246E+00
       806  3.574303E+00
       807  3.064559E+00
       808  3.573278E+00
       809  3.069933E+00
       810  3.500275E+01
       811  3.621012E+00
       812  3.174111E+00
       813  3.617990E+00
       814  3.169871E+00
       815  3.571992E+00
       816  3.072442E+00
       817  3.571158E+00
       818  3.073066E+00
       819  3.155409E+01
       820  2.435309E+01
       821  3.155609E+01
       822  2.435985E+01
       823  2.776633E+00
       824  2.349844E+00
       825  2.759688E+00
       826  2.341625E+00
       827  2.628649E+00
       828  2.269106E+00
       829  2.633903E+00
       830  2.269315E+00
       831  1.430049E+01
       832  2.749321E+00
       833  2.336431E+00
       834  2.745213E+00
       835  2.333921E+00
       836  2.636490E+00
       837  2.268898E+00
       838  2.637194E+00
       839  2.268132E+00
       840  1.427150E+01
       841  1.823371E+01
       842  1.296998E+01
       843  1.823081E+01
       844  1.297899E+01
       845  9.562129E+00
       846  5.750415E+00
       847  9.552242E+00
       848  5.734742E+00
       849  8.699760E+00
       850  5.342278E+00
       851  8.702049E+00
       852  5.341993E+00
       853  2.957834E+00
       854  1.206771E+00
       855  2.950127E+00
       856  1.204120E+00
       857  2.858185E+00
       858  1.295034E+00
       859  2.856048E+00
       860  1.292739E+00
       861  5.566264E-01
       862  1.589002E-01
       863  2.412006E-01
       864  1.527003E-01
       865  2.236224E-01
       866  4.102334E-02
       867  1.161565E-01
       868  4.124157E-02
       869  1.147248E-01
       870  5.620807E-01
       871  1.483833E-01
       872  2.121197E-01
       873  1.464624E-01
       874  2.088765E-01
       875  4.150418E-02
       876  1.122032E-01
       877  4.154849E-02
       878  1.118290E-01
       879  6.064982E-01
       880  1.301806E-01
       881  2.012160E-01
       882  1.312516E-01
       883  1.801280E-01
       884  3.760985E-02
       885  9.481372E-02
       886  3.937574E-02
       887  9.565876E-02
       888  6.032624E-01
       889  1.310516E-01
       890  1.674780E-01
       891  1.301113E-01
       892  1.650911E-01
       893  4.073910E-02
       894  9.220016E-02
       895  4.159725E-02
       896  9.317631E-02
       897  3.500275E+01
       898  3.617990E+00
       899  3.169870E+00
       900  3.621012E+00
       901  3.174111E+00
       902  3.571157E+00
       903  3.073066E+00
       904  3.571991E+00
       905  3.072441E+00
       906  3.499794E+01
       907  3.628579E+00
       908  3.185245E+00
       909  3.641198E+00
       910  3.203515E+00
       911  3.573277E+00
       912  3.069933E+00
       913  3.574302E+00
       914  3.064558E+00
       915  3.155609E+01
       916  2.435985E+01
       917  3.155409E+01
       918  2.435310E+01
       919  2.745213E+00
       920  2.333921E+00
       921  2.749321E+00
       922  2.336431E+00
       923  2.637194E+00
       924  2.268132E+00
       925  2.636490E+00
       926  2.268898E+00
       927  1.427150E+01
       928  2.759687E+00
       929  2.341625E+00
       930  2.776632E+00
       931  2.349845E+00
       932  2.633903E+00
       933  2.269315E+00
       934  2.628648E+00
       935  2.269105E+00
       936  1.430049E+01
       937  1.823082E+01
       938  1.297899E+01
       939  1.823371E+01
       940  1.296999E+01
       941  9.552242E+00
       942  5.734743E+00
       943  9.562131E+00
       944  5.750417E+00
       945  8.702052E+00
       946  5.341995E+00
       947  8.699769E+00
       948  5.342285E+00
       949  2.950128E+00
       950  1.204120E+00
       951  2.957836E+00
       952  1.206772E+00
       953  2.856050E+00
       954  1.292740E+00
       955  2.858191E+00
       956  1.295038E+00
       957  5.620810E-01
       958  1.464624E-01
       959  2.088764E-01
       960  1.483832E-01
       961  2.121196E-01
       962  4.154849E-02
       963  1.118290E-01
       964  4.150417E-02
       965  1.122032E-01
       966  5.566273E-01
       967  1.527002E-01
       968  2.236220E-01
       969  1.589000E-01
       970  2.411999E-01
       971  4.124158E-02
       972  1.147248E-01
       973  4.102339E-02
       974  1.161564E-01
       975  6.032631E-01
       976  1.301113E-01
       977  1.650911E-01
       978  1.310515E-01
       979  1.674779E-01
       980  4.159736E-02
       981  9.317638E-02
       982  4.073945E-02
       983  9.220037E-02
       984  6.065001E-01
       985  1.312515E-01
       986  1.801277E-01
       987  1.301806E-01
       988  2.012153E-01
       989  3.937637E-02
       990  9.565907E-02
       991  3.761080E-02
       992  9.481414E-02
       993  1.676053E+01
       994  2.385379E+01
       995  1.925048E+00
       996  2.424030E+00
       997  2.049093E+00
       998  2.595150E+00
       999  1.994365E+00
      1000  2.527566E+00
      1001  2.017605E+00
      1002  2.675182E+00
      1003  2.616282E+01
      1004  2.031800E+00
      1005  2.597046E+00
      1006  1.895340E+00
      1007  2.398838E+00
      1008  1.860984E+00
      1009  2.605747E+00
      1010  1.652411E+00
      1011  2.276658E+00
      1012  3.217474E+00
      1013  3.850615E+00
      1014  3.055168E+00
      1015  3.757791E+00
      1016  3.399596E+00
      1017  4.166943E+00
      1018  3.077122E+00
      1019  4.136858E+00
      1020  1.872071E+00
      1021  2.391281E+00
      1022  1.919180E+00
      1023  2.414718E+00
      1024  1.630327E+00
      1025  2.193167E+00
      1026  1.881908E-01
      1027  2.098747E-01
      1028  2.142529E-01
      1029  2.282590E-01
      1030  2.040076E-01
      1031  2.360385E-01
      1032  1.857041E-01
      1033  2.163744E-01
      1034  2.244703E+00
      1035  3.093447E+00
      1036  3.960535E+00
      1037  3.146014E+00
      1038  4.770008E-01
      1039  5.397445E-01
      1040  4.817156E-01
      1041  5.452181E-01
      1042  4.776783E-01
      1043  5.483959E-01
      1044  4.768152E-01
      1045  5.416012E-01
      1046  3.081650E+00
      1047  4.346959E+00
      1048  3.143845E+00
      1049  4.797940E-01
      1050  5.564042E-01
      1051  4.804204E-01
      1052  5.528848E-01
      1053  5.298631E-01
      1054  6.219442E-01
      1055  5.261942E-01
      1056  6.221881E-01
      1057  6.675321E-01
      1058  8.771190E-01
      1059  6.588953E-01
      1060  8.743796E-01
      1061  5.900692E-01
      1062  8.322812E-01
      1063  5.906381E-01
      1064  8.346819E-01
      1065  1.146128E+00
      1066  1.483795E+00
      1067  1.144524E+00
      1068  1.477786E+00
      1069  1.142647E+00
      1070  1.577166E+00
      1071  1.144155E+00
      1072  1.577333E+00
      1073  6.588952E-01
      1074  8.743795E-01
      1075  6.675317E-01
      1076  8.771188E-01
      1077  5.906382E-01
      1078  8.346819E-01
      1079  5.900690E-01
      1080  8.322807E-01
      1081  1.144524E+00
      1082  1.477786E+00
      1083  1.146128E+00
      1084  1.483795E+00
      1085  1.144155E+00
      1086  1.577332E+00
      1087  1.142646E+00
      1088  1.577165E+00
      1089  1.919176E+00
      1090  2.414717E+00
      1091  1.872068E+00
      1092  2.391280E+00
      1093  2.142516E-01
      1094  2.282583E-01
      1095  1.881899E-01
      1096  2.098742E-01
      1097  1.857029E-01
      1098  2.163739E-01
      1099  2.040065E-01
      1100  2.360378E-01
      1101  2.244701E+00
      1102  1.630323E+00
      1103  2.193164E+00
      1104  3.146014E+00
      1105  4.817155E-01
      1106  5.452180E-01
      1107  4.770007E-01
      1108  5.397443E-01
      1109  4.768150E-01
      1110  5.416009E-01
      1111  4.776780E-01
      1112  5.483955E-01
      1113  3.093446E+00
      1114  3.960533E+00
      1115  3.143843E+00
      1116  4.804201E-01
      1117  5.528842E-01
      1118  4.797935E-01
      1119  5.564034E-01
      1120  5.261936E-01
      1121  6.221871E-01
      1122  5.298623E-01
      1123  6.219430E-01
      1124  3.081647E+00
      1125  4.346952E+00
      1126  1.895336E+00
      1127  2.398837E+00
      1128  2.031797E+00
      1129  2.597044E+00
      1130  1.652408E+00
      1131  2.276656E+00
      1132  1.860982E+00
      1133  2.605744E+00
      1134  3.055167E+00
      1135  3.757787E+00
      1136  3.217470E+00
      1137  3.850610E+00
      1138  3.077118E+00
      1139  4.136851E+00
      1140  3.399591E+00
      1141  4.166937E+00
      1142  2.049091E+00
      1143  2.595148E+00
      1144  1.925046E+00
      1145  2.424028E+00
      1146  2.017604E+00
      1147  2.675179E+00
      1148  1.994363E+00
      1149  2.527563E+00
      1150  2.616278E+01
      1151  1.676052E+01
      1152  2.385377E+01
      1153  2.820880E+01
      1154  2.187719E+01
      1155  2.820893E+01
      1156  2.187576E+01
      1157  2.540062E+01
      1158  2.653010E+00
      1159  2.309906E+00
      1160  2.653113E+00
      1161  2.309707E+00
      1162  2.622080E+00
      1163  2.279456E+00
      1164  2.621365E+00
      1165  2.278663E+00
      1166  2.539504E+01
      1167  2.653069E+00
      1168  2.309517E+00
      1169  2.653029E+00
      1170  2.309414E+00
      1171  2.620928E+00
      1172  2.278198E+00
      1173  2.620789E+00
      1174  2.278022E+00
      1175  1.633336E+01
      1176  1.632157E+00
      1177  1.364358E+00
      1178  1.631286E+00
      1179  1.362884E+00
      1180  1.537297E+00
      1181  1.235568E+00
      1182  1.537764E+00
      1183  1.236763E+00
      1184  1.633576E+01
      1185  1.630819E+00
      1186  1.362031E+00
      1187  1.630565E+00
      1188  1.361754E+00
      1189  1.538082E+00
      1190  1.237459E+00
      1191  1.538157E+00
      1192  1.237715E+00
      1193  1.468376E+01
      1194  1.045087E+01
      1195  1.467732E+01
      1196  1.044493E+01
      1197  1.120569E+00
      1198  8.864693E-01
      1199  1.118872E+00
      1200  8.861837E-01
      1201  9.840333E-01
      1202  7.789718E-01
      1203  9.855294E-01
      1204  7.800918E-01
      1205  4.518554E+00
      1206  1.118037E+00
      1207  8.861370E-01
      1208  1.117887E+00
      1209  8.861745E-01
      1210  9.863075E-01
      1211  7.807632E-01
      1212  9.865751E-01
      1213  7.809998E-01
      1214  4.521381E+00
      1215  6.983404E+00
      1216  4.191944E+00
      1217  6.977911E+00
      1218  4.186481E+00
      1219  2.425139E+00
      1220  1.280686E+00
      1221  2.428049E+00
      1222  1.274623E+00
      1223  2.138648E+00
      1224  8.911233E-01
      1225  2.135081E+00
      1226  8.816591E-01
      1227  1.015576E+00
      1228  1.820920E+00
      1229  1.027284E+00
      1230  1.599678E+00
      1231  3.478567E-01
      1232  8.450358E-01
      1233  3.662015E-01
      1234  7.855621E-01
      1235  2.820893E+01
      1236  2.187576E+01
      1237  2.820881E+01
      1238  2.187721E+01
      1239  2.539505E+01
      1240  2.653031E+00
      1241  2.309415E+00
      1242  2.653073E+00
      1243  2.309522E+00
      1244  2.620790E+00
      1245  2.278023E+00
      1246  2.620933E+00
      1247  2.278203E+00
      1248  2.540065E+01
      1249  2.653118E+00
      1250  2.309715E+00
      1251  2.653016E+00
      1252  2.309918E+00
      1253  2.621370E+00
      1254  2.278671E+00
      1255  2.622082E+00
      1256  2.279465E+00
      1257  1.633577E+01
      1258  1.630566E+00
      1259  1.361755E+00
      1260  1.630821E+00
      1261  1.362032E+00
      1262  1.538158E+00
      1263  1.237716E+00
      1264  1.538084E+00
      1265  1.237461E+00
      1266  1.633338E+01
      1267  1.631289E+00
      1268  1.362887E+00
      1269  1.632161E+00
      1270  1.364362E+00
      1271  1.537766E+00
      1272  1.236766E+00
      1273  1.537301E+00
      1274  1.235572E+00
      1275  1.467734E+01
      1276  1.044494E+01
      1277  1.468383E+01
      1278  1.045092E+01
      1279  1.117888E+00
      1280  8.861750E-01
      1281  1.118039E+00
      1282  8.861384E-01
      1283  9.865756E-01
      1284  7.810002E-01
      1285  9.863091E-01
      1286  7.807643E-01
      1287  4.521386E+00
      1288  1.118874E+00
      1289  8.861859E-01
      1290  1.120572E+00
      1291  8.864724E-01
      1292  9.855322E-01
      1293  7.800938E-01
      1294  9.840377E-01
      1295  7.789747E-01
      1296  4.518569E+00
      1297  6.977925E+00
      1298  4.186493E+00
      1299  6.983444E+00
      1300  4.191981E+00
      1301  2.428051E+00
      1302  1.274623E+00
      1303  2.425147E+00
      1304  1.280685E+00
      1305  2.135090E+00
      1306  8.816640E-01
      1307  2.138673E+00
      1308  8.911388E-01
      1309  1.027280E+00
      1310  1.599672E+00
      1311  1.015568E+00
      1312  1.820897E+00
      1313  3.662003E-01
      1314  7.855620E-01
      1315  3.478547E-01
      1316  8.450305E-01
      1317  1.585429E+01
      1318  2.508489E+01
      1319  1.578849E+01
      1320  2.539007E+01
      1321  1.572537E+01
      1322  2.470652E+01
      1323  1.608147E+00
      1324  2.063446E+00
      1325  1.822172E+00
      1326  2.151240E+00
      1327  1.789547E+00
      1328  2.261153E+00
      1329  1.625838E+00
      1330  2.117079E+00
      1331  2.538317E+00
      1332  2.984674E+00
      1333  2.524161E+00
      1334  3.010613E+00
      1335  2.784368E+00
      1336  3.402607E+00
      1337  2.701245E+00
      1338  3.385213E+00
      1339  7.462976E-01
      1340  8.810021E-01
      1341  7.705437E-01
      1342  8.854003E-01
      1343  5.755982E-01
      1344  8.044872E-01
      1345  5.831777E-01
      1346  7.962658E-01
      1347  8.549907E+00
      1348  7.705423E-01
      1349  8.853993E-01
      1350  7.462940E-01
      1351  8.809994E-01
      1352  5.831774E-01
      1353  7.962658E-01
      1354  5.755980E-01
      1355  8.044869E-01
      1356  8.549904E+00
      1357  1.822161E+00
      1358  2.151235E+00
      1359  1.608143E+00
      1360  2.063442E+00
      1361  1.625835E+00
      1362  2.117079E+00
      1363  1.789544E+00
      1364  2.261152E+00
      1365  2.524157E+00
      1366  3.010609E+00
      1367  2.538313E+00
      1368  2.984671E+00
      1369  2.701245E+00
      1370  3.385215E+00
      1371  2.784367E+00
      1372  3.402607E+00
      1373  1.572536E+01
      1374  2.470651E+01
      1375  1.578850E+01
      1376  2.539007E+01
      1377  1.585431E+01
      1378  2.508492E+01
      1379  3.112746E+00
      1380  2.726104E+00
      1381  3.114324E+00
      1382  2.726777E+00
      1383  2.975136E+00
      1384  2.676483E+00
      1385  2.973361E+00
      1386  2.675596E+00
      1387  1.780377E+01
      1388  3.115095E+00
      1389  2.727158E+00
      1390  3.115353E+00
      1391  2.727240E+00
      1392  2.972503E+00
      1393  2.675290E+00
      1394  2.972194E+00
      1395  2.675224E+00
      1396  1.780923E+01
      1397  2.897099E+00
      1398  2.571471E+00
      1399  2.897701E+00
      1400  2.571790E+00
      1401  2.883746E+00
      1402  2.546734E+00
      1403  2.884813E+00
      1404  2.546829E+00
      1405  1.681986E+01
      1406  2.898042E+00
      1407  2.571857E+00
      1408  2.898200E+00
      1409  2.571903E+00
      1410  2.885380E+00
      1411  2.546919E+00
      1412  2.885623E+00
      1413  2.546960E+00
      1414  1.681330E+01
      1415  1.323444E+01
      1416  9.371342E+00
      1417  1.324463E+01
      1418  9.377252E+00
      1419  1.252325E+01
      1420  8.869573E+00
      1421  1.251068E+01
      1422  8.856676E+00
      1423  6.251824E+00
      1424  3.909804E+00
      1425  6.251470E+00
      1426  3.907093E+00
      1427  5.702007E+00
      1428  3.293095E+00
      1429  5.702477E+00
      1430  3.293068E+00
      1431  2.339941E+00
      1432  1.619499E+00
      1433  2.343036E+00
      1434  1.645496E+00
      1435  1.652730E+00
      1436  8.732335E-01
      1437  1.662457E+00
      1438  8.684715E-01
      1439  7.577321E+00
      1440  3.115355E+00
      1441  2.727240E+00
      1442  3.115101E+00
      1443  2.727160E+00
      1444  2.972195E+00
      1445  2.675225E+00
      1446  2.972503E+00
      1447  2.675291E+00
      1448  1.780923E+01
      1449  3.114333E+00
      1450  2.726786E+00
      1451  3.112756E+00
      1452  2.726126E+00
      1453  2.973359E+00
      1454  2.675598E+00
      1455  2.975133E+00
      1456  2.676488E+00
      1457  1.780381E+01
      1458  2.898197E+00
      1459  2.571905E+00
      1460  2.898040E+00
      1461  2.571864E+00
      1462  2.885668E+00
      1463  2.546983E+00
      1464  2.885495E+00
      1465  2.546976E+00
      1466  1.681347E+01
      1467  2.897698E+00
      1468  2.571786E+00
      1469  2.897091E+00
      1470  2.571440E+00
      1471  2.885030E+00
      1472  2.546914E+00
      1473  2.884087E+00
      1474  2.546853E+00
      1475  1.682009E+01
      1476  1.324464E+01
      1477  9.377301E+00
      1478  1.323447E+01
      1479  9.371504E+00
      1480  1.251088E+01
      1481  8.856790E+00
      1482  1.252386E+01
      1483  8.869892E+00
      1484  6.251510E+00
      1485  3.907109E+00
      1486  6.251951E+00
      1487  3.909850E+00
      1488  5.702485E+00
      1489  3.293045E+00
      1490  5.702023E+00
      1491  3.293027E+00
      1492  2.343029E+00
      1493  1.645480E+00
      1494  2.339918E+00
      1495  1.619454E+00
      1496  1.662430E+00
      1497  8.684663E-01
      1498  1.652649E+00
      1499  8.732218E-01
      1500  7.577235E+00
      1501  1.403859E+01
      1502  2.221097E+01
      1503  1.385991E+01
      1504  2.181577E+01
      1505  1.375110E+01
      1506  2.175866E+01
      1507  1.371963E+01
      1508  2.174147E+01
      1509  4.972772E+00
      1510  7.848064E+00
      1511  4.972772E+00
      1512  7.848073E+00
      1513  1.371965E+01
      1514  2.174154E+01
      1515  1.375113E+01
      1516  2.175872E+01
      1517  1.385992E+01
      1518  2.181580E+01
      1519  1.403859E+01
      1520  2.221098E+01
      1521  2.702372E+00
      1522  2.326817E+00
      1523  2.702477E+00
      1524  2.326524E+00
      1525  2.345496E+00
      1526  2.176005E+00
      1527  2.344563E+00
      1528  2.175877E+00
      1529  1.491457E+01
      1530  2.702459E+00
      1531  2.326557E+00
      1532  2.702578E+00
      1533  2.326632E+00
      1534  2.344099E+00
      1535  2.175626E+00
      1536  2.343466E+00
      1537  2.175338E+00
      1538  1.491817E+01
      1539  2.274613E+00
      1540  2.078509E+00
      1541  2.271327E+00
      1542  2.076346E+00
      1543  2.492379E+00
      1544  2.141100E+00
      1545  2.511459E+00
      1546  2.149148E+00
      1547  1.392895E+01
      1548  2.269506E+00
      1549  2.075155E+00
      1550  2.270316E+00
      1551  2.075359E+00
      1552  2.523096E+00
      1553  2.154310E+00
      1554  2.522011E+00
      1555  2.153433E+00
      1556  1.391412E+01
      1557  1.126809E+01
      1558  8.323435E+00
      1559  1.128202E+01
      1560  8.328574E+00
      1561  1.058647E+01
      1562  7.873916E+00
      1563  1.058494E+01
      1564  7.865211E+00
      1565  3.632046E+01
      1566  1.332221E+01
      1567  7.189936E+00
      1568  2.702680E+00
      1569  2.326750E+00
      1570  2.702825E+00
      1571  2.326946E+00
      1572  2.343330E+00
      1573  2.175333E+00
      1574  2.343566E+00
      1575  2.175525E+00
      1576  1.491932E+01
      1577  2.702998E+00
      1578  2.327207E+00
      1579  2.702993E+00
      1580  2.327803E+00
      1581  2.344209E+00
      1582  2.175899E+00
      1583  2.345545E+00
      1584  2.176263E+00
      1585  1.491870E+01
      1586  2.270718E+00
      1587  2.075341E+00
      1588  2.270931E+00
      1589  2.075240E+00
      1590  2.521114E+00
      1591  2.152860E+00
      1592  2.520310E+00
      1593  2.152535E+00
      1594  1.390966E+01
      1595  2.271277E+00
      1596  2.075298E+00
      1597  2.272033E+00
      1598  2.075630E+00
      1599  2.519004E+00
      1600  2.152196E+00
      1601  2.516760E+00
      1602  2.151823E+00
      1603  1.391251E+01
      1604  1.128210E+01
      1605  8.328499E+00
      1606  1.126817E+01
      1607  8.323280E+00
      1608  1.058344E+01
      1609  7.864792E+00
      1610  1.058298E+01
      1611  7.872502E+00
      1612  3.631907E+01
      1613  1.332209E+01
      1614  7.189963E+00
      1615  1.185283E+01
      1616  1.890954E+01
      1617  1.176235E+01
      1618  1.877660E+01
      1619  1.161114E+01
      1620  1.848802E+01
      1621  1.164091E+01
      1622  1.817630E+01
      1623  4.231868E+00
      1624  6.511891E+00
      1625  4.231871E+00
      1626  6.511892E+00
      1627  1.164092E+01
      1628  1.817629E+01
      1629  1.161110E+01
      1630  1.848797E+01
      1631  1.176229E+01
      1632  1.877650E+01
      1633  1.185273E+01
      1634  1.890937E+01
      1635  2.315827E+00
      1636  2.036818E+00
      1637  2.286482E+00
      1638  2.026707E+00
      1639  2.186691E+00
      1640  1.975378E+00
      1641  2.219795E+00
      1642  1.984051E+00
      1643  1.325898E+01
      1644  1.701874E+01
      1645  1.326294E+01
      1646  1.560418E+01
      1647  1.201423E+01
      1648  1.557509E+01
      1649  1.201491E+01
      1650  9.996700E+00
      1651  7.433262E+00
      1652  1.000314E+01
      1653  7.430174E+00
      1654  8.998223E+00
      1655  6.634745E+00
      1656  9.004696E+00
      1657  6.629548E+00
      1658  3.070127E+01
      1659  1.028051E+01
      1660  5.587026E+00
      1661  1.702193E+01
      1662  1.326595E+01
      1663  1.702701E+01
      1664  1.327064E+01
      1665  1.557852E+01
      1666  1.201642E+01
      1667  1.558201E+01
      1668  1.201988E+01
      1669  1.000394E+01
      1670  7.430235E+00
      1671  9.998020E+00
      1672  7.433576E+00
      1673  9.005833E+00
      1674  6.629715E+00
      1675  9.001416E+00
      1676  6.635222E+00
      1677  3.070280E+01
      1678  1.028081E+01
      1679  5.587085E+00
      1680  9.976652E+00
      1681  1.586168E+01
      1682  9.932595E+00
      1683  1.575049E+01
      1684  9.896705E+00
      1685  1.567214E+01
      1686  9.962400E+00
      1687  1.562517E+01
      1688  3.601160E+00
      1689  5.644937E+00
      1690  3.601154E+00
      1691  5.644929E+00
      1692  9.962338E+00
      1693  1.562508E+01
      1694  9.896594E+00
      1695  1.567197E+01
      1696  9.932450E+00
      1697  1.575025E+01
      1698  9.976476E+00
      1699  1.586138E+01
      1700  1.440254E+01
      1701  1.117458E+01
      1702  1.440601E+01
      1703  1.116899E+01
      1704  1.312579E+01
      1705  1.013272E+01
      1706  1.312471E+01
      1707  1.013220E+01
      1708  8.468414E+00
      1709  6.313218E+00
      1710  8.470818E+00
      1711  6.307869E+00
      1712  7.579309E+00
      1713  5.591054E+00
      1714  7.584558E+00
      1715  5.587187E+00
      1716  2.603202E+01
      1717  8.997624E+00
      1718  5.020321E+00
      1719  1.440286E+01
      1720  1.116781E+01
      1721  1.440153E+01
      1722  1.117078E+01
      1723  1.312538E+01
      1724  1.013219E+01
      1725  1.312603E+01
      1726  1.013281E+01
      1727  8.470268E+00
      1728  6.307616E+00
      1729  8.466758E+00
      1730  6.312547E+00
      1731  7.584484E+00
      1732  5.587220E+00
      1733  7.579053E+00
      1734  5.591162E+00
      1735  2.603208E+01
      1736  8.997642E+00
      1737  5.020242E+00
      1738  8.359287E+00
      1739  1.326289E+01
      1740  8.375113E+00
      1741  1.327178E+01
      1742  8.402974E+00
      1743  1.330343E+01
      1744  8.525580E+00
      1745  1.333504E+01
      1746  3.093419E+00
      1747  4.824267E+00
      1748  3.093413E+00
      1749  4.824260E+00
      1750  8.525504E+00
      1751  1.333496E+01
      1752  8.402855E+00
      1753  1.330325E+01
      1754  8.374961E+00
      1755  1.327154E+01
      1756  8.359102E+00
      1757  1.326259E+01
      1758  1.206532E+01
      1759  9.361889E+00
      1760  1.206419E+01
      1761  9.357784E+00
      1762  1.089933E+01
      1763  8.413751E+00
      1764  1.089924E+01
      1765  8.413488E+00
      1766  7.106082E+00
      1767  5.304599E+00
      1768  7.108233E+00
      1769  5.300224E+00
      1770  6.292679E+00
      1771  4.646264E+00
      1772  6.297250E+00
      1773  4.642980E+00
      1774  2.184314E+01
      1775  7.612376E+00
      1776  4.300353E+00
      1777  1.206394E+01
      1778  9.357740E+00
      1779  1.206502E+01
      1780  9.361728E+00
      1781  1.089923E+01
      1782  8.413434E+00
      1783  1.089921E+01
      1784  8.413596E+00
      1785  7.108196E+00
      1786  5.300221E+00
      1787  7.105950E+00
      1788  5.304588E+00
      1789  6.297208E+00
      1790  4.642932E+00
      1791  6.292556E+00
      1792  4.646130E+00
      1793  2.184247E+01
      1794  7.612088E+00
      1795  4.300193E+00
      1796  6.957191E+00
      1797  1.102858E+01
      1798  6.981635E+00
      1799  1.105141E+01
      1800  7.015598E+00
      1801  1.109709E+01
      1802  7.141521E+00
      1803  1.113500E+01
      1804  2.590518E+00
      1805  4.025566E+00
      1806  2.590508E+00
      1807  4.025567E+00
      1808  7.141441E+00
      1809  1.113499E+01
      1810  7.015533E+00
      1811  1.109703E+01
      1812  6.981554E+00
      1813  1.105132E+01
      1814  6.957086E+00
      1815  1.102844E+01
      1816  9.931613E+00
      1817  7.710108E+00
      1818  9.930502E+00
      1819  7.706560E+00
      1820  8.873201E+00
      1821  6.849061E+00
      1822  8.873232E+00
      1823  6.849037E+00
      1824  5.859562E+00
      1825  4.380590E+00
      1826  5.861200E+00
      1827  4.376901E+00
      1828  5.120559E+00
      1829  3.782231E+00
      1830  5.124415E+00
      1831  3.779672E+00
      1832  1.797389E+01
      1833  6.368653E+00
      1834  3.667948E+00
      1835  9.930474E+00
      1836  7.706548E+00
      1837  9.931554E+00
      1838  7.710071E+00
      1839  8.873229E+00
      1840  6.849031E+00
      1841  8.873187E+00
      1842  6.849044E+00
      1843  5.861184E+00
      1844  4.376883E+00
      1845  5.859513E+00
      1846  4.380535E+00
      1847  5.124412E+00
      1848  3.779672E+00
      1849  5.120550E+00
      1850  3.782231E+00
      1851  1.797385E+01
      1852  6.368589E+00
      1853  3.667869E+00
      1854  5.698558E+00
      1855  9.032320E+00
      1856  5.719310E+00
      1857  9.049968E+00
      1858  5.750357E+00
      1859  9.090373E+00
      1860  5.873239E+00
      1861  9.123828E+00
      1862  2.129309E+00
      1863  3.293697E+00
      1864  2.129306E+00
      1865  3.293706E+00
      1866  5.873223E+00
      1867  9.123896E+00
      1868  5.750374E+00
      1869  9.090459E+00
      1870  5.719327E+00
      1871  9.050046E+00
      1872  5.698576E+00
      1873  9.032387E+00
      1874  8.001255E+00
      1875  6.215445E+00
      1876  8.000308E+00
      1877  6.212426E+00
      1878  7.055054E+00
      1879  5.445653E+00
      1880  7.055127E+00
      1881  5.445782E+00
      1882  4.731067E+00
      1883  3.543991E+00
      1884  4.732256E+00
      1885  3.541023E+00
      1886  4.070461E+00
      1887  3.009189E+00
      1888  4.073629E+00
      1889  3.007198E+00
      1890  1.449945E+01
      1891  5.244060E+00
      1892  3.092362E+00
      1893  8.000304E+00
      1894  6.212423E+00
      1895  8.001243E+00
      1896  6.215436E+00
      1897  7.055127E+00
      1898  5.445782E+00
      1899  7.055052E+00
      1900  5.445651E+00
      1901  4.732253E+00
      1902  3.541022E+00
      1903  4.731058E+00
      1904  3.543986E+00
      1905  4.073629E+00
      1906  3.007197E+00
      1907  4.070460E+00
      1908  3.009187E+00
      1909  1.449943E+01
      1910  5.244061E+00
      1911  3.092347E+00
      1912  4.564582E+00
      1913  7.234220E+00
      1914  4.584303E+00
      1915  7.250241E+00
      1916  4.614184E+00
      1917  7.288908E+00
      1918  4.736796E+00
      1919  7.321639E+00
      1920  1.716814E+00
      1921  2.638902E+00
      1922  1.716813E+00
      1923  2.638905E+00
      1924  4.736794E+00
      1925  7.321677E+00
      1926  4.614205E+00
      1927  7.288979E+00
      1928  4.584343E+00
      1929  7.250342E+00
      1930  4.564641E+00
      1931  7.234345E+00
      1932  6.280926E+00
      1933  4.882942E+00
      1934  6.280136E+00
      1935  4.880413E+00
      1936  5.447313E+00
      1937  4.204527E+00
      1938  5.447412E+00
      1939  4.204769E+00
      1940  3.724338E+00
      1941  2.797268E+00
      1942  3.725143E+00
      1943  2.794921E+00
      1944  3.142061E+00
      1945  2.325882E+00
      1946  3.144605E+00
      1947  2.324400E+00
      1948  1.140996E+01
      1949  4.244327E+00
      1950  2.581584E+00
      1951  6.280136E+00
      1952  4.880414E+00
      1953  6.280929E+00
      1954  4.882944E+00
      1955  5.447413E+00
      1956  4.204770E+00
      1957  5.447315E+00
      1958  4.204529E+00
      1959  3.725143E+00
      1960  2.794920E+00
      1961  3.724339E+00
      1962  2.797267E+00
      1963  3.144606E+00
      1964  2.324401E+00
      1965  3.142062E+00
      1966  2.325883E+00
      1967  1.140996E+01
      1968  4.244321E+00
      1969  2.581570E+00
      1970  3.553035E+00
      1971  5.628702E+00
      1972  3.573521E+00
      1973  5.646778E+00
      1974  3.604072E+00
      1975  5.687050E+00
      1976  3.726542E+00
      1977  5.720068E+00
      1978  1.349928E+00
      1979  2.056889E+00
      1980  1.349927E+00
      1981  2.056891E+00
      1982  3.726538E+00
      1983  5.720083E+00
      1984  3.604081E+00
      1985  5.687083E+00
      1986  3.573544E+00
      1987  5.646833E+00
      1988  3.553071E+00
      1989  5.628779E+00
      1990  4.770155E+00
      1991  3.712431E+00
      1992  4.769528E+00
      1993  3.710357E+00
      1994  4.046545E+00
      1995  3.124605E+00
      1996  4.046565E+00
      1997  3.124873E+00
      1998  2.839517E+00
      1999  2.140707E+00
      2000  2.839983E+00
      2001  2.138899E+00
      2002  2.335319E+00
      2003  1.732331E+00
      2004  2.337294E+00
      2005  1.731294E+00
      2006  8.712883E+00
      2007  3.372963E+00
      2008  2.134488E+00
      2009  4.769528E+00
      2010  3.710357E+00
      2011  4.770155E+00
      2012  3.712432E+00
      2013  4.046565E+00
      2014  3.124873E+00
      2015  4.046544E+00
      2016  3.124604E+00
      2017  2.839983E+00
      2018  2.138899E+00
      2019  2.839516E+00
      2020  2.140705E+00
      2021  2.337293E+00
      2022  1.731294E+00
      2023  2.335318E+00
      2024  1.732331E+00
      2025  8.712876E+00
      2026  3.372956E+00
      2027  2.134479E+00
      2028  2.661822E+00
      2029  4.212913E+00
      2030  2.685682E+00
      2031  4.238781E+00
      2032  2.720428E+00
      2033  4.286997E+00
      2034  2.846032E+00
      2035  4.324936E+00
      2036  1.030616E+00
      2037  1.550500E+00
      2038  1.030615E+00
      2039  1.550501E+00
      2040  2.846031E+00
      2041  4.324946E+00
      2042  2.720433E+00
      2043  4.287014E+00
      2044  2.685692E+00
      2045  4.238805E+00
      2046  2.661836E+00
      2047  4.212943E+00
      2048  3.469818E+00
      2049  2.703428E+00
      2050  3.469535E+00
      2051  2.701891E+00
      2052  2.861255E+00
      2053  2.206273E+00
      2054  2.860922E+00
      2055  2.206387E+00
      2056  2.075396E+00
      2057  1.573762E+00
      2058  2.075610E+00
      2059  1.572452E+00
      2060  1.648821E+00
      2061  1.228613E+00
      2062  1.650414E+00
      2063  1.228069E+00
      2064  6.386374E+00
      2065  2.610145E+00
      2066  1.762447E+00
      2067  3.469534E+00
      2068  2.701890E+00
      2069  3.469816E+00
      2070  2.703426E+00
      2071  2.860922E+00
      2072  2.206387E+00
      2073  2.861253E+00
      2074  2.206272E+00
      2075  2.075609E+00
      2076  1.572451E+00
      2077  2.075394E+00
      2078  1.573760E+00
      2079  1.650414E+00
      2080  1.228069E+00
      2081  1.648820E+00
      2082  1.228612E+00
      2083  6.386367E+00
      2084  2.610139E+00
      2085  1.762441E+00
      2086  1.896023E+00
      2087  2.997281E+00
      2088  1.921442E+00
      2089  3.028855E+00
      2090  1.960438E+00
      2091  3.085465E+00
      2092  2.093503E+00
      2093  3.131798E+00
      2094  7.582719E-01
      2095  1.117620E+00
      2096  7.582717E-01
      2097  1.117620E+00
      2098  2.093502E+00
      2099  3.131802E+00
      2100  1.960440E+00
      2101  3.085472E+00
      2102  1.921445E+00
      2103  3.028864E+00
      2104  1.896028E+00
      2105  2.997292E+00
      2106  2.367349E+00
      2107  1.863435E+00
      2108  2.367474E+00
      2109  1.862228E+00
      2110  1.921788E+00
      2111  1.437258E+00
      2112  1.921759E+00
      2113  1.437929E+00
      2114  1.438603E+00
      2115  1.083801E+00
      2116  1.438070E+00
      2117  1.082518E+00
      2118  1.024195E+00
      2119  7.631113E-01
      2120  1.026279E+00
      2121  7.637977E-01
      2122  4.384391E+00
      2123  2.026429E+00
      2124  1.480477E+00
      2125  2.367474E+00
      2126  1.862228E+00
      2127  2.367347E+00
      2128  1.863433E+00
      2129  1.921759E+00
      2130  1.437929E+00
      2131  1.921786E+00
      2132  1.437257E+00
      2133  1.438070E+00
      2134  1.082517E+00
      2135  1.438602E+00
      2136  1.083799E+00
      2137  1.026279E+00
      2138  7.637976E-01
      2139  1.024195E+00
      2140  7.631108E-01
      2141  4.384386E+00
      2142  2.026426E+00
      2143  1.480473E+00
      2144  1.270301E+00
      2145  2.017296E+00
      2146  1.290879E+00
      2147  2.039870E+00
      2148  1.323906E+00
      2149  2.084193E+00
      2150  1.458243E+00
      2151  2.119039E+00
      2152  5.278550E-01
      2153  7.470413E-01
      2154  5.278548E-01
      2155  7.470415E-01
      2156  1.458242E+00
      2157  2.119040E+00
      2158  1.323907E+00
      2159  2.084195E+00
      2160  1.290880E+00
      2161  2.039873E+00
      2162  1.270302E+00
      2163  2.017300E+00
      2164  8.957699E+00
      2165  8.856647E-01
      2166  7.210899E-01
      2167  8.848072E-01
      2168  7.194063E-01
      2169  7.182944E-01
      2170  4.935833E-01
      2171  7.180982E-01
      2172  4.937845E-01
      2173  2.961419E+00
      2174  1.532624E+00
      2175  1.216584E+00
      2176  8.957697E+00
      2177  8.848070E-01
      2178  7.194061E-01
      2179  8.856640E-01
      2180  7.210892E-01
      2181  7.180981E-01
      2182  4.937844E-01
      2183  7.182942E-01
      2184  4.935831E-01
      2185  2.961416E+00
      2186  1.532622E+00
      2187  1.216582E+00
      2188  8.212512E-01
      2189  1.313519E+00
      2190  8.221709E-01
      2191  1.292219E+00
      2192  8.380640E-01
      2193  1.299781E+00
      2194  9.589647E-01
      2195  1.315330E+00
      2196  3.397351E-01
      2197  4.529564E-01
      2198  3.397351E-01
      2199  4.529565E-01
      2200  9.589641E-01
      2201  1.315331E+00
      2202  8.380640E-01
      2203  1.299782E+00
      2204  8.221711E-01
      2205  1.292220E+00
      2206  8.212517E-01
      2207  1.313520E+00
      2208  8.067469E-01
      2209  6.001486E-01
      2210  8.072858E-01
      2211  6.006017E-01
      2212  4.565207E-01
      2213  3.658453E-01
      2214  4.562229E-01
      2215  3.655704E-01
      2216  4.672141E-01
      2217  3.794310E-01
      2218  4.680451E-01
      2219  3.799225E-01
      2220  2.858550E-01
      2221  2.351428E-01
      2222  2.856476E-01
      2223  2.348127E-01
      2224  1.740715E+00
      2225  1.190505E+00
      2226  1.079067E+00
      2227  8.072856E-01
      2228  6.006015E-01
      2229  8.067463E-01
      2230  6.001480E-01
      2231  4.562228E-01
      2232  3.655703E-01
      2233  4.565205E-01
      2234  3.658451E-01
      2235  4.680450E-01
      2236  3.799224E-01
      2237  4.672136E-01
      2238  3.794306E-01
      2239  2.856476E-01
      2240  2.348127E-01
      2241  2.858548E-01
      2242  2.351427E-01
      2243  1.740714E+00
      2244  1.190504E+00
      2245  1.079066E+00
      2246  5.710355E-01
      2247  9.303225E-01
      2248  5.292877E-01
      2249  8.019426E-01
      2250  4.987578E-01
      2251  7.224486E-01
      2252  5.993792E-01
      2253  7.111576E-01
      2254  2.021042E-01
      2255  2.336129E-01
      2256  2.021041E-01
      2257  2.336129E-01
      2258  5.993787E-01
      2259  7.111579E-01
      2260  4.987576E-01
      2261  7.224490E-01
      2262  5.292877E-01
      2263  8.019431E-01
      2264  5.710358E-01
      2265  9.303230E-01
      2266  2.688793E-01
      2267  2.270531E-01
      2268  2.687917E-01
      2269  2.267561E-01
      2270  9.646300E-02
      2271  9.375093E-02
      2272  9.649703E-02
      2273  9.373490E-02
      2274  2.005745E-01
      2275  1.835953E-01
      2276  2.004684E-01
      2277  1.836728E-01
      2278  9.635760E-02
      2279  8.868004E-02
      2280  9.629314E-02
      2281  8.874339E-02
      2282  1.048070E+00
      2283  9.884501E-01
      2284  9.325609E-01
      2285  2.687917E-01
      2286  2.267560E-01
      2287  2.688792E-01
      2288  2.270529E-01
      2289  9.649701E-02
      2290  9.373488E-02
      2291  9.646295E-02
      2292  9.375086E-02
      2293  2.004684E-01
      2294  1.836728E-01
      2295  2.005744E-01
      2296  1.835951E-01
      2297  9.629311E-02
      2298  8.874337E-02
      2299  9.635753E-02
      2300  8.867998E-02
      2301  1.048070E+00
      2302  9.884495E-01
      2303  9.325602E-01
      2304  5.609668E-01
      2305  6.255297E-01
      2306  5.496877E-01
      2307  4.996914E-01
      2308  5.120812E-01
      2309  4.285268E-01
      2310  6.069352E-01
      2311  4.156003E-01
      2312  1.885028E-02
      2313  1.814097E-02
      2314  2.175233E-02
      2315  1.795184E-02
      2316  9.602329E-03
      2317  6.971746E-03
      2318  1.158851E-02
      2319  6.649394E-03
      2320  1.436283E-01
      2321  2.175233E-02
      2322  1.795184E-02
      2323  1.885027E-02
      2324  1.814097E-02
      2325  1.158851E-02
      2326  6.649394E-03
      2327  9.602324E-03
      2328  6.971744E-03
      2329  1.436283E-01
      2330  6.069348E-01
      2331  4.156004E-01
      2332  5.120810E-01
      2333  4.285269E-01
      2334  5.496876E-01
      2335  4.996916E-01
      2336  5.609669E-01
      2337  6.255299E-01
      2338  2.564379E-02
      2339  2.210152E-02
      2340  2.551009E-02
      2341  2.196888E-02
      2342  4.308649E-03
      2343  1.233556E-02
      2344  4.280284E-03
      2345  1.224912E-02
      2346  2.322724E-01
      2347  3.840588E-01
      2348  6.173152E-01
      2349  9.422787E-02
      2350  1.437576E-01
      2351  9.447099E-02
      2352  1.097957E-01
      2353  1.107153E-01
      2354  1.503608E-02
      2355  5.587953E-02
      2356  1.344376E-02
      2357  3.536547E-02
      2358  2.037604E-02
      2359  1.002370E-01
      2360  2.066072E-02
      2361  5.078887E-02
      2362  1.231131E-01
      2363  1.552222E-01
      2364  2.551009E-02
      2365  2.196887E-02
      2366  2.564377E-02
      2367  2.210150E-02
      2368  4.280283E-03
      2369  1.224911E-02
      2370  4.308647E-03
      2371  1.233555E-02
      2372  2.322722E-01
      2373  3.840585E-01
      2374  6.173149E-01
      2375  9.447096E-02
      2376  1.097957E-01
      2377  9.422780E-02
      2378  1.437575E-01
      2379  1.231131E-01
      2380  1.552222E-01
      2381  1.107153E-01
      2382  1.344375E-02
      2383  3.536546E-02
      2384  1.503607E-02
      2385  5.587952E-02
      2386  2.066072E-02
      2387  5.078886E-02
      2388  2.037604E-02
      2389  1.002370E-01
      2390  3.304087E-01
      2391  6.580047E-02
      2392  7.947970E-02
      2393  4.453671E-02
      2394  7.636786E-02
      2395  1.031323E-02
      2396  1.158212E-03
      2397  1.605748E-03
      2398  1.264865E-03
      2399  2.922625E-03
      2400  3.585970E-03
      2401  3.166552E-04
      2402  2.351439E-04
      2403  1.705040E-04
      2404  2.622741E-04
      2405  1.915129E-03
      2406  2.202174E-03
      2407  6.401942E-04
      2408  8.278976E-04
      2409  2.291685E-03
      2410  3.705174E-04
      2411  4.957962E-04
      2412  3.858675E-04
      2413  5.382954E-04
      2414  8.857537E-04
      2415  1.010043E-03
      2416  8.800738E-04
      2417  1.011811E-03
      2418  7.808234E-03
      2419  2.561109E-03
      2420  4.849187E-03
      2421  2.604534E-03
      2422  4.994319E-03
      2423  3.234422E-03
      2424  4.620127E-04
      2425  6.050302E-04
      2426  4.600544E-04
      2427  6.146138E-04
      2428  9.672357E-04
      2429  1.068285E-03
      2430  9.697818E-04
      2431  1.088882E-03
      2432  3.181707E-03
      2433  4.847192E-04
      2434  6.421340E-04
      2435  4.870647E-04
      2436  6.408500E-04
      2437  9.973565E-04
      2438  1.099629E-03
      2439  9.751333E-04
      2440  1.097704E-03
      2441  3.851829E-01
      2442  3.617592E-02
      2443  6.761228E-02
      2444  3.529045E-02
      2445  6.816645E-02
      2446  9.049022E-03
      2447  2.253457E-03
      2448  4.583700E-03
      2449  2.184180E-03
      2450  4.463049E-03
      2451  3.195650E-03
      2452  4.660537E-04
      2453  6.281523E-04
      2454  4.563491E-04
      2455  6.236889E-04
      2456  9.822005E-04
      2457  1.094214E-03
      2458  1.001779E-03
      2459  1.098575E-03
      2460  3.383445E-03
      2461  4.677676E-04
      2462  6.324460E-04
      2463  4.671897E-04
      2464  6.406134E-04
      2465  9.877646E-04
      2466  1.100595E-03
      2467  1.009342E-03
      2468  1.110762E-03
      2469  1.488211E-02
      2470  2.337738E-03
      2471  4.600948E-03
      2472  2.686631E-03
      2473  5.260785E-03
      2474  3.424384E-03
      2475  4.752307E-04
      2476  6.443449E-04
      2477  4.732269E-04
      2478  6.516456E-04
      2479  1.010000E-03
      2480  1.124030E-03
      2481  1.048547E-03
      2482  1.158949E-03
      2483  4.253667E-03
      2484  5.479645E-04
      2485  7.258003E-04
      2486  5.633766E-04
      2487  7.962840E-04
      2488  1.067425E-03
      2489  1.195194E-03
      2490  1.182455E-03
      2491  1.319452E-03
      2492  5.856745E-01
      2493  2.999260E-02
      2494  6.614824E-02
      2495  4.503706E-02
      2496  8.239868E-02
      2497  1.292714E-02
      2498  2.622372E-03
      2499  5.269014E-03
      2500  2.743688E-03
      2501  5.246629E-03
      2502  3.950625E-03
      2503  6.046555E-04
      2504  8.421855E-04
      2505  6.036810E-04
      2506  8.254942E-04
      2507  1.149909E-03
      2508  1.343985E-03
      2509  1.150417E-03
      2510  1.318011E-03
      2511  5.085387E-03
      2512  6.895253E-04
      2513  8.777527E-04
      2514  7.111291E-04
      2515  9.315631E-04
      2516  1.229835E-03
      2517  1.373159E-03
      2518  1.350802E-03
      2519  1.507246E-03
      2520  6.694105E-02
      2521  5.307206E-03
      2522  8.142487E-03
      2523  9.664143E-03
      2524  1.482963E-02
      2525  8.120016E-03
      2526  9.175001E-04
      2527  1.107879E-03
      2528  1.040367E-03
      2529  1.350581E-03
      2530  1.594940E-03
      2531  1.730431E-03
      2532  1.980749E-03
      2533  2.229957E-03
      2534  1.855796E-02
      2535  2.128909E-03
      2536  2.485788E-03
      2537  2.620102E-03
      2538  3.573814E-03
      2539  2.772861E-03
      2540  2.927204E-03
      2541  4.020022E-03
      2542  5.016089E-03
      2543  1.517278E-01
      2544  5.916375E-02
      2545  3.011225E-01
      2546  7.005154E-02
      2547  2.433471E-01
      2548  9.870063E-02
      2549  5.732611E-02
      2550  2.718955E-02
      2551  1.189165E-01
      2552  4.793534E-02
      2553  6.229254E-02
      2554  3.794197E-02
      2555  1.791126E-01
      2556  7.736774E-02
      2557  1.581165E-01
      2558  5.359708E-02
      2559  1.429505E-01
      2560  7.137512E-02
      2561  2.034523E-01
      2562  1.163548E-01
      2563  1.706076E-02
      2564  2.755367E-02
      2565  2.848252E-02
      2566  4.533635E-02
      2567  2.249674E-02
      2568  3.264587E-03
      2569  4.312552E-03
      2570  3.424672E-03
      2571  4.359637E-03
      2572  4.554670E-03
      2573  5.877643E-03
      2574  4.803330E-03
      2575  5.800585E-03
      2576  4.078813E-02
      2577  5.725047E-03
      2578  6.820423E-03
      2579  6.884707E-03
      2580  9.260137E-03
      2581  6.386000E-03
      2582  6.968071E-03
      2583  8.581518E-03
      2584  1.119447E-02
      2585  1.948930E-01
      2586  3.795086E-02
      2587  6.239084E-02
      2588  4.618836E-02
      2589  7.176675E-02
      2590  5.081375E-02
      2591  8.064067E-03
      2592  1.063363E-02
      2593  8.007170E-03
      2594  1.002741E-02
      2595  9.726789E-03
      2596  1.264080E-02
      2597  9.783267E-03
      2598  1.166254E-02
      2599  7.316128E-02
      2600  1.033228E-02
      2601  1.200475E-02
      2602  1.216317E-02
      2603  1.528234E-02
      2604  1.185927E-02
      2605  1.340290E-02
      2606  1.595005E-02
      2607  2.052764E-02
      2608  2.757644E-02
      2609  8.539815E-03
      2610  2.687241E-02
      2611  7.690677E-03
      2612  1.314172E-02
      2613  6.525319E-03
      2614  1.025003E-02
      2615  6.508282E-03
      2616  2.305797E-02
      2617  1.140140E-02
      2618  1.545596E-02
      2619  1.032812E-02
      2620  2.403703E-02
      2621  4.541505E-02
      2622  1.976566E-02
      2623  2.298954E-02
      2624  9.835395E-02
      2625  2.098847E-02
      2626  9.204888E-02
      2627  8.231183E-02
      2628  1.896112E-02
      2629  3.635413E-02
      2630  1.927726E-02
      2631  3.549814E-02
      2632  3.531586E-02
      2633  5.238760E-03
      2634  7.535926E-03
      2635  5.299937E-03
      2636  7.363781E-03
      2637  7.869763E-03
      2638  1.062069E-02
      2639  8.272901E-03
      2640  1.060300E-02
      2641  3.622801E-02
      2642  5.434332E-03
      2643  7.106787E-03
      2644  5.428552E-03
      2645  7.011568E-03
      2646  8.468961E-03
      2647  1.026150E-02
      2648  8.519445E-03
      2649  1.019059E-02
      2650  8.314166E-02
      2651  1.947569E-02
      2652  3.400492E-02
      2653  1.933791E-02
      2654  3.342287E-02
      2655  3.709569E-02
      2656  5.477180E-03
      2657  6.879436E-03
      2658  5.464760E-03
      2659  6.850322E-03
      2660  8.468105E-03
      2661  1.011520E-02
      2662  8.357059E-03
      2663  9.993036E-03
      2664  3.711540E-02
      2665  5.430724E-03
      2666  6.764029E-03
      2667  5.426737E-03
      2668  6.760225E-03
      2669  8.345892E-03
      2670  9.989170E-03
      2671  8.437513E-03
      2672  1.006015E-02
      2673  2.687241E-02
      2674  7.690677E-03
      2675  2.757643E-02
      2676  8.539814E-03
      2677  4.541504E-02
      2678  1.976566E-02
      2679  1.025003E-02
      2680  6.508281E-03
      2681  1.314171E-02
      2682  6.525318E-03
      2683  1.545596E-02
      2684  1.032812E-02
      2685  2.305797E-02
      2686  1.140140E-02
      2687  2.403703E-02
      2688  2.098847E-02
      2689  9.204889E-02
      2690  2.298954E-02
      2691  9.835396E-02
      2692  8.314166E-02
      2693  1.933791E-02
      2694  3.342287E-02
      2695  1.947569E-02
      2696  3.400492E-02
      2697  3.711540E-02
      2698  5.426737E-03
      2699  6.760225E-03
      2700  5.430724E-03
      2701  6.764029E-03
      2702  8.437513E-03
      2703  1.006015E-02
      2704  8.345893E-03
      2705  9.989170E-03
      2706  3.709569E-02
      2707  5.464760E-03
      2708  6.850322E-03
      2709  5.477181E-03
      2710  6.879436E-03
      2711  8.357059E-03
      2712  9.993036E-03
      2713  8.468105E-03
      2714  1.011520E-02
      2715  8.231183E-02
      2716  1.927726E-02
      2717  3.549814E-02
      2718  1.896112E-02
      2719  3.635413E-02
      2720  3.622801E-02
      2721  5.428552E-03
      2722  7.011568E-03
      2723  5.434332E-03
      2724  7.106787E-03
      2725  8.519445E-03
      2726  1.019059E-02
      2727  8.468961E-03
      2728  1.026150E-02
      2729  3.531586E-02
      2730  5.299937E-03
      2731  7.363781E-03
      2732  5.238760E-03
      2733  7.535926E-03
      2734  8.272901E-03
      2735  1.060300E-02
      2736  7.869763E-03
      2737  1.062069E-02
      2738  3.011225E-01
      2739  7.005153E-02
      2740  1.517277E-01
      2741  5.916374E-02
      2742  1.189165E-01
      2743  4.793533E-02
      2744  5.732611E-02
      2745  2.718954E-02
      2746  1.791126E-01
      2747  7.736773E-02
      2748  6.229254E-02
      2749  3.794197E-02
      2750  1.581165E-01
      2751  2.433471E-01
      2752  9.870061E-02
      2753  7.137513E-02
      2754  2.034523E-01
      2755  5.359709E-02
      2756  1.429505E-01
      2757  1.948930E-01
      2758  4.618836E-02
      2759  7.176675E-02
      2760  3.795086E-02
      2761  6.239084E-02
      2762  7.316128E-02
      2763  1.216318E-02
      2764  1.528234E-02
      2765  1.033228E-02
      2766  1.200475E-02
      2767  1.595005E-02
      2768  2.052764E-02
      2769  1.185927E-02
      2770  1.340290E-02
      2771  5.081376E-02
      2772  8.007170E-03
      2773  1.002741E-02
      2774  8.064067E-03
      2775  1.063363E-02
      2776  9.783267E-03
      2777  1.166254E-02
      2778  9.726789E-03
      2779  1.264080E-02
      2780  1.163548E-01
      2781  2.848252E-02
      2782  4.533635E-02
      2783  1.706076E-02
      2784  2.755368E-02
      2785  4.078813E-02
      2786  6.884707E-03
      2787  9.260137E-03
      2788  5.725047E-03
      2789  6.820424E-03
      2790  8.581518E-03
      2791  1.119447E-02
      2792  6.386000E-03
      2793  6.968071E-03
      2794  2.249674E-02
      2795  3.424672E-03
      2796  4.359637E-03
      2797  3.264587E-03
      2798  4.312552E-03
      2799  4.803330E-03
      2800  5.800585E-03
      2801  4.554670E-03
      2802  5.877643E-03
      2803  5.856743E-01
      2804  4.503707E-02
      2805  8.239867E-02
      2806  2.999261E-02
      2807  6.614823E-02
      2808  6.694105E-02
      2809  9.664144E-03
      2810  1.482963E-02
      2811  5.307205E-03
      2812  8.142483E-03
      2813  1.855796E-02
      2814  2.620102E-03
      2815  3.573814E-03
      2816  2.128909E-03
      2817  2.485788E-03
      2818  4.020022E-03
      2819  5.016090E-03
      2820  2.772861E-03
      2821  2.927204E-03
      2822  8.120014E-03
      2823  1.040366E-03
      2824  1.350581E-03
      2825  9.174998E-04
      2826  1.107878E-03
      2827  1.980749E-03
      2828  2.229957E-03
      2829  1.594940E-03
      2830  1.730431E-03
      2831  1.292713E-02
      2832  2.743687E-03
      2833  5.246625E-03
      2834  2.622370E-03
      2835  5.269010E-03
      2836  5.085385E-03
      2837  7.111287E-04
      2838  9.315625E-04
      2839  6.895250E-04
      2840  8.777522E-04
      2841  1.350802E-03
      2842  1.507245E-03
      2843  1.229835E-03
      2844  1.373158E-03
      2845  3.950623E-03
      2846  6.036806E-04
      2847  8.254937E-04
      2848  6.046551E-04
      2849  8.421850E-04
      2850  1.150416E-03
      2851  1.318010E-03
      2852  1.149909E-03
      2853  1.343985E-03
      2854  3.851828E-01
      2855  3.529046E-02
      2856  6.816643E-02
      2857  3.617593E-02
      2858  6.761226E-02
      2859  1.488211E-02
      2860  2.686630E-03
      2861  5.260780E-03
      2862  2.337736E-03
      2863  4.600943E-03
      2864  4.253666E-03
      2865  5.633762E-04
      2866  7.962835E-04
      2867  5.479641E-04
      2868  7.257997E-04
      2869  1.182454E-03
      2870  1.319451E-03
      2871  1.067425E-03
      2872  1.195193E-03
      2873  3.424382E-03
      2874  4.732265E-04
      2875  6.516450E-04
      2876  4.752302E-04
      2877  6.443443E-04
      2878  1.048546E-03
      2879  1.158948E-03
      2880  1.009999E-03
      2881  1.124030E-03
      2882  9.049017E-03
      2883  2.184178E-03
      2884  4.463044E-03
      2885  2.253455E-03
      2886  4.583695E-03
      2887  3.383442E-03
      2888  4.671892E-04
      2889  6.406127E-04
      2890  4.677672E-04
      2891  6.324454E-04
      2892  1.009342E-03
      2893  1.110761E-03
      2894  9.877641E-04
      2895  1.100594E-03
      2896  3.195647E-03
      2897  4.563486E-04
      2898  6.236882E-04
      2899  4.660532E-04
      2900  6.281516E-04
      2901  1.001779E-03
      2902  1.098575E-03
      2903  9.822000E-04
      2904  1.094213E-03
      2905  3.304086E-01
      2906  4.453672E-02
      2907  7.636785E-02
      2908  6.580048E-02
      2909  7.947970E-02
      2910  7.808231E-03
      2911  2.604531E-03
      2912  4.994314E-03
      2913  2.561107E-03
      2914  4.849182E-03
      2915  3.181705E-03
      2916  4.870642E-04
      2917  6.408493E-04
      2918  4.847187E-04
      2919  6.421333E-04
      2920  9.751328E-04
      2921  1.097704E-03
      2922  9.973560E-04
      2923  1.099628E-03
      2924  3.234419E-03
      2925  4.600540E-04
      2926  6.146132E-04
      2927  4.620123E-04
      2928  6.050296E-04
      2929  9.697813E-04
      2930  1.088882E-03
      2931  9.672353E-04
      2932  1.068284E-03
      2933  1.031322E-02
      2934  1.264864E-03
      2935  2.922622E-03
      2936  1.158211E-03
      2937  1.605747E-03
      2938  2.291684E-03
      2939  3.858671E-04
      2940  5.382949E-04
      2941  3.705170E-04
      2942  4.957957E-04
      2943  8.800734E-04
      2944  1.011811E-03
      2945  8.857534E-04
      2946  1.010043E-03
      2947  3.585969E-03
      2948  1.705039E-04
      2949  2.622739E-04
      2950  3.166550E-04
      2951  2.351438E-04
      2952  6.401940E-04
      2953  8.278973E-04
      2954  1.915129E-03
      2955  2.202174E-03
