
                        S T E P       1


                                INCREMENT     1


 displacements (vx,vy,vz) for set TIP_TOP and time  0.1000000E+01

      1799  1.000581E-01 -3.031635E-03 -2.633284E+00
      1800  9.999922E-02 -2.986901E-03 -2.626602E+00
      1803  9.980464E-02 -2.879114E-03 -2.619985E+00
      1806  9.968579E-02 -2.331246E-03 -2.613909E+00
      1808  9.967500E-02 -9.230879E-04 -2.609994E+00
      1810  9.966059E-02 -4.329640E-11 -2.609744E+00
      1812  9.967500E-02  9.230878E-04 -2.609994E+00
      1815  9.968579E-02  2.331245E-03 -2.613909E+00
      1818  9.980464E-02  2.879114E-03 -2.619985E+00
      1821  9.999922E-02  2.986901E-03 -2.626602E+00
      1824  1.000581E-01  3.031635E-03 -2.633284E+00

 forces (fx,fy,fz) for set CLAMP and time  0.1000000E+01

         1  4.203570E+03  5.985231E+03  1.859435E+03
         4  7.574727E+03 -1.697014E-08  3.714175E+03
         5  5.966336E+03  9.390782E+03  1.523911E+02
         8  1.055512E+04 -3.255644E-08  3.112457E+02
         9  3.988064E+03  6.182177E+03 -1.570522E+02
        12  7.009619E+03 -3.209728E-08 -3.076911E+02
        13  2.074816E+03  3.158826E+03 -3.740626E+02
        16  3.637036E+03 -3.128232E-08 -7.402090E+02
        17  1.303518E+02  1.132397E+02 -4.287790E+02
        20  2.160087E+02 -3.052017E-08 -8.535489E+02
        21 -1.158961E+03 -1.024799E+03 -1.400174E+03
        24 -1.544857E+03 -1.744298E-08 -4.938776E+02
        26  4.203570E+03 -5.985231E+03  1.859435E+03
        28  5.966336E+03 -9.390782E+03  1.523911E+02
        30  3.988064E+03 -6.182177E+03 -1.570522E+02
        32  2.074816E+03 -3.158826E+03 -3.740626E+02
        34  1.303518E+02 -1.132397E+02 -4.287790E+02
        36 -1.158961E+03  1.024799E+03 -1.400174E+03
        37 -7.714183E+02 -5.861448E+02 -1.396272E+03
        40 -8.231776E+02 -1.449232E+02 -2.474302E+03
        41 -2.179877E+03 -1.348979E+03 -3.573847E+02
        44 -3.105082E+03 -3.252267E+02 -6.990291E+02
        45 -1.609960E+03 -7.651819E+02  1.691060E+03
        48 -2.686914E+03 -1.807825E+02  3.134534E+03
        50 -6.554534E+02 -1.415233E+02 -2.287176E+03
        52 -2.955599E+03 -3.029253E+02 -7.098123E+02
        54 -2.718600E+03 -1.611959E+02  3.006941E+03
        56 -6.294394E+02 -1.104739E+02 -2.269483E+03
        58 -2.969625E+03 -2.145120E+02 -7.064395E+02
        60 -2.771045E+03 -1.066145E+02  3.013804E+03
        62 -2.067322E+03 -8.531214E+01 -4.453462E+02
        64 -1.916479E+03 -3.803485E+01  2.085668E+03
        66 -1.110144E+03 -6.614664E-09 -2.276508E+02
        68 -1.025874E+03 -3.465458E-09  1.120516E+03
        70 -2.067322E+03  8.531214E+01 -4.453462E+02
        72 -1.916479E+03  3.803485E+01  2.085668E+03
        74 -6.294394E+02  1.104739E+02 -2.269483E+03
        76 -2.969625E+03  2.145120E+02 -7.064395E+02
        78 -2.771045E+03  1.066145E+02  3.013804E+03
        80 -6.554534E+02  1.415233E+02 -2.287176E+03
        82 -2.955599E+03  3.029253E+02 -7.098123E+02
        84 -2.718600E+03  1.611959E+02  3.006941E+03
        86 -8.231776E+02  1.449232E+02 -2.474302E+03
        88 -3.105082E+03  3.252267E+02 -6.990291E+02
        90 -2.686914E+03  1.807825E+02  3.134534E+03
        92 -7.714183E+02  5.861448E+02 -1.396272E+03
        94 -2.179877E+03  1.348979E+03 -3.573847E+02
        96 -1.609960E+03  7.651819E+02  1.691060E+03

 internal energy (element, energy) for set EALL and time  0.1000000E+01

         1  5.755618E+01
         2  2.767686E+01
         3  1.047463E+01
         4  1.837323E+00
         5  1.548054E+00
         6  5.755618E+01
         7  2.767686E+01
         8  1.047463E+01
         9  1.837323E+00
        10  1.548054E+00
        11  4.673876E+00
        12  7.034477E+00
        13  3.931862E+00
        14  6.224268E+00
        15  3.736238E+00
        16  6.064490E+00
        17  3.799336E+00
        18  6.122367E+00
        19  1.405405E+00
        20  2.253605E+00
        21  1.405405E+00
        22  2.253605E+00
        23  3.799336E+00
        24  6.122367E+00
        25  3.736238E+00
        26  6.064490E+00
        27  3.931862E+00
        28  6.224268E+00
        29  4.673876E+00
        30  7.034477E+00
        31  6.984779E+01
        32  3.922505E+01
        33  1.520523E+01
        34  2.918393E+00
        35  2.551307E+00
        36  6.984779E+01
        37  3.922505E+01
        38  1.520523E+01
        39  2.918393E+00
        40  2.551307E+00
        41  5.060277E+00
        42  7.365199E+00
        43  5.475508E+00
        44  7.862090E+00
        45  5.501613E+00
        46  7.901783E+00
        47  5.516414E+00
        48  7.948004E+00
        49  2.001196E+00
        50  2.898139E+00
        51  2.001196E+00
        52  2.898139E+00
        53  5.516414E+00
        54  7.948004E+00
        55  5.501613E+00
        56  7.901783E+00
        57  5.475508E+00
        58  7.862090E+00
        59  5.060277E+00
        60  7.365199E+00
        61  6.449348E+01
        62  3.470136E+01
        63  1.387355E+01
        64  2.707194E+00
        65  2.178301E+00
        66  6.449348E+01
        67  3.470136E+01
        68  1.387355E+01
        69  2.707194E+00
        70  2.178301E+00
        71  4.465841E+00
        72  6.893381E+00
        73  4.725317E+00
        74  7.210101E+00
        75  4.909682E+00
        76  7.450210E+00
        77  4.983974E+00
        78  7.553748E+00
        79  1.816217E+00
        80  2.753806E+00
        81  1.816217E+00
        82  2.753806E+00
        83  4.983974E+00
        84  7.553748E+00
        85  4.909682E+00
        86  7.450210E+00
        87  4.725317E+00
        88  7.210101E+00
        89  4.465841E+00
        90  6.893381E+00
        91  6.426863E+01
        92  3.386247E+01
        93  1.334634E+01
        94  2.633268E+00
        95  2.007776E+00
        96  6.426863E+01
        97  3.386247E+01
        98  1.334634E+01
        99  2.633268E+00
       100  2.007776E+00
       101  4.516470E+00
       102  6.979629E+00
       103  4.583847E+00
       104  7.048578E+00
       105  4.671763E+00
       106  7.133948E+00
       107  4.737702E+00
       108  7.180440E+00
       109  1.728206E+00
       110  2.610881E+00
       111  1.728206E+00
       112  2.610881E+00
       113  4.737702E+00
       114  7.180440E+00
       115  4.671763E+00
       116  7.133948E+00
       117  4.583847E+00
       118  7.048578E+00
       119  4.516470E+00
       120  6.979629E+00
       121  6.274289E+01
       122  3.302409E+01
       123  1.298176E+01
       124  2.573650E+00
       125  1.845253E+00
       126  6.274289E+01
       127  3.302409E+01
       128  1.298176E+01
       129  2.573650E+00
       130  1.845253E+00
       131  4.399947E+00
       132  6.838514E+00
       133  4.417556E+00
       134  6.837741E+00
       135  4.446579E+00
       136  6.848628E+00
       137  4.477939E+00
       138  6.862773E+00
       139  1.630635E+00
       140  2.495561E+00
       141  1.630635E+00
       142  2.495561E+00
       143  4.477939E+00
       144  6.862773E+00
       145  4.446579E+00
       146  6.848628E+00
       147  4.417556E+00
       148  6.837741E+00
       149  4.399947E+00
       150  6.838514E+00
       151  6.104642E+01
       152  3.220465E+01
       153  1.272121E+01
       154  2.563332E+00
       155  1.716192E+00
       156  6.104642E+01
       157  3.220465E+01
       158  1.272121E+01
       159  2.563332E+00
       160  1.716192E+00
       161  4.245325E+00
       162  6.632481E+00
       163  4.249886E+00
       164  6.625147E+00
       165  4.262654E+00
       166  6.628860E+00
       167  4.284514E+00
       168  6.639624E+00
       169  1.559170E+00
       170  2.413924E+00
       171  1.559170E+00
       172  2.413924E+00
       173  4.284514E+00
       174  6.639624E+00
       175  4.262654E+00
       176  6.628860E+00
       177  4.249886E+00
       178  6.625147E+00
       179  4.245325E+00
       180  6.632481E+00
       181  5.921265E+01
       182  3.135008E+01
       183  1.247473E+01
       184  2.568282E+00
       185  1.605256E+00
       186  5.921265E+01
       187  3.135008E+01
       188  1.247473E+01
       189  2.568282E+00
       190  1.605256E+00
       191  4.069856E+00
       192  6.414084E+00
       193  4.074651E+00
       194  6.415596E+00
       195  4.085062E+00
       196  6.424851E+00
       197  4.106304E+00
       198  6.439071E+00
       199  1.494104E+00
       200  2.341309E+00
       201  1.494104E+00
       202  2.341309E+00
       203  4.106304E+00
       204  6.439071E+00
       205  4.085062E+00
       206  6.424851E+00
       207  4.074651E+00
       208  6.415596E+00
       209  4.069856E+00
       210  6.414084E+00
       211  5.733657E+01
       212  3.047130E+01
       213  1.222225E+01
       214  2.573540E+00
       215  1.502675E+00
       216  5.733657E+01
       217  3.047130E+01
       218  1.222225E+01
       219  2.573540E+00
       220  1.502675E+00
       221  3.891645E+00
       222  6.200990E+00
       223  3.898009E+00
       224  6.208224E+00
       225  3.909391E+00
       226  6.222338E+00
       227  3.931723E+00
       228  6.239301E+00
       229  1.430508E+00
       230  2.268721E+00
       231  1.430508E+00
       232  2.268721E+00
       233  3.931723E+00
       234  6.239301E+00
       235  3.909391E+00
       236  6.222338E+00
       237  3.898009E+00
       238  6.208224E+00
       239  3.891645E+00
       240  6.200990E+00
       241  5.542830E+01
       242  2.956627E+01
       243  1.195409E+01
       244  2.574335E+00
       245  1.406216E+00
       246  5.542830E+01
       247  2.956627E+01
       248  1.195409E+01
       249  2.574335E+00
       250  1.406216E+00
       251  3.713441E+00
       252  5.991478E+00
       253  3.720693E+00
       254  6.000869E+00
       255  3.733036E+00
       256  6.017238E+00
       257  3.756694E+00
       258  6.035600E+00
       259  1.366774E+00
       260  2.194539E+00
       261  1.366774E+00
       262  2.194539E+00
       263  3.756694E+00
       264  6.035600E+00
       265  3.733036E+00
       266  6.017238E+00
       267  3.720693E+00
       268  6.000869E+00
       269  3.713441E+00
       270  5.991478E+00
       271  5.348752E+01
       272  2.863519E+01
       273  1.166958E+01
       274  2.570065E+00
       275  1.315501E+00
       276  5.348752E+01
       277  2.863519E+01
       278  1.166958E+01
       279  2.570065E+00
       280  1.315501E+00
       281  3.535825E+00
       282  5.781858E+00
       283  3.543508E+00
       284  5.791822E+00
       285  3.556539E+00
       286  5.809106E+00
       287  3.581534E+00
       288  5.828211E+00
       289  1.303008E+00
       290  2.118951E+00
       291  1.303008E+00
       292  2.118951E+00
       293  3.581534E+00
       294  5.828211E+00
       295  3.556539E+00
       296  5.809106E+00
       297  3.543508E+00
       298  5.791822E+00
       299  3.535825E+00
       300  5.781858E+00
       301  5.151185E+01
       302  2.767814E+01
       303  1.136917E+01
       304  2.560835E+00
       305  1.230678E+00
       306  5.151185E+01
       307  2.767814E+01
       308  1.136917E+01
       309  2.560835E+00
       310  1.230678E+00
       311  3.358793E+00
       312  5.570000E+00
       313  3.366801E+00
       314  5.580133E+00
       315  3.380423E+00
       316  5.597977E+00
       317  3.406833E+00
       318  5.617682E+00
       319  1.239412E+00
       320  2.042197E+00
       321  1.239412E+00
       322  2.042197E+00
       323  3.406833E+00
       324  5.617682E+00
       325  3.380423E+00
       326  5.597977E+00
       327  3.366801E+00
       328  5.580133E+00
       329  3.358793E+00
       330  5.570000E+00
       331  4.950023E+01
       332  2.669497E+01
       333  1.105297E+01
       334  2.546568E+00
       335  1.151775E+00
       336  4.950023E+01
       337  2.669497E+01
       338  1.105297E+01
       339  2.546568E+00
       340  1.151775E+00
       341  3.182490E+00
       342  5.355051E+00
       343  3.190837E+00
       344  5.365374E+00
       345  3.205062E+00
       346  5.383814E+00
       347  3.232999E+00
       348  5.404183E+00
       349  1.176127E+00
       350  1.964357E+00
       351  1.176127E+00
       352  1.964357E+00
       353  3.232999E+00
       354  5.404183E+00
       355  3.205062E+00
       356  5.383814E+00
       357  3.190837E+00
       358  5.365374E+00
       359  3.182490E+00
       360  5.355051E+00
       361  4.745237E+01
       362  2.568544E+01
       363  1.072071E+01
       364  2.526992E+00
       365  1.078699E+00
       366  4.745237E+01
       367  2.568544E+01
       368  1.072071E+01
       369  2.526992E+00
       370  1.078699E+00
       371  3.007116E+00
       372  5.136797E+00
       373  3.015832E+00
       374  5.147408E+00
       375  3.030694E+00
       376  5.166571E+00
       377  3.060278E+00
       378  5.187708E+00
       379  1.113240E+00
       380  1.885424E+00
       381  1.113240E+00
       382  1.885424E+00
       383  3.060278E+00
       384  5.187708E+00
       385  3.030694E+00
       386  5.166571E+00
       387  3.015832E+00
       388  5.147408E+00
       389  3.007116E+00
       390  5.136797E+00
       391  4.536830E+01
       392  2.464932E+01
       393  1.037203E+01
       394  2.501756E+00
       395  1.011302E+00
       396  4.536830E+01
       397  2.464932E+01
       398  1.037203E+01
       399  2.501756E+00
       400  1.011302E+00
       401  2.832885E+00
       402  4.915244E+00
       403  2.841992E+00
       404  4.926226E+00
       405  2.857524E+00
       406  4.946226E+00
       407  2.888875E+00
       408  4.968217E+00
       409  1.050823E+00
       410  1.805376E+00
       411  1.050823E+00
       412  1.805376E+00
       413  2.888875E+00
       414  4.968217E+00
       415  2.857524E+00
       416  4.946226E+00
       417  2.841992E+00
       418  4.926226E+00
       419  2.832885E+00
       420  4.915244E+00
       421  4.324840E+01
       422  2.358652E+01
       423  1.000659E+01
       424  2.470489E+00
       425  9.494094E-01
       426  4.324840E+01
       427  2.358652E+01
       428  1.000659E+01
       429  2.470489E+00
       430  9.494094E-01
       431  2.660016E+00
       432  4.690461E+00
       433  2.669531E+00
       434  4.701863E+00
       435  2.685762E+00
       436  4.722784E+00
       437  2.719006E+00
       438  4.745692E+00
       439  9.889549E-01
       440  1.724201E+00
       441  9.889549E-01
       442  1.724201E+00
       443  2.719006E+00
       444  4.745692E+00
       445  2.685762E+00
       446  4.722784E+00
       447  2.669531E+00
       448  4.701863E+00
       449  2.660016E+00
       450  4.690461E+00
       451  4.109343E+01
       452  2.249717E+01
       453  9.624145E+00
       454  2.432824E+00
       455  8.928349E-01
       456  4.109343E+01
       457  2.249717E+01
       458  9.624145E+00
       459  2.432824E+00
       460  8.928349E-01
       461  2.488743E+00
       462  4.462524E+00
       463  2.498682E+00
       464  4.474375E+00
       465  2.515641E+00
       466  4.496276E+00
       467  2.550911E+00
       468  4.520145E+00
       469  9.277229E-01
       470  1.641896E+00
       471  9.277229E-01
       472  1.641896E+00
       473  2.550911E+00
       474  4.520145E+00
       475  2.515641E+00
       476  4.496276E+00
       477  2.498682E+00
       478  4.474375E+00
       479  2.488743E+00
       480  4.462524E+00
       481  3.890462E+01
       482  2.138163E+01
       483  9.224510E+00
       484  2.388399E+00
       485  8.413784E-01
       486  3.890462E+01
       487  2.138163E+01
       488  9.224510E+00
       489  2.388399E+00
       490  8.413784E-01
       491  2.319321E+00
       492  4.231516E+00
       493  2.329700E+00
       494  4.243829E+00
       495  2.347416E+00
       496  4.266758E+00
       497  2.384858E+00
       498  4.291620E+00
       499  8.672243E-01
       500  1.558471E+00
       501  8.672243E-01
       502  1.558471E+00
       503  2.384858E+00
       504  4.291620E+00
       505  2.347416E+00
       506  4.266758E+00
       507  2.329700E+00
       508  4.243829E+00
       509  2.319321E+00
       510  4.231516E+00
       511  3.668374E+01
       512  2.024056E+01
       513  8.807645E+00
       514  2.336873E+00
       515  7.948248E-01
       516  3.668374E+01
       517  2.024056E+01
       518  8.807645E+00
       519  2.336873E+00
       520  7.948248E-01
       521  2.152029E+00
       522  3.997537E+00
       523  2.162869E+00
       524  4.010318E+00
       525  2.181370E+00
       526  4.034313E+00
       527  2.221143E+00
       528  4.060194E+00
       529  8.075656E-01
       530  1.473949E+00
       531  8.075656E-01
       532  1.473949E+00
       533  2.221143E+00
       534  4.060194E+00
       535  2.181370E+00
       536  4.034313E+00
       537  2.162869E+00
       538  4.010318E+00
       539  2.152029E+00
       540  3.997537E+00
       541  3.443322E+01
       542  1.907500E+01
       543  8.373659E+00
       544  2.277931E+00
       545  7.529421E-01
       546  3.443322E+01
       547  1.907500E+01
       548  8.373659E+00
       549  2.277931E+00
       550  7.529421E-01
       551  1.987177E+00
       552  3.760714E+00
       553  1.998496E+00
       554  3.773964E+00
       555  2.017812E+00
       556  3.799064E+00
       557  2.060085E+00
       558  3.825986E+00
       559  7.488632E-01
       560  1.388369E+00
       561  7.488632E-01
       562  1.388369E+00
       563  2.060085E+00
       564  3.825986E+00
       565  2.017812E+00
       566  3.799064E+00
       567  1.998496E+00
       568  3.773964E+00
       569  1.987177E+00
       570  3.760714E+00
       571  3.215621E+01
       572  1.788637E+01
       573  7.922842E+00
       574  2.211297E+00
       575  7.154810E-01
       576  3.215621E+01
       577  1.788637E+01
       578  7.922842E+00
       579  2.211297E+00
       580  7.154810E-01
       581  1.825102E+00
       582  3.521206E+00
       583  1.836919E+00
       584  3.534932E+00
       585  1.857076E+00
       586  3.561179E+00
       587  1.902035E+00
       588  3.589165E+00
       589  6.912435E-01
       590  1.301786E+00
       591  6.912435E-01
       592  1.301786E+00
       593  1.902035E+00
       594  3.589165E+00
       595  1.857076E+00
       596  3.561179E+00
       597  1.836919E+00
       598  3.534932E+00
       599  1.825102E+00
       600  3.521206E+00
       601  2.985677E+01
       602  1.667665E+01
       603  7.455718E+00
       604  2.136748E+00
       605  6.821744E-01
       606  2.985677E+01
       607  1.667665E+01
       608  7.455718E+00
       609  2.136748E+00
       610  6.821744E-01
       611  1.666168E+00
       612  3.279210E+00
       613  1.678501E+00
       614  3.293430E+00
       615  1.699527E+00
       616  3.320884E+00
       617  1.747370E+00
       618  3.349963E+00
       619  6.348447E-01
       620  1.214280E+00
       621  6.348447E-01
       622  1.214280E+00
       623  1.747370E+00
       624  3.349963E+00
       625  1.699527E+00
       626  3.320884E+00
       627  1.678501E+00
       628  3.293430E+00
       629  1.666168E+00
       630  3.279210E+00
       631  2.754002E+01
       632  1.544839E+01
       633  6.973084E+00
       634  2.054131E+00
       635  6.527388E-01
       636  2.754002E+01
       637  1.544839E+01
       638  6.973084E+00
       639  2.054131E+00
       640  6.527388E-01
       641  1.510766E+00
       642  3.034962E+00
       643  1.523631E+00
       644  3.049726E+00
       645  1.545554E+00
       646  3.078480E+00
       647  1.596504E+00
       648  3.108698E+00
       649  5.798185E-01
       650  1.125963E+00
       651  5.798185E-01
       652  1.125963E+00
       653  1.596504E+00
       654  3.108698E+00
       655  1.545554E+00
       656  3.078480E+00
       657  1.523631E+00
       658  3.049726E+00
       659  1.510766E+00
       660  3.034962E+00
       661  2.521231E+01
       662  1.420488E+01
       663  6.476072E+00
       664  1.963382E+00
       665  6.268793E-01
       666  2.521231E+01
       667  1.420488E+01
       668  6.476072E+00
       669  1.963382E+00
       670  6.268793E-01
       671  1.359306E+00
       672  2.788752E+00
       673  1.372721E+00
       674  2.804160E+00
       675  1.395576E+00
       676  2.834365E+00
       677  1.449886E+00
       678  2.865803E+00
       679  5.263338E-01
       680  1.036988E+00
       681  5.263338E-01
       682  1.036988E+00
       683  1.449886E+00
       684  2.865803E+00
       685  1.395576E+00
       686  2.834365E+00
       687  1.372721E+00
       688  2.804160E+00
       689  1.359306E+00
       690  2.788752E+00
       691  2.288149E+01
       692  1.295023E+01
       693  5.966212E+00
       694  1.864561E+00
       695  6.042998E-01
       696  2.288149E+01
       697  1.295023E+01
       698  5.966212E+00
       699  1.864561E+00
       700  6.042998E-01
       701  1.212206E+00
       702  2.540966E+00
       703  1.226195E+00
       704  2.557187E+00
       705  1.250038E+00
       706  2.589075E+00
       707  1.308010E+00
       708  2.621863E+00
       709  4.745809E-01
       710  9.475649E-01
       711  4.745809E-01
       712  9.475649E-01
       713  1.308010E+00
       714  2.621863E+00
       715  1.250038E+00
       716  2.589075E+00
       717  1.226195E+00
       718  2.557187E+00
       719  1.212206E+00
       720  2.540966E+00
       721  2.055701E+01
       722  1.168953E+01
       723  5.445499E+00
       724  1.757885E+00
       725  5.847263E-01
       726  2.055701E+01
       727  1.168953E+01
       728  5.445499E+00
       729  1.757885E+00
       730  5.847263E-01
       731  1.069884E+00
       732  2.292184E+00
       733  1.084490E+00
       734  2.309455E+00
       735  1.109413E+00
       736  2.343346E+00
       737  1.171428E+00
       738  2.377675E+00
       739  4.247775E-01
       740  8.579790E-01
       741  4.247775E-01
       742  8.579790E-01
       743  1.171428E+00
       744  2.377675E+00
       745  1.109413E+00
       746  2.343346E+00
       747  1.084490E+00
       748  2.309455E+00
       749  1.069884E+00
       750  2.292184E+00
       751  1.825012E+01
       752  1.042887E+01
       753  4.916472E+00
       754  1.643800E+00
       755  5.679479E-01
       756  1.825012E+01
       757  1.042887E+01
       758  4.916472E+00
       759  1.643800E+00
       760  5.679479E-01
       761  9.327708E-01
       762  2.043371E+00
       763  9.480641E-01
       764  2.061947E+00
       765  9.742142E-01
       766  2.098205E+00
       767  1.040764E+00
       768  2.134303E+00
       769  3.771738E-01
       770  7.686049E-01
       771  3.771738E-01
       772  7.686049E-01
       773  1.040764E+00
       774  2.134303E+00
       775  9.742142E-01
       776  2.098205E+00
       777  9.480641E-01
       778  2.061947E+00
       779  9.327708E-01
       780  2.043371E+00
       781  1.597378E+01
       782  9.175450E+00
       783  4.382297E+00
       784  1.523071E+00
       785  5.538884E-01
       786  1.597378E+01
       787  9.175450E+00
       788  4.382297E+00
       789  1.523071E+00
       790  5.538884E-01
       791  8.013458E-01
       792  1.796197E+00
       793  8.174361E-01
       794  1.816188E+00
       795  8.450263E-01
       796  1.855079E+00
       797  9.167446E-01
       798  1.893139E+00
       799  3.320555E-01
       800  6.799208E-01
       801  3.320555E-01
       802  6.799208E-01
       803  9.167446E-01
       804  1.893139E+00
       805  8.450263E-01
       806  1.855079E+00
       807  8.174361E-01
       808  1.816188E+00
       809  8.013458E-01
       810  1.796197E+00
       811  1.374247E+01
       812  7.937511E+00
       813  3.846872E+00
       814  1.396924E+00
       815  5.427147E-01
       816  1.374247E+01
       817  7.937511E+00
       818  3.846872E+00
       819  1.396924E+00
       820  5.427147E-01
       821  6.762533E-01
       822  1.553462E+00
       823  6.932900E-01
       824  1.574510E+00
       825  7.225808E-01
       826  1.615900E+00
       827  8.002603E-01
       828  1.655923E+00
       829  2.897404E-01
       830  5.925066E-01
       831  2.897404E-01
       832  5.925066E-01
       833  8.002603E-01
       834  1.655923E+00
       835  7.225808E-01
       836  1.615900E+00
       837  6.932900E-01
       838  1.574510E+00
       839  6.762533E-01
       840  1.553462E+00
       841  1.157195E+01
       842  6.724374E+00
       843  3.314976E+00
       844  1.267225E+00
       845  5.349802E-01
       846  1.157195E+01
       847  6.724374E+00
       848  3.314976E+00
       849  1.267225E+00
       850  5.349802E-01
       851  5.585251E-01
       852  1.319523E+00
       853  5.766785E-01
       854  1.340264E+00
       855  6.079078E-01
       856  1.383129E+00
       857  6.924662E-01
       858  1.424689E+00
       859  2.505667E-01
       860  5.070192E-01
       861  2.505667E-01
       862  5.070192E-01
       863  6.924662E-01
       864  1.424689E+00
       865  6.079078E-01
       866  1.383129E+00
       867  5.766785E-01
       868  1.340264E+00
       869  5.585251E-01
       870  1.319523E+00
       871  9.479174E+00
       872  5.546628E+00
       873  2.792474E+00
       874  1.136671E+00
       875  5.317607E-01
       876  9.479174E+00
       877  5.546628E+00
       878  2.792474E+00
       879  1.136671E+00
       880  5.317607E-01
       881  4.499993E-01
       882  1.100494E+00
       883  4.694121E-01
       884  1.117799E+00
       885  5.026197E-01
       886  1.159575E+00
       887  5.949444E-01
       888  1.201533E+00
       889  2.148654E-01
       890  4.241211E-01
       891  2.148654E-01
       892  4.241211E-01
       893  5.949444E-01
       894  1.201533E+00
       895  5.026197E-01
       896  1.159575E+00
       897  4.694121E-01
       898  1.117799E+00
       899  4.499993E-01
       900  1.100494E+00
       901  7.483507E+00
       902  4.416882E+00
       903  2.286649E+00
       904  1.008849E+00
       905  5.346624E-01
       906  7.483507E+00
       907  4.416882E+00
       908  2.286649E+00
       909  1.008849E+00
       910  5.346624E-01
       911  3.542089E-01
       912  9.039533E-01
       913  3.748732E-01
       914  9.120397E-01
       915  4.094775E-01
       916  9.478699E-01
       917  5.099649E-01
       918  9.881600E-01
       919  1.829173E-01
       920  3.443513E-01
       921  1.829173E-01
       922  3.443513E-01
       923  5.099649E-01
       924  9.881600E-01
       925  4.094775E-01
       926  9.478699E-01
       927  3.748732E-01
       928  9.120397E-01
       929  3.542089E-01
       930  9.039533E-01
       931  5.610007E+00
       932  3.351592E+00
       933  1.807026E+00
       934  8.882491E-01
       935  5.453601E-01
       936  5.610007E+00
       937  3.351592E+00
       938  1.807026E+00
       939  8.882491E-01
       940  5.453601E-01
       941  2.781838E-01
       942  7.381686E-01
       943  2.997946E-01
       944  7.278486E-01
       945  3.336373E-01
       946  7.499533E-01
       947  4.410728E-01
       948  7.853637E-01
       949  1.548715E-01
       950  2.680013E-01
       951  1.548715E-01
       952  2.680013E-01
       953  4.410728E-01
       954  7.853637E-01
       955  3.336373E-01
       956  7.499533E-01
       957  2.997946E-01
       958  7.278486E-01
       959  2.781838E-01
       960  7.381686E-01
       961  3.893694E+00
       962  2.374769E+00
       963  1.367765E+00
       964  7.805910E-01
       965  5.640796E-01
       966  3.893694E+00
       967  2.374769E+00
       968  1.367765E+00
       969  7.805910E-01
       970  5.640796E-01
       971  2.362596E-01
       972  6.105813E-01
       973  2.581766E-01
       974  5.707217E-01
       975  2.857412E-01
       976  5.687110E-01
       977  3.954399E-01
       978  5.951774E-01
       979  1.306182E-01
       980  1.962636E-01
       981  1.306182E-01
       982  1.962636E-01
       983  3.954399E-01
       984  5.951774E-01
       985  2.857412E-01
       986  5.687110E-01
       987  2.581766E-01
       988  5.707217E-01
       989  2.362596E-01
       990  6.105813E-01
       991  2.380832E+00
       992  1.523990E+00
       993  9.939256E-01
       994  6.919489E-01
       995  5.857015E-01
       996  2.380832E+00
       997  1.523990E+00
       998  9.939256E-01
       999  6.919489E-01
      1000  5.857015E-01
      1001  2.499815E-01
      1002  5.237054E-01
      1003  2.746131E-01
      1004  4.504237E-01
      1005  2.882492E-01
      1006  4.168463E-01
      1007  3.929140E-01
      1008  4.312225E-01
      1009  1.102905E-01
      1010  1.366425E-01
      1011  1.102905E-01
      1012  1.366425E-01
      1013  3.929140E-01
      1014  4.312225E-01
      1015  2.882492E-01
      1016  4.168463E-01
      1017  2.746131E-01
      1018  4.504237E-01
      1019  2.499815E-01
      1020  5.237054E-01
      1021  1.139092E+00
      1022  8.519574E-01
      1023  7.104256E-01
      1024  6.231880E-01
      1025  5.954683E-01
      1026  1.139092E+00
      1027  8.519574E-01
      1028  7.104256E-01
      1029  6.231880E-01
      1030  5.954683E-01
      1031  3.221030E-01
      1032  4.562760E-01
      1033  3.657550E-01
      1034  3.783339E-01
      1035  3.764225E-01
      1036  3.398834E-01
      1037  4.936546E-01
      1038  3.631729E-01
      1039  9.544476E-02
      1040  1.267893E-01
      1041  9.544476E-02
      1042  1.267893E-01
      1043  4.936546E-01
      1044  3.631729E-01
      1045  3.764225E-01
      1046  3.398834E-01
      1047  3.657550E-01
      1048  3.783339E-01
      1049  3.221030E-01
      1050  4.562760E-01
      1051  3.179299E-01
      1052  3.782550E-01
      1053  4.697179E-01
      1054  5.464499E-01
      1055  6.595533E-01
      1056  3.179299E-01
      1057  3.782550E-01
      1058  4.697179E-01
      1059  5.464499E-01
      1060  6.595533E-01
      1061  3.643760E-01
      1062  3.595894E-01
      1063  4.386955E-01
      1064  3.259387E-01
      1065  5.355249E-01
      1066  3.774849E-01
      1067  8.765006E-01
      1068  5.939936E-01
      1069  1.120781E-01
      1070  3.155004E-01
      1071  1.120781E-01
      1072  3.155004E-01
      1073  8.765006E-01
      1074  5.939936E-01
      1075  5.355249E-01
      1076  3.774849E-01
      1077  4.386955E-01
      1078  3.259387E-01
      1079  3.643760E-01
      1080  3.595894E-01
      1081  2.269551E-02
      1082  6.407854E-02
      1083  1.501198E-01
      1084  3.115672E-01
      1085  7.360736E-01
      1086  2.269551E-02
      1087  6.407854E-02
      1088  1.501198E-01
      1089  3.115672E-01
      1090  7.360736E-01
      1091  2.317165E-01
      1092  2.721216E-01
      1093  3.189491E-01
      1094  2.667320E-01
      1095  5.295772E-01
      1096  5.324767E-01
      1097  1.671444E+00
      1098  1.569868E+00
      1099  1.900487E-01
      1100  1.191396E+00
      1101  1.900487E-01
      1102  1.191396E+00
      1103  1.671444E+00
      1104  1.569868E+00
      1105  5.295772E-01
      1106  5.324767E-01
      1107  3.189491E-01
      1108  2.667320E-01
      1109  2.317165E-01
      1110  2.721216E-01
