
                        S T E P       1


                                INCREMENT     1


 displacements (vx,vy,vz) for set TIP_TOP and time  0.1000000E+01

      1991  2.507164E-02 -3.549355E-03 -2.489754E+00
      1992  2.496105E-02 -3.488213E-03 -2.482197E+00
      1995  2.469331E-02 -3.312112E-03 -2.474791E+00
      1998  2.453581E-02 -2.618464E-03 -2.468129E+00
      2000  2.451331E-02 -1.030706E-03 -2.463958E+00
      2002  2.450425E-02  2.482964E-11 -2.463651E+00
      2004  2.451331E-02  1.030706E-03 -2.463958E+00
      2007  2.453581E-02  2.618464E-03 -2.468129E+00
      2010  2.469331E-02  3.312112E-03 -2.474791E+00
      2013  2.496105E-02  3.488213E-03 -2.482197E+00
      2016  2.507164E-02  3.549355E-03 -2.489754E+00

 forces (fx,fy,fz) for set CLAMP and time  0.1000000E+01

         1  4.606606E+03  4.558354E+03  1.945054E+03
         4  8.342099E+03  1.840635E-08  3.884135E+03
         5  5.991099E+03  6.906258E+03 -5.470654E+01
         8  1.056699E+04  3.370475E-08 -9.185604E+01
         9  3.901706E+03  4.414632E+03 -2.081304E+02
        12  6.823019E+03  2.936117E-08 -3.997354E+02
        13  2.039238E+03  2.271757E+03 -3.481304E+02
        16  3.551567E+03  2.472085E-08 -6.772479E+02
        17  2.162896E+02  2.016253E+02 -3.742047E+02
        20  3.591003E+02  1.960485E-08 -7.373824E+02
        21 -1.064070E+03 -6.596755E+02 -1.177232E+03
        24 -1.448657E+03  9.277302E-09 -4.581117E+02
        26  4.606606E+03 -4.558354E+03  1.945054E+03
        28  5.991099E+03 -6.906258E+03 -5.470654E+01
        30  3.901706E+03 -4.414632E+03 -2.081304E+02
        32  2.039238E+03 -2.271757E+03 -3.481304E+02
        34  2.162896E+02 -2.016253E+02 -3.742047E+02
        36 -1.064070E+03  6.596755E+02 -1.177232E+03
        37 -7.596491E+02 -4.995148E+02 -1.159198E+03
        40 -7.779856E+02 -1.727140E+02 -1.978943E+03
        41 -2.171463E+03 -1.186330E+03 -3.794298E+02
        44 -3.102586E+03 -3.955374E+02 -7.339213E+02
        45 -1.620595E+03 -6.895545E+02  1.455427E+03
        48 -2.741297E+03 -2.234201E+02  2.675222E+03
        50 -5.915201E+02 -1.727106E+02 -1.816168E+03
        52 -2.971711E+03 -3.743055E+02 -7.478244E+02
        54 -2.813379E+03 -2.015836E+02  2.597886E+03
        56 -5.663432E+02 -1.398220E+02 -1.833758E+03
        58 -3.047136E+03 -2.812168E+02 -7.364479E+02
        60 -2.932324E+03 -1.444278E+02  2.666863E+03
        62 -2.243014E+03 -1.231514E+02 -4.627798E+02
        64 -2.149800E+03 -5.881836E+01  1.956303E+03
        66 -1.328344E+03  4.792194E-09 -2.524867E+02
        68 -1.269901E+03  2.972890E-09  1.160923E+03
        70 -2.243014E+03  1.231514E+02 -4.627798E+02
        72 -2.149800E+03  5.881836E+01  1.956303E+03
        74 -5.663432E+02  1.398220E+02 -1.833758E+03
        76 -3.047136E+03  2.812168E+02 -7.364479E+02
        78 -2.932324E+03  1.444278E+02  2.666863E+03
        80 -5.915201E+02  1.727106E+02 -1.816168E+03
        82 -2.971711E+03  3.743055E+02 -7.478244E+02
        84 -2.813379E+03  2.015836E+02  2.597886E+03
        86 -7.779856E+02  1.727140E+02 -1.978943E+03
        88 -3.102586E+03  3.955374E+02 -7.339213E+02
        90 -2.741297E+03  2.234201E+02  2.675222E+03
        92 -7.596491E+02  4.995148E+02 -1.159198E+03
        94 -2.171463E+03  1.186330E+03 -3.794298E+02
        96 -1.620595E+03  6.895545E+02  1.455427E+03

 internal energy (element, energy) for set EALL and time  0.1000000E+01

         1  4.576576E+01
         2  2.050965E+01
         3  7.619737E+00
         4  1.409938E+00
         5  8.920959E-01
         6  4.576576E+01
         7  2.050965E+01
         8  7.619737E+00
         9  1.409938E+00
        10  8.920959E-01
        11  3.058392E+00
        12  5.201054E+00
        13  2.482284E+00
        14  4.558041E+00
        15  2.409196E+00
        16  4.564067E+00
        17  2.584626E+00
        18  4.779143E+00
        19  1.124091E+00
        20  2.034244E+00
        21  1.124091E+00
        22  2.034244E+00
        23  2.584626E+00
        24  4.779143E+00
        25  2.409196E+00
        26  4.564067E+00
        27  2.482284E+00
        28  4.558041E+00
        29  3.058392E+00
        30  5.201054E+00
        31  4.739530E+01
        32  2.612434E+01
        33  1.012213E+01
        34  2.127302E+00
        35  1.451631E+00
        36  4.739530E+01
        37  2.612434E+01
        38  1.012213E+01
        39  2.127302E+00
        40  1.451631E+00
        41  2.807126E+00
        42  4.969859E+00
        43  3.101596E+00
        44  5.323488E+00
        45  3.158558E+00
        46  5.367295E+00
        47  3.341987E+00
        48  5.530840E+00
        49  1.419348E+00
        50  2.316547E+00
        51  1.419348E+00
        52  2.316547E+00
        53  3.341987E+00
        54  5.530840E+00
        55  3.158558E+00
        56  5.367295E+00
        57  3.101596E+00
        58  5.323488E+00
        59  2.807126E+00
        60  4.969859E+00
        61  4.800732E+01
        62  2.636561E+01
        63  1.090692E+01
        64  2.499694E+00
        65  1.681272E+00
        66  4.800732E+01
        67  2.636561E+01
        68  1.090692E+01
        69  2.499694E+00
        70  1.681272E+00
        71  2.988323E+00
        72  5.055641E+00
        73  3.282984E+00
        74  5.388310E+00
        75  3.486488E+00
        76  5.613973E+00
        77  3.607419E+00
        78  5.746144E+00
        79  1.483424E+00
        80  2.374250E+00
        81  1.483424E+00
        82  2.374250E+00
        83  3.607419E+00
        84  5.746144E+00
        85  3.486488E+00
        86  5.613973E+00
        87  3.282984E+00
        88  5.388310E+00
        89  2.988323E+00
        90  5.055641E+00
        91  4.373879E+01
        92  2.342852E+01
        93  9.591118E+00
        94  2.197357E+00
        95  1.430197E+00
        96  4.373879E+01
        97  2.342852E+01
        98  9.591118E+00
        99  2.197357E+00
       100  1.430197E+00
       101  2.817398E+00
       102  4.914988E+00
       103  2.937185E+00
       104  4.996847E+00
       105  3.065301E+00
       106  5.085723E+00
       107  3.174964E+00
       108  5.137266E+00
       109  1.307462E+00
       110  2.107170E+00
       111  1.307462E+00
       112  2.107170E+00
       113  3.174964E+00
       114  5.137266E+00
       115  3.065301E+00
       116  5.085723E+00
       117  2.937185E+00
       118  4.996847E+00
       119  2.817398E+00
       120  4.914988E+00
       121  3.881305E+01
       122  2.070652E+01
       123  8.416107E+00
       124  1.901709E+00
       125  1.218311E+00
       126  3.881305E+01
       127  2.070652E+01
       128  8.416107E+00
       129  1.901709E+00
       130  1.218311E+00
       131  2.522571E+00
       132  4.610712E+00
       133  2.580716E+00
       134  4.544535E+00
       135  2.659006E+00
       136  4.501695E+00
       137  2.750827E+00
       138  4.485327E+00
       139  1.128650E+00
       140  1.835438E+00
       141  1.128650E+00
       142  1.835438E+00
       143  2.750827E+00
       144  4.485327E+00
       145  2.659006E+00
       146  4.501695E+00
       147  2.580716E+00
       148  4.544535E+00
       149  2.522571E+00
       150  4.610712E+00
       151  3.449843E+01
       152  1.842283E+01
       153  7.474199E+00
       154  1.676965E+00
       155  1.075234E+00
       156  3.449843E+01
       157  1.842283E+01
       158  7.474199E+00
       159  1.676965E+00
       160  1.075234E+00
       161  2.242805E+00
       162  4.210629E+00
       163  2.295425E+00
       164  4.099247E+00
       165  2.371208E+00
       166  4.022619E+00
       167  2.467644E+00
       168  3.994160E+00
       169  9.980940E-01
       170  1.635166E+00
       171  9.980940E-01
       172  1.635166E+00
       173  2.467644E+00
       174  3.994160E+00
       175  2.371208E+00
       176  4.022619E+00
       177  2.295425E+00
       178  4.099247E+00
       179  2.242805E+00
       180  4.210629E+00
       181  3.078589E+01
       182  1.644820E+01
       183  6.630849E+00
       184  1.469195E+00
       185  9.875081E-01
       186  3.078589E+01
       187  1.644820E+01
       188  6.630849E+00
       189  1.469195E+00
       190  9.875081E-01
       191  1.991548E+00
       192  3.664736E+00
       193  2.065189E+00
       194  3.620381E+00
       195  2.172978E+00
       196  3.624139E+00
       197  2.322025E+00
       198  3.654678E+00
       199  9.086691E-01
       200  1.509735E+00
       201  9.086691E-01
       202  1.509735E+00
       203  2.322025E+00
       204  3.654678E+00
       205  2.172978E+00
       206  3.624139E+00
       207  2.065189E+00
       208  3.620381E+00
       209  1.991548E+00
       210  3.664736E+00
       211  2.781730E+01
       212  1.477805E+01
       213  5.824040E+00
       214  1.240351E+00
       215  9.708205E-01
       216  2.781730E+01
       217  1.477805E+01
       218  5.824040E+00
       219  1.240351E+00
       220  9.708205E-01
       221  1.801248E+00
       222  2.870886E+00
       223  1.897068E+00
       224  3.019336E+00
       225  2.061972E+00
       226  3.253338E+00
       227  2.341504E+00
       228  3.451714E+00
       229  8.599649E-01
       230  1.464126E+00
       231  8.599649E-01
       232  1.464126E+00
       233  2.341504E+00
       234  3.451714E+00
       235  2.061972E+00
       236  3.253338E+00
       237  1.897068E+00
       238  3.019336E+00
       239  1.801248E+00
       240  2.870886E+00
       241  2.569990E+01
       242  1.359518E+01
       243  5.113490E+00
       244  9.573401E-01
       245  1.089468E+00
       246  2.569990E+01
       247  1.359518E+01
       248  5.113490E+00
       249  9.573401E-01
       250  1.089468E+00
       251  1.767817E+00
       252  1.839539E+00
       253  1.883844E+00
       254  2.248424E+00
       255  2.048910E+00
       256  2.776036E+00
       257  2.487989E+00
       258  3.245032E+00
       259  8.442871E-01
       260  1.460036E+00
       261  8.442871E-01
       262  1.460036E+00
       263  2.487989E+00
       264  3.245032E+00
       265  2.048910E+00
       266  2.776036E+00
       267  1.883844E+00
       268  2.248424E+00
       269  1.767817E+00
       270  1.839539E+00
       271  2.437678E+01
       272  1.358836E+01
       273  4.839489E+00
       274  7.252128E-01
       275  1.368587E+00
       276  2.437678E+01
       277  1.358836E+01
       278  4.839489E+00
       279  7.252128E-01
       280  1.368587E+00
       281  2.239692E+00
       282  1.070267E+00
       283  2.534731E+00
       284  1.648980E+00
       285  2.529439E+00
       286  2.158172E+00
       287  2.726586E+00
       288  2.684554E+00
       289  8.924500E-01
       290  1.294149E+00
       291  8.924500E-01
       292  1.294149E+00
       293  2.726586E+00
       294  2.684554E+00
       295  2.529439E+00
       296  2.158172E+00
       297  2.534731E+00
       298  1.648980E+00
       299  2.239692E+00
       300  1.070267E+00
       301  2.582104E+01
       302  1.548460E+01
       303  5.585313E+00
       304  9.858448E-01
       305  1.682631E+00
       306  2.582104E+01
       307  1.548460E+01
       308  5.585313E+00
       309  9.858448E-01
       310  1.682631E+00
       311  2.255376E+00
       312  1.011916E+00
       313  2.901346E+00
       314  1.593441E+00
       315  3.125653E+00
       316  2.013704E+00
       317  2.980378E+00
       318  2.329120E+00
       319  9.875297E-01
       320  1.056260E+00
       321  9.875297E-01
       322  1.056260E+00
       323  2.980378E+00
       324  2.329120E+00
       325  3.125653E+00
       326  2.013704E+00
       327  2.901346E+00
       328  1.593441E+00
       329  2.255376E+00
       330  1.011916E+00
       331  3.440785E+01
       332  1.851173E+01
       333  7.257887E+00
       334  1.827435E+00
       335  2.379071E+00
       336  3.440785E+01
       337  1.851173E+01
       338  7.257887E+00
       339  1.827435E+00
       340  2.379071E+00
       341  1.519149E+00
       342  1.996107E+00
       343  2.067214E+00
       344  2.669052E+00
       345  2.511439E+00
       346  3.387848E+00
       347  3.139705E+00
       348  3.904722E+00
       349  1.166784E+00
       350  1.599850E+00
       351  1.166784E+00
       352  1.599850E+00
       353  3.139705E+00
       354  3.904722E+00
       355  2.511439E+00
       356  3.387848E+00
       357  2.067214E+00
       358  2.669052E+00
       359  1.519149E+00
       360  1.996107E+00
       361  4.678185E+01
       362  2.236442E+01
       363  9.193952E+00
       364  2.351379E+00
       365  1.349642E+00
       366  4.678185E+01
       367  2.236442E+01
       368  9.193952E+00
       369  2.351379E+00
       370  1.349642E+00
       371  2.587237E+00
       372  7.249777E+00
       373  2.596601E+00
       374  7.253873E+00
       375  2.780735E+00
       376  7.556044E+00
       377  3.741862E+00
       378  8.075664E+00
       379  1.401247E+00
       380  3.167468E+00
       381  1.401247E+00
       382  3.167468E+00
       383  3.741862E+00
       384  8.075664E+00
       385  2.780735E+00
       386  7.556044E+00
       387  2.596601E+00
       388  7.253873E+00
       389  2.587237E+00
       390  7.249777E+00
       391  5.005570E+01
       392  2.525474E+01
       393  1.034390E+01
       394  2.528139E+00
       395  1.062380E+00
       396  5.005570E+01
       397  2.525474E+01
       398  1.034390E+01
       399  2.528139E+00
       400  1.062380E+00
       401  2.391478E+00
       402  7.613940E+00
       403  2.346866E+00
       404  7.128874E+00
       405  2.606532E+00
       406  7.029447E+00
       407  3.736953E+00
       408  7.699159E+00
       409  1.373130E+00
       410  3.093366E+00
       411  1.373130E+00
       412  3.093366E+00
       413  3.736953E+00
       414  7.699159E+00
       415  2.606532E+00
       416  7.029447E+00
       417  2.346866E+00
       418  7.128874E+00
       419  2.391478E+00
       420  7.613940E+00
       421  4.769830E+01
       422  2.539757E+01
       423  1.051642E+01
       424  2.533861E+00
       425  1.097697E+00
       426  4.769830E+01
       427  2.539757E+01
       428  1.051642E+01
       429  2.533861E+00
       430  1.097697E+00
       431  2.010346E+00
       432  5.224489E+00
       433  2.251822E+00
       434  5.253148E+00
       435  2.656153E+00
       436  5.473215E+00
       437  3.404517E+00
       438  6.085452E+00
       439  1.214548E+00
       440  2.427004E+00
       441  1.214548E+00
       442  2.427004E+00
       443  3.404517E+00
       444  6.085452E+00
       445  2.656153E+00
       446  5.473215E+00
       447  2.251822E+00
       448  5.253148E+00
       449  2.010346E+00
       450  5.224489E+00
       451  4.462881E+01
       452  2.404194E+01
       453  1.009790E+01
       454  2.488241E+00
       455  1.015684E+00
       456  4.462881E+01
       457  2.404194E+01
       458  1.009790E+01
       459  2.488241E+00
       460  1.015684E+00
       461  2.093000E+00
       462  4.353722E+00
       463  2.304126E+00
       464  4.551307E+00
       465  2.593622E+00
       466  4.868125E+00
       467  2.980228E+00
       468  5.277947E+00
       469  1.058842E+00
       470  2.026871E+00
       471  1.058842E+00
       472  2.026871E+00
       473  2.980228E+00
       474  5.277947E+00
       475  2.593622E+00
       476  4.868125E+00
       477  2.304126E+00
       478  4.551307E+00
       479  2.093000E+00
       480  4.353722E+00
       481  4.120666E+01
       482  2.237387E+01
       483  9.510237E+00
       484  2.432212E+00
       485  9.604049E-01
       486  4.120666E+01
       487  2.237387E+01
       488  9.510237E+00
       489  2.432212E+00
       490  9.604049E-01
       491  2.182676E+00
       492  3.952202E+00
       493  2.275665E+00
       494  4.120059E+00
       495  2.412902E+00
       496  4.375845E+00
       497  2.611802E+00
       498  4.647895E+00
       499  9.352790E-01
       500  1.744272E+00
       501  9.352790E-01
       502  1.744272E+00
       503  2.611802E+00
       504  4.647895E+00
       505  2.412902E+00
       506  4.375845E+00
       507  2.275665E+00
       508  4.120059E+00
       509  2.182676E+00
       510  3.952202E+00
       511  3.778061E+01
       512  2.067122E+01
       513  8.897312E+00
       514  2.358790E+00
       515  9.272339E-01
       516  3.778061E+01
       517  2.067122E+01
       518  8.897312E+00
       519  2.358790E+00
       520  9.272339E-01
       521  2.128555E+00
       522  3.732851E+00
       523  2.161254E+00
       524  3.835492E+00
       525  2.218804E+00
       526  3.996477E+00
       527  2.331000E+00
       528  4.161509E+00
       529  8.373758E-01
       530  1.536305E+00
       531  8.373758E-01
       532  1.536305E+00
       533  2.331000E+00
       534  4.161509E+00
       535  2.218804E+00
       536  3.996477E+00
       537  2.161254E+00
       538  3.835492E+00
       539  2.128555E+00
       540  3.732851E+00
       541  3.452692E+01
       542  1.900015E+01
       543  8.265630E+00
       544  2.256387E+00
       545  8.954290E-01
       546  3.452692E+01
       547  1.900015E+01
       548  8.265630E+00
       549  2.256387E+00
       550  8.954290E-01
       551  1.985209E+00
       552  3.570342E+00
       553  2.002668E+00
       554  3.611165E+00
       555  2.031609E+00
       556  3.689086E+00
       557  2.108358E+00
       558  3.774489E+00
       559  7.571209E-01
       560  1.376502E+00
       561  7.571209E-01
       562  1.376502E+00
       563  2.108358E+00
       564  3.774489E+00
       565  2.031609E+00
       566  3.689086E+00
       567  2.002668E+00
       568  3.611165E+00
       569  1.985209E+00
       570  3.570342E+00
       571  3.145763E+01
       572  1.738617E+01
       573  7.627490E+00
       574  2.131091E+00
       575  8.601786E-01
       576  3.145763E+01
       577  1.738617E+01
       578  7.627490E+00
       579  2.131091E+00
       580  8.601786E-01
       581  1.814421E+00
       582  3.419973E+00
       583  1.834894E+00
       584  3.406496E+00
       585  1.859404E+00
       586  3.418862E+00
       587  1.924881E+00
       588  3.448583E+00
       589  6.887835E-01
       590  1.246883E+00
       591  6.887835E-01
       592  1.246883E+00
       593  1.924881E+00
       594  3.448583E+00
       595  1.859404E+00
       596  3.418862E+00
       597  1.834894E+00
       598  3.406496E+00
       599  1.814421E+00
       600  3.419973E+00
       601  2.855065E+01
       602  1.584360E+01
       603  6.998319E+00
       604  1.991052E+00
       605  8.219135E-01
       606  2.855065E+01
       607  1.584360E+01
       608  6.998319E+00
       609  1.991052E+00
       610  8.219135E-01
       611  1.646753E+00
       612  3.248499E+00
       613  1.677424E+00
       614  3.195862E+00
       615  1.709916E+00
       616  3.167430E+00
       617  1.778287E+00
       618  3.166339E+00
       619  6.299449E-01
       620  1.139655E+00
       621  6.299449E-01
       622  1.139655E+00
       623  1.778287E+00
       624  3.166339E+00
       625  1.709916E+00
       626  3.167430E+00
       627  1.677424E+00
       628  3.195862E+00
       629  1.646753E+00
       630  3.248499E+00
       631  2.581392E+01
       632  1.438157E+01
       633  6.375684E+00
       634  1.834263E+00
       635  7.850379E-01
       636  2.581392E+01
       637  1.438157E+01
       638  6.375684E+00
       639  1.834263E+00
       640  7.850379E-01
       641  1.490299E+00
       642  2.995591E+00
       643  1.539711E+00
       644  2.947586E+00
       645  1.595337E+00
       646  2.930286E+00
       647  1.688102E+00
       648  2.936871E+00
       649  5.828706E-01
       650  1.059632E+00
       651  5.828706E-01
       652  1.059632E+00
       653  1.688102E+00
       654  2.936871E+00
       655  1.595337E+00
       656  2.930286E+00
       657  1.539711E+00
       658  2.947586E+00
       659  1.490299E+00
       660  2.995591E+00
       661  2.335487E+01
       662  1.301401E+01
       663  5.725823E+00
       664  1.640262E+00
       665  7.623691E-01
       666  2.335487E+01
       667  1.301401E+01
       668  5.725823E+00
       669  1.640262E+00
       670  7.623691E-01
       671  1.339041E+00
       672  2.551535E+00
       673  1.421717E+00
       674  2.600813E+00
       675  1.529005E+00
       676  2.700283E+00
       677  1.697625E+00
       678  2.787418E+00
       679  5.547646E-01
       680  1.022853E+00
       681  5.547646E-01
       682  1.022853E+00
       683  1.697625E+00
       684  2.787418E+00
       685  1.529005E+00
       686  2.700283E+00
       687  1.421717E+00
       688  2.600813E+00
       689  1.339041E+00
       690  2.551535E+00
       691  2.143446E+01
       692  1.183260E+01
       693  5.024184E+00
       694  1.356051E+00
       695  7.860354E-01
       696  2.143446E+01
       697  1.183260E+01
       698  5.024184E+00
       699  1.356051E+00
       700  7.860354E-01
       701  1.199959E+00
       702  1.810715E+00
       703  1.330111E+00
       704  2.063707E+00
       705  1.504658E+00
       706  2.406288E+00
       707  1.828046E+00
       708  2.690039E+00
       709  5.504709E-01
       710  1.035557E+00
       711  5.504709E-01
       712  1.035557E+00
       713  1.828046E+00
       714  2.690039E+00
       715  1.504658E+00
       716  2.406288E+00
       717  1.330111E+00
       718  2.063707E+00
       719  1.199959E+00
       720  1.810715E+00
       721  2.038686E+01
       722  1.128795E+01
       723  4.433915E+00
       724  9.669649E-01
       725  8.559288E-01
       726  2.038686E+01
       727  1.128795E+01
       728  4.433915E+00
       729  9.669649E-01
       730  8.559288E-01
       731  1.253559E+00
       732  1.007781E+00
       733  1.472821E+00
       734  1.458412E+00
       735  1.621079E+00
       736  1.935532E+00
       737  2.009072E+00
       738  2.409296E+00
       739  5.845810E-01
       740  1.009564E+00
       741  5.845810E-01
       742  1.009564E+00
       743  2.009072E+00
       744  2.409296E+00
       745  1.621079E+00
       746  1.935532E+00
       747  1.472821E+00
       748  1.458412E+00
       749  1.253559E+00
       750  1.007781E+00
       751  2.135225E+01
       752  1.227659E+01
       753  4.576644E+00
       754  8.131516E-01
       755  8.589195E-01
       756  2.135225E+01
       757  1.227659E+01
       758  4.576644E+00
       759  8.131516E-01
       760  8.589195E-01
       761  1.338071E+00
       762  7.521562E-01
       763  1.769732E+00
       764  1.250944E+00
       765  1.958007E+00
       766  1.650062E+00
       767  2.114565E+00
       768  2.058974E+00
       769  6.552111E-01
       770  8.911225E-01
       771  6.552111E-01
       772  8.911225E-01
       773  2.114565E+00
       774  2.058974E+00
       775  1.958007E+00
       776  1.650062E+00
       777  1.769732E+00
       778  1.250944E+00
       779  1.338071E+00
       780  7.521562E-01
       781  2.719994E+01
       782  1.484290E+01
       783  5.976109E+00
       784  1.505553E+00
       785  1.320856E+00
       786  2.719994E+01
       787  1.484290E+01
       788  5.976109E+00
       789  1.505553E+00
       790  1.320856E+00
       791  1.154325E+00
       792  1.442417E+00
       793  1.607114E+00
       794  2.010638E+00
       795  1.983727E+00
       796  2.606256E+00
       797  2.321896E+00
       798  3.070923E+00
       799  8.726876E-01
       800  1.236077E+00
       801  8.726876E-01
       802  1.236077E+00
       803  2.321896E+00
       804  3.070923E+00
       805  1.983727E+00
       806  2.606256E+00
       807  1.607114E+00
       808  2.010638E+00
       809  1.154325E+00
       810  1.442417E+00
       811  3.590222E+01
       812  1.836933E+01
       813  7.960156E+00
       814  2.291680E+00
       815  9.955753E-01
       816  3.590222E+01
       817  1.836933E+01
       818  7.960156E+00
       819  2.291680E+00
       820  9.955753E-01
       821  2.571699E+00
       822  5.802621E+00
       823  2.605054E+00
       824  5.956671E+00
       825  2.725149E+00
       826  6.263506E+00
       827  3.113559E+00
       828  6.600350E+00
       829  1.195744E+00
       830  2.649495E+00
       831  1.195744E+00
       832  2.649495E+00
       833  3.113559E+00
       834  6.600350E+00
       835  2.725149E+00
       836  6.263506E+00
       837  2.605054E+00
       838  5.956671E+00
       839  2.571699E+00
       840  5.802621E+00
       841  3.779358E+01
       842  2.010345E+01
       843  8.892872E+00
       844  2.670709E+00
       845  1.049514E+00
       846  3.779358E+01
       847  2.010345E+01
       848  8.892872E+00
       849  2.670709E+00
       850  1.049514E+00
       851  2.557532E+00
       852  6.606001E+00
       853  2.396144E+00
       854  6.191305E+00
       855  2.418537E+00
       856  6.005448E+00
       857  2.979129E+00
       858  6.286773E+00
       859  1.149519E+00
       860  2.611578E+00
       861  1.149519E+00
       862  2.611578E+00
       863  2.979129E+00
       864  6.286773E+00
       865  2.418537E+00
       866  6.005448E+00
       867  2.396144E+00
       868  6.191305E+00
       869  2.557532E+00
       870  6.606001E+00
       871  3.388605E+01
       872  1.876820E+01
       873  8.454962E+00
       874  2.648710E+00
       875  1.166240E+00
       876  3.388605E+01
       877  1.876820E+01
       878  8.454962E+00
       879  2.648710E+00
       880  1.166240E+00
       881  1.793725E+00
       882  4.100527E+00
       883  1.860277E+00
       884  4.060447E+00
       885  2.022749E+00
       886  4.147572E+00
       887  2.424928E+00
       888  4.476696E+00
       889  9.170718E-01
       890  1.860006E+00
       891  9.170718E-01
       892  1.860006E+00
       893  2.424928E+00
       894  4.476696E+00
       895  2.022749E+00
       896  4.147572E+00
       897  1.860277E+00
       898  4.060447E+00
       899  1.793725E+00
       900  4.100527E+00
       901  2.875464E+01
       902  1.609670E+01
       903  7.398568E+00
       904  2.447650E+00
       905  1.113744E+00
       906  2.875464E+01
       907  1.609670E+01
       908  7.398568E+00
       909  2.447650E+00
       910  1.113744E+00
       911  1.532789E+00
       912  3.095610E+00
       913  1.617110E+00
       914  3.188148E+00
       915  1.743307E+00
       916  3.364129E+00
       917  1.964988E+00
       918  3.581376E+00
       919  7.412829E-01
       920  1.437367E+00
       921  7.412829E-01
       922  1.437367E+00
       923  1.964988E+00
       924  3.581376E+00
       925  1.743307E+00
       926  3.364129E+00
       927  1.617110E+00
       928  3.188148E+00
       929  1.532789E+00
       930  3.095610E+00
       931  2.360542E+01
       932  1.336613E+01
       933  6.276253E+00
       934  2.213332E+00
       935  1.080122E+00
       936  2.360542E+01
       937  1.336613E+01
       938  6.276253E+00
       939  2.213332E+00
       940  1.080122E+00
       941  1.331972E+00
       942  2.498047E+00
       943  1.376923E+00
       944  2.579416E+00
       945  1.441888E+00
       946  2.720746E+00
       947  1.593556E+00
       948  2.862030E+00
       949  6.060198E-01
       950  1.124132E+00
       951  6.060198E-01
       952  1.124132E+00
       953  1.593556E+00
       954  2.862030E+00
       955  1.441888E+00
       956  2.720746E+00
       957  1.376923E+00
       958  2.579416E+00
       959  1.331972E+00
       960  2.498047E+00
       961  1.893939E+01
       962  1.082286E+01
       963  5.192712E+00
       964  1.950988E+00
       965  1.031466E+00
       966  1.893939E+01
       967  1.082286E+01
       968  5.192712E+00
       969  1.950988E+00
       970  1.031466E+00
       971  1.097982E+00
       972  2.046172E+00
       973  1.126820E+00
       974  2.104227E+00
       975  1.168858E+00
       976  2.202145E+00
       977  1.297548E+00
       978  2.288127E+00
       979  4.945441E-01
       980  8.823778E-01
       981  4.945441E-01
       982  8.823778E-01
       983  1.297548E+00
       984  2.288127E+00
       985  1.168858E+00
       986  2.202145E+00
       987  1.126820E+00
       988  2.104227E+00
       989  1.097982E+00
       990  2.046172E+00
       991  1.483062E+01
       992  8.534371E+00
       993  4.182710E+00
       994  1.679354E+00
       995  9.680017E-01
       996  1.483062E+01
       997  8.534371E+00
       998  4.182710E+00
       999  1.679354E+00
      1000  9.680017E-01
      1001  8.667452E-01
      1002  1.643805E+00
      1003  8.898875E-01
      1004  1.684620E+00
      1005  9.255430E-01
      1006  1.755642E+00
      1007  1.049516E+00
      1008  1.811064E+00
      1009  4.006605E-01
      1010  6.873988E-01
      1011  4.006605E-01
      1012  6.873988E-01
      1013  1.049516E+00
      1014  1.811064E+00
      1015  9.255430E-01
      1016  1.755642E+00
      1017  8.898875E-01
      1018  1.684620E+00
      1019  8.667452E-01
      1020  1.643805E+00
      1021  1.124356E+01
      1022  6.518638E+00
      1023  3.280659E+00
      1024  1.428894E+00
      1025  9.078351E-01
      1026  1.124356E+01
      1027  6.518638E+00
      1028  3.280659E+00
      1029  1.428894E+00
      1030  9.078351E-01
      1031  6.576738E-01
      1032  1.279537E+00
      1033  6.788134E-01
      1034  1.307997E+00
      1035  7.133982E-01
      1036  1.362721E+00
      1037  8.386775E-01
      1038  1.402669E+00
      1039  3.204627E-01
      1040  5.240264E-01
      1041  3.204627E-01
      1042  5.240264E-01
      1043  8.386775E-01
      1044  1.402669E+00
      1045  7.133982E-01
      1046  1.362721E+00
      1047  6.788134E-01
      1048  1.307997E+00
      1049  6.576738E-01
      1050  1.279537E+00
      1051  8.146540E+00
      1052  4.774491E+00
      1053  2.500959E+00
      1054  1.216516E+00
      1055  8.628547E-01
      1056  8.146540E+00
      1057  4.774491E+00
      1058  2.500959E+00
      1059  1.216516E+00
      1060  8.628547E-01
      1061  4.775312E-01
      1062  9.670690E-01
      1063  4.984704E-01
      1064  9.807727E-01
      1065  5.334100E-01
      1066  1.020648E+00
      1067  6.619523E-01
      1068  1.051199E+00
      1069  2.519389E-01
      1070  3.849844E-01
      1071  2.519389E-01
      1072  3.849844E-01
      1073  6.619523E-01
      1074  1.051199E+00
      1075  5.334100E-01
      1076  1.020648E+00
      1077  4.984704E-01
      1078  9.807727E-01
      1079  4.775312E-01
      1080  9.670690E-01
      1081  5.515838E+00
      1082  3.298864E+00
      1083  1.850899E+00
      1084  1.050881E+00
      1085  8.380601E-01
      1086  5.515838E+00
      1087  3.298864E+00
      1088  1.850899E+00
      1089  1.050881E+00
      1090  8.380601E-01
      1091  3.357670E-01
      1092  7.266686E-01
      1093  3.569462E-01
      1094  7.136006E-01
      1095  3.903530E-01
      1096  7.302549E-01
      1097  5.199395E-01
      1098  7.508861E-01
      1099  1.937256E-01
      1100  2.667526E-01
      1101  1.937256E-01
      1102  2.667526E-01
      1103  5.199395E-01
      1104  7.508861E-01
      1105  3.903530E-01
      1106  7.302549E-01
      1107  3.569462E-01
      1108  7.136006E-01
      1109  3.357670E-01
      1110  7.266686E-01
      1111  3.333797E+00
      1112  2.101519E+00
      1113  1.346886E+00
      1114  9.342436E-01
      1115  8.253443E-01
      1116  3.333797E+00
      1117  2.101519E+00
      1118  1.346886E+00
      1119  9.342436E-01
      1120  8.253443E-01
      1121  2.580265E-01
      1122  5.772026E-01
      1123  2.782378E-01
      1124  5.171938E-01
      1125  3.005480E-01
      1126  4.929554E-01
      1127  4.184733E-01
      1128  4.984757E-01
      1129  1.440841E-01
      1130  1.681837E-01
      1131  1.440841E-01
      1132  1.681837E-01
      1133  4.184733E-01
      1134  4.984757E-01
      1135  3.005480E-01
      1136  4.929554E-01
      1137  2.782378E-01
      1138  5.171938E-01
      1139  2.580265E-01
      1140  5.772026E-01
      1141  1.613315E+00
      1142  1.208855E+00
      1143  1.001250E+00
      1144  8.622512E-01
      1145  7.964346E-01
      1146  1.613315E+00
      1147  1.208855E+00
      1148  1.001250E+00
      1149  8.622512E-01
      1150  7.964346E-01
      1151  2.984276E-01
      1152  5.241452E-01
      1153  3.243550E-01
      1154  4.182550E-01
      1155  3.185425E-01
      1156  3.459292E-01
      1157  4.037314E-01
      1158  3.314261E-01
      1159  1.023924E-01
      1160  1.066362E-01
      1161  1.023924E-01
      1162  1.066362E-01
      1163  4.037314E-01
      1164  3.314261E-01
      1165  3.185425E-01
      1166  3.459292E-01
      1167  3.243550E-01
      1168  4.182550E-01
      1169  2.984276E-01
      1170  5.241452E-01
      1171  4.801581E-01
      1172  5.830603E-01
      1173  7.264358E-01
      1174  8.181496E-01
      1175  8.483186E-01
      1176  4.801581E-01
      1177  5.830603E-01
      1178  7.264358E-01
      1179  8.181496E-01
      1180  8.483186E-01
      1181  4.320448E-01
      1182  4.899587E-01
      1183  4.946001E-01
      1184  4.125573E-01
      1185  5.293138E-01
      1186  3.893658E-01
      1187  7.232748E-01
      1188  4.609310E-01
      1189  8.780988E-02
      1190  2.070957E-01
      1191  8.780988E-02
      1192  2.070957E-01
      1193  7.232748E-01
      1194  4.609310E-01
      1195  5.293138E-01
      1196  3.893658E-01
      1197  4.946001E-01
      1198  4.125573E-01
      1199  4.320448E-01
      1200  4.899587E-01
      1201  4.857570E-02
      1202  1.355197E-01
      1203  3.119856E-01
      1204  6.520133E-01
      1205  1.279246E+00
      1206  4.857570E-02
      1207  1.355197E-01
      1208  3.119856E-01
      1209  6.520133E-01
      1210  1.279246E+00
      1211  3.829190E-01
      1212  4.107590E-01
      1213  5.168554E-01
      1214  3.928592E-01
      1215  8.232083E-01
      1216  7.765112E-01
      1217  2.486330E+00
      1218  2.093635E+00
      1219  2.065709E-01
      1220  1.529062E+00
      1221  2.065709E-01
      1222  1.529062E+00
      1223  2.486330E+00
      1224  2.093635E+00
      1225  8.232083E-01
      1226  7.765112E-01
      1227  5.168554E-01
      1228  3.928592E-01
      1229  3.829190E-01
      1230  4.107590E-01
