
                        S T E P       1


                                INCREMENT     1


 displacements (vx,vy,vz) for set TIP_TOP and time  0.1000000E+01

      1799  1.262359E-01 -2.709726E-03 -4.210323E+00
      1800  1.261483E-01 -2.646127E-03 -4.204168E+00
      1803  1.259783E-01 -2.530621E-03 -4.198208E+00
      1806  1.258725E-01 -2.038729E-03 -4.192814E+00
      1808  1.258645E-01 -8.039815E-04 -4.189427E+00
      1810  1.258513E-01 -9.602145E-11 -4.189257E+00
      1812  1.258645E-01  8.039813E-04 -4.189427E+00
      1815  1.258725E-01  2.038728E-03 -4.192814E+00
      1818  1.259783E-01  2.530620E-03 -4.198208E+00
      1821  1.261483E-01  2.646127E-03 -4.204168E+00
      1824  1.262359E-01  2.709726E-03 -4.210323E+00

 forces (fx,fy,fz) for set CLAMP and time  0.1000000E+01

         1  4.525004E+03  6.110581E+03  1.820685E+03
         4  8.186852E+03 -3.196100E-08  3.638362E+03
         5  5.881299E+03  9.164422E+03 -3.449240E+01
         8  1.038230E+04 -6.284931E-08 -5.957287E+01
         9  3.763971E+03  5.748694E+03 -2.053349E+02
        12  6.587606E+03 -6.318728E-08 -4.020051E+02
        13  1.869202E+03  2.806734E+03 -3.456202E+02
        16  3.258184E+03 -6.252698E-08 -6.810777E+02
        17  1.162015E+01 -4.404359E+01 -3.608252E+02
        20  2.914002E+00 -6.186326E-08 -7.159129E+02
        21 -1.128833E+03 -1.027947E+03 -1.295802E+03
        24 -1.579526E+03 -3.685484E-08 -3.987254E+02
        26  4.525004E+03 -6.110581E+03  1.820685E+03
        28  5.881299E+03 -9.164422E+03 -3.449240E+01
        30  3.763971E+03 -5.748694E+03 -2.053349E+02
        32  1.869202E+03 -2.806734E+03 -3.456202E+02
        34  1.162015E+01  4.404359E+01 -3.608252E+02
        36 -1.128833E+03  1.027947E+03 -1.295802E+03
        37 -7.537162E+02 -5.631068E+02 -1.327156E+03
        40 -7.970631E+02 -1.441739E+02 -2.341768E+03
        41 -2.112965E+03 -1.286695E+03 -3.123142E+02
        44 -3.014311E+03 -3.305147E+02 -6.088614E+02
        45 -1.556437E+03 -7.260387E+02  1.590223E+03
        48 -2.612767E+03 -1.868503E+02  2.948512E+03
        50 -6.098304E+02 -1.422357E+02 -2.165591E+03
        52 -2.880205E+03 -3.134248E+02 -6.212473E+02
        54 -2.679732E+03 -1.710407E+02  2.849976E+03
        56 -5.542166E+02 -1.127982E+02 -2.153545E+03
        58 -2.914247E+03 -2.287841E+02 -6.127076E+02
        60 -2.783370E+03 -1.186431E+02  2.889605E+03
        62 -2.042377E+03 -9.374439E+01 -3.739317E+02
        64 -1.955439E+03 -4.440919E+01  2.019151E+03
        66 -1.097657E+03 -1.444719E-08 -1.878053E+02
        68 -1.051844E+03 -7.572763E-09  1.088825E+03
        70 -2.042377E+03  9.374439E+01 -3.739317E+02
        72 -1.955439E+03  4.440919E+01  2.019151E+03
        74 -5.542166E+02  1.127982E+02 -2.153545E+03
        76 -2.914247E+03  2.287841E+02 -6.127076E+02
        78 -2.783370E+03  1.186431E+02  2.889605E+03
        80 -6.098304E+02  1.422357E+02 -2.165591E+03
        82 -2.880205E+03  3.134248E+02 -6.212473E+02
        84 -2.679732E+03  1.710407E+02  2.849976E+03
        86 -7.970631E+02  1.441739E+02 -2.341768E+03
        88 -3.014311E+03  3.305147E+02 -6.088614E+02
        90 -2.612767E+03  1.868503E+02  2.948512E+03
        92 -7.537162E+02  5.631068E+02 -1.327156E+03
        94 -2.112965E+03  1.286695E+03 -3.123142E+02
        96 -1.556437E+03  7.260387E+02  1.590223E+03

 internal energy (element, energy) for set EALL and time  0.1000000E+01

         1  5.831621E+01
         2  2.532021E+01
         3  8.933673E+00
         4  1.415874E+00
         5  1.558397E+00
         6  5.831621E+01
         7  2.532021E+01
         8  8.933673E+00
         9  1.415874E+00
        10  1.558397E+00
        11  4.314231E+00
        12  6.447888E+00
        13  3.622652E+00
        14  5.725309E+00
        15  3.474142E+00
        16  5.650802E+00
        17  3.603514E+00
        18  5.789065E+00
        19  1.348369E+00
        20  2.146236E+00
        21  1.348369E+00
        22  2.146236E+00
        23  3.603514E+00
        24  5.789065E+00
        25  3.474142E+00
        26  5.650802E+00
        27  3.622652E+00
        28  5.725309E+00
        29  4.314231E+00
        30  6.447888E+00
        31  5.907842E+01
        32  3.175031E+01
        33  1.163346E+01
        34  2.122661E+00
        35  2.257882E+00
        36  5.907842E+01
        37  3.175031E+01
        38  1.163346E+01
        39  2.122661E+00
        40  2.257882E+00
        41  4.016899E+00
        42  6.007996E+00
        43  4.394631E+00
        44  6.452614E+00
        45  4.425494E+00
        46  6.474219E+00
        47  4.511654E+00
        48  6.538110E+00
        49  1.655197E+00
        50  2.390605E+00
        51  1.655197E+00
        52  2.390605E+00
        53  4.511654E+00
        54  6.538110E+00
        55  4.425494E+00
        56  6.474219E+00
        57  4.394631E+00
        58  6.452614E+00
        59  4.016899E+00
        60  6.007996E+00
        61  5.460829E+01
        62  2.946266E+01
        63  1.181056E+01
        64  2.359910E+00
        65  2.142494E+00
        66  5.460829E+01
        67  2.946266E+01
        68  1.181056E+01
        69  2.359910E+00
        70  2.142494E+00
        71  3.950908E+00
        72  5.768602E+00
        73  4.195741E+00
        74  6.064178E+00
        75  4.324012E+00
        76  6.239542E+00
        77  4.324456E+00
        78  6.273103E+00
        79  1.559241E+00
        80  2.272844E+00
        81  1.559241E+00
        82  2.272844E+00
        83  4.324456E+00
        84  6.273103E+00
        85  4.324012E+00
        86  6.239542E+00
        87  4.195741E+00
        88  6.064178E+00
        89  3.950908E+00
        90  5.768602E+00
        91  4.922165E+01
        92  2.709817E+01
        93  1.144207E+01
        94  2.377711E+00
        95  1.733892E+00
        96  4.922165E+01
        97  2.709817E+01
        98  1.144207E+01
        99  2.377711E+00
       100  1.733892E+00
       101  3.950040E+00
       102  5.667086E+00
       103  3.963045E+00
       104  5.695198E+00
       105  3.942492E+00
       106  5.681610E+00
       107  3.849317E+00
       108  5.581045E+00
       109  1.370700E+00
       110  1.997081E+00
       111  1.370700E+00
       112  1.997081E+00
       113  3.849317E+00
       114  5.581045E+00
       115  3.942492E+00
       116  5.681610E+00
       117  3.963045E+00
       118  5.695198E+00
       119  3.950040E+00
       120  5.667086E+00
       121  4.127726E+01
       122  2.614242E+01
       123  1.173288E+01
       124  2.510273E+00
       125  1.377113E+00
       126  4.127726E+01
       127  2.614242E+01
       128  1.173288E+01
       129  2.510273E+00
       130  1.377113E+00
       131  3.815096E+00
       132  5.463595E+00
       133  3.741622E+00
       134  5.372379E+00
       135  3.623445E+00
       136  5.218520E+00
       137  3.435454E+00
       138  5.000418E+00
       139  1.198849E+00
       140  1.769021E+00
       141  1.198849E+00
       142  1.769021E+00
       143  3.435454E+00
       144  5.000418E+00
       145  3.623445E+00
       146  5.218520E+00
       147  3.741622E+00
       148  5.372379E+00
       149  3.815096E+00
       150  5.463595E+00
       151  3.721323E+01
       152  2.612510E+01
       153  1.215910E+01
       154  2.718533E+00
       155  1.226599E+00
       156  3.721323E+01
       157  2.612510E+01
       158  1.215910E+01
       159  2.718533E+00
       160  1.226599E+00
       161  3.712170E+00
       162  5.346110E+00
       163  3.608734E+00
       164  5.217658E+00
       165  3.455129E+00
       166  5.019687E+00
       167  3.236239E+00
       168  4.758303E+00
       169  1.113888E+00
       170  1.671487E+00
       171  1.113888E+00
       172  1.671487E+00
       173  3.236239E+00
       174  4.758303E+00
       175  3.455129E+00
       176  5.019687E+00
       177  3.608734E+00
       178  5.217658E+00
       179  3.712170E+00
       180  5.346110E+00
       181  4.035838E+01
       182  2.614215E+01
       183  1.207745E+01
       184  2.830004E+00
       185  1.258475E+00
       186  4.035838E+01
       187  2.614215E+01
       188  1.207745E+01
       189  2.830004E+00
       190  1.258475E+00
       191  3.640514E+00
       192  5.363678E+00
       193  3.537443E+00
       194  5.243494E+00
       195  3.386157E+00
       196  5.060414E+00
       197  3.198529E+00
       198  4.821029E+00
       199  1.100963E+00
       200  1.694719E+00
       201  1.100963E+00
       202  1.694719E+00
       203  3.198529E+00
       204  4.821029E+00
       205  3.386157E+00
       206  5.060414E+00
       207  3.537443E+00
       208  5.243494E+00
       209  3.640514E+00
       210  5.363678E+00
       211  4.631670E+01
       212  2.698219E+01
       213  1.209145E+01
       214  2.944458E+00
       215  1.354395E+00
       216  4.631670E+01
       217  2.698219E+01
       218  1.209145E+01
       219  2.944458E+00
       220  1.354395E+00
       221  3.596646E+00
       222  5.536913E+00
       223  3.511658E+00
       224  5.438100E+00
       225  3.388246E+00
       226  5.293478E+00
       227  3.265460E+00
       228  5.104775E+00
       229  1.132345E+00
       230  1.802860E+00
       231  1.132345E+00
       232  1.802860E+00
       233  3.265460E+00
       234  5.104775E+00
       235  3.388246E+00
       236  5.293478E+00
       237  3.511658E+00
       238  5.438100E+00
       239  3.596646E+00
       240  5.536913E+00
       241  5.095205E+01
       242  2.906371E+01
       243  1.282260E+01
       244  3.239153E+00
       245  1.430554E+00
       246  5.095205E+01
       247  2.906371E+01
       248  1.282260E+01
       249  3.239153E+00
       250  1.430554E+00
       251  3.564899E+00
       252  5.868715E+00
       253  3.509965E+00
       254  5.786014E+00
       255  3.431124E+00
       256  5.677433E+00
       257  3.384749E+00
       258  5.539655E+00
       259  1.184653E+00
       260  1.966794E+00
       261  1.184653E+00
       262  1.966794E+00
       263  3.384749E+00
       264  5.539655E+00
       265  3.431124E+00
       266  5.677433E+00
       267  3.509965E+00
       268  5.786014E+00
       269  3.564899E+00
       270  5.868715E+00
       271  5.528277E+01
       272  3.168270E+01
       273  1.409983E+01
       274  3.707202E+00
       275  1.466775E+00
       276  5.528277E+01
       277  3.168270E+01
       278  1.409983E+01
       279  3.707202E+00
       280  1.466775E+00
       281  3.528458E+00
       282  6.358487E+00
       283  3.510206E+00
       284  6.284964E+00
       285  3.485629E+00
       286  6.204914E+00
       287  3.521237E+00
       288  6.111887E+00
       289  1.247839E+00
       290  2.181185E+00
       291  1.247839E+00
       292  2.181185E+00
       293  3.521237E+00
       294  6.111887E+00
       295  3.485629E+00
       296  6.204914E+00
       297  3.510206E+00
       298  6.284964E+00
       299  3.528458E+00
       300  6.358487E+00
       301  6.069112E+01
       302  3.513207E+01
       303  1.593040E+01
       304  4.370671E+00
       305  1.498733E+00
       306  6.069112E+01
       307  3.513207E+01
       308  1.593040E+01
       309  4.370671E+00
       310  1.498733E+00
       311  3.534501E+00
       312  7.050177E+00
       313  3.555636E+00
       314  6.998647E+00
       315  3.589516E+00
       316  6.960170E+00
       317  3.710577E+00
       318  6.923069E+00
       319  1.339305E+00
       320  2.485464E+00
       321  1.339305E+00
       322  2.485464E+00
       323  3.710577E+00
       324  6.923069E+00
       325  3.589516E+00
       326  6.960170E+00
       327  3.555636E+00
       328  6.998647E+00
       329  3.534501E+00
       330  7.050177E+00
       331  6.999156E+01
       332  4.112503E+01
       333  1.893911E+01
       334  5.368936E+00
       335  1.609209E+00
       336  6.999156E+01
       337  4.112503E+01
       338  1.893911E+01
       339  5.368936E+00
       340  1.609209E+00
       341  3.753339E+00
       342  8.085304E+00
       343  3.818860E+00
       344  8.105026E+00
       345  3.921696E+00
       346  8.168662E+00
       347  4.139711E+00
       348  8.251437E+00
       349  1.527711E+00
       350  2.991052E+00
       351  1.527711E+00
       352  2.991052E+00
       353  4.139711E+00
       354  8.251437E+00
       355  3.921696E+00
       356  8.168662E+00
       357  3.818860E+00
       358  8.105026E+00
       359  3.753339E+00
       360  8.085304E+00
       361  8.239586E+01
       362  4.851435E+01
       363  2.196943E+01
       364  6.241317E+00
       365  1.623732E+00
       366  8.239586E+01
       367  4.851435E+01
       368  2.196943E+01
       369  6.241317E+00
       370  1.623732E+00
       371  3.985312E+00
       372  9.221450E+00
       373  4.102732E+00
       374  9.381650E+00
       375  4.291619E+00
       376  9.649445E+00
       377  4.642543E+00
       378  9.988441E+00
       379  1.758190E+00
       380  3.679936E+00
       381  1.758190E+00
       382  3.679936E+00
       383  4.642543E+00
       384  9.988441E+00
       385  4.291619E+00
       386  9.649445E+00
       387  4.102732E+00
       388  9.381650E+00
       389  3.985312E+00
       390  9.221450E+00
       391  1.040927E+02
       392  5.510158E+01
       393  2.365855E+01
       394  6.559101E+00
       395  1.453494E+00
       396  1.040927E+02
       397  5.510158E+01
       398  2.365855E+01
       399  6.559101E+00
       400  1.453494E+00
       401  4.221766E+00
       402  1.031884E+01
       403  4.390612E+00
       404  1.065187E+01
       405  4.674348E+00
       406  1.119657E+01
       407  5.172151E+00
       408  1.193475E+01
       409  1.988225E+00
       410  4.488709E+00
       411  1.988225E+00
       412  4.488709E+00
       413  5.172151E+00
       414  1.193475E+01
       415  4.674348E+00
       416  1.119657E+01
       417  4.390612E+00
       418  1.065187E+01
       419  4.221766E+00
       420  1.031884E+01
       421  1.223047E+02
       422  5.887282E+01
       423  2.460811E+01
       424  6.820551E+00
       425  1.354543E+00
       426  1.223047E+02
       427  5.887282E+01
       428  2.460811E+01
       429  6.820551E+00
       430  1.354543E+00
       431  4.434822E+00
       432  1.119446E+01
       433  4.631097E+00
       434  1.163114E+01
       435  4.972009E+00
       436  1.235145E+01
       437  5.538795E+00
       438  1.335591E+01
       439  2.118831E+00
       440  5.075772E+00
       441  2.118831E+00
       442  5.075772E+00
       443  5.538795E+00
       444  1.335591E+01
       445  4.972009E+00
       446  1.235145E+01
       447  4.631097E+00
       448  1.163114E+01
       449  4.434822E+00
       450  1.119446E+01
       451  1.147244E+02
       452  6.096631E+01
       453  2.684161E+01
       454  7.984789E+00
       455  1.668596E+00
       456  1.147244E+02
       457  6.096631E+01
       458  2.684161E+01
       459  7.984789E+00
       460  1.668596E+00
       461  4.580868E+00
       462  1.169265E+01
       463  4.758676E+00
       464  1.208249E+01
       465  5.067951E+00
       466  1.271615E+01
       467  5.564304E+00
       468  1.355477E+01
       469  2.107595E+00
       470  5.098602E+00
       471  2.107595E+00
       472  5.098602E+00
       473  5.564304E+00
       474  1.355477E+01
       475  5.067951E+00
       476  1.271615E+01
       477  4.758676E+00
       478  1.208249E+01
       479  4.580868E+00
       480  1.169265E+01
       481  1.018388E+02
       482  5.919755E+01
       483  2.782138E+01
       484  8.910407E+00
       485  2.041351E+00
       486  1.018388E+02
       487  5.919755E+01
       488  2.782138E+01
       489  8.910407E+00
       490  2.041351E+00
       491  4.621349E+00
       492  1.174437E+01
       493  4.743311E+00
       494  1.197476E+01
       495  4.955132E+00
       496  1.235021E+01
       497  5.300059E+00
       498  1.279867E+01
       499  1.977454E+00
       500  4.719070E+00
       501  1.977454E+00
       502  4.719070E+00
       503  5.300059E+00
       504  1.279867E+01
       505  4.955132E+00
       506  1.235021E+01
       507  4.743311E+00
       508  1.197476E+01
       509  4.621349E+00
       510  1.174437E+01
       511  9.504819E+01
       512  5.540844E+01
       513  2.665448E+01
       514  8.860952E+00
       515  2.146696E+00
       516  9.504819E+01
       517  5.540844E+01
       518  2.665448E+01
       519  8.860952E+00
       520  2.146696E+00
       521  4.545650E+00
       522  1.139777E+01
       523  4.608952E+00
       524  1.147273E+01
       525  4.726912E+00
       526  1.162506E+01
       527  4.947408E+00
       528  1.179391E+01
       529  1.815661E+00
       530  4.286134E+00
       531  1.815661E+00
       532  4.286134E+00
       533  4.947408E+00
       534  1.179391E+01
       535  4.726912E+00
       536  1.162506E+01
       537  4.608952E+00
       538  1.147273E+01
       539  4.545650E+00
       540  1.139777E+01
       541  8.891834E+01
       542  5.173775E+01
       543  2.492504E+01
       544  8.388919E+00
       545  2.104932E+00
       546  8.891834E+01
       547  5.173775E+01
       548  2.492504E+01
       549  8.388919E+00
       550  2.104932E+00
       551  4.374658E+00
       552  1.078644E+01
       553  4.402577E+00
       554  1.078151E+01
       555  4.465190E+00
       556  1.082645E+01
       557  4.621662E+00
       558  1.087930E+01
       559  1.677591E+00
       560  3.928122E+00
       561  1.677591E+00
       562  3.928122E+00
       563  4.621662E+00
       564  1.087930E+01
       565  4.465190E+00
       566  1.082645E+01
       567  4.402577E+00
       568  1.078151E+01
       569  4.374658E+00
       570  1.078644E+01
       571  8.259855E+01
       572  4.808989E+01
       573  2.320707E+01
       574  7.874318E+00
       575  2.044896E+00
       576  8.259855E+01
       577  4.808989E+01
       578  2.320707E+01
       579  7.874318E+00
       580  2.044896E+00
       581  4.143095E+00
       582  1.005075E+01
       583  4.159699E+00
       584  1.003136E+01
       585  4.200191E+00
       586  1.005122E+01
       587  4.334593E+00
       588  1.007785E+01
       589  1.565493E+00
       590  3.631014E+00
       591  1.565493E+00
       592  3.631014E+00
       593  4.334593E+00
       594  1.007785E+01
       595  4.200191E+00
       596  1.005122E+01
       597  4.159699E+00
       598  1.003136E+01
       599  4.143095E+00
       600  1.005075E+01
       601  7.617565E+01
       602  4.439415E+01
       603  2.148019E+01
       604  7.359818E+00
       605  1.986957E+00
       606  7.617565E+01
       607  4.439415E+01
       608  2.148019E+01
       609  7.359818E+00
       610  1.986957E+00
       611  3.880559E+00
       612  9.281289E+00
       613  3.897944E+00
       614  9.273823E+00
       615  3.933101E+00
       616  9.299566E+00
       617  4.062623E+00
       618  9.326201E+00
       619  1.464078E+00
       620  3.356727E+00
       621  1.464078E+00
       622  3.356727E+00
       623  4.062623E+00
       624  9.326201E+00
       625  3.933101E+00
       626  9.299566E+00
       627  3.897944E+00
       628  9.273823E+00
       629  3.880559E+00
       630  9.281289E+00
       631  6.971630E+01
       632  4.067351E+01
       633  1.973696E+01
       634  6.834715E+00
       635  1.923829E+00
       636  6.971630E+01
       637  4.067351E+01
       638  1.973696E+01
       639  6.834715E+00
       640  1.923829E+00
       641  3.604261E+00
       642  8.515382E+00
       643  3.624911E+00
       644  8.520965E+00
       645  3.660197E+00
       646  8.556076E+00
       647  3.789987E+00
       648  8.585729E+00
       649  1.364310E+00
       650  3.087157E+00
       651  1.364310E+00
       652  3.087157E+00
       653  3.789987E+00
       654  8.585729E+00
       655  3.660197E+00
       656  8.556076E+00
       657  3.624911E+00
       658  8.520965E+00
       659  3.604261E+00
       660  8.515382E+00
       661  6.325843E+01
       662  3.694618E+01
       663  1.798419E+01
       664  6.300220E+00
       665  1.853329E+00
       666  6.325843E+01
       667  3.694618E+01
       668  1.798419E+01
       669  6.300220E+00
       670  1.853329E+00
       671  3.321345E+00
       672  7.760182E+00
       673  3.344197E+00
       674  7.773033E+00
       675  3.380435E+00
       676  7.813804E+00
       677  3.511867E+00
       678  7.845346E+00
       679  1.263378E+00
       680  2.817825E+00
       681  1.263378E+00
       682  2.817825E+00
       683  3.511867E+00
       684  7.845346E+00
       685  3.380435E+00
       686  7.813804E+00
       687  3.344197E+00
       688  7.773033E+00
       689  3.321345E+00
       690  7.760182E+00
       691  5.683165E+01
       692  3.323191E+01
       693  1.623246E+01
       694  5.760635E+00
       695  1.776257E+00
       696  5.683165E+01
       697  3.323191E+01
       698  1.623246E+01
       699  5.760635E+00
       700  1.776257E+00
       701  3.033960E+00
       702  7.013133E+00
       703  3.057786E+00
       704  7.028811E+00
       705  3.094667E+00
       706  7.071979E+00
       707  3.228046E+00
       708  7.104284E+00
       709  1.160759E+00
       710  2.548358E+00
       711  1.160759E+00
       712  2.548358E+00
       713  3.228046E+00
       714  7.104284E+00
       715  3.094667E+00
       716  7.071979E+00
       717  3.057786E+00
       718  7.028811E+00
       719  3.033960E+00
       720  7.013133E+00
       721  5.047024E+01
       722  2.955187E+01
       723  1.449295E+01
       724  5.220120E+00
       725  1.693541E+00
       726  5.047024E+01
       727  2.955187E+01
       728  1.449295E+01
       729  5.220120E+00
       730  1.693541E+00
       731  2.742768E+00
       732  6.271589E+00
       733  2.766959E+00
       734  6.288128E+00
       735  2.804201E+00
       736  6.332171E+00
       737  2.939578E+00
       738  6.364739E+00
       739  1.056615E+00
       740  2.279526E+00
       741  1.056615E+00
       742  2.279526E+00
       743  2.939578E+00
       744  6.364739E+00
       745  2.804201E+00
       746  6.332171E+00
       747  2.766959E+00
       748  6.288128E+00
       749  2.742768E+00
       750  6.271589E+00
       751  4.421326E+01
       752  2.592904E+01
       753  1.277681E+01
       754  4.682333E+00
       755  1.605858E+00
       756  4.421326E+01
       757  2.592904E+01
       758  1.277681E+01
       759  4.682333E+00
       760  1.605858E+00
       761  2.448417E+00
       762  5.535357E+00
       763  2.472834E+00
       764  5.552468E+00
       765  2.510418E+00
       766  5.597257E+00
       767  2.647889E+00
       768  5.630239E+00
       769  9.513932E-01
       770  2.012632E+00
       771  9.513932E-01
       772  2.012632E+00
       773  2.647889E+00
       774  5.630239E+00
       775  2.510418E+00
       776  5.597257E+00
       777  2.472834E+00
       778  5.552468E+00
       779  2.448417E+00
       780  5.535357E+00
       781  3.810444E+01
       782  2.238868E+01
       783  1.109596E+01
       784  4.150965E+00
       785  1.513823E+00
       786  3.810444E+01
       787  2.238868E+01
       788  1.109596E+01
       789  4.150965E+00
       790  1.513823E+00
       791  2.151972E+00
       792  4.806765E+00
       793  2.176735E+00
       794  4.825105E+00
       795  2.214882E+00
       796  4.871401E+00
       797  2.354702E+00
       798  4.905431E+00
       799  8.457345E-01
       800  1.749387E+00
       801  8.457345E-01
       802  1.749387E+00
       803  2.354702E+00
       804  4.905431E+00
       805  2.214882E+00
       806  4.871401E+00
       807  2.176735E+00
       808  4.825105E+00
       809  2.151972E+00
       810  4.806765E+00
       811  3.219274E+01
       812  1.895890E+01
       813  9.463618E+00
       814  3.630190E+00
       815  1.418296E+00
       816  3.219274E+01
       817  1.895890E+01
       818  9.463618E+00
       819  3.630190E+00
       820  1.418296E+00
       821  1.855116E+00
       822  4.090585E+00
       823  1.880461E+00
       824  4.111233E+00
       825  1.919575E+00
       826  4.160237E+00
       827  2.062219E+00
       828  4.196185E+00
       829  7.404966E-01
       830  1.491909E+00
       831  7.404966E-01
       832  1.491909E+00
       833  2.062219E+00
       834  4.196185E+00
       835  1.919575E+00
       836  4.160237E+00
       837  1.880461E+00
       838  4.111233E+00
       839  1.855116E+00
       840  4.090585E+00
       841  2.653234E+01
       842  1.567079E+01
       843  7.894662E+00
       844  3.125081E+00
       845  1.320779E+00
       846  2.653234E+01
       847  1.567079E+01
       848  7.894662E+00
       849  3.125081E+00
       850  1.320779E+00
       851  1.560580E+00
       852  3.394759E+00
       853  1.586697E+00
       854  3.418502E+00
       855  1.627217E+00
       856  3.471160E+00
       857  1.773387E+00
       858  3.509745E+00
       859  6.367991E-01
       860  1.242749E+00
       861  6.367991E-01
       862  1.242749E+00
       863  1.773387E+00
       864  3.509745E+00
       865  1.627217E+00
       866  3.471160E+00
       867  1.586697E+00
       868  3.418502E+00
       869  1.560580E+00
       870  3.394759E+00
       871  2.118099E+01
       872  1.255798E+01
       873  6.405928E+00
       874  2.642250E+00
       875  1.223993E+00
       876  2.118099E+01
       877  1.255798E+01
       878  6.405928E+00
       879  2.642250E+00
       880  1.223993E+00
       881  1.273036E+00
       882  2.732152E+00
       883  1.299766E+00
       884  2.758070E+00
       885  1.341786E+00
       886  2.813703E+00
       887  1.492245E+00
       888  2.854701E+00
       889  5.360279E-01
       890  1.004829E+00
       891  5.360279E-01
       892  1.004829E+00
       893  1.492245E+00
       894  2.854701E+00
       895  1.341786E+00
       896  2.813703E+00
       897  1.299766E+00
       898  2.758070E+00
       899  1.273036E+00
       900  2.732152E+00
       901  1.619748E+01
       902  9.656114E+00
       903  5.016607E+00
       904  2.190538E+00
       905  1.132574E+00
       906  1.619748E+01
       907  9.656114E+00
       908  5.016607E+00
       909  2.190538E+00
       910  1.132574E+00
       911  1.000640E+00
       912  2.122570E+00
       913  1.026843E+00
       914  2.145490E+00
       915  1.069279E+00
       916  2.199396E+00
       917  1.224395E+00
       918  2.240455E+00
       919  4.397769E-01
       920  7.812756E-01
       921  4.397769E-01
       922  7.812756E-01
       923  1.224395E+00
       924  2.240455E+00
       925  1.069279E+00
       926  2.199396E+00
       927  1.026843E+00
       928  2.145490E+00
       929  1.000640E+00
       930  2.122570E+00
       931  1.164488E+01
       932  7.004514E+00
       933  3.748565E+00
       934  1.781083E+00
       935  1.053403E+00
       936  1.164488E+01
       937  7.004514E+00
       938  3.748565E+00
       939  1.781083E+00
       940  1.053403E+00
       941  7.570790E-01
       942  1.593329E+00
       943  7.796634E-01
       944  1.599646E+00
       945  8.188351E-01
       946  1.639735E+00
       947  9.773144E-01
       948  1.675140E+00
       949  3.496265E-01
       950  5.748327E-01
       951  3.496265E-01
       952  5.748327E-01
       953  9.773144E-01
       954  1.675140E+00
       955  8.188351E-01
       956  1.639735E+00
       957  7.796634E-01
       958  1.599646E+00
       959  7.570790E-01
       960  1.593329E+00
       961  7.607581E+00
       962  4.653805E+00
       963  2.628292E+00
       964  1.426712E+00
       965  9.936757E-01
       966  7.607581E+00
       967  4.653805E+00
       968  2.628292E+00
       969  1.426712E+00
       970  9.936757E-01
       971  5.663738E-01
       972  1.174911E+00
       973  5.781654E-01
       974  1.137518E+00
       975  6.046858E-01
       976  1.141989E+00
       977  7.606276E-01
       978  1.163822E+00
       979  2.669759E-01
       980  3.876451E-01
       981  2.669759E-01
       982  3.876451E-01
       983  7.606276E-01
       984  1.163822E+00
       985  6.046858E-01
       986  1.141989E+00
       987  5.781654E-01
       988  1.137518E+00
       989  5.663738E-01
       990  1.174911E+00
       991  4.204777E+00
       992  2.691313E+00
       993  1.708957E+00
       994  1.141944E+00
       995  9.484590E-01
       996  4.204777E+00
       997  2.691313E+00
       998  1.708957E+00
       999  1.141944E+00
      1000  9.484590E-01
      1001  4.683562E-01
      1002  8.863842E-01
      1003  4.644169E-01
      1004  7.771301E-01
      1005  4.606803E-01
      1006  7.202251E-01
      1007  5.950439E-01
      1008  7.191651E-01
      1009  1.928121E-01
      1010  2.265304E-01
      1011  1.928121E-01
      1012  2.265304E-01
      1013  5.950439E-01
      1014  7.191651E-01
      1015  4.606803E-01
      1016  7.202251E-01
      1017  4.644169E-01
      1018  7.771301E-01
      1019  4.683562E-01
      1020  8.863842E-01
      1021  1.610311E+00
      1022  1.243805E+00
      1023  1.051702E+00
      1024  9.290425E-01
      1025  8.826061E-01
      1026  1.610311E+00
      1027  1.243805E+00
      1028  1.051702E+00
      1029  9.290425E-01
      1030  8.826061E-01
      1031  4.799467E-01
      1032  6.704654E-01
      1033  4.986753E-01
      1034  5.396000E-01
      1035  4.818596E-01
      1036  4.605759E-01
      1037  6.011843E-01
      1038  4.568813E-01
      1039  1.328383E-01
      1040  1.480277E-01
      1041  1.328383E-01
      1042  1.480277E-01
      1043  6.011843E-01
      1044  4.568813E-01
      1045  4.818596E-01
      1046  4.605759E-01
      1047  4.986753E-01
      1048  5.396000E-01
      1049  4.799467E-01
      1050  6.704654E-01
      1051  2.545590E-01
      1052  3.710924E-01
      1053  5.323651E-01
      1054  6.905226E-01
      1055  9.065317E-01
      1056  2.545590E-01
      1057  3.710924E-01
      1058  5.323651E-01
      1059  6.905226E-01
      1060  9.065317E-01
      1061  4.185092E-01
      1062  4.043552E-01
      1063  4.964380E-01
      1064  3.445958E-01
      1065  6.454545E-01
      1066  4.745815E-01
      1067  1.288248E+00
      1068  9.508495E-01
      1069  1.383582E-01
      1070  5.726540E-01
      1071  1.383582E-01
      1072  5.726540E-01
      1073  1.288248E+00
      1074  9.508495E-01
      1075  6.454545E-01
      1076  4.745815E-01
      1077  4.964380E-01
      1078  3.445958E-01
      1079  4.185092E-01
      1080  4.043552E-01
      1081  1.656108E-03
      1082  8.912778E-03
      1083  3.952126E-02
      1084  1.389108E-01
      1085  4.069877E-01
      1086  1.656108E-03
      1087  8.912778E-03
      1088  3.952126E-02
      1089  1.389108E-01
      1090  4.069877E-01
      1091  1.241964E-01
      1092  1.882293E-01
      1093  1.523076E-01
      1094  1.567711E-01
      1095  2.622882E-01
      1096  3.281518E-01
      1097  9.444886E-01
      1098  9.375172E-01
      1099  1.055301E-01
      1100  7.139380E-01
      1101  1.055301E-01
      1102  7.139380E-01
      1103  9.444886E-01
      1104  9.375172E-01
      1105  2.622882E-01
      1106  3.281518E-01
      1107  1.523076E-01
      1108  1.567711E-01
      1109  1.241964E-01
      1110  1.882293E-01
