
                        S T E P       1


                                INCREMENT     1


 displacements (vx,vy,vz) for set NALL and time  0.1000000E+01

         1  0.000000E+00 -6.203855E-25  0.000000E+00
         2 -1.323489E-24  1.323489E-24  0.000000E+00
         3 -6.617445E-25  6.617445E-25  1.065409E-22
         4  0.000000E+00  6.617445E-25  2.253240E-22
         5  2.159809E-03 -2.819319E-05 -2.405287E-03
         6  2.154163E-03  3.939135E-05  2.477605E-03
         7 -2.061769E-03  4.788484E-05 -2.403686E-03
         8 -2.068062E-03 -2.492087E-05  2.475612E-03
         9  4.122838E-03 -7.553379E-06 -4.848889E-03
        10  4.122957E-03  2.336036E-05  4.781026E-03
        11 -4.003755E-03  1.902737E-05 -4.848921E-03
        12 -4.004070E-03 -5.736838E-06  4.781470E-03
        13  4.374765E-03  2.685773E-06 -5.235454E-03
        14  4.374815E-03  8.794438E-06  5.154490E-03
        15 -4.281396E-03  5.280757E-06 -5.236224E-03
        16 -4.281241E-03  3.550761E-06  5.155364E-03
        17  4.679921E-03  3.467630E-06 -5.615479E-03
        18  4.680066E-03  9.516299E-06  5.567103E-03
        19 -4.633000E-03 -2.365359E-06 -5.615652E-03
        20 -4.632883E-03  1.988162E-06  5.567696E-03
        21  5.000000E-03  0.000000E+00 -6.000000E-03
        22  5.000000E-03 -2.117582E-23  6.000000E-03
        23 -5.000000E-03  5.293956E-24 -6.000000E-03
        24 -5.000000E-03 -2.117582E-23  6.000000E-03
        25  6.519284E-05 -6.771338E-06 -1.267303E-04
        26  3.274501E-04 -2.381837E-05 -5.342217E-04
        27  7.705019E-04 -3.996411E-05 -1.107721E-03
        28  1.239633E-03 -4.576371E-05 -1.615061E-03
        29  1.627615E-03 -4.404068E-05 -1.936966E-03
        30  1.886581E-03 -4.092999E-05 -2.096611E-03
        31  2.021949E-03 -3.764354E-05 -2.228277E-03
        32  4.432602E-05  1.772074E-07  1.465200E-05
        33  2.211645E-04 -2.662854E-06  9.151109E-05
        34  5.310245E-04 -7.338526E-06  2.997125E-04
        35  8.981918E-04 -1.025111E-05  6.803802E-04
        36  1.272176E-03 -4.795367E-06  1.205319E-03
        37  1.627126E-03  1.045047E-05  1.773994E-03
        38  1.947772E-03  2.971738E-05  2.235035E-03
        39 -9.888540E-05  3.704905E-08  3.650850E-06
        40 -3.571899E-04 -9.671958E-07 -3.608791E-05
        41 -6.986884E-04 -4.820683E-06 -2.009985E-04
        42 -1.055848E-03 -7.311223E-06 -5.217569E-04
        43 -1.381781E-03 -2.579170E-06 -9.866523E-04
        44 -1.647826E-03  1.174752E-05 -1.525821E-03
        45 -1.837867E-03  3.259101E-05 -2.033107E-03
        46 -1.037766E-04 -3.405577E-06  8.488792E-05
        47 -4.375163E-04 -1.743882E-05  4.197869E-04
        48 -9.484765E-04 -3.273139E-05  9.862094E-04
        49 -1.493456E-03 -3.885496E-05  1.586643E-03
        50 -1.947610E-03 -3.500660E-05  2.072732E-03
        51 -2.218013E-03 -2.790073E-05  2.372069E-03
        52 -2.251068E-03 -2.396657E-05  2.483013E-03
        53  3.849533E-03 -5.827273E-05 -3.741356E-03
        54  2.622257E-03 -3.260691E-06  3.679152E-03
        55 -2.770483E-03 -4.730881E-06 -3.835085E-03
        56 -3.294613E-03 -4.302222E-05  3.513701E-03
        57  4.926852E-03 -7.714554E-06 -5.108146E-03
        58  3.645134E-03  9.246918E-06  5.030288E-03
        59 -3.550917E-03  6.282359E-06 -5.107167E-03
        60 -4.828679E-03 -6.142298E-06  5.028273E-03
        61  4.917450E-03  4.924443E-07 -5.295826E-03
        62  5.238128E-03 -1.365220E-06 -5.420055E-03
        63  5.132490E-03  1.721953E-06 -5.559162E-03
        64  3.981809E-03  5.956245E-06  5.225064E-03
        65  3.935370E-03  3.013622E-06  5.361398E-03
        66  4.203352E-03  4.631122E-06  5.500816E-03
        67 -3.823700E-03  3.538332E-07 -5.347662E-03
        68 -3.667460E-03 -2.631873E-06 -5.520182E-03
        69 -4.013205E-03 -5.703298E-07 -5.602622E-03
        70 -4.800975E-03  1.750071E-08  5.246332E-03
        71 -5.109128E-03 -2.716968E-06  5.387280E-03
        72 -5.023313E-03 -7.734056E-07  5.499510E-03
        73  5.152408E-03  1.926808E-07 -5.694043E-03
        74  5.395802E-03 -2.303798E-06 -5.899926E-03
        75  5.358104E-03  1.747337E-06 -6.035315E-03
        76  4.192067E-03  7.672483E-06  5.679113E-03
        77  4.067792E-03  1.538543E-06  5.950326E-03
        78  4.436243E-03  4.611664E-06  6.110618E-03
        79 -4.279519E-03 -6.350381E-06 -5.662755E-03
        80 -4.231032E-03 -7.195891E-06 -5.765180E-03
        81 -4.481531E-03 -4.934604E-06 -5.885918E-03
        82 -5.289987E-03 -3.399794E-06  5.670329E-03
        83 -5.717165E-03 -6.192144E-06  5.773378E-03
        84 -5.545511E-03 -6.589610E-06  5.842413E-03
        85  1.495853E-06  1.106439E-08  1.040108E-06
        86 -1.195108E-06  9.165255E-10 -8.270494E-07
        87  7.557196E-07 -1.717237E-09  8.167020E-07
        88 -1.141174E-06  7.286791E-09 -1.234629E-06
        89  2.157800E-03 -8.700483E-05 -1.745030E-03
        90  2.156813E-03 -1.085106E-04 -1.112283E-03
        91  2.157078E-03 -1.012345E-04 -5.009357E-04
        92  2.157331E-03 -7.488194E-05  9.609369E-05
        93  2.157037E-03 -3.868373E-05  6.857454E-04
        94  2.156073E-03 -1.706010E-06  1.274856E-03
        95  2.155079E-03  2.703438E-05  1.870138E-03
        96 -2.063797E-03  8.107744E-05 -1.790352E-03
        97 -2.064352E-03  9.807653E-05 -1.183811E-03
        98 -2.064474E-03  1.005827E-04 -5.810487E-04
        99 -2.064394E-03  9.065112E-05  2.100311E-05
       100 -2.064607E-03  7.060352E-05  6.251042E-04
       101 -2.065330E-03  4.291149E-05  1.233879E-03
       102 -2.066700E-03  1.014166E-05  1.849944E-03
       103  1.607782E-03 -9.392121E-07 -2.405968E-03
       104  1.066352E-03  6.573066E-06 -2.406392E-03
       105  5.335972E-04  1.501996E-06 -2.406204E-03
       106  7.543750E-06 -8.427025E-06 -2.406110E-03
       107 -5.134664E-04 -1.584494E-05 -2.406152E-03
       108 -1.030967E-03 -1.357721E-05 -2.406109E-03
       109 -1.546520E-03  5.544413E-06 -2.405241E-03
       110  1.638633E-03  1.781982E-05  2.476350E-03
       111  1.115427E-03  4.350515E-07  2.475806E-03
       112  5.866345E-04 -1.312974E-05  2.475480E-03
       113  5.449389E-05 -2.312264E-05  2.475445E-03
       114 -4.788777E-04 -2.960483E-05  2.475548E-03
       115 -1.011543E-03 -3.238610E-05  2.475686E-03
       116 -1.541761E-03 -3.099083E-05  2.475623E-03
       117  4.123961E-03  2.409615E-06 -2.217915E-05
       118 -4.003546E-03  9.551288E-06 -4.643344E-05
       119  4.755674E-05  6.112786E-06 -4.848856E-03
       120  6.712920E-05  1.080411E-05  4.780759E-03
       121  4.679585E-03  4.318127E-06 -2.831785E-03
       122  4.679712E-03  4.348073E-06 -1.737353E-05
       123  4.679451E-03  6.391741E-06  2.793181E-03
       124 -4.633796E-03  3.550944E-07 -2.808616E-03
       125 -4.633405E-03 -5.748205E-06  2.442557E-05
       126 -4.633409E-03 -6.562369E-06  2.832292E-03
       127  2.366272E-03 -8.679348E-08 -5.615530E-03
       128  3.301093E-05 -3.467921E-06 -5.615360E-03
       129 -2.305755E-03 -3.317509E-06 -5.615134E-03
       130  2.358573E-03  8.527634E-06  5.567660E-03
       131 -1.213727E-06  7.687361E-06  5.567459E-03
       132 -2.348591E-03  6.912352E-06  5.567468E-03
       133  3.950495E-05  8.477312E-05 -6.505321E-04
       134  5.935442E-04  4.334189E-04 -2.903258E-03
       135  1.538405E-03  9.013080E-04 -5.679463E-03
       136  1.897044E-03  1.127092E-03 -6.927659E-03
       137  1.301548E-03  9.232060E-04 -6.013135E-03
       138  1.813132E-06  4.084283E-04 -3.799920E-03
       139 -1.198626E-03  6.083707E-05 -2.419529E-03
       140  1.993115E-04 -1.141121E-04 -8.416743E-04
       141  7.800293E-04 -4.916719E-04 -3.277173E-03
       142  1.413110E-03 -9.445815E-04 -5.967487E-03
       143  1.577648E-03 -1.144883E-03 -7.082863E-03
       144  1.197089E-03 -9.286693E-04 -6.110386E-03
       145  7.520803E-04 -4.192867E-04 -3.921784E-03
       146  1.124347E-03 -6.531228E-05 -2.514644E-03
       147 -2.677661E-04 -1.079642E-04  8.012464E-04
       148 -1.144160E-03 -4.904722E-04  3.258141E-03
       149 -2.197144E-03 -9.747159E-04  6.124950E-03
       150 -2.701840E-03 -1.216347E-03  7.452249E-03
       151 -2.441433E-03 -1.030917E-03  6.621786E-03
       152 -1.799930E-03 -5.189880E-04  4.418945E-03
       153 -1.647978E-03 -1.228790E-04  2.828577E-03
       154  3.213370E-05  9.737852E-05  7.348616E-04
       155 -3.609381E-04  4.621916E-04  3.093687E-03
       156 -1.025632E-03  9.333570E-04  5.892060E-03
       157 -1.140010E-03  1.161152E-03  7.154131E-03
       158 -4.654140E-04  9.660712E-04  6.284625E-03
       159  6.989222E-04  4.609017E-04  4.116588E-03
       160  1.588803E-03  9.469893E-05  2.660482E-03
       161 -4.652200E-04  1.450322E-04  9.050820E-05
       162 -2.695304E-03  7.854326E-04  5.021990E-04
       163 -5.755769E-03  1.615737E-03  1.214203E-03
       164 -6.818514E-03  1.891817E-03  1.752397E-03
       165 -4.853997E-03  1.449972E-03  1.891447E-03
       166 -9.813809E-04  6.375757E-04  1.781782E-03
       167  1.662656E-03  1.218691E-04  1.948086E-03
       168 -3.697536E-04 -1.155222E-04  1.695800E-05
       169 -2.338433E-03 -6.829466E-04  4.717920E-04
       170 -5.223081E-03 -1.465662E-03  1.211796E-03
       171 -6.471056E-03 -1.787858E-03  1.412146E-03
       172 -5.014085E-03 -1.462626E-03  7.493538E-04
       173 -1.610428E-03 -7.498424E-04 -5.362300E-04
       174  1.183345E-03 -2.031566E-04 -1.662570E-03
       175  3.898885E-04 -1.219222E-04 -7.300154E-05
       176  2.468178E-03 -7.200466E-04 -3.390795E-04
       177  5.399051E-03 -1.515427E-03 -6.456175E-04
       178  6.395052E-03 -1.774793E-03 -5.549607E-04
       179  4.452840E-03 -1.337973E-03  9.646125E-05
       180  6.944872E-04 -5.498635E-04  1.117210E-03
       181 -1.757635E-03 -7.199056E-05  1.950090E-03
       182  3.940453E-04  1.227311E-04  2.414568E-05
       183  2.410398E-03  7.040440E-04 -4.559353E-04
       184  5.303148E-03  1.489423E-03 -1.433573E-03
       185  6.474261E-03  1.792905E-03 -2.080124E-03
       186  4.876759E-03  1.435737E-03 -2.065134E-03
       187  1.371384E-03  7.019825E-04 -1.663279E-03
       188 -1.303991E-03  1.787629E-04 -1.719000E-03
       189  2.159684E-03  5.599146E-05 -3.063679E-03
       190  2.554696E-03  3.909555E-04 -5.221873E-03
       191  3.001542E-03  8.667589E-04 -8.045212E-03
       192  2.661942E-03  1.117675E-03 -9.424411E-03
       193  1.274823E-03  9.444964E-04 -8.655743E-03
       194 -7.865968E-04  4.462336E-04 -6.515810E-03
       195 -2.606296E-03  8.008282E-05 -5.053613E-03
       196 -1.654213E-03 -9.388260E-05 -3.414163E-03
       197 -7.596726E-04 -4.620520E-04 -5.786027E-03
       198  3.967039E-04 -8.831121E-04 -8.286487E-03
       199  1.248634E-03 -1.059158E-03 -9.269646E-03
       200  1.635383E-03 -8.456494E-04 -8.305626E-03
       201  1.896448E-03 -3.654639E-04 -6.241108E-03
       202  2.751696E-03 -4.393458E-05 -4.965143E-03
       203  1.653893E-03 -3.801858E-05  3.078101E-03
       204  6.475179E-04 -3.549156E-04  5.123535E-03
       205 -6.981455E-04 -8.039618E-04  7.786236E-03
       206 -1.647880E-03 -1.042366E-03  9.095831E-03
       207 -1.987223E-03 -8.829099E-04  8.388612E-03
       208 -2.071802E-03 -4.160944E-04  6.383815E-03
       209 -2.734023E-03 -6.741504E-05  4.989109E-03
       210 -1.521790E-03  3.238314E-05  2.958004E-03
       211 -1.434831E-03  3.421461E-04  4.964585E-03
       212 -1.672693E-03  7.900557E-04  7.628450E-03
       213 -1.398051E-03  1.028169E-03  8.942859E-03
       214 -3.109505E-04  8.707339E-04  8.251659E-03
       215  1.343056E-03  4.130361E-04  6.291528E-03
       216  2.852793E-03  7.754017E-05  4.960448E-03
       217  1.809141E-03  8.175631E-05 -1.653060E-03
       218 -3.740310E-04  7.088802E-04 -5.592098E-04
       219 -3.268450E-03  1.493661E-03  7.816070E-04
       220 -4.290177E-03  1.758695E-03  1.918048E-03
       221 -2.484662E-03  1.352636E-03  2.641213E-03
       222  1.111931E-03  5.980279E-04  3.094665E-03
       223  3.609254E-03  1.108330E-04  3.775925E-03
       224  1.859622E-03 -5.730977E-05  1.819378E-03
       225 -3.572904E-05 -6.041444E-04  1.555058E-03
       226 -2.904156E-03 -1.383663E-03  1.583923E-03
       227 -4.055130E-03 -1.682462E-03  1.071573E-03
       228 -2.426363E-03 -1.318603E-03 -2.875481E-04
       229  1.058805E-03 -5.892194E-04 -2.187909E-03
       230  3.562682E-03 -1.020014E-04 -3.757422E-03
       231 -1.822791E-03 -3.031724E-05 -1.991704E-03
       232  1.927351E-04 -6.108185E-04 -1.724203E-03
       233  3.194659E-03 -1.425013E-03 -1.448610E-03
       234  4.363668E-03 -1.727429E-03 -7.536504E-04
       235  2.626269E-03 -1.337632E-03  5.093652E-04
       236 -9.926907E-04 -5.789656E-04  2.147609E-03
       237 -3.500664E-03 -8.990574E-05  3.616285E-03
       238 -1.698645E-03  9.224032E-05  1.703146E-03
       239  1.602341E-04  6.290014E-04  4.401985E-04
       240  2.932635E-03  1.382531E-03 -1.272892E-03
       241  3.997046E-03  1.659585E-03 -2.572991E-03
       242  2.338674E-03  1.288699E-03 -3.130790E-03
       243 -1.104105E-03  5.683043E-04 -3.239654E-03
       244 -3.505432E-03  1.008182E-04 -3.775400E-03
       245  6.551071E-04 -6.175450E-06 -5.443579E-03
       246 -5.597447E-04  1.191402E-05 -5.441376E-03
       247  5.930064E-04  1.108829E-05  5.348449E-03
       248 -5.081877E-04  4.270714E-06  5.377155E-03
       249  4.544729E-03  6.331957E-06  7.438312E-04
       250  4.523754E-03  8.381527E-08 -8.172711E-04
       251 -4.430878E-03  9.147142E-06  7.523355E-04
       252 -4.423573E-03 -3.861601E-06 -7.897568E-04
       253  6.670028E-04 -1.466806E-05 -5.758749E-03
       254 -6.922498E-04 -4.458741E-06 -5.860380E-03
       255  6.433144E-04  3.088117E-05  5.675428E-03
       256 -6.646053E-04  2.049618E-05  5.918448E-03
       257  4.883884E-03 -2.926821E-06  8.694427E-04
       258  4.796419E-03 -9.418287E-06 -8.848112E-04
       259 -4.824802E-03  1.247793E-05  7.155415E-04
       260 -4.844724E-03 -1.809675E-05 -6.489825E-04

 forces (fx,fy,fz) for set RIGHT and time  0.1000000E+01

        21  1.194936E+03 -1.869718E+02 -2.120401E+03
        22  9.254865E+02  1.933708E+01  1.948601E+03
        23 -1.407247E+03  7.209344E+02  2.696004E+02
        24 -7.477445E+02 -1.106159E+03 -1.077976E+02

 internal energy (element, energy) for set ALL and time  0.1000000E+01

         1  7.698884E-03
         2  6.793606E-03
         3  2.630536E-03
         4  3.176464E-03
         5  3.703245E-03
         6  2.830973E-03
         7  3.633246E-03
         8  1.344158E-02
         9  2.629510E-03
        10  4.130230E-03
        11  3.815269E-03
        12  3.472935E-03
        13  2.811792E-03
        14  2.619898E-03
        15  4.826901E-03
        16  9.920366E-03
        17  2.802438E-03
        18  3.902019E-03
        19  3.656611E-03
        20  3.572308E-03
        21  3.243857E-03
        22  2.955527E-03
        23  4.352783E-03
        24  8.671420E-03
        25  5.669941E-03
        26  7.324355E-03
        27  3.017286E-03
        28  2.454223E-03
        29  3.206097E-03
        30  3.915493E-03
        31  3.921024E-03
        32  3.459735E-03
        33  3.064192E-02
        34  5.163001E-02
        35  1.904316E-02
        36  1.392828E-02
        37  1.637417E-02
        38  4.850989E-02
        39  2.702388E-02
        40  2.435754E-02
        41  2.960626E-03
        42  2.560540E-03
        43  2.443727E-03
        44  1.464917E-03
        45  1.473357E-03
        46  1.549571E-03
        47  2.660836E-03
        48  1.853051E-03
        49  9.123146E-05
        50  4.542970E-05
        51  1.489584E-04
        52  1.805065E-03
        53  3.894418E-04
        54  1.065010E-04
        55  3.609855E-04
        56  6.549089E-03
        57  3.476586E-04
        58  6.802992E-05
        59  3.619407E-04
        60  6.866124E-03
        61  3.003735E-04
        62  5.200777E-05
        63  2.287131E-05
        64  6.523522E-05
        65  1.683251E-03
        66  5.005033E-04
        67  1.328507E-03
        68  2.104343E-03
        69  1.002952E-02
        70  1.507520E-03
        71  9.207571E-04
        72  2.430329E-03
        73  7.139363E-03
        74  8.259205E-04
        75  2.984332E-04
        76  1.066845E-03
        77  7.038535E-04
        78  4.721092E-04
        79  1.075127E-03
        80  1.231122E-03
        81  1.612811E-03
        82  4.178166E-03
        83  1.609205E-03
        84  1.759042E-03
        85  9.356150E-04
        86  1.189610E-03
        87  3.389631E-03
        88  1.686526E-03
        89  6.332037E-03
        90  2.493467E-03
        91  1.198538E-03
        92  5.164736E-04
        93  1.698614E-04
        94  1.462066E-04
        95  5.003981E-04
        96  1.805065E-03
        97  2.506580E-03
        98  8.289168E-04
        99  4.878544E-04
       100  2.999305E-04
       101  1.936856E-04
       102  1.594628E-04
       103  2.456196E-04
       104  7.799510E-04
       105  4.674139E-03
       106  1.573730E-03
       107  7.206435E-04
       108  4.977872E-04
       109  6.614386E-04
       110  1.191184E-03
       111  2.229124E-03
       112  4.400056E-03
       113  9.845281E-04
       114  2.314298E-04
       115  1.142053E-04
       116  8.369574E-05
       117  8.442397E-05
       118  1.163908E-04
       119  2.016004E-04
       120  6.441477E-04
       121  1.128621E-02
       122  1.002116E-02
       123  1.138627E-02
       124  1.313077E-02
       125  5.777374E-03
       126  4.621676E-03
       127  6.816448E-03
       128  8.071325E-03
       129  1.215961E-02
       130  4.068725E-03
       131  1.033703E-02
       132  7.444250E-03
       133  1.028469E-03
       134  1.019136E-04
       135  2.726144E-04
       136  2.674916E-03
       137  2.578876E-03
       138  1.677179E-04
       139  6.675352E-04
       140  2.425144E-03
       141  6.081403E-04
       142  1.005552E-04
       143  1.460514E-04
       144  1.746781E-03
       145  3.064071E-03
       146  2.119751E-04
       147  6.083133E-04
       148  2.851290E-03
       149  4.512355E-03
       150  5.852738E-03
       151  9.311830E-03
       152  8.188435E-03
       153  1.830620E-01
       154  1.724265E-01
       155  6.346449E-02
       156  1.739302E-01
       157  1.672139E-01
       158  5.068869E-02
       159  2.057885E-01
       160  8.491680E-02
       161  2.403757E-01
       162  1.430264E-01
       163  6.856879E-02
       164  1.792083E-01
       165  1.640310E-01
       166  4.867745E-02
       167  2.034189E-01
       168  9.287743E-02
       169  2.083107E-01
       170  1.494312E-01
       171  5.578123E-02
       172  1.611241E-01
       173  1.575063E-01
       174  4.432582E-02
       175  1.554145E-01
       176  1.033390E-01
       177  2.235290E-01
       178  1.675823E-01
       179  6.215306E-02
       180  1.790168E-01
       181  1.709234E-01
       182  4.629212E-02
       183  1.910931E-01
       184  1.063305E-01
       185  1.278339E-01
       186  1.857575E-01
       187  5.045222E-02
       188  1.907586E-01
       189  1.785818E-01
       190  4.242158E-02
       191  2.493204E-01
       192  1.382818E-01
       193  1.026764E-01
       194  1.865474E-01
       195  3.863463E-02
       196  1.650125E-01
       197  1.731317E-01
       198  5.239591E-02
       199  1.628669E-01
       200  1.554705E-01
       201  9.686711E-02
       202  1.837195E-01
       203  5.474658E-02
       204  1.897488E-01
       205  1.768685E-01
       206  4.749847E-02
       207  2.575415E-01
       208  1.224232E-01
       209  1.010879E-01
       210  1.942999E-01
       211  5.294372E-02
       212  1.872638E-01
       213  1.888733E-01
       214  6.049563E-02
       215  2.039189E-01
       216  1.435108E-01
       217  1.380855E-01
       218  1.819064E-01
       219  5.754715E-02
       220  1.651385E-01
       221  1.673615E-01
       222  5.157909E-02
       223  1.713852E-01
       224  8.821822E-02
       225  1.846997E-01
       226  1.103198E-01
       227  6.472648E-02
       228  1.590346E-01
       229  1.397665E-01
       230  3.833680E-02
       231  1.775360E-01
       232  6.162194E-02
       233  1.424065E-01
       234  1.537590E-01
       235  4.401092E-02
       236  1.397766E-01
       237  1.426867E-01
       238  4.161086E-02
       239  1.458550E-01
       240  9.226590E-02
       241  1.747326E-01
       242  1.791906E-01
       243  5.140927E-02
       244  1.558163E-01
       245  1.579361E-01
       246  4.492078E-02
       247  1.653348E-01
       248  9.203468E-02
       249  1.556658E-01
       250  1.651262E-01
       251  4.403543E-02
       252  1.663163E-01
       253  1.549353E-01
       254  3.670401E-02
       255  2.082250E-01
       256  1.222881E-01
       257  9.853739E-02
       258  2.026774E-01
       259  4.510048E-02
       260  1.807966E-01
       261  1.812564E-01
       262  4.814601E-02
       263  2.217870E-01
       264  1.491852E-01
       265  1.018432E-01
       266  2.006710E-01
       267  5.143981E-02
       268  1.821919E-01
       269  1.775322E-01
       270  4.994637E-02
       271  2.244403E-01
       272  1.180625E-01
       273  6.872316E-02
       274  1.922126E-01
       275  5.233816E-02
       276  1.844191E-01
       277  1.816003E-01
       278  5.369313E-02
       279  2.268410E-01
       280  1.243797E-01
       281  1.191342E-01
       282  1.285071E-01
       283  9.865592E-02
       284  1.377059E-01
       285  1.556178E-01
       286  1.755145E-01
       287  1.823099E-01
       288  1.650203E-01
       289  9.918443E-02
       290  6.753556E-02
       291  8.672056E-02
       292  5.406577E-02
       293  6.231005E-02
       294  8.357170E-02
       295  6.789131E-02
       296  7.494684E-02
       297  1.284687E-01
       298  6.101307E-02
       299  1.277459E-01
       300  5.572400E-02
       301  7.000790E-02
       302  1.190738E-01
       303  5.654688E-02
       304  1.053352E-01
       305  8.937364E-02
       306  8.331655E-02
       307  7.964787E-02
       308  6.842650E-02
       309  7.993841E-02
       310  9.532882E-02
       311  8.924875E-02
       312  8.690502E-02
       313  1.343713E-01
       314  6.808450E-02
       315  1.335820E-01
       316  6.654282E-02
       317  7.324280E-02
       318  1.256141E-01
       319  8.125579E-02
       320  1.386463E-01

 total internal energy for set ALL and time  0.1000000E+01

        2.176335E+01
