
                        S T E P       1


                                INCREMENT     1


 displacements (vx,vy,vz) for set TIP_TOP and time  0.1000000E+01

       887  1.040513E-01 -2.071854E-03 -3.446705E+00
       888  1.039827E-01 -2.025848E-03 -3.441566E+00
       891  1.038654E-01 -1.873031E-03 -3.436634E+00
       894  1.038510E-01 -1.407515E-03 -3.432337E+00
       896  1.039213E-01 -4.352542E-04 -3.429730E+00
       898  1.039266E-01  1.606598E-04 -3.429558E+00
       900  1.039190E-01  7.565736E-04 -3.429733E+00
       903  1.038427E-01  1.728834E-03 -3.432348E+00
       906  1.038511E-01  2.194352E-03 -3.436652E+00
       909  1.039622E-01  2.347170E-03 -3.441591E+00
       912  1.040247E-01  2.393177E-03 -3.446738E+00

 forces (fx,fy,fz) for set CLAMP and time  0.1000000E+01

         1  4.604345E+03  1.116038E+04  2.876975E+03
         4  8.454135E+03 -4.971755E-01  5.752873E+03
         5  5.522126E+03  1.734111E+04 -5.229423E+02
         8  9.833687E+03 -1.363875E+00 -1.033889E+03
         9  3.529034E+03  1.098646E+04 -5.220915E+02
        12  6.242004E+03 -3.930244E-01 -1.039263E+03
        13  1.730450E+03  5.324576E+03 -5.723330E+02
        16  3.043119E+03 -6.888066E-01 -1.139357E+03
        17 -1.676316E+01 -1.381758E+02 -5.882956E+02
        20 -4.908217E+01 -2.259795E-01 -1.175973E+03
        21 -1.220841E+02 -1.948223E+03 -2.510820E+03
        24 -1.523109E+03  1.664560E-02 -7.462275E+02
        26  4.603580E+03 -1.116045E+04  2.877092E+03
        28  5.519737E+03 -1.733984E+04 -5.205844E+02
        30  3.527234E+03 -1.098601E+04 -5.221714E+02
        32  1.727430E+03 -5.323978E+03 -5.721967E+02
        34 -1.919091E+01  1.386691E+02 -5.881598E+02
        36 -1.222158E+02  1.948519E+03 -2.510611E+03
        37  3.605771E+01 -8.716053E+02 -2.328158E+03
        40  8.952571E+02 -7.437051E+01 -4.401309E+03
        41 -2.022651E+03 -2.008870E+03 -5.249785E+02
        44 -2.800421E+03 -1.999177E+02 -1.048707E+03
        45 -2.227408E+03 -1.138430E+03  2.809339E+03
        48 -4.038041E+03 -1.258484E+02  5.450410E+03
        50  1.202081E+03 -8.560044E+01 -4.215379E+03
        52 -2.728598E+03 -2.141130E+02 -1.081644E+03
        54 -4.283684E+03 -1.279540E+02  5.367491E+03
        56  1.361266E+03 -9.196149E+01 -4.207840E+03
        58 -2.753641E+03 -1.931432E+02 -1.101110E+03
        60 -4.477491E+03 -1.041551E+02  5.426396E+03
        62 -1.920225E+03 -9.310169E+01 -7.151002E+02
        64 -3.128383E+03 -4.479948E+01  3.769853E+03
        66 -1.032660E+03 -1.352469E-02 -3.693552E+02
        68 -1.680769E+03 -3.144926E-02  2.028063E+03
        70 -1.920205E+03  9.314954E+01 -7.152925E+02
        72 -3.128983E+03  4.468603E+01  3.769966E+03
        74  1.363693E+03  9.227482E+01 -4.207213E+03
        76 -2.753553E+03  1.932615E+02 -1.102076E+03
        78 -4.479816E+03  1.039668E+02  5.426753E+03
        80  1.206873E+03  8.593619E+01 -4.214105E+03
        82 -2.728429E+03  2.142091E+02 -1.083478E+03
        84 -4.288281E+03  1.277129E+02  5.368171E+03
        86  9.027297E+02  7.467632E+01 -4.399370E+03
        88 -2.800197E+03  1.999758E+02 -1.051407E+03
        90 -4.045255E+03  1.256011E+02  5.451520E+03
        92  4.059265E+01  8.712010E+02 -2.326987E+03
        94 -2.022511E+03  2.008709E+03 -5.265190E+02
        96 -2.231785E+03  1.138674E+03  2.810042E+03

 internal energy (element, energy) for set EALL and time  0.1000000E+01

         1  9.976374E+01
         2  4.737791E+01
         3  1.771859E+01
         4  3.894296E+00
         5  4.153893E+00
         6  9.975683E+01
         7  4.737338E+01
         8  1.771579E+01
         9  3.893667E+00
        10  4.154050E+00
        11  7.839184E+00
        12  1.116119E+01
        13  7.440089E+00
        14  1.083235E+01
        15  7.417376E+00
        16  1.092929E+01
        17  7.611145E+00
        18  1.120525E+01
        19  2.802637E+00
        20  4.132157E+00
        21  2.802693E+00
        22  4.132347E+00
        23  7.611802E+00
        24  1.120756E+01
        25  7.418629E+00
        26  1.093426E+01
        27  7.441705E+00
        28  1.084015E+01
        29  7.840642E+00
        30  1.117157E+01
        31  9.438248E+01
        32  5.442478E+01
        33  2.298889E+01
        34  5.881014E+00
        35  5.236232E+00
        36  9.436886E+01
        37  5.441589E+01
        38  2.298540E+01
        39  5.879730E+00
        40  5.237383E+00
        41  7.965985E+00
        42  1.109124E+01
        43  8.383248E+00
        44  1.160256E+01
        45  8.469999E+00
        46  1.172357E+01
        47  8.470339E+00
        48  1.169444E+01
        49  3.065139E+00
        50  4.229364E+00
        51  3.065320E+00
        52  4.229479E+00
        53  8.470879E+00
        54  1.169617E+01
        55  8.469710E+00
        56  1.172678E+01
        57  8.382154E+00
        58  1.160684E+01
        59  7.964533E+00
        60  1.109653E+01
        61  7.929587E+01
        62  4.965235E+01
        63  2.302352E+01
        64  6.230186E+00
        65  4.283890E+00
        66  7.927554E+01
        67  4.963486E+01
        68  2.300697E+01
        69  6.224705E+00
        70  4.282768E+00
        71  7.888790E+00
        72  1.129485E+01
        73  7.783243E+00
        74  1.110224E+01
        75  7.666609E+00
        76  1.091132E+01
        77  7.519736E+00
        78  1.063923E+01
        79  2.659401E+00
        80  3.812894E+00
        81  2.659441E+00
        82  3.812728E+00
        83  7.518385E+00
        84  1.063876E+01
        85  7.664238E+00
        86  1.091055E+01
        87  7.779551E+00
        88  1.110069E+01
        89  7.883718E+00
        90  1.129182E+01
        91  9.009844E+01
        92  5.552662E+01
        93  2.604224E+01
        94  7.705509E+00
        95  4.558939E+00
        96  9.005995E+01
        97  5.547324E+01
        98  2.603140E+01
        99  7.700531E+00
       100  4.555064E+00
       101  8.686900E+00
       102  1.305197E+01
       103  8.485718E+00
       104  1.267585E+01
       105  8.236761E+00
       106  1.224116E+01
       107  8.125694E+00
       108  1.188063E+01
       109  2.881711E+00
       110  4.263592E+00
       111  2.881330E+00
       112  4.263327E+00
       113  8.122427E+00
       114  1.187779E+01
       115  8.232220E+00
       116  1.223515E+01
       117  8.479119E+00
       118  1.266633E+01
       119  8.677747E+00
       120  1.303831E+01
       121  1.192519E+02
       122  6.883721E+01
       123  3.215874E+01
       124  1.041202E+01
       125  5.587896E+00
       126  1.189449E+02
       127  6.875870E+01
       128  3.214894E+01
       129  1.040560E+01
       130  5.584224E+00
       131  1.040522E+01
       132  1.656203E+01
       133  1.032945E+01
       134  1.638874E+01
       135  1.022381E+01
       136  1.617377E+01
       137  1.024422E+01
       138  1.600799E+01
       139  3.728517E+00
       140  5.786374E+00
       141  3.728064E+00
       142  5.786327E+00
       143  1.024027E+01
       144  1.600396E+01
       145  1.021618E+01
       146  1.616116E+01
       147  1.031646E+01
       148  1.636639E+01
       149  1.038754E+01
       150  1.653127E+01
       151  2.053949E+01
       152  1.688350E+01
       153  2.063437E+01
       154  1.713599E+01
       155  2.278535E+01
       156  1.654343E+01
       157  2.288414E+01
       158  1.665890E+01
       159  1.265942E+01
       160  9.391043E+00
       161  1.278733E+01
       162  9.423308E+00
       163  1.229075E+01
       164  8.681373E+00
       165  1.253627E+01
       166  8.719519E+00
       167  4.049322E+01
       168  1.443006E+01
       169  6.904487E+00
       170  2.074107E+01
       171  1.728912E+01
       172  2.084545E+01
       173  1.731102E+01
       174  2.297496E+01
       175  1.669822E+01
       176  2.304000E+01
       177  1.669210E+01
       178  8.705225E+01
       179  4.063310E+01
       180  1.443867E+01
       181  6.903383E+00
       182  1.298457E+01
       183  2.115722E+01
       184  1.326769E+01
       185  2.161460E+01
       186  1.370096E+01
       187  2.226479E+01
       188  1.415414E+01
       189  2.297919E+01
       190  5.164844E+00
       191  8.485368E+00
       192  5.163978E+00
       193  8.482907E+00
       194  1.414041E+01
       195  2.295923E+01
       196  1.368076E+01
       197  2.223198E+01
       198  1.324185E+01
       199  2.157149E+01
       200  1.295313E+01
       201  2.110496E+01
       202  1.720939E+02
       203  9.579987E+01
       204  4.564910E+01
       205  1.773696E+01
       206  8.444140E+00
       207  1.718225E+02
       208  9.564202E+01
       209  4.557377E+01
       210  1.775222E+01
       211  8.441392E+00
       212  1.490889E+01
       213  2.430271E+01
       214  1.540842E+01
       215  2.510921E+01
       216  1.618828E+01
       217  2.628049E+01
       218  1.698043E+01
       219  2.753420E+01
       220  6.122368E+00
       221  1.024534E+01
       222  6.121808E+00
       223  1.024254E+01
       224  1.696362E+01
       225  2.751245E+01
       226  1.616580E+01
       227  2.624650E+01
       228  1.538215E+01
       229  2.506708E+01
       230  1.487748E+01
       231  2.425176E+01
       232  1.420783E+02
       233  8.382339E+01
       234  4.291493E+01
       235  1.818721E+01
       236  9.010809E+00
       237  1.420114E+02
       238  8.376000E+01
       239  4.289521E+01
       240  1.816102E+01
       241  8.998288E+00
       242  1.481048E+01
       243  2.402238E+01
       244  1.498576E+01
       245  2.432156E+01
       246  1.524980E+01
       247  2.473416E+01
       248  1.563862E+01
       249  2.512001E+01
       250  5.681009E+00
       251  9.165336E+00
       252  5.680118E+00
       253  9.166384E+00
       254  1.563610E+01
       255  2.512386E+01
       256  1.524876E+01
       257  2.473315E+01
       258  1.498034E+01
       259  2.431285E+01
       260  1.480116E+01
       261  2.400638E+01
       262  1.134483E+02
       263  6.858106E+01
       264  3.584229E+01
       265  1.555851E+01
       266  7.818065E+00
       267  1.134445E+02
       268  6.857945E+01
       269  3.583401E+01
       270  1.555834E+01
       271  7.814739E+00
       272  1.282953E+01
       273  2.076221E+01
       274  1.271140E+01
       275  2.059651E+01
       276  1.259699E+01
       277  2.043387E+01
       278  1.268037E+01
       279  2.031061E+01
       280  4.606932E+00
       281  7.319101E+00
       282  4.606902E+00
       283  7.320080E+00
       284  1.268315E+01
       285  2.031895E+01
       286  1.260401E+01
       287  2.044610E+01
       288  1.271952E+01
       289  2.060973E+01
       290  1.283863E+01
       291  2.077585E+01
       292  9.161380E+01
       293  5.504605E+01
       294  2.874669E+01
       295  1.253235E+01
       296  6.350883E+00
       297  9.161417E+01
       298  5.504629E+01
       299  2.874950E+01
       300  1.253256E+01
       301  6.350340E+00
       302  1.021212E+01
       303  1.653077E+01
       304  1.012208E+01
       305  1.638506E+01
       306  1.004565E+01
       307  1.626673E+01
       308  1.015078E+01
       309  1.620232E+01
       310  3.685699E+00
       311  5.840147E+00
       312  3.685661E+00
       313  5.840309E+00
       314  1.015128E+01
       315  1.620501E+01
       316  1.004908E+01
       317  1.627325E+01
       318  1.012888E+01
       319  1.639629E+01
       320  1.022210E+01
       321  1.654613E+01
       322  7.157658E+01
       323  4.309285E+01
       324  2.257188E+01
       325  9.939110E+00
       326  5.138098E+00
       327  7.157889E+01
       328  4.309426E+01
       329  2.257158E+01
       330  9.938959E+00
       331  5.137315E+00
       332  7.817444E+00
       333  1.266489E+01
       334  7.816272E+00
       335  1.264270E+01
       336  7.827855E+00
       337  1.265410E+01
       338  7.986328E+00
       339  1.267978E+01
       340  2.903107E+00
       341  4.574535E+00
       342  2.903077E+00
       343  4.574647E+00
       344  7.986523E+00
       345  1.268122E+01
       346  7.829486E+00
       347  1.265725E+01
       348  7.819550E+00
       349  1.264814E+01
       350  7.822393E+00
       351  1.267251E+01
       352  5.390904E+01
       353  3.251458E+01
       354  1.713348E+01
       355  7.670908E+00
       356  4.079012E+00
       357  5.390878E+01
       358  3.251418E+01
       359  1.713324E+01
       360  7.670503E+00
       361  4.078509E+00
       362  5.809833E+00
       363  9.417623E+00
       364  5.844419E+00
       365  9.447665E+00
       366  5.890877E+00
       367  9.511477E+00
       368  6.073531E+00
       369  9.570653E+00
       370  2.212139E+00
       371  3.449609E+00
       372  2.212125E+00
       373  3.449677E+00
       374  6.073657E+00
       375  9.571437E+00
       376  5.891647E+00
       377  9.512951E+00
       378  5.845737E+00
       379  9.449855E+00
       380  5.811650E+00
       381  9.420417E+00
       382  3.868253E+01
       383  2.339475E+01
       384  1.243353E+01
       385  5.705504E+00
       386  3.159856E+00
       387  3.868194E+01
       388  2.339424E+01
       389  1.243307E+01
       390  5.705183E+00
       391  3.159522E+00
       392  4.138446E+00
       393  6.709701E+00
       394  4.180744E+00
       395  6.753634E+00
       396  4.236271E+00
       397  6.831944E+00
       398  4.427214E+00
       399  6.900034E+00
       400  1.616200E+00
       401  2.480199E+00
       402  1.616186E+00
       403  2.480229E+00
       404  4.427208E+00
       405  6.900346E+00
       406  4.236532E+00
       407  6.832483E+00
       408  4.181185E+00
       409  6.754386E+00
       410  4.139039E+00
       411  6.710611E+00
       412  2.590301E+01
       413  1.574091E+01
       414  8.495690E+00
       415  4.065512E+00
       416  2.399558E+00
       417  2.590259E+01
       418  1.574056E+01
       419  8.495437E+00
       420  4.065315E+00
       421  2.399365E+00
       422  2.785277E+00
       423  4.511628E+00
       424  2.821062E+00
       425  4.548543E+00
       426  2.870932E+00
       427  4.618882E+00
       428  3.061745E+00
       429  4.680915E+00
       430  1.120286E+00
       431  1.672401E+00
       432  1.120276E+00
       433  1.672416E+00
       434  3.061711E+00
       435  4.681050E+00
       436  2.871017E+00
       437  4.619089E+00
       438  2.821208E+00
       439  4.548808E+00
       440  2.785475E+00
       441  4.511932E+00
       442  1.554819E+01
       443  9.541369E+00
       444  5.313356E+00
       445  2.756596E+00
       446  1.809875E+00
       447  1.554801E+01
       448  9.541211E+00
       449  5.313231E+00
       450  2.756501E+00
       451  1.809771E+00
       452  1.780988E+00
       453  2.866098E+00
       454  1.779819E+00
       455  2.841882E+00
       456  1.796031E+00
       457  2.859113E+00
       458  1.973688E+00
       459  2.893968E+00
       460  7.211579E-01
       461  1.019487E+00
       462  7.211518E-01
       463  1.019495E+00
       464  1.973657E+00
       465  2.894031E+00
       466  1.796059E+00
       467  2.859205E+00
       468  1.779877E+00
       469  2.841997E+00
       470  1.781073E+00
       471  2.866228E+00
       472  7.648534E+00
       473  4.834061E+00
       474  2.924790E+00
       475  1.791668E+00
       476  1.385893E+00
       477  7.648473E+00
       478  4.834002E+00
       479  2.924740E+00
       480  1.791624E+00
       481  1.385838E+00
       482  1.158999E+00
       483  1.786307E+00
       484  1.085326E+00
       485  1.628705E+00
       486  1.024131E+00
       487  1.528836E+00
       488  1.158425E+00
       489  1.508846E+00
       490  4.143064E-01
       491  5.115099E-01
       492  4.143027E-01
       493  5.115132E-01
       494  1.158400E+00
       495  1.508875E+00
       496  1.024137E+00
       497  1.528877E+00
       498  1.085349E+00
       499  1.628758E+00
       500  1.159043E+00
       501  1.786373E+00
       502  2.350155E+00
       503  1.753004E+00
       504  1.391969E+00
       505  1.174139E+00
       506  1.088257E+00
       507  2.350139E+00
       508  1.752984E+00
       509  1.391947E+00
       510  1.174117E+00
       511  1.088226E+00
       512  8.088187E-01
       513  1.045590E+00
       514  7.422087E-01
       515  8.452067E-01
       516  6.631376E-01
       517  7.123810E-01
       518  7.681901E-01
       519  6.735034E-01
       520  2.098128E-01
       521  2.223779E-01
       522  2.098107E-01
       523  2.223797E-01
       524  7.681717E-01
       525  6.735156E-01
       526  6.631307E-01
       527  7.123953E-01
       528  7.422103E-01
       529  8.452250E-01
       530  8.088363E-01
       531  1.045617E+00
       532  2.304114E-01
       533  2.882155E-01
       534  4.102606E-01
       535  5.953504E-01
       536  9.500068E-01
       537  2.304087E-01
       538  2.882092E-01
       539  4.102514E-01
       540  5.953388E-01
       541  9.499884E-01
       542  4.028388E-01
       543  4.242758E-01
       544  4.431810E-01
       545  3.240987E-01
       546  6.125584E-01
       547  5.360330E-01
       548  1.574745E+00
       549  1.331692E+00
       550  1.720569E-01
       551  9.059707E-01
       552  1.720555E-01
       553  9.059706E-01
       554  1.574726E+00
       555  1.331692E+00
       556  6.125466E-01
       557  5.360319E-01
       558  4.431710E-01
       559  3.240955E-01
       560  4.028352E-01
       561  4.242740E-01
