
                        S T E P       1


                                INCREMENT     1


 displacements (vx,vy,vz) for set NALL and time  0.1000000E+01

         1  6.617445E-25  6.617445E-25 -6.617445E-25
         2  6.617445E-25  6.617445E-25 -6.617445E-25
         3  0.000000E+00  0.000000E+00  1.528630E-22
         4  0.000000E+00 -8.271806E-26  3.126743E-22
         5  5.276726E-04 -6.231455E-06 -6.281110E-04
         6  5.284820E-04  3.603381E-06  5.904727E-04
         7 -4.981356E-04  4.947975E-06 -6.286386E-04
         8 -4.991162E-04  1.607041E-06  5.914382E-04
         9  9.655414E-04 -1.190566E-05 -1.293530E-03
        10  9.662299E-04  1.445360E-05  1.228454E-03
        11 -9.785890E-04  1.205738E-05 -1.294019E-03
        12 -9.791260E-04 -3.852326E-06  1.228345E-03
        13  1.324008E-03 -1.520305E-05 -2.054876E-03
        14  1.325028E-03  2.468803E-05  1.952160E-03
        15 -1.436365E-03  2.515909E-05 -2.054274E-03
        16 -1.437541E-03 -7.423202E-06  1.952030E-03
        17  4.495054E-03 -1.101903E-05 -5.247936E-03
        18  4.495156E-03  1.912927E-05  5.242789E-03
        19 -4.433766E-03  1.091901E-05 -5.248326E-03
        20 -4.434155E-03 -1.247319E-05  5.243095E-03
        21  5.000000E-03  0.000000E+00 -6.000000E-03
        22  5.000000E-03  2.117582E-23  6.000000E-03
        23 -5.000000E-03  7.199780E-21 -6.000000E-03
        24 -5.000000E-03 -2.625802E-21  6.000000E-03
        25  2.237593E-04 -1.495907E-05 -3.322809E-04
        26  2.148648E-04 -1.030250E-05  2.831619E-04
        27 -2.100755E-04 -3.924992E-06 -3.246908E-04
        28 -2.481324E-04 -7.274556E-06  2.834433E-04
        29  9.387810E-04 -1.934645E-05 -9.302233E-04
        30  6.760008E-04  9.804074E-07  8.966484E-04
        31 -6.357041E-04 -3.142669E-06 -9.415693E-04
        32 -7.997961E-04 -9.513213E-06  9.074105E-04
        33  1.424179E-03 -3.005325E-05 -1.614386E-03
        34  1.099644E-03  1.346683E-05  1.459493E-03
        35 -1.040510E-03  7.389593E-06 -1.547069E-03
        36 -1.303952E-03 -1.588053E-05  1.473433E-03
        37  3.084820E-03 -7.264528E-05 -3.736848E-03
        38  2.262057E-03 -2.450761E-05  3.753042E-03
        39 -2.533767E-03 -3.544047E-05 -3.786210E-03
        40 -3.350996E-03 -4.854315E-05  3.771849E-03
        41  5.514417E-03 -1.538115E-05 -5.701048E-03
        42  4.039526E-03 -2.094870E-06  5.789806E-03
        43 -3.884972E-03 -8.197068E-06 -5.724866E-03
        44 -5.213099E-03 -1.544912E-05  5.615044E-03
        45 -1.504758E-06  1.567973E-09 -1.041169E-06
        46 -1.688175E-06  4.999758E-10 -1.168587E-06
        47  2.952802E-08 -2.963472E-08  4.053572E-08
        48 -9.970150E-08 -2.870714E-08 -9.930682E-08
        49  5.273881E-04 -3.077122E-06  6.218403E-05
        50 -4.999553E-04  9.631655E-06 -3.348693E-05
        51 -4.397582E-05 -3.571572E-06 -6.278523E-04
        52  3.522086E-05  3.145786E-06  5.914746E-04
        53  9.658327E-04 -7.471293E-07 -6.871301E-04
        54  9.659973E-04  7.979166E-06 -2.956957E-05
        55  9.656485E-04  1.514445E-05  6.257551E-04
        56 -9.794508E-04  1.806357E-05 -6.688631E-04
        57 -9.790769E-04  7.243757E-06  2.673431E-05
        58 -9.793717E-04 -4.327210E-06  6.922172E-04
        59  4.839797E-04 -6.911575E-06 -1.293845E-03
        60 -7.826435E-06 -9.751847E-07 -1.293977E-03
        61 -4.991362E-04  5.907871E-06 -1.293748E-03
        62  4.694067E-04  5.953061E-06  1.228512E-03
        63 -5.497273E-05  7.925338E-07  1.228210E-03
        64 -5.551439E-04 -5.298427E-07  1.228126E-03
        65  1.325913E-03  1.480381E-05 -1.116898E-03
        66  1.325737E-03  1.154653E-05  9.741664E-06
        67  1.326010E-03  4.810101E-06  1.105010E-03
        68 -1.437603E-03  3.727579E-05 -1.204461E-03
        69 -1.437151E-03  1.653628E-05 -7.984783E-05
        70 -1.437844E-03 -9.170143E-06  1.060356E-03
        71  6.258971E-04 -1.378189E-06 -2.055009E-03
        72 -1.145859E-04 -7.487158E-06 -2.055130E-03
        73 -8.255273E-04 -7.891758E-06 -2.055049E-03
        74  6.950497E-04 -6.307552E-06  1.950723E-03
        75 -3.919832E-05  3.868362E-06  1.951007E-03
        76 -7.817398E-04  1.674360E-05  1.950720E-03
        77  4.496669E-03  5.697712E-07 -2.361538E-05
        78 -4.434906E-03  3.049925E-06  4.572121E-05
        79  2.605079E-05 -4.644769E-06 -5.247849E-03
        80 -3.654577E-05 -4.138124E-06  5.241478E-03
        81  5.000153E-03 -2.578287E-06 -1.878379E-05
        82 -4.999606E-03 -5.744571E-06  6.236798E-05
        83  5.687861E-05  2.757462E-06 -6.000112E-03
        84 -8.904573E-06  2.534945E-05  5.999630E-03
        85 -8.621336E-05 -1.305589E-05 -3.279962E-04
        86 -4.830930E-06 -3.028712E-08 -3.381064E-04
        87 -5.174912E-05  1.263135E-05  2.824508E-04
        88  1.244473E-04 -3.823122E-06  2.853682E-04
        89  2.239165E-04  1.515204E-05  1.946251E-04
        90  2.186697E-04 -1.288078E-05 -2.100124E-04
        91 -2.378223E-04  1.924091E-05  1.767871E-04
        92 -2.144779E-04 -7.654200E-06 -2.141437E-04
        93  3.721361E-05 -1.712513E-05 -9.352839E-04
        94 -1.756267E-05  1.437708E-05 -9.459187E-04
        95  1.544796E-05  6.735100E-06  9.035775E-04
        96  2.866562E-05  1.224709E-06  9.025173E-04
        97  7.762588E-04 -2.169293E-06  3.595412E-04
        98  8.149831E-04  5.891455E-06 -2.991387E-04
        99 -7.387532E-04  1.819433E-05  3.025121E-04
       100 -6.909069E-04  3.249141E-07 -3.041690E-04
       101  1.049977E-05 -3.647995E-05 -1.549813E-03
       102 -3.607175E-05  2.341752E-05 -1.618190E-03
       103  4.865364E-05  3.702257E-05  1.479580E-03
       104  3.577568E-05 -2.510416E-05  1.454892E-03
       105  1.215953E-03 -1.055569E-05  2.682411E-04
       106  1.283300E-03  2.976192E-05 -3.896676E-04
       107 -1.184716E-03  1.080718E-05  2.637015E-04
       108 -1.143151E-03  1.238773E-05 -2.748706E-04
       109  1.060880E-03  8.030159E-05 -2.825607E-03
       110  1.520680E-03  5.371841E-04 -5.776132E-03
       111  2.429178E-03  1.202216E-03 -9.720525E-03
       112  2.502168E-03  1.562102E-03 -1.169616E-02
       113  1.253010E-03  1.333517E-03 -1.068560E-02
       114 -9.335316E-04  6.453849E-04 -7.730371E-03
       115 -2.916362E-03  1.215517E-04 -5.637116E-03
       116 -1.221367E-03 -6.616608E-05 -2.825382E-03
       117 -2.800141E-04 -5.091734E-04 -5.691066E-03
       118  1.198178E-03 -1.152270E-03 -9.520269E-03
       119  2.165328E-03 -1.487929E-03 -1.137669E-02
       120  2.340703E-03 -1.246173E-03 -1.031192E-02
       121  2.227442E-03 -5.730392E-04 -7.428005E-03
       122  2.962937E-03 -9.241717E-05 -5.528000E-03
       123  8.756328E-04 -8.603619E-05  2.817689E-03
       124 -3.030891E-04 -5.519401E-04  5.824507E-03
       125 -1.949494E-03 -1.217401E-03  9.768547E-03
       126 -2.977062E-03 -1.578938E-03  1.175096E-02
       127 -3.061889E-03 -1.357187E-03  1.077096E-02
       128 -2.715344E-03 -6.751961E-04  7.841510E-03
       129 -3.148065E-03 -1.413463E-04  5.702929E-03
       130 -1.256008E-03  1.021763E-04  2.828654E-03
       131 -1.644584E-03  5.727088E-04  5.873137E-03
       132 -2.373801E-03  1.235457E-03  9.813387E-03
       133 -2.276739E-03  1.581649E-03  1.172501E-02
       134 -9.628647E-04  1.339243E-03  1.065613E-02
       135  1.163085E-03  6.481643E-04  7.694008E-03
       136  3.023796E-03  1.278599E-04  5.624154E-03
       137  8.108639E-04  1.497637E-04 -1.557006E-03
       138 -2.173135E-03  1.007734E-03 -5.142059E-04
       139 -6.642134E-03  2.220246E-03  1.092620E-03
       140 -8.353311E-03  2.663124E-03  2.489186E-03
       141 -5.705819E-03  2.068862E-03  3.284374E-03
       142 -2.228439E-04  9.190076E-04  3.630126E-03
       143  3.641124E-03  1.656878E-04  4.228359E-03
       144  8.199322E-04 -1.388021E-04  1.622536E-03
       145 -2.083380E-03 -9.758959E-04  1.804065E-03
       146 -6.421201E-03 -2.154912E-03  2.310529E-03
       147 -8.116077E-03 -2.595421E-03  1.915669E-03
       148 -5.576673E-03 -2.027692E-03  2.113694E-04
       149 -2.258786E-04 -9.076535E-04 -2.279579E-03
       150  3.607845E-03 -1.616445E-04 -4.166554E-03
       151 -1.150141E-03 -7.318623E-05 -1.835954E-03
       152  1.645196E-03 -8.786897E-04 -1.773490E-03
       153  6.070157E-03 -2.079368E-03 -1.700385E-03
       154  7.836214E-03 -2.536077E-03 -1.019737E-03
       155  5.303397E-03 -1.968265E-03  4.752374E-04
       156 -3.197936E-05 -8.500674E-04  2.470567E-03
       157 -3.716889E-03 -1.317386E-04  4.116871E-03
       158 -1.159823E-03  8.849809E-05  1.680308E-03
       159  1.459086E-03  8.459825E-04  5.036439E-04
       160  5.622035E-03  1.977670E-03 -1.604599E-03
       161  7.305120E-03  2.415010E-03 -3.252814E-03
       162  4.919945E-03  1.882436E-03 -3.847826E-03
       163 -1.633545E-04  8.192411E-04 -3.736674E-03
       164 -3.713230E-03  1.284686E-04 -4.141822E-03
       165  8.809933E-04  4.247015E-07 -5.718685E-03
       166 -6.597989E-04 -2.199301E-06 -5.727882E-03
       167  8.306155E-04  1.558967E-05  5.648453E-03
       168 -6.586570E-04  7.283047E-06  5.752517E-03
       169  4.788912E-03 -1.672480E-05  1.202581E-03
       170  4.764552E-03  1.658258E-05 -1.165690E-03
       171 -4.575268E-03 -1.663484E-05  1.027309E-03
       172 -4.582551E-03  1.514136E-05 -1.010490E-03

 forces (fx,fy,fz) for set RIGHT and time  0.1000000E+01

        21  1.620649E+03  6.469773E+02 -1.530352E+03
        22  1.538165E+03 -4.733681E+02  1.979382E+03
        23 -1.489208E+03  1.395172E+02 -1.293856E+03
        24 -1.636369E+03  1.699485E+02  8.134205E+02

 internal energy (element, energy) for set ALL and time  0.1000000E+01

         1  7.965745E-03
         2  1.145062E-02
         3  9.957035E-03
         4  2.237327E-02
         5  1.228413E-02
         6  2.003496E-02
         7  6.639194E-03
         8  6.383333E-03
         9  1.314273E-03
        10  1.315178E-03
        11  1.972808E-02
        12  1.135712E-02
        13  1.828625E-02
        14  1.291835E-02
        15  2.489831E-03
        16  2.291733E-03
        17  8.433343E-03
        18  8.453393E-03
        19  1.246835E-02
        20  2.768203E-03
        21  1.130004E-02
        22  1.245324E-02
        23  2.877168E-03
        24  5.193765E-03
        25  4.882898E-02
        26  6.492118E-02
        27  3.719379E-02
        28  3.508680E-02
        29  3.973445E-02
        30  4.165551E-02
        31  5.285366E-02
        32  4.706961E-02
        33  1.410993E-02
        34  1.875809E-02
        35  1.417030E-02
        36  2.783246E-02
        37  1.777767E-02
        38  1.902530E-02
        39  1.473393E-02
        40  1.417669E-02
        41  2.838452E-03
        42  2.505438E-03
        43  3.311374E-03
        44  3.404737E-03
        45  2.054100E-03
        46  2.282722E-03
        47  1.772708E-03
        48  2.329687E-03
        49  4.075798E-03
        50  4.148878E-03
        51  4.451948E-03
        52  1.097325E-03
        53  5.068619E-03
        54  3.773780E-03
        55  3.984749E-03
        56  6.804019E-04
        57  1.714891E-03
        58  2.088670E-04
        59  3.904105E-04
        60  3.137661E-03
        61  4.955065E-03
        62  2.707455E-04
        63  1.904064E-03
        64  8.568725E-03
        65  1.277361E-04
        66  1.951868E-05
        67  8.701823E-05
        68  1.174703E-03
        69  2.039714E-03
        70  1.301702E-04
        71  1.092056E-03
        72  3.975703E-03
        73  2.428860E-02
        74  2.299591E-03
        75  6.343992E-03
        76  3.424126E-02
        77  4.421414E-02
        78  6.778436E-03
        79  4.611644E-03
        80  3.805212E-02
        81  4.665739E-03
        82  2.761476E-04
        83  2.432072E-03
        84  1.099659E-02
        85  7.732349E-03
        86  1.160830E-03
        87  6.923488E-04
        88  6.405054E-03
        89  1.217141E-02
        90  1.529614E-02
        91  8.473037E-03
        92  4.495785E-03
        93  2.878537E-03
        94  4.229332E-03
        95  2.846488E-03
        96  4.065750E-03
        97  1.697717E-02
        98  1.350921E-02
        99  4.930268E-03
       100  8.144142E-03
       101  7.191069E-03
       102  2.878938E-03
       103  1.523498E-02
       104  1.362498E-02
       105  2.383190E-01
       106  1.483077E-01
       107  1.894445E-01
       108  1.983897E-01
       109  1.805613E-01
       110  1.749192E-01
       111  1.398089E-01
       112  1.996377E-01
       113  2.921756E-01
       114  1.541077E-01
       115  2.598251E-01
       116  1.754363E-01
       117  1.466171E-01
       118  2.840686E-01
       119  1.416132E-01
       120  2.654603E-01
       121  2.031561E-01
       122  1.474672E-01
       123  2.045781E-01
       124  1.457217E-01
       125  1.633167E-01
       126  2.020970E-01
       127  1.433191E-01
       128  1.899385E-01
       129  2.411758E-01
       130  1.599188E-01
       131  2.937725E-01
       132  1.462824E-01
       133  1.439818E-01
       134  2.604730E-01
       135  1.420998E-01
       136  2.594986E-01
       137  2.320316E-01
       138  1.513621E-01
       139  2.226464E-01
       140  1.899515E-01
       141  2.082641E-01
       142  1.995794E-01
       143  1.896279E-01
       144  2.127068E-01
       145  2.443068E-01
       146  1.854398E-01
       147  2.601455E-01
       148  1.712938E-01
       149  1.694152E-01
       150  2.490890E-01
       151  2.036373E-01
       152  2.723460E-01
       153  2.978959E-01
       154  3.682761E-01
       155  1.130225E-01
       156  3.229560E-01
       157  3.336887E-01
       158  1.093492E-01
       159  3.240014E-01
       160  1.648686E-01
       161  3.119895E-01
       162  3.901652E-01
       163  1.293921E-01
       164  3.505419E-01
       165  3.539953E-01
       166  1.120940E-01
       167  3.875707E-01
       168  1.268916E-01
       169  3.225532E-01
       170  3.329264E-01
       171  9.163452E-02
       172  2.976298E-01
       173  3.096539E-01
       174  9.167433E-02
       175  2.936948E-01
       176  1.915623E-01
       177  3.728610E-01
       178  3.665970E-01
       179  1.132760E-01
       180  3.429154E-01
       181  3.459698E-01
       182  9.814685E-02
       183  3.505872E-01
       184  2.050064E-01
       185  1.907673E-01
       186  4.250526E-01
       187  9.932278E-02
       188  3.892504E-01
       189  3.804501E-01
       190  9.412279E-02
       191  4.899690E-01
       192  2.927331E-01
       193  2.251990E-01
       194  4.563140E-01
       195  1.065650E-01
       196  4.205969E-01
       197  4.189121E-01
       198  1.100845E-01
       199  5.176206E-01
       200  3.344750E-01
       201  1.633329E-01
       202  4.546022E-01
       203  1.075109E-01
       204  3.942193E-01
       205  3.901656E-01
       206  1.087510E-01
       207  4.957347E-01
       208  2.533694E-01
       209  1.584608E-01
       210  4.753688E-01
       211  1.186617E-01
       212  4.115804E-01
       213  4.122163E-01
       214  1.235716E-01
       215  5.070280E-01
       216  2.732679E-01
       217  2.488691E-01
       218  2.240266E-01
       219  2.352593E-01
       220  2.136602E-01
       221  2.197311E-01
       222  2.207642E-01
       223  2.448121E-01
       224  2.187746E-01
       225  2.582234E-01
       226  1.902173E-01
       227  2.646478E-01
       228  2.090917E-01
       229  2.056401E-01
       230  2.578320E-01
       231  2.192312E-01
       232  2.628531E-01

 total internal energy for set ALL and time  0.1000000E+01

        3.256201E+01
