
                        S T E P       1


                                INCREMENT     1


 displacements (vx,vy,vz) for set TIP_TOP and time  0.1000000E+01

      1895  1.504007E-01  4.134044E-01 -3.429412E+00
      1896  1.419136E-01  4.134065E-01 -3.327706E+00
      1899  1.332120E-01  4.133642E-01 -3.225720E+00
      1902  1.245596E-01  4.137287E-01 -3.124096E+00
      1904  1.161395E-01  4.151885E-01 -3.025449E+00
      1906  1.139732E-01  4.161167E-01 -3.001415E+00
      1908  1.118820E-01  4.169545E-01 -2.977855E+00
      1911  1.090521E-01  4.177635E-01 -2.946565E+00
      1914  1.062758E-01  4.181688E-01 -2.916018E+00
      1917  1.035162E-01  4.183059E-01 -2.885630E+00
      1920  1.006112E-01  4.184110E-01 -2.855440E+00

 forces (fx,fy,fz) for set CLAMP and time  0.1000000E+01

         1  3.959509E+03  6.196401E+03  2.035949E+03
         4  8.767949E+03  6.129486E+02  4.294368E+03
         5  4.891607E+03  9.382855E+03  3.620478E+01
         8  1.174923E+04  1.114954E+03  3.374502E+01
         9  2.721359E+03  5.781063E+03 -2.268547E+02
        12  7.497003E+03  9.801123E+02 -5.179910E+02
        13  7.293051E+02  2.486922E+03 -4.356164E+02
        16  3.549620E+03  8.365077E+02 -9.319442E+02
        17 -1.292603E+03 -8.183262E+02 -4.683612E+02
        20 -4.288112E+02  6.678311E+02 -1.021774E+03
        21 -2.062862E+03 -1.553016E+03 -1.303881E+03
        24 -2.314545E+03  2.746675E+02 -6.022872E+02
        26  5.746268E+03 -6.835401E+03  2.263476E+03
        28  8.383756E+03 -1.064084E+04 -1.213212E+01
        30  5.809856E+03 -6.888601E+03 -3.005259E+02
        32  3.322884E+03 -3.416564E+03 -5.078370E+02
        34  8.224480E+02  6.035313E+01 -5.588328E+02
        36 -1.397540E+03  1.360126E+03 -2.370867E+03
        37 -1.223258E+03 -1.112284E+03 -1.675564E+03
        40 -1.156757E+03  2.687184E+01 -2.935640E+03
        41 -3.155678E+03 -2.537454E+03 -3.500754E+02
        44 -3.694769E+03  5.151476E+01 -6.982128E+02
        45 -2.171147E+03 -1.428984E+03  2.027495E+03
        48 -2.995786E+03  2.622218E+01  3.616905E+03
        50 -8.939462E+02 -2.471138E+01 -2.497314E+03
        52 -3.233779E+03 -3.682909E+01 -6.545797E+02
        54 -2.772857E+03 -8.662195E+00  3.181798E+03
        56 -7.544865E+02 -4.961355E+01 -2.216846E+03
        58 -2.934440E+03 -3.616747E+01 -5.981527E+02
        60 -2.590319E+03  6.801876E+00  2.882467E+03
        62 -2.278462E+03  1.297557E+01 -4.092807E+02
        64 -2.026610E+03  2.860153E+01  2.209810E+03
        66 -1.687603E+03  8.671096E+01 -3.135642E+02
        68 -1.518957E+03  5.011115E+01  1.627404E+03
        70 -3.693909E+03  3.158718E+02 -8.394264E+02
        72 -3.426268E+03  1.810906E+02  3.561821E+03
        74 -7.455545E+02  2.791868E+02 -3.065474E+03
        76 -4.446657E+03  6.483505E+02 -1.275541E+03
        78 -4.362395E+03  3.739002E+02  4.381838E+03
        80 -1.693810E+02  3.156888E+02 -1.751068E+03
        82 -2.692403E+03  7.446493E+02 -1.064373E+03
        84 -2.937752E+03  4.323645E+02  2.768398E+03
        86  2.221341E+02  2.984567E+02 -6.211592E+02
        88 -1.119191E+03  7.297781E+02 -8.125006E+02
        90 -1.520561E+03  4.350562E+02  1.280026E+03
        92  1.088051E+02  7.685036E+01 -1.096066E+01
        94 -2.298379E+02  2.935793E+02 -3.448081E+02
        96 -3.526113E+02  2.180801E+02  1.917407E+02

 internal energy (element, energy) for set EALL and time  0.1000000E+01

         1  7.112028E+01
         2  3.153985E+01
         3  1.051618E+01
         4  1.563128E+00
         5  4.101237E+00
         6  8.467447E+01
         7  3.984838E+01
         8  1.471849E+01
         9  2.592468E+00
        10  3.027662E+00
        11  1.220777E+01
        12  1.744828E+01
        13  9.180004E+00
        14  1.363261E+01
        15  7.293979E+00
        16  1.114588E+01
        17  6.036241E+00
        18  9.264006E+00
        19  3.314640E+00
        20  5.177591E+00
        21  2.810619E+00
        22  4.526948E+00
        23  7.556278E+00
        24  1.291271E+01
        25  3.279575E+00
        26  6.327288E+00
        27  1.067687E+00
        28  2.413983E+00
        29  2.779132E-01
        30  5.908403E-01
        31  9.204501E+01
        32  4.951306E+01
        33  1.772008E+01
        34  3.257217E+00
        35  6.372404E+00
        36  1.023019E+02
        37  5.588788E+01
        38  2.079022E+01
        39  3.832101E+00
        40  5.089218E+00
        41  1.371906E+01
        42  1.832797E+01
        43  1.259393E+01
        44  1.681700E+01
        45  1.082867E+01
        46  1.453968E+01
        47  9.022157E+00
        48  1.225126E+01
        49  4.696524E+00
        50  6.560086E+00
        51  4.076095E+00
        52  5.793664E+00
        53  1.137553E+01
        54  1.661148E+01
        55  5.358074E+00
        56  8.433359E+00
        57  1.811724E+00
        58  3.271727E+00
        59  6.352918E-01
        60  8.355966E-01
        61  7.970604E+01
        62  4.096291E+01
        63  1.524166E+01
        64  2.822647E+00
        65  4.805276E+00
        66  8.802083E+01
        67  4.615994E+01
        68  1.772763E+01
        69  3.218316E+00
        70  3.726814E+00
        71  1.129767E+01
        72  1.596926E+01
        73  9.827397E+00
        74  1.410528E+01
        75  8.550461E+00
        76  1.242043E+01
        77  7.316446E+00
        78  1.072925E+01
        79  3.752800E+00
        80  5.620043E+00
        81  3.296118E+00
        82  5.047118E+00
        83  9.273965E+00
        84  1.468894E+01
        85  4.720738E+00
        86  8.074703E+00
        87  1.863745E+00
        88  3.523598E+00
        89  8.260516E-01
        90  1.089079E+00
        91  7.822501E+01
        92  3.979841E+01
        93  1.473302E+01
        94  2.801391E+00
        95  4.235131E+00
        96  8.475596E+01
        97  4.384061E+01
        98  1.666818E+01
        99  3.068157E+00
       100  3.231341E+00
       101  1.099685E+01
       102  1.548990E+01
       103  9.460607E+00
       104  1.350580E+01
       105  8.062173E+00
       106  1.165147E+01
       107  6.854485E+00
       108  9.977889E+00
       109  3.364430E+00
       110  5.026762E+00
       111  2.965075E+00
       112  4.540314E+00
       113  8.372386E+00
       114  1.327707E+01
       115  4.522078E+00
       116  7.782795E+00
       117  1.995761E+00
       118  3.767495E+00
       119  9.026831E-01
       120  1.413275E+00
       121  7.535473E+01
       122  3.861720E+01
       123  1.446752E+01
       124  2.830855E+00
       125  3.764908E+00
       126  8.045682E+01
       127  4.175669E+01
       128  1.594129E+01
       129  2.968844E+00
       130  2.823632E+00
       131  1.041364E+01
       132  1.467295E+01
       133  8.958550E+00
       134  1.278835E+01
       135  7.615361E+00
       136  1.102058E+01
       137  6.445857E+00
       138  9.410404E+00
       139  3.014263E+00
       140  4.566974E+00
       141  2.657717E+00
       142  4.140313E+00
       143  7.480628E+00
       144  1.201623E+01
       145  4.212313E+00
       146  7.349186E+00
       147  2.028858E+00
       148  3.898583E+00
       149  9.553763E-01
       150  1.726749E+00
       151  7.238813E+01
       152  3.738981E+01
       153  1.424355E+01
       154  2.890725E+00
       155  3.364367E+00
       156  7.635550E+01
       157  3.981607E+01
       158  1.535220E+01
       159  2.925629E+00
       160  2.478934E+00
       161  9.775916E+00
       162  1.383591E+01
       163  8.412097E+00
       164  1.206715E+01
       165  7.147430E+00
       166  1.041262E+01
       167  6.070327E+00
       168  8.908813E+00
       169  2.724666E+00
       170  4.184483E+00
       171  2.408056E+00
       172  3.812639E+00
       173  6.762415E+00
       174  1.099511E+01
       175  3.966953E+00
       176  7.000508E+00
       177  2.058608E+00
       178  4.001878E+00
       179  1.009542E+00
       180  2.001170E+00
       181  6.930889E+01
       182  3.609756E+01
       183  1.399002E+01
       184  2.953060E+00
       185  3.026810E+00
       186  7.238822E+01
       187  3.795760E+01
       188  1.480331E+01
       189  2.898966E+00
       190  2.182959E+00
       191  9.077010E+00
       192  1.297366E+01
       193  7.834869E+00
       194  1.134063E+01
       195  6.672325E+00
       196  9.808295E+00
       197  5.699611E+00
       198  8.417694E+00
       199  2.463959E+00
       200  3.838662E+00
       201  2.185732E+00
       202  3.519405E+00
       203  6.140003E+00
       204  1.010547E+01
       205  3.765357E+00
       206  6.702939E+00
       207  2.092290E+00
       208  4.090534E+00
       209  1.072989E+00
       210  2.249983E+00
       211  6.623447E+01
       212  3.476863E+01
       213  1.370038E+01
       214  3.004858E+00
       215  2.739367E+00
       216  6.861334E+01
       217  3.617545E+01
       218  1.427052E+01
       219  2.873051E+00
       220  1.927944E+00
       221  8.362754E+00
       222  1.210266E+01
       223  7.251700E+00
       224  1.061286E+01
       225  6.203023E+00
       226  9.211412E+00
       227  5.342867E+00
       228  7.941008E+00
       229  2.230632E+00
       230  3.524216E+00
       231  1.987178E+00
       232  3.252961E+00
       233  5.589706E+00
       234  9.307285E+00
       235  3.588819E+00
       236  6.429118E+00
       237  2.128060E+00
       238  4.164402E+00
       239  1.151497E+00
       240  2.488375E+00
       241  6.318275E+01
       242  3.341060E+01
       243  1.337031E+01
       244  3.041220E+00
       245  2.494722E+00
       246  6.500520E+01
       247  3.445086E+01
       248  1.373864E+01
       249  2.841341E+00
       250  1.708437E+00
       251  7.649777E+00
       252  1.123141E+01
       253  6.674919E+00
       254  9.890536E+00
       255  5.745311E+00
       256  8.625228E+00
       257  5.000930E+00
       258  7.479468E+00
       259  2.021023E+00
       260  3.237938E+00
       261  1.808876E+00
       262  3.010080E+00
       263  5.096613E+00
       264  8.583505E+00
       265  3.425968E+00
       266  6.169449E+00
       267  2.161870E+00
       268  4.224413E+00
       269  1.244241E+00
       270  2.720551E+00
       271  6.016194E+01
       272  3.203141E+01
       273  1.300437E+01
       274  3.061998E+00
       275  2.286904E+00
       276  6.153738E+01
       277  3.277151E+01
       278  1.320255E+01
       279  2.801364E+00
       280  1.519437E+00
       281  6.949071E+00
       282  1.036812E+01
       283  6.112271E+00
       284  9.179579E+00
       285  5.303913E+00
       286  8.053736E+00
       287  4.676104E+00
       288  7.035215E+00
       289  1.832964E+00
       290  2.977569E+00
       291  1.648783E+00
       292  2.788892E+00
       293  4.653276E+00
       294  7.926052E+00
       295  3.273149E+00
       296  5.921805E+00
       297  2.192283E+00
       298  4.271606E+00
       299  1.348120E+00
       300  2.944647E+00
       301  5.717680E+01
       302  3.063805E+01
       303  1.260771E+01
       304  3.068035E+00
       305  2.111276E+00
       306  5.818774E+01
       307  3.112824E+01
       308  1.265985E+01
       309  2.752057E+00
       310  1.356818E+00
       311  6.268231E+00
       312  9.520292E+00
       313  5.568937E+00
       314  8.485260E+00
       315  4.881701E+00
       316  7.500151E+00
       317  4.369570E+00
       318  6.609900E+00
       319  1.664461E+00
       320  2.741115E+00
       321  1.505140E+00
       322  2.587778E+00
       323  4.254154E+00
       324  7.328942E+00
       325  3.128696E+00
       326  5.685414E+00
       327  2.218298E+00
       328  4.305919E+00
       329  1.459002E+00
       330  3.156631E+00
       331  5.423202E+01
       332  2.923627E+01
       333  1.218468E+01
       334  3.060096E+00
       335  1.963578E+00
       336  5.494033E+01
       337  2.951470E+01
       338  1.210936E+01
       339  2.692897E+00
       340  1.216899E+00
       341  5.613662E+00
       342  8.694745E+00
       343  5.048977E+00
       344  7.812053E+00
       345  4.480734E+00
       346  6.966950E+00
       347  4.081905E+00
       348  6.204498E+00
       349  1.513650E+00
       350  2.526579E+00
       351  1.376343E+00
       352  2.405108E+00
       353  3.894468E+00
       354  6.786363E+00
       355  2.991444E+00
       356  5.459015E+00
       357  2.238882E+00
       358  4.326460E+00
       359  1.572316E+00
       360  3.351997E+00
       361  5.133114E+01
       362  2.783053E+01
       363  1.173870E+01
       364  3.038752E+00
       365  1.839874E+00
       366  5.178373E+01
       367  2.792669E+01
       368  1.155074E+01
       369  2.623703E+00
       370  1.096376E+00
       371  4.990824E+00
       372  7.897500E+00
       373  4.555627E+00
       374  7.163685E+00
       375  4.102408E+00
       376  6.455950E+00
       377  3.813181E+00
       378  5.819409E+00
       379  1.378745E+00
       380  2.331974E+00
       381  1.260858E+00
       382  2.239202E+00
       383  3.569750E+00
       384  6.292490E+00
       385  2.860194E+00
       386  5.240905E+00
       387  2.252839E+00
       388  4.331975E+00
       389  1.683454E+00
       390  3.526416E+00
       391  4.847621E+01
       392  2.642422E+01
       393  1.127260E+01
       394  3.004498E+00
       395  1.736550E+00
       396  4.870963E+01
       397  2.636168E+01
       398  1.098429E+01
       399  2.544604E+00
       400  9.922998E-01
       401  4.404242E+00
       402  7.133699E+00
       403  4.091385E+00
       404  6.543156E+00
       405  3.747569E+00
       406  5.968377E+00
       407  3.563064E+00
       408  5.454532E+00
       409  1.258052E+00
       410  2.155354E+00
       411  1.157229E+00
       412  2.088383E+00
       413  3.275834E+00
       414  5.841682E+00
       415  2.733707E+00
       416  5.029202E+00
       417  2.258903E+00
       418  4.321136E+00
       419  1.788032E+00
       420  3.675978E+00
       421  4.566801E+01
       422  2.501991E+01
       423  1.078884E+01
       424  2.957862E+00
       425  1.650350E+00
       426  4.571197E+01
       427  2.481834E+01
       428  1.041087E+01
       429  2.456009E+00
       430  9.020687E-01
       431  3.857476E+00
       432  6.407589E+00
       433  3.658046E+00
       434  5.952785E+00
       435  3.416579E+00
       436  5.504943E+00
       437  3.330898E+00
       438  5.109359E+00
       439  1.149985E+00
       440  1.994845E+00
       441  1.064089E+00
       442  1.951016E+00
       443  3.008888E+00
       444  5.428635E+00
       445  2.610762E+00
       446  4.822024E+00
       447  2.255836E+00
       448  4.292701E+00
       449  1.882040E+00
       450  3.797296E+00
       451  4.290652E+01
       452  2.361969E+01
       453  1.028971E+01
       454  2.899459E+00
       455  1.578386E+00
       456  4.278632E+01
       457  2.329624E+01
       458  9.831761E+00
       459  2.358561E+00
       460  8.234194E-01
       461  3.353124E+00
       462  5.722535E+00
       463  3.256736E+00
       464  5.394258E+00
       465  3.109373E+00
       466  5.065913E+00
       467  3.115776E+00
       468  4.783056E+00
       469  1.053068E+00
       470  1.848666E+00
       471  9.801650E-01
       472  1.825532E+00
       473  2.765426E+00
       474  5.048441E+00
       475  2.490202E+00
       476  4.617586E+00
       477  2.242498E+00
       478  4.245583E+00
       479  1.961936E+00
       480  3.887550E+00
       481  4.019148E+01
       482  2.222545E+01
       483  9.777398E+00
       484  2.830010E+00
       485  1.518134E+00
       486  3.992953E+01
       487  2.179562E+01
       488  9.248518E+00
       489  2.253087E+00
       490  7.544066E-01
       491  2.892861E+00
       492  5.081058E+00
       493  2.887974E+00
       494  4.868684E+00
       495  2.825527E+00
       496  4.651175E+00
       497  2.916599E+00
       498  4.474526E+00
       499  9.659377E-01
       500  1.715133E+00
       501  9.042832E-01
       502  1.710438E+00
       503  2.542306E+00
       504  4.696611E+00
       505  2.370961E+00
       506  4.414232E+00
       507  2.217898E+00
       508  4.178893E+00
       509  2.024711E+00
       510  3.944524E+00
       511  3.752269E+01
       512  2.083905E+01
       513  9.254096E+00
       514  2.750347E+00
       515  1.467411E+00
       516  3.713949E+01
       517  2.031722E+01
       518  8.662920E+00
       519  2.140556E+00
       520  6.933762E-01
       521  2.477487E+00
       522  4.484870E+00
       523  2.551729E+00
       524  4.376651E+00
       525  2.564318E+00
       526  4.260299E+00
       527  2.732130E+00
       528  4.182470E+00
       529  8.873467E-01
       530  1.592670E+00
       531  8.353632E-01
       532  1.604321E+00
       533  2.336717E+00
       534  4.369064E+00
       535  2.252087E+00
       536  4.210470E+00
       537  2.181236E+00
       538  4.091975E+00
       539  2.067940E+00
       540  3.966618E+00
       541  3.490029E+01
       542  1.946244E+01
       543  8.722029E+00
       544  2.661411E+00
       545  1.424348E+00
       546  3.441502E+01
       547  1.886223E+01
       548  8.076901E+00
       549  2.022039E+00
       550  6.389361E-01
       551  2.106977E+00
       552  3.934923E+00
       553  2.247478E+00
       554  3.918276E+00
       555  2.324781E+00
       556  3.892592E+00
       557  2.561047E+00
       558  3.905439E+00
       559  8.161559E-01
       560  1.479804E+00
       561  7.724159E-01
       562  1.505851E+00
       563  2.146163E+00
       564  4.062130E+00
       565  2.132758E+00
       566  4.004998E+00
       567  2.131938E+00
       568  3.984431E+00
       569  2.089810E+00
       570  3.952872E+00
       571  3.232493E+01
       572  1.809779E+01
       573  8.183492E+00
       574  2.564235E+00
       575  1.387369E+00
       576  3.175575E+01
       577  1.743219E+01
       578  7.492518E+00
       579  1.898679E+00
       580  5.899253E-01
       581  1.780546E+00
       582  3.431453E+00
       583  1.974271E+00
       584  3.493263E+00
       585  2.105761E+00
       586  3.547153E+00
       587  2.401984E+00
       588  3.641877E+00
       589  7.513316E-01
       590  1.375165E+00
       591  7.145393E-01
       592  1.413784E+00
       593  1.968447E+00
       594  3.772537E+00
       595  2.012297E+00
       596  3.796724E+00
       597  2.069683E+00
       598  3.856166E+00
       599  2.089144E+00
       600  3.902977E+00
       601  2.979790E+01
       602  1.674755E+01
       603  7.640866E+00
       604  2.459939E+00
       605  1.355159E+00
       606  2.916219E+01
       607  1.602904E+01
       608  6.911927E+00
       609  1.771669E+00
       610  5.453849E-01
       611  1.496708E+00
       612  2.974038E+00
       613  1.730782E+00
       614  3.100951E+00
       615  1.905961E+00
       616  3.222917E+00
       617  2.253564E+00
       618  3.390166E+00
       619  6.919410E-01
       620  1.277491E+00
       621  6.609145E-01
       622  1.326958E+00
       623  1.801661E+00
       624  3.497411E+00
       625  1.890193E+00
       626  3.584801E+00
       627  1.994430E+00
       628  3.707408E+00
       629  2.065399E+00
       630  3.817288E+00
       631  2.732124E+01
       632  1.541448E+01
       633  7.096635E+00
       634  2.349716E+00
       635  1.326641E+00
       636  2.663567E+01
       637  1.465508E+01
       638  6.337377E+00
       639  1.642227E+00
       640  5.045311E-01
       641  1.253346E+00
       642  2.561655E+00
       643  1.515364E+00
       644  2.740369E+00
       645  1.723983E+00
       646  2.918710E+00
       647  2.114434E+00
       648  3.148671E+00
       649  6.371483E-01
       650  1.185621E+00
       651  6.108026E-01
       652  1.244300E+00
       653  1.644169E+00
       654  3.234273E+00
       655  1.766113E+00
       656  3.368648E+00
       657  1.906433E+00
       658  3.538747E+00
       659  2.018668E+00
       660  3.696824E+00
       661  2.489780E+01
       662  1.410171E+01
       663  6.553397E+00
       664  2.234818E+00
       665  1.300949E+00
       666  2.417842E+01
       667  1.331296E+01
       668  5.771197E+00
       669  1.511579E+00
       670  4.667306E-01
       671  1.047784E+00
       672  2.192760E+00
       673  1.326107E+00
       674  2.410300E+00
       675  1.558368E+00
       676  2.633293E+00
       677  1.983297E+00
       678  2.915777E+00
       679  5.862112E-01
       680  1.098503E+00
       681  5.635428E-01
       682  1.164830E+00
       683  1.494606E+00
       684  2.981041E+00
       685  1.639915E+00
       686  3.147981E+00
       687  1.806248E+00
       688  3.351153E+00
       689  1.949652E+00
       690  3.543266E+00
       691  2.253137E+01
       692  1.281278E+01
       693  6.013878E+00
       694  2.116557E+00
       695  1.277418E+00
       696  2.179357E+01
       697  1.200573E+01
       698  5.215793E+00
       699  1.380945E+00
       700  4.314787E-01
       701  8.768743E-01
       702  1.865378E+00
       703  1.160895E+00
       704  2.109346E+00
       705  1.407633E+00
       706  2.365417E+00
       707  1.858936E+00
       708  2.689943E+00
       709  5.384784E-01
       710  1.015195E+00
       711  5.185518E-01
       712  1.087669E+00
       713  1.351860E+00
       714  2.736040E+00
       715  1.511657E+00
       716  2.922835E+00
       717  1.694743E+00
       718  3.145992E+00
       719  1.859633E+00
       720  3.358933E+00
       721  2.022675E+01
       722  1.155172E+01
       723  5.480957E+00
       724  1.996300E+00
       725  1.255572E+00
       726  1.948510E+01
       727  1.073679E+01
       728  4.673631E+00
       729  1.251524E+00
       730  3.983819E-01
       731  7.371081E-01
       732  1.577226E+00
       733  1.017473E+00
       734  1.836016E+00
       735  1.270315E+00
       736  2.113883E+00
       737  1.740245E+00
       738  2.469748E+00
       739  4.933887E-01
       740  9.348753E-01
       741  4.753241E-01
       742  1.012050E+00
       743  1.215073E+00
       744  2.498006E+00
       745  1.381610E+00
       746  2.693586E+00
       747  1.573088E+00
       748  2.925042E+00
       749  1.750433E+00
       750  3.146763E+00
       751  1.798993E+01
       752  1.032308E+01
       753  4.957688E+00
       754  1.875472E+00
       755  1.235121E+00
       756  1.725778E+01
       757  9.509850E+00
       758  4.147218E+00
       759  1.124481E+00
       760  3.671435E-01
       761  6.247560E-01
       762  1.325864E+00
       763  8.935372E-01
       764  1.588836E+00
       765  1.145011E+00
       766  1.877611E+00
       767  1.626270E+00
       768  2.253951E+00
       769  4.504710E-01
       770  8.568500E-01
       771  4.334347E-01
       772  9.373331E-01
       773  1.083632E+00
       774  2.266101E+00
       775  1.250251E+00
       776  2.460974E+00
       777  1.442743E+00
       778  2.690497E+00
       779  1.624359E+00
       780  2.910273E+00
       781  1.582818E+01
       782  9.132056E+00
       783  4.447322E+00
       784  1.755551E+00
       785  1.215966E+00
       786  1.511705E+01
       787  8.328836E+00
       788  3.639071E+00
       789  1.000945E+00
       790  3.375560E-01
       791  5.360579E-01
       792  1.108881E+00
       793  7.868510E-01
       794  1.366480E+00
       795  1.030450E+00
       796  1.655722E+00
       797  1.516251E+00
       798  2.041557E+00
       799  4.093454E-01
       800  7.805664E-01
       801  3.925422E-01
       802  8.630234E-01
       803  9.571598E-01
       804  2.039921E+00
       805  1.118270E+00
       806  2.226118E+00
       807  1.305443E+00
       808  2.444967E+00
       809  1.484148E+00
       810  2.653522E+00
       811  1.375027E+01
       812  7.984485E+00
       813  3.953304E+00
       814  1.638051E+00
       815  1.198191E+00
       816  1.306879E+01
       817  7.197796E+00
       818  3.151678E+00
       819  8.820025E-01
       820  3.095023E-01
       821  4.674678E-01
       822  9.241036E-01
       823  6.954008E-01
       824  1.167928E+00
       825  9.255767E-01
       826  1.447628E+00
       827  1.409689E+00
       828  1.831881E+00
       829  3.697266E-01
       830  7.056273E-01
       831  3.523949E-01
       832  7.887911E-01
       833  8.355105E-01
       834  1.819513E+00
       835  9.865590E-01
       836  1.990540E+00
       837  1.163171E+00
       838  2.191482E+00
       839  1.332893E+00
       840  2.381073E+00
       841  1.176652E+01
       842  6.886874E+00
       843  3.479202E+00
       844  1.524443E+00
       845  1.182049E+00
       846  1.111919E+01
       847  6.120809E+00
       848  2.687470E+00
       849  7.687143E-01
       850  2.829712E-01
       851  4.159566E-01
       852  7.698212E-01
       853  6.176019E-01
       854  9.926297E-01
       855  8.296788E-01
       856  1.253120E+00
       857  1.306441E+00
       858  1.624630E+00
       859  3.314312E-01
       860  6.318073E-01
       861  3.128419E-01
       862  7.144951E-01
       863  7.187632E-01
       864  1.605392E+00
       865  8.562040E-01
       866  1.756191E+00
       867  1.018115E+00
       868  1.933510E+00
       869  1.173970E+00
       870  2.097972E+00
       871  9.888817E+00
       872  5.846247E+00
       873  3.028533E+00
       874  1.416007E+00
       875  1.167889E+00
       876  9.274879E+00
       877  5.102019E+00
       878  2.248839E+00
       879  6.621455E-01
       880  2.580954E-01
       881  3.793833E-01
       882  6.449993E-01
       883  5.525734E-01
       884  8.406482E-01
       885  7.425669E-01
       886  1.072436E+00
       887  1.206840E+00
       888  1.419968E+00
       889  2.943888E-01
       890  5.590652E-01
       891  2.738508E-01
       892  6.402041E-01
       893  6.072188E-01
       894  1.398557E+00
       895  7.284633E-01
       896  1.525491E+00
       897  8.726155E-01
       898  1.674984E+00
       899  1.010928E+00
       900  1.809764E+00
       901  8.130282E+00
       902  4.869785E+00
       903  2.604450E+00
       904  1.313588E+00
       905  1.155978E+00
       906  7.543538E+00
       907  4.145964E+00
       908  1.838269E+00
       909  5.634579E-01
       910  2.352295E-01
       911  3.570013E-01
       912  5.495261E-01
       913  5.005367E-01
       914  7.127824E-01
       915  6.648191E-01
       916  9.062762E-01
       917  1.111776E+00
       918  1.218567E+00
       919  2.586567E-01
       920  4.875408E-01
       921  2.355364E-01
       922  5.662034E-01
       923  5.013926E-01
       924  1.200490E+00
       925  6.047259E-01
       926  1.301374E+00
       927  7.290590E-01
       928  1.420371E+00
       929  8.473493E-01
       930  1.522582E+00
       931  6.504531E+00
       932  3.964311E+00
       933  2.209471E+00
       934  1.217396E+00
       935  1.146109E+00
       936  5.935348E+00
       937  3.258397E+00
       938  1.458793E+00
       939  4.741807E-01
       940  2.151114E-01
       941  3.502383E-01
       942  4.845845E-01
       943  4.634598E-01
       944  6.107464E-01
       945  5.981262E-01
       946  7.558639E-01
       947  1.022629E+00
       948  1.021656E+00
       949  2.244211E-01
       950  4.175126E-01
       951  1.981985E-01
       952  4.929460E-01
       953  4.019879E-01
       954  1.013048E+00
       955  4.864123E-01
       956  1.087261E+00
       957  5.896672E-01
       958  1.174741E+00
       959  6.866021E-01
       960  1.243405E+00
       961  5.023938E+00
       962  3.135920E+00
       963  1.845925E+00
       964  1.127215E+00
       965  1.136849E+00
       966  4.464635E+00
       967  2.447687E+00
       968  1.115170E+00
       969  3.969407E-01
       970  1.992139E-01
       971  3.638028E-01
       972  4.531102E-01
       973  4.460610E-01
       974  5.376235E-01
       975  5.458906E-01
       976  6.234807E-01
       977  9.409486E-01
       978  8.313826E-01
       979  1.919517E-01
       980  3.493390E-01
       981  1.623768E-01
       982  4.209054E-01
       983  3.098621E-01
       984  8.380418E-01
       985  3.748108E-01
       986  8.867217E-01
       987  4.561625E-01
       988  9.436915E-01
       989  5.315628E-01
       990  9.804762E-01
       991  3.696307E+00
       992  2.390886E+00
       993  1.518260E+00
       994  1.043679E+00
       995  1.123962E+00
       996  3.149953E+00
       997  1.726742E+00
       998  8.162411E-01
       999  3.369731E-01
      1000  1.904410E-01
      1001  4.059266E-01
      1002  4.594889E-01
      1003  4.570333E-01
      1004  4.989150E-01
      1005  5.149268E-01
      1006  5.147016E-01
      1007  8.688585E-01
      1008  6.526594E-01
      1009  1.615034E-01
      1010  2.836206E-01
      1011  1.289179E-01
      1012  3.502553E-01
      1013  2.260950E-01
      1014  6.761008E-01
      1015  2.709209E-01
      1016  7.023681E-01
      1017  3.294939E-01
      1018  7.326132E-01
      1019  3.845088E-01
      1020  7.437418E-01
      1021  2.520799E+00
      1022  1.739283E+00
      1023  1.237087E+00
      1024  9.686134E-01
      1025  1.097955E+00
      1026  2.010721E+00
      1027  1.115137E+00
      1028  5.778503E-01
      1029  3.031095E-01
      1030  1.938584E-01
      1031  4.825010E-01
      1032  5.037146E-01
      1033  5.078284E-01
      1034  5.020363E-01
      1035  5.193178E-01
      1036  4.430954E-01
      1037  8.139520E-01
      1038  4.991180E-01
      1039  1.331185E-01
      1040  2.226545E-01
      1041  9.916622E-02
      1042  2.809136E-01
      1043  1.531130E-01
      1044  5.250566E-01
      1045  1.769624E-01
      1046  5.335945E-01
      1047  2.118791E-01
      1048  5.450428E-01
      1049  2.500236E-01
      1050  5.437916E-01
      1051  1.496340E+00
      1052  1.197608E+00
      1053  1.017040E+00
      1054  9.040566E-01
      1055  1.045222E+00
      1056  1.069838E+00
      1057  6.396085E-01
      1058  4.185789E-01
      1059  3.031314E-01
      1060  2.147063E-01
      1061  5.740365E-01
      1062  5.660532E-01
      1063  5.992035E-01
      1064  5.480175E-01
      1065  5.859756E-01
      1066  4.357943E-01
      1067  8.135657E-01
      1068  4.091043E-01
      1069  1.081609E-01
      1070  1.764458E-01
      1071  7.564881E-02
      1072  2.145048E-01
      1073  1.006112E-01
      1074  3.802423E-01
      1075  1.039107E-01
      1076  3.763889E-01
      1077  1.177222E-01
      1078  3.822850E-01
      1079  1.436377E-01
      1080  3.914801E-01
      1081  6.717683E-01
      1082  7.601246E-01
      1083  8.353171E-01
      1084  8.535649E-01
      1085  9.869243E-01
      1086  3.855760E-01
      1087  3.146811E-01
      1088  3.212844E-01
      1089  3.248870E-01
      1090  2.566543E-01
      1091  6.009575E-01
      1092  5.851155E-01
      1093  6.766223E-01
      1094  5.971080E-01
      1095  7.233077E-01
      1096  5.091682E-01
      1097  9.805428E-01
      1098  4.795178E-01
      1099  9.086923E-02
      1100  1.946246E-01
      1101  6.487262E-02
      1102  1.822620E-01
      1103  1.231486E-01
      1104  2.745072E-01
      1105  1.034825E-01
      1106  2.562364E-01
      1107  1.042880E-01
      1108  2.619923E-01
      1109  1.148713E-01
      1110  2.834816E-01
      1111  1.722645E-01
      1112  3.672551E-01
      1113  5.861341E-01
      1114  7.930282E-01
      1115  1.115929E+00
      1116  5.921049E-02
      1117  1.026344E-01
      1118  1.880709E-01
      1119  2.992300E-01
      1120  3.698674E-01
      1121  5.153935E-01
      1122  5.230450E-01
      1123  6.423125E-01
      1124  6.067527E-01
      1125  8.460226E-01
      1126  6.282246E-01
      1127  1.602569E+00
      1128  9.640305E-01
      1129  1.144208E-01
      1130  5.162103E-01
      1131  9.438187E-02
      1132  4.115903E-01
      1133  4.458228E-01
      1134  4.153325E-01
      1135  2.177678E-01
      1136  2.448179E-01
      1137  1.648923E-01
      1138  1.778577E-01
      1139  1.508074E-01
      1140  1.871339E-01
      1141  7.761663E-03
      1142  4.770609E-02
      1143  1.398829E-01
      1144  3.394648E-01
      1145  7.379734E-01
      1146  2.968542E-03
      1147  5.851822E-03
      1148  2.765549E-02
      1149  1.362286E-01
      1150  4.359894E-01
      1151  1.903398E-01
      1152  2.439948E-01
      1153  2.897638E-01
      1154  3.023283E-01
      1155  4.385201E-01
      1156  4.766771E-01
      1157  1.468497E+00
      1158  1.204999E+00
      1159  1.231255E-01
      1160  8.366744E-01
      1161  1.623577E-01
      1162  7.213081E-01
      1163  7.513937E-01
      1164  6.463590E-01
      1165  2.109173E-01
      1166  2.993804E-01
      1167  1.130841E-01
      1168  1.465016E-01
      1169  1.027122E-01
      1170  2.047342E-01
