
                        S T E P       1


                                INCREMENT     1


 displacements (vx,vy,vz) for set NALL and time  0.1000000E+01

         1  0.000000E+00  0.000000E+00  0.000000E+00
         2  0.000000E+00  0.000000E+00 -6.617445E-25
         3  0.000000E+00 -1.364848E-24  2.077878E-22
         4  0.000000E+00 -1.323489E-24  4.327809E-22
         5  7.361074E-04 -3.653851E-06 -8.569431E-04
         6  7.370897E-04  3.862741E-06  8.169190E-04
         7 -6.923614E-04  4.100203E-06 -8.577149E-04
         8 -6.936870E-04  4.517838E-06  8.181784E-04
         9  1.398164E-03 -1.601284E-06 -1.702265E-03
        10  1.398684E-03  1.219036E-05  1.653520E-03
        11 -1.406586E-03  5.917681E-06 -1.702686E-03
        12 -1.407336E-03  5.392214E-06  1.653063E-03
        13  2.024280E-03  1.512662E-06 -2.589608E-03
        14  2.024978E-03  1.967395E-05  2.530724E-03
        15 -2.161673E-03  1.372300E-05 -2.589140E-03
        16 -2.163033E-03  9.080067E-06  2.530585E-03
        17  3.229870E-03  7.783105E-06 -4.117520E-03
        18  3.230251E-03  1.544496E-05  4.150719E-03
        19 -3.194203E-03  2.066279E-05 -4.114318E-03
        20 -3.193522E-03  9.608874E-06  4.151072E-03
        21  5.000000E-03  0.000000E+00 -6.000000E-03
        22  5.000000E-03  0.000000E+00  6.000000E-03
        23 -5.000000E-03  8.809143E-21 -6.000000E-03
        24 -5.000000E-03 -5.251604E-21  6.000000E-03
        25  3.128930E-04 -1.798123E-05 -4.573148E-04
        26  3.016566E-04 -1.480082E-05  3.914364E-04
        27 -2.918249E-04 -6.674464E-06 -4.445107E-04
        28 -3.437986E-04 -8.886317E-06  3.940000E-04
        29  1.324227E-03 -1.552757E-05 -1.239966E-03
        30  9.746834E-04 -2.261336E-06  1.220573E-03
        31 -9.046434E-04 -9.608746E-06 -1.252035E-03
        32 -1.141860E-03 -6.309246E-06  1.229050E-03
        33  2.089939E-03 -1.803048E-05 -2.094217E-03
        34  1.659688E-03  7.424009E-06  1.947587E-03
        35 -1.584489E-03 -4.959019E-06 -2.040579E-03
        36 -1.946767E-03 -4.492224E-06  1.959419E-03
        37  3.075542E-03 -2.658012E-05 -3.414363E-03
        38  2.374616E-03 -3.157145E-06  3.427028E-03
        39 -2.756899E-03 -1.043942E-05 -3.264550E-03
        40 -3.392891E-03 -8.729857E-06  3.438840E-03
        41  3.939677E-03 -1.990830E-05 -5.421814E-03
        42  2.428869E-03 -2.350609E-05  5.627715E-03
        43 -2.231070E-03 -2.209028E-05 -5.744948E-03
        44 -3.492018E-03 -1.849011E-05  5.443436E-03
        45 -2.061566E-06  2.016514E-09 -1.426487E-06
        46 -2.316129E-06  1.148838E-09 -1.603082E-06
        47  3.631004E-08 -4.038141E-08  5.099536E-08
        48 -1.431505E-07 -3.960662E-08 -1.430537E-07
        49  7.355793E-04 -2.164856E-06  8.740479E-05
        50 -6.949659E-04  1.275070E-05 -3.678923E-05
        51 -5.418578E-05 -4.231924E-06 -8.564426E-04
        52  4.847899E-05  4.442240E-06  8.183118E-04
        53  1.398335E-03  4.933874E-06 -1.304386E-03
        54  1.398461E-03  9.021380E-06 -8.862898E-04
        55  1.398471E-03  1.166210E-05 -4.548883E-04
        56  1.398440E-03  1.361631E-05 -1.754261E-05
        57  1.398365E-03  1.515866E-05  4.186910E-04
        58  1.398320E-03  1.598538E-05  8.469961E-04
        59  1.398180E-03  1.538874E-05  1.260605E-03
        60 -1.407535E-03  1.656956E-05 -1.295860E-03
        61 -1.407533E-03  2.006332E-05 -8.593404E-04
        62 -1.407513E-03  1.844046E-05 -4.056025E-04
        63 -1.407449E-03  1.373120E-05  5.197878E-05
        64 -1.407496E-03  8.080810E-06  5.000276E-04
        65 -1.407589E-03  3.552179E-06  9.251094E-04
        66 -1.407686E-03  2.071268E-06  1.313564E-03
        67  1.066991E-03 -2.263670E-07 -1.702411E-03
        68  7.198230E-04  6.355023E-07 -1.702443E-03
        69  3.615900E-04  1.097456E-06 -1.702476E-03
        70 -2.293673E-06  1.323826E-06 -1.702495E-03
        71 -3.664496E-04  1.556698E-06 -1.702503E-03
        72 -7.254544E-04  2.095512E-06 -1.702533E-03
        73 -1.073843E-03  3.405659E-06 -1.702395E-03
        74  1.064334E-03  7.429210E-06  1.653574E-03
        75  7.018114E-04  4.572102E-06  1.653301E-03
        76  3.223747E-04  3.675021E-06  1.653232E-03
        77 -6.181403E-05  4.413252E-06  1.653162E-03
        78 -4.387696E-04  6.149056E-06  1.653075E-03
        79 -7.965385E-04  7.823671E-06  1.652972E-03
        80 -1.123049E-03  8.084732E-06  1.652848E-03
        81  2.026210E-03  3.989202E-05 -1.360000E-03
        82  2.025667E-03  1.808914E-05  5.019403E-05
        83  2.026087E-03 -6.110454E-06  1.419158E-03
        84 -2.163163E-03  3.040490E-05 -1.475301E-03
        85 -2.162911E-03  2.183290E-05 -5.778915E-05
        86 -2.163437E-03  6.795093E-06  1.375249E-03
        87  1.006480E-03  9.784957E-06 -2.589655E-03
        88 -1.486558E-04 -3.755386E-06 -2.589567E-03
        89 -1.264068E-03 -1.191227E-05 -2.589591E-03
        90  1.092586E-03 -1.194242E-05  2.529401E-03
        91 -5.972965E-05  8.512422E-06  2.529798E-03
        92 -1.216046E-03  3.306112E-05  2.529266E-03
        93  3.232555E-03  4.930174E-05 -2.116984E-03
        94  3.231656E-03  7.039572E-06 -2.349831E-05
        95  3.232715E-03 -3.430129E-05  2.090484E-03
        96 -3.191785E-03 -5.408962E-05 -2.037611E-03
        97 -3.192715E-03  7.213489E-06  3.740766E-05
        98 -3.191846E-03  7.126960E-05  2.103148E-03
        99  1.640358E-03 -4.436915E-06 -4.116257E-03
       100  7.969590E-05 -2.803142E-05 -4.116055E-03
       101 -1.512015E-03 -3.012309E-05 -4.115921E-03
       102  1.601009E-03 -2.601410E-07  4.149735E-03
       103  2.830365E-05  7.764980E-06  4.150164E-03
       104 -1.549504E-03  1.749585E-05  4.149897E-03
       105  5.006893E-03  1.219523E-05 -5.122112E-05
       106 -4.998940E-03  1.594754E-05 -7.521168E-05
       107 -7.918881E-05  2.861881E-05 -5.998669E-03
       108 -6.262853E-05  2.872654E-05  5.996312E-03
       109 -1.201461E-04 -1.900505E-05 -4.489946E-04
       110  5.188603E-06  1.525546E-06 -4.651388E-04
       111 -7.493807E-05  1.816258E-05  3.926552E-04
       112  1.772257E-04 -5.877785E-06  3.945104E-04
       113  3.139111E-04  1.995583E-05  2.693971E-04
       114  3.070375E-04 -1.464317E-05 -2.914298E-04
       115 -3.297861E-04  2.742710E-05  2.482447E-04
       116 -2.987028E-04 -1.212533E-05 -2.910983E-04
       117  3.100590E-05 -2.597276E-05 -1.240724E-03
       118  8.384311E-06  2.322392E-05 -1.263950E-03
       119 -6.818778E-06  1.280203E-05  1.225976E-03
       120  8.100639E-05 -2.902695E-07  1.226357E-03
       121  1.109420E-03 -6.179756E-06  4.865132E-04
       122  1.158437E-03  1.583396E-05 -3.790577E-04
       123 -1.055144E-03  3.140225E-05  4.008835E-04
       124 -9.821715E-04 -3.854886E-06 -3.776608E-04
       125 -7.455759E-05 -3.724976E-05 -2.037920E-03
       126  2.062497E-05  2.955291E-05 -2.104912E-03
       127 -3.810323E-05  4.935649E-05  1.964697E-03
       128  1.403853E-04 -2.634031E-05  1.945019E-03
       129  1.818923E-03 -1.903404E-05  3.624518E-04
       130  1.911669E-03  5.422206E-05 -4.586024E-04
       131 -1.790420E-03  2.985111E-05  3.634527E-04
       132 -1.723873E-03  1.920406E-06 -3.633765E-04
       133  9.801186E-04  9.915063E-05 -3.542403E-03
       134 -1.943001E-04  2.953311E-04 -4.875919E-03
       135 -1.631483E-03  1.879155E-04 -4.608704E-03
       136 -1.573775E-03 -7.953147E-05 -3.547443E-03
       137 -1.860022E-04 -2.828287E-04 -4.920592E-03
       138  1.621682E-03 -1.990015E-04 -4.784246E-03
       139  9.644189E-04 -1.247590E-04  3.767637E-03
       140 -5.272283E-04 -3.678926E-04  5.355326E-03
       141 -1.932832E-03 -2.400369E-04  4.983331E-03
       142 -1.398202E-03  1.428466E-04  3.729846E-03
       143  1.267255E-04  3.625040E-04  5.201717E-03
       144  1.802804E-03  2.324430E-04  4.844538E-03
       145  9.002589E-04  3.745089E-04 -1.284221E-03
       146  9.822515E-04  4.007796E-04  4.161176E-04
       147  2.760938E-03  5.698816E-05  2.378019E-03
       148  9.834261E-04 -3.296477E-04  1.667346E-03
       149  1.027122E-03 -3.656845E-04 -1.851855E-04
       150  2.726383E-03 -3.989083E-05 -2.493422E-03
       151 -1.578695E-03 -2.020678E-04 -1.825610E-03
       152 -1.715630E-03 -2.147425E-04 -1.430266E-04
       153 -3.015368E-03  2.451868E-05  2.202154E-03
       154 -1.578052E-03  2.270754E-04  1.742783E-03
       155 -1.751107E-03  2.326703E-04  3.107412E-04
       156 -3.058855E-03 -5.950184E-06 -1.886276E-03
       157  1.985527E-03  1.469460E-04 -5.336905E-03
       158  1.881794E-03  5.935299E-04 -8.060402E-03
       159 -2.396056E-04  5.355895E-04 -8.023902E-03
       160 -1.545944E-03 -1.369346E-04 -5.457071E-03
       161 -9.566300E-04 -5.010024E-04 -7.698971E-03
       162  8.955386E-04 -4.289932E-04 -7.579266E-03
       163  1.692290E-03 -1.424178E-04  5.466436E-03
       164  9.927667E-04 -5.252118E-04  7.812879E-03
       165 -8.870919E-04 -4.371242E-04  7.605028E-03
       166 -1.602576E-03  1.596694E-04  5.446912E-03
       167 -1.553194E-03  5.733285E-04  7.986425E-03
       168  2.828971E-04  4.952193E-04  7.863292E-03
       169  1.902675E-03  4.373185E-04 -1.679409E-03
       170  7.748308E-04  7.774677E-04  1.389450E-03
       171  2.530687E-03  4.342623E-04  4.247881E-03
       172  1.770748E-03 -4.551898E-04  1.806130E-03
       173  6.496712E-04 -7.977711E-04 -1.153588E-03
       174  2.543540E-03 -4.274464E-04 -4.078741E-03
       175 -1.589250E-03 -4.896770E-04 -2.119696E-03
       176 -4.186861E-04 -8.443848E-04  7.489604E-04
       177 -2.338645E-03 -4.679113E-04  3.867162E-03
       178 -1.801020E-03  4.556786E-04  1.859061E-03
       179 -7.328924E-04  7.825400E-04 -1.412882E-03
       180 -2.421899E-03  4.520841E-04 -4.466124E-03

 forces (fx,fy,fz) for set RIGHT and time  0.1000000E+01

        21  2.427141E+03 -4.856359E+02 -2.348218E+03
        22  1.892089E+03  1.035413E+03  2.303752E+03
        23 -2.492676E+03  1.628152E+03 -1.595475E+03
        24 -1.768505E+03 -1.012054E+03  1.602994E+03

 internal energy (element, energy) for set ALL and time  0.1000000E+01

         1  1.396764E-02
         2  2.200231E-02
         3  1.928030E-02
         4  4.226077E-02
         5  2.180795E-02
         6  3.798741E-02
         7  1.284935E-02
         8  1.197618E-02
         9  9.421525E-04
        10  1.786348E-03
        11  3.686822E-02
        12  2.050291E-02
        13  3.295945E-02
        14  2.359766E-02
        15  3.800443E-03
        16  3.106036E-03
        17  6.656933E-03
        18  6.407319E-03
        19  2.058001E-02
        20  4.026862E-03
        21  2.140002E-02
        22  1.335062E-02
        23  3.672063E-03
        24  5.101041E-03
        25  2.004545E-02
        26  3.003333E-02
        27  1.227562E-02
        28  1.451346E-02
        29  2.122912E-02
        30  2.263577E-02
        31  1.965306E-02
        32  2.172650E-02
        33  9.683825E-02
        34  1.249242E-01
        35  1.374413E-01
        36  1.948436E-01
        37  1.140391E-01
        38  2.500542E-01
        39  6.617827E-02
        40  1.382250E-01
        41  5.305921E-03
        42  4.722458E-03
        43  6.152161E-03
        44  6.492216E-03
        45  3.830037E-03
        46  4.221351E-03
        47  3.354025E-03
        48  4.460687E-03
        49  7.165068E-03
        50  7.755014E-03
        51  8.662613E-03
        52  2.144463E-03
        53  8.183176E-03
        54  7.175071E-03
        55  7.769466E-03
        56  1.398319E-03
        57  1.212445E-03
        58  6.175111E-04
        59  1.974918E-04
        60  1.753813E-05
        61  5.941346E-05
        62  3.183138E-04
        63  9.007449E-04
        64  2.472853E-03
        65  4.050001E-03
        66  1.262070E-03
        67  2.294915E-04
        68  4.253705E-05
        69  5.937872E-04
        70  1.877957E-03
        71  4.007875E-03
        72  6.578380E-03
        73  1.112487E-03
        74  6.079219E-04
        75  2.260078E-04
        76  3.368683E-05
        77  1.927944E-05
        78  1.941441E-04
        79  6.381311E-04
        80  2.233794E-03
        81  4.107101E-03
        82  1.567370E-03
        83  3.280822E-04
        84  3.747538E-05
        85  5.650728E-04
        86  1.893224E-03
        87  4.122383E-03
        88  6.804374E-03
        89  2.156092E-02
        90  1.829550E-03
        91  6.906245E-03
        92  3.452370E-02
        93  5.525925E-02
        94  8.352216E-03
        95  5.966246E-03
        96  4.849806E-02
        97  2.307829E-02
        98  1.831609E-03
        99  8.084179E-03
       100  4.183015E-02
       101  3.500391E-02
       102  4.747760E-03
       103  4.442134E-03
       104  3.377109E-02
       105  7.692177E-03
       106  1.054689E-03
       107  5.083647E-04
       108  5.346450E-03
       109  1.078531E-02
       110  1.684732E-03
       111  1.888052E-03
       112  1.188263E-02
       113  4.104580E-03
       114  1.089838E-03
       115  2.621240E-03
       116  6.889635E-03
       117  6.325183E-03
       118  1.562448E-03
       119  2.031621E-03
       120  8.092857E-03
       121  1.138519E-01
       122  9.953023E-02
       123  1.014198E-01
       124  8.988419E-02
       125  4.526374E-02
       126  6.532463E-02
       127  5.737562E-02
       128  6.313669E-02
       129  4.573416E-01
       130  2.845977E-01
       131  3.703318E-01
       132  3.877051E-01
       133  3.533972E-01
       134  3.438547E-01
       135  2.714500E-01
       136  3.869655E-01
       137  5.598242E-01
       138  2.962330E-01
       139  4.777122E-01
       140  3.223168E-01
       141  2.750940E-01
       142  5.324065E-01
       143  2.648824E-01
       144  4.997070E-01
       145  3.904512E-01
       146  2.844026E-01
       147  3.947705E-01
       148  2.889058E-01
       149  3.177097E-01
       150  4.048204E-01
       151  2.783492E-01
       152  3.645612E-01
       153  4.588599E-01
       154  3.112339E-01
       155  5.386934E-01
       156  2.733039E-01
       157  2.710317E-01
       158  4.972918E-01
       159  2.681621E-01
       160  4.877722E-01
       161  4.273207E-01
       162  2.855520E-01
       163  4.305234E-01
       164  3.513169E-01
       165  4.008590E-01
       166  3.889412E-01
       167  3.605258E-01
       168  4.088708E-01
       169  4.720673E-01
       170  3.721406E-01
       171  4.850265E-01
       172  3.511236E-01
       173  3.251239E-01
       174  4.787913E-01
       175  3.670818E-01
       176  5.257516E-01
       177  3.678904E-01
       178  3.061774E-01
       179  3.418578E-01
       180  3.872961E-01
       181  3.975318E-01
       182  3.048842E-01
       183  3.671773E-01
       184  3.159694E-01
       185  3.717572E-01
       186  2.606523E-01
       187  2.938104E-01
       188  3.974205E-01
       189  4.246561E-01
       190  2.913281E-01
       191  3.437093E-01
       192  4.156989E-01
       193  4.050030E-01
       194  3.055335E-01
       195  3.164335E-01
       196  4.309790E-01
       197  4.157855E-01
       198  2.979737E-01
       199  3.196545E-01
       200  4.274280E-01
       201  3.644208E-01
       202  3.228627E-01
       203  3.030493E-01
       204  3.688262E-01
       205  3.655226E-01
       206  3.530282E-01
       207  3.404692E-01
       208  4.165320E-01
       209  4.923560E-01
       210  3.675906E-01
       211  4.660317E-01
       212  3.026324E-01
       213  4.263226E-01
       214  3.118786E-01
       215  4.310892E-01
       216  2.995406E-01
       217  4.487184E-01
       218  2.938948E-01
       219  3.979662E-01
       220  3.547310E-01
       221  5.093302E-01
       222  3.528622E-01
       223  4.507968E-01
       224  3.153407E-01
       225  4.517998E-01
       226  3.265374E-01
       227  2.987648E-01
       228  4.033871E-01
       229  5.271033E-01
       230  3.654319E-01
       231  3.520982E-01
       232  4.572915E-01
       233  4.728132E-01
       234  3.706197E-01
       235  3.708015E-01
       236  4.163358E-01
       237  3.916446E-01
       238  3.527928E-01
       239  3.085925E-01
       240  3.744734E-01

 total internal energy for set ALL and time  0.1000000E+01

        4.500234E+01
