
                        S T E P       1


                                INCREMENT     1


 displacements (vx,vy,vz) for set TIP_TOP and time  0.1000000E+01

       887  1.005758E-01 -2.350358E-03 -3.460319E+00
       888  1.005289E-01 -2.269503E-03 -3.454891E+00
       891  1.004186E-01 -2.192105E-03 -3.449500E+00
       894  1.003316E-01 -1.834535E-03 -3.444436E+00
       896  1.003567E-01 -6.541772E-04 -3.441233E+00
       898  1.003779E-01  1.808161E-10 -3.441039E+00
       900  1.003567E-01  6.541776E-04 -3.441233E+00
       903  1.003316E-01  1.834536E-03 -3.444436E+00
       906  1.004186E-01  2.192105E-03 -3.449500E+00
       909  1.005289E-01  2.269503E-03 -3.454891E+00
       912  1.005758E-01  2.350359E-03 -3.460319E+00
      1378  1.005849E-01 -2.282905E-03 -3.457569E+00
      1392  1.004719E-01 -2.255386E-03 -3.452189E+00
      1406  1.003736E-01 -2.085220E-03 -3.446930E+00
      1433  1.003223E-01 -1.347566E-03 -3.442449E+00
      1453  1.003727E-01 -3.180042E-04 -3.441094E+00
      1473  1.003727E-01  3.180046E-04 -3.441094E+00
      1497  1.003223E-01  1.347566E-03 -3.442449E+00
      1511  1.003736E-01  2.085220E-03 -3.446930E+00
      1525  1.004719E-01  2.255386E-03 -3.452189E+00
      1539  1.005849E-01  2.282905E-03 -3.457569E+00
      2696  1.005957E-01 -2.304607E-03 -3.458902E+00
      2710  1.005589E-01 -2.272879E-03 -3.456230E+00
      2724  1.005000E-01 -2.265904E-03 -3.453540E+00
      2738  1.004448E-01 -2.232589E-03 -3.450840E+00
      2752  1.003954E-01 -2.140939E-03 -3.448209E+00
      2766  1.003498E-01 -1.995926E-03 -3.445664E+00
      2780  1.003219E-01 -1.616593E-03 -3.443405E+00
      2794  1.003324E-01 -1.027030E-03 -3.441772E+00
      2808  1.003660E-01 -4.809784E-04 -3.441163E+00
      2822  1.003766E-01 -1.589998E-04 -3.441055E+00
      2836  1.003766E-01  1.590001E-04 -3.441055E+00
      2850  1.003660E-01  4.809788E-04 -3.441163E+00
      2864  1.003324E-01  1.027030E-03 -3.441772E+00
      2878  1.003219E-01  1.616593E-03 -3.443405E+00
      2892  1.003498E-01  1.995927E-03 -3.445664E+00
      2906  1.003954E-01  2.140940E-03 -3.448209E+00
      2920  1.004448E-01  2.232589E-03 -3.450840E+00
      2934  1.005000E-01  2.265904E-03 -3.453540E+00
      2948  1.005589E-01  2.272879E-03 -3.456230E+00
      2962  1.005957E-01  2.304607E-03 -3.458902E+00

 forces (fx,fy,fz) for set CLAMP and time  0.1000000E+01

         1  1.991622E+03  4.056925E+03  1.498464E+03
         4  3.451041E+03 -6.126290E-08  2.989299E+03
         5  2.177299E+03  6.044436E+03 -6.436501E+01
         8  3.432762E+03 -1.162213E-07 -1.210932E+02
         9  1.439473E+03  3.954141E+03 -1.473426E+02
        12  2.278023E+03 -8.458795E-08 -2.499793E+02
        13  8.040595E+02  2.191879E+03 -1.254113E+02
        16  1.253074E+03 -5.377298E-08 -2.420675E+02
        17  1.734004E+02  4.577468E+02 -1.822365E+02
        20  2.624453E+02 -2.332755E-08 -3.462478E+02
        21 -1.780859E+02 -6.846982E+02 -2.591677E+02
        24 -4.445105E+02  5.987054E-09 -2.059746E+02
        26  1.991622E+03 -4.056925E+03  1.498464E+03
        28  2.177299E+03 -6.044436E+03 -6.436501E+01
        30  1.439473E+03 -3.954141E+03 -1.473426E+02
        32  8.040595E+02 -2.191879E+03 -1.254113E+02
        34  1.734004E+02 -4.577468E+02 -1.822365E+02
        36 -1.780859E+02  6.846982E+02 -2.591677E+02
        37 -2.678070E+02 -3.117208E+02 -8.388790E+02
        40  6.523005E+01 -5.586062E+01 -1.445340E+03
        41 -9.342339E+02 -8.378948E+02 -1.832562E+02
        44 -1.000797E+03 -3.699653E+02  3.329628E+02
        45 -7.944288E+02 -5.048395E+02  1.209953E+03
        48 -6.043216E+02 -2.310203E+01  6.456790E+02
        50  1.985979E+02 -5.973847E+01 -1.362741E+03
        52 -8.409269E+02  1.792729E+02  3.224880E+02
        54 -6.281112E+02 -1.425778E+01  6.541267E+02
        56  2.443573E+02 -2.266786E+02 -8.910975E+02
        58 -1.071578E+03 -1.171907E+02 -3.752617E+02
        60 -1.083261E+03  3.469774E+02  1.540396E+03
        62 -3.734271E+02 -2.713955E+02 -8.288870E+02
        64 -1.219827E+03 -2.718725E+01  1.701075E+03
        66 -4.128627E+02  5.048111E-10 -1.187762E+02
        68 -6.608190E+02 -3.942390E-09  9.197752E+02
        70 -3.734271E+02  2.713955E+02 -8.288870E+02
        72 -1.219827E+03  2.718725E+01  1.701075E+03
        74  2.443573E+02  2.266786E+02 -8.910975E+02
        76 -1.071578E+03  1.171907E+02 -3.752617E+02
        78 -1.083261E+03 -3.469774E+02  1.540396E+03
        80  1.985979E+02  5.973847E+01 -1.362741E+03
        82 -8.409269E+02 -1.792729E+02  3.224880E+02
        84 -6.281112E+02  1.425778E+01  6.541267E+02
        86  6.523005E+01  5.586062E+01 -1.445340E+03
        88 -1.000797E+03  3.699653E+02  3.329628E+02
        90 -6.043216E+02  2.310203E+01  6.456790E+02
        92 -2.678070E+02  3.117208E+02 -8.388790E+02
        94 -9.342339E+02  8.378948E+02 -1.832562E+02
        96 -7.944288E+02  5.048395E+02  1.209953E+03
       913  2.567643E+03  7.258050E+03 -1.992535E+01
       914  3.455916E+03  1.749414E+01  2.991998E+03
       915  4.116811E+03  3.930304E+01  6.806520E+00
       916  3.438154E+03  3.483239E+01 -1.240397E+02
       917  4.101234E+03 -1.093467E-07  1.678390E+01
       932  1.810980E+03  4.899977E+03 -6.750587E+01
       933  2.840333E+03  5.449167E+01 -1.144757E+02
       934  2.278837E+03  7.179490E+01 -2.487459E+02
       935  2.832488E+03 -1.001816E-07 -1.122184E+02
       946  1.115584E+03  3.061933E+03 -7.953847E+01
       947  1.740492E+03  1.152295E+01 -1.775349E+02
       948  1.249415E+03  1.000779E+01 -2.672773E+02
       949  1.744161E+03 -6.918328E-08 -1.543628E+02
       960  5.033662E+02  1.330021E+03 -1.060236E+02
       961  7.780449E+02  9.902722E+00 -2.312769E+02
       962  2.679496E+02 -2.892724E+00 -3.604403E+02
       963  7.785960E+02 -3.930544E-08 -2.091597E+02
       974 -1.708397E+02 -3.676365E+02 -1.330701E+02
       975 -2.437899E+02 -8.161147E+00 -2.649876E+02
       976 -4.427263E+02 -8.979829E+00 -2.054123E+02
       977 -2.465659E+02 -6.842919E-09 -2.626897E+02
       988  3.455916E+03 -1.749414E+01  2.991998E+03
       989  4.116811E+03 -3.930304E+01  6.806520E+00
       990  3.438154E+03 -3.483239E+01 -1.240397E+02
       991  2.567643E+03 -7.258050E+03 -1.992535E+01
      1002  2.840333E+03 -5.449168E+01 -1.144757E+02
      1003  2.278837E+03 -7.179490E+01 -2.487459E+02
      1004  1.810980E+03 -4.899977E+03 -6.750587E+01
      1012  1.740492E+03 -1.152295E+01 -1.775349E+02
      1013  1.249415E+03 -1.000779E+01 -2.672773E+02
      1014  1.115584E+03 -3.061933E+03 -7.953847E+01
      1022  7.780449E+02 -9.902722E+00 -2.312769E+02
      1023  2.679496E+02  2.892724E+00 -3.604403E+02
      1024  5.033662E+02 -1.330021E+03 -1.060236E+02
      1032 -2.437899E+02  8.161147E+00 -2.649876E+02
      1033 -4.427263E+02  8.979829E+00 -2.054123E+02
      1034 -1.708397E+02  3.676365E+02 -1.330701E+02
      1042 -7.907824E+02 -7.369897E+02 -2.208342E+02
      1043 -7.896210E+01 -4.447532E+01 -1.582101E+03
      1044 -9.480449E+02 -9.412420E+01 -3.355179E+02
      1045 -8.563762E+02  2.050651E+02  3.349640E+02
      1046 -8.799370E+02 -1.257848E+02 -2.708897E+02
      1061 -1.025702E+03 -9.368272E+02 -1.448879E+02
      1062 -5.458041E+02  5.186948E+02 -1.074266E+02
      1063 -7.709466E+02  2.535949E+02  1.557287E+03
      1064 -7.609952E+02 -3.392390E+02  7.069033E+02
      1075 -9.667654E+02 -1.452551E+02 -3.218963E+02
      1076 -1.038092E+03 -8.544188E+01  1.265952E+03
      1077 -6.171208E+02 -1.815658E+01  6.533646E+02
      1078 -5.916965E+02  2.448059E+02  6.980579E+02
      1089 -8.340941E+02 -1.252442E+02 -2.711797E+02
      1090  3.090720E+02  1.117542E+02 -8.583262E+02
      1091 -4.821062E+02  1.041985E+02 -7.322583E+02
      1092 -1.057583E+03 -3.879248E+02  3.087385E+02
      1093 -6.280503E+02 -2.832846E+02 -7.600211E+02
      1107 -9.526848E+02 -7.832119E+02 -1.015833E+02
      1108 -1.220008E+03 -4.271587E+02  1.509047E+03
      1109 -1.151286E+03  2.892450E+02  5.222584E+02
      1117  3.441150E+02  1.214260E+02 -8.712929E+02
      1118 -4.831059E+02  4.295229E+02 -1.571838E+02
      1119 -6.382356E+02  2.312786E+02 -9.349703E+02
      1120 -3.614072E+02 -4.939653E+02 -3.349700E+01
      1130 -1.321858E+03 -4.478199E+02  5.131484E+02
      1131 -1.279987E+03 -4.212360E+02  1.658925E+03
      1132 -9.071867E+02 -4.656844E+01 -2.147949E+02
      1140 -3.395270E+02 -9.071948E+00 -1.157143E+02
      1141 -4.115849E+02 -9.996941E+00 -1.196336E+02
      1142 -3.409442E+02  3.921219E-09 -1.164735E+02
      1150 -3.395270E+02  9.071948E+00 -1.157143E+02
      1151 -4.115849E+02  9.996941E+00 -1.196336E+02
      1152 -3.614072E+02  4.939653E+02 -3.349700E+01
      1160  3.441150E+02 -1.214260E+02 -8.712929E+02
      1161 -4.831059E+02 -4.295229E+02 -1.571838E+02
      1162 -6.382356E+02 -2.312786E+02 -9.349703E+02
      1163 -6.280503E+02  2.832846E+02 -7.600211E+02
      1174 -9.071867E+02  4.656844E+01 -2.147949E+02
      1175 -1.321858E+03  4.478199E+02  5.131484E+02
      1176 -1.279987E+03  4.212360E+02  1.658925E+03
      1177 -1.151286E+03 -2.892450E+02  5.222584E+02
      1188  3.090720E+02 -1.117542E+02 -8.583262E+02
      1189 -4.821062E+02 -1.041985E+02 -7.322583E+02
      1190 -1.057583E+03  3.879248E+02  3.087385E+02
      1191 -8.340941E+02  1.252442E+02 -2.711797E+02
      1202 -9.526848E+02  7.832119E+02 -1.015833E+02
      1203 -1.220008E+03  4.271587E+02  1.509047E+03
      1204 -5.916965E+02 -2.448059E+02  6.980579E+02
      1212 -9.667654E+02  1.452551E+02 -3.218963E+02
      1213 -1.038092E+03  8.544188E+01  1.265952E+03
      1214 -6.171208E+02  1.815658E+01  6.533646E+02
      1215 -7.609952E+02  3.392390E+02  7.069033E+02
      1226 -8.799370E+02  1.257848E+02 -2.708897E+02
      1227 -7.896210E+01  4.447532E+01 -1.582101E+03
      1228 -9.480449E+02  9.412420E+01 -3.355179E+02
      1229 -8.563762E+02 -2.050651E+02  3.349640E+02
      1230 -7.907824E+02  7.369897E+02 -2.208342E+02
      1244 -5.458041E+02 -5.186948E+02 -1.074266E+02
      1245 -7.709466E+02 -2.535949E+02  1.557287E+03
      1246 -1.025702E+03  9.368272E+02 -1.448879E+02
      1659 -2.535039E+02 -2.731450E+02  3.853337E+00
      1660  1.909707E+02 -2.071310E+01 -6.290654E+02
      1661 -3.393276E+02 -3.797931E+01  5.273955E+01
      1662 -3.513536E+02 -3.759421E+01  5.228275E+01
      1663 -7.667584E+01  2.310790E+02  5.025720E+00
      1678 -2.711709E+02 -2.954359E+02  9.600550E+00
      1679 -3.636728E+02 -3.184302E+01  5.385609E+01
      1680 -5.887897E+02 -1.374500E+01  6.517628E+02
      1681 -3.589075E+02 -4.520560E+01  7.873110E+01
      1716  1.445773E+02 -5.954625E+01 -1.381066E+03
      1717 -8.482362E+02 -1.328408E+02 -2.798981E+02
      1722  2.369035E+02 -2.354551E+01 -6.035428E+02
      1723 -3.649467E+02 -3.884318E+01  6.806689E+01
      1724 -6.033502E+02 -2.033704E+01  6.551548E+02
      1725 -3.639780E+02 -3.476491E+01  7.429757E+01
      1736  2.441274E+02 -2.445906E+01 -6.041839E+02
      1737 -3.674694E+02 -3.135437E+01  6.571280E+01
      1738 -6.149759E+02 -1.599015E+01  6.589126E+02
      1739 -3.642288E+02 -2.648395E+01  7.401676E+01
      1770 -1.435726E+02 -1.479387E+02 -1.093629E+01
      1771  2.627036E+02 -9.208014E+00 -2.685593E+02
      1772 -1.930302E+02 -1.899164E+01  4.050162E+01
      1773 -4.651295E+02 -1.276544E+01  3.532728E+02
      1774 -7.102508E+01  1.312151E+02 -1.103849E+01
      1803 -2.166165E+02 -2.747691E+02  3.690564E+00
      1804  2.378581E+02 -1.791285E+01 -6.189814E+02
      1805 -3.375936E+02 -2.656056E+01  5.635704E+01
      1806 -3.528345E+02 -2.888432E+01  5.384761E+01
      1807 -1.090135E+02  2.439278E+02  1.015383E+01
      1821 -3.692102E+02 -3.538001E+01  5.180689E+01
      1822 -6.254987E+02 -2.001575E+01  6.617118E+02
      1823 -1.243088E+02  2.759858E+02  1.126068E+01
      1851 -1.264316E+02 -1.619973E+02 -3.232725E+01
      1852  2.618882E+02 -6.971171E+00 -2.872321E+02
      1853 -2.152631E+02 -1.406130E+01  4.016619E+01
      1854 -2.432793E+02 -1.358234E+01  3.897543E+01
      1855 -9.135752E+01  1.587819E+02 -2.991540E+01
      1870 -1.602071E+02 -2.087249E+02 -8.503109E+00
      1871 -2.703912E+02 -1.295695E+01  3.849219E+01
      1872 -5.506932E+02 -1.932226E+01  5.060721E+02
      1873 -1.225099E+02  2.004410E+02 -1.419021E+01
      1908 -2.380543E+02 -3.105720E+02  1.780145E+01
      1909  2.636089E+02 -1.790807E+01 -6.638513E+02
      1910 -3.964398E+02 -2.114988E+01  6.441944E+01
      1911 -6.709612E+02 -9.789402E+00  7.021490E+02
      1912 -1.646947E+02  2.946290E+02  2.166519E+01
      1941 -4.869575E+02 -1.032076E+01 -1.161853E+02
      1942 -6.589992E+02 -5.570495E+00  9.181864E+02
      1943 -4.877778E+02 -4.249518E-09 -1.161040E+02
      1951 -4.869575E+02  1.032076E+01 -1.161853E+02
      1952 -6.589992E+02  5.570495E+00  9.181864E+02
      1957 -9.135752E+01 -1.587819E+02 -2.991540E+01
      1958  2.618882E+02  6.971171E+00 -2.872321E+02
      1959 -2.152631E+02  1.406130E+01  4.016619E+01
      1960 -2.432793E+02  1.358234E+01  3.897543E+01
      1961 -1.264316E+02  1.619973E+02 -3.232725E+01
      1976 -1.225099E+02 -2.004410E+02 -1.419021E+01
      1977 -2.703912E+02  1.295695E+01  3.849219E+01
      1978 -5.506932E+02  1.932226E+01  5.060721E+02
      1979 -1.602071E+02  2.087249E+02 -8.503109E+00
      2014 -1.646947E+02 -2.946290E+02  2.166519E+01
      2015  2.636089E+02  1.790807E+01 -6.638513E+02
      2016 -3.964398E+02  2.114988E+01  6.441944E+01
      2017 -6.709612E+02  9.789402E+00  7.021490E+02
      2018 -2.380543E+02  3.105720E+02  1.780145E+01
      2047 -7.102508E+01 -1.312151E+02 -1.103849E+01
      2048  2.627036E+02  9.208014E+00 -2.685593E+02
      2049 -1.930302E+02  1.899164E+01  4.050162E+01
      2050 -4.651295E+02  1.276544E+01  3.532728E+02
      2051 -1.435726E+02  1.479387E+02 -1.093629E+01
      2080 -1.090135E+02 -2.439278E+02  1.015383E+01
      2081  2.378581E+02  1.791285E+01 -6.189814E+02
      2082 -3.375936E+02  2.656056E+01  5.635704E+01
      2083 -3.528345E+02  2.888432E+01  5.384761E+01
      2084 -2.166165E+02  2.747691E+02  3.690564E+00
      2099 -1.243088E+02 -2.759858E+02  1.126068E+01
      2100 -3.692102E+02  3.538001E+01  5.180689E+01
      2101 -6.254987E+02  2.001575E+01  6.617118E+02
      2102 -3.642288E+02  2.648395E+01  7.401676E+01
      2137  1.445773E+02  5.954625E+01 -1.381066E+03
      2138 -8.482362E+02  1.328408E+02 -2.798981E+02
      2143  2.441274E+02  2.445906E+01 -6.041839E+02
      2144 -3.674694E+02  3.135437E+01  6.571280E+01
      2145 -6.149759E+02  1.599015E+01  6.589126E+02
      2146 -3.639780E+02  3.476491E+01  7.429757E+01
      2157  2.369035E+02  2.354551E+01 -6.035428E+02
      2158 -3.649467E+02  3.884318E+01  6.806689E+01
      2159 -6.033502E+02  2.033704E+01  6.551548E+02
      2160 -3.589075E+02  4.520560E+01  7.873110E+01
      2210 -7.667584E+01 -2.310790E+02  5.025720E+00
      2211  1.909707E+02  2.071310E+01 -6.290654E+02
      2212 -3.393276E+02  3.797931E+01  5.273955E+01
      2213 -3.513536E+02  3.759421E+01  5.228275E+01
      2214 -2.535039E+02  2.731450E+02  3.853337E+00
      2228 -3.636728E+02  3.184302E+01  5.385609E+01
      2229 -5.887897E+02  1.374500E+01  6.517628E+02
      2230 -2.711709E+02  2.954359E+02  9.600550E+00

 internal energy (element, energy) for set EALL and time  0.1000000E+01

         1  4.150098E+01
         2  2.899721E+01
         3  4.131015E+01
         4  2.888307E+01
         5  4.973412E+00
         6  4.548363E+00
         7  5.040204E+00
         8  4.587742E+00
         9  5.008562E+00
        10  4.515193E+00
        11  4.971786E+00
        12  4.512814E+00
        13  3.055606E+01
        14  5.076447E+00
        15  4.608631E+00
        16  5.094060E+00
        17  4.619057E+00
        18  4.952460E+00
        19  4.513181E+00
        20  4.945728E+00
        21  4.514448E+00
        22  3.070839E+01
        23  2.002804E+01
        24  1.348096E+01
        25  1.995370E+01
        26  1.342481E+01
        27  2.311994E+01
        28  2.269308E+00
        29  1.869243E+00
        30  2.292240E+00
        31  1.883313E+00
        32  2.205921E+00
        33  1.810895E+00
        34  2.200981E+00
        35  1.809897E+00
        36  2.321961E+01
        37  1.642012E+01
        38  8.507811E+00
        39  4.874940E+00
        40  8.471356E+00
        41  4.854050E+00
        42  1.059309E+01
        43  6.117251E+00
        44  1.065363E+01
        45  6.149854E+00
        46  2.315473E+00
        47  8.183533E-01
        48  2.307357E+00
        49  8.182940E-01
        50  3.019313E+00
        51  1.224492E+00
        52  3.033173E+00
        53  1.224595E+00
        54  2.883647E-01
        55  7.603419E-01
        56  2.897880E-01
        57  7.685599E-01
        58  7.424210E-01
        59  1.361259E+00
        60  7.428587E-01
        61  1.299169E+00
        62  4.131015E+01
        63  2.888307E+01
        64  4.150098E+01
        65  2.899721E+01
        66  5.094060E+00
        67  4.619057E+00
        68  5.076447E+00
        69  4.608631E+00
        70  4.945728E+00
        71  4.514448E+00
        72  4.952460E+00
        73  4.513181E+00
        74  3.070839E+01
        75  5.040204E+00
        76  4.587742E+00
        77  4.973412E+00
        78  4.548363E+00
        79  4.971786E+00
        80  4.512814E+00
        81  5.008562E+00
        82  4.515193E+00
        83  3.055606E+01
        84  1.995370E+01
        85  1.342481E+01
        86  2.002804E+01
        87  1.348096E+01
        88  2.321961E+01
        89  1.642012E+01
        90  2.311994E+01
        91  2.292240E+00
        92  1.883313E+00
        93  2.269308E+00
        94  1.869243E+00
        95  2.200981E+00
        96  1.809897E+00
        97  2.205921E+00
        98  1.810895E+00
        99  8.471356E+00
       100  4.854050E+00
       101  8.507811E+00
       102  4.874940E+00
       103  1.065363E+01
       104  6.149854E+00
       105  1.059309E+01
       106  6.117251E+00
       107  2.307357E+00
       108  8.182940E-01
       109  2.315473E+00
       110  8.183533E-01
       111  3.033173E+00
       112  1.224595E+00
       113  3.019313E+00
       114  1.224492E+00
       115  2.897880E-01
       116  7.685599E-01
       117  2.883647E-01
       118  7.603419E-01
       119  7.428587E-01
       120  1.299169E+00
       121  7.424210E-01
       122  1.361259E+00
       123  1.755507E+00
       124  2.484322E+00
       125  1.518708E+00
       126  2.209365E+00
       127  1.414486E-01
       128  1.835155E-01
       129  1.398664E-01
       130  1.896675E-01
       131  1.523359E-01
       132  1.564108E-01
       133  1.438870E-01
       134  1.856088E-01
       135  2.369005E+00
       136  1.585897E+00
       137  2.502002E+00
       138  3.382847E+00
       139  4.401315E+00
       140  3.682130E-01
       141  4.152070E-01
       142  3.594841E-01
       143  4.142986E-01
       144  3.540591E-01
       145  4.165184E-01
       146  3.398118E-01
       147  4.040265E-01
       148  4.714756E-01
       149  5.397413E-01
       150  4.686490E-01
       151  5.212427E-01
       152  4.789701E-01
       153  5.457549E-01
       154  4.937983E-01
       155  5.871269E-01
       156  3.604939E+00
       157  5.307296E+00
       158  3.915480E-01
       159  4.869093E-01
       160  3.998583E-01
       161  4.975499E-01
       162  3.558956E-01
       163  4.290054E-01
       164  3.777838E-01
       165  4.652938E-01
       166  5.983885E-01
       167  7.252684E-01
       168  5.826874E-01
       169  6.895303E-01
       170  5.372858E-01
       171  6.433298E-01
       172  4.614956E-01
       173  7.168797E-01
       174  1.423179E+00
       175  2.101790E+00
       176  1.388137E+00
       177  2.067770E+00
       178  1.636896E+00
       179  2.566636E+00
       180  1.661815E+00
       181  2.596277E+00
       182  2.914659E+00
       183  4.718185E-01
       184  5.253852E-01
       185  4.671794E-01
       186  5.229238E-01
       187  4.714388E-01
       188  5.604191E-01
       189  4.607826E-01
       190  5.527729E-01
       191  2.890672E+00
       192  4.680098E-01
       193  5.257867E-01
       194  4.686499E-01
       195  5.270949E-01
       196  4.605778E-01
       197  5.461900E-01
       198  4.662348E-01
       199  5.580782E-01
       200  4.126951E+00
       201  5.907925E-01
       202  7.067775E-01
       203  5.977338E-01
       204  7.126833E-01
       205  4.990533E-01
       206  6.782487E-01
       207  5.103778E-01
       208  6.902387E-01
       209  4.140063E+00
       210  6.018981E-01
       211  7.192767E-01
       212  5.961420E-01
       213  7.071727E-01
       214  5.086688E-01
       215  6.716402E-01
       216  5.065595E-01
       217  6.908218E-01
       218  1.387391E+00
       219  2.074851E+00
       220  1.532724E-01
       221  1.914974E-01
       222  1.565746E-01
       223  1.964355E-01
       224  1.516999E-01
       225  1.917604E-01
       226  1.533376E-01
       227  1.933578E-01
       228  2.131107E+00
       229  1.713731E+00
       230  2.648555E+00
       231  1.636495E-01
       232  2.181780E-01
       233  1.667051E-01
       234  2.190384E-01
       235  2.003957E-01
       236  2.377561E-01
       237  1.750237E-01
       238  2.355205E-01
       239  2.699545E+00
       240  3.502364E-01
       241  4.035101E-01
       242  3.552712E-01
       243  4.108301E-01
       244  3.302512E-01
       245  3.945506E-01
       246  3.329394E-01
       247  3.972708E-01
       248  4.627755E-01
       249  5.274551E-01
       250  4.745302E-01
       251  5.510700E-01
       252  4.814947E-01
       253  5.660319E-01
       254  4.619141E-01
       255  5.287219E-01
       256  3.045491E+00
       257  4.143661E+00
       258  4.159879E-01
       259  5.146693E-01
       260  4.164950E-01
       261  5.098683E-01
       262  3.810478E-01
       263  4.505107E-01
       264  3.885379E-01
       265  4.699887E-01
       266  6.011837E-01
       267  7.087685E-01
       268  6.183653E-01
       269  7.427920E-01
       270  4.485259E-01
       271  6.879026E-01
       272  5.815210E-01
       273  6.900163E-01
       274  3.978296E+00
       275  5.613410E+00
       276  1.486203E+00
       277  2.239630E+00
       278  1.712863E-01
       279  2.143107E-01
       280  1.902033E-01
       281  2.314494E-01
       282  1.689736E-01
       283  2.071466E-01
       284  1.767901E-01
       285  2.087451E-01
       286  2.634404E-01
       287  3.219066E-01
       288  2.779250E-01
       289  3.358915E-01
       290  2.523353E-01
       291  2.998029E-01
       292  2.538887E-01
       293  3.024113E-01
       294  1.897416E+00
       295  2.768505E+00
       296  1.940481E-01
       297  2.483891E-01
       298  2.436086E-01
       299  2.875675E-01
       300  2.359822E-01
       301  2.777794E-01
       302  2.273825E-01
       303  2.614453E-01
       304  3.092551E-01
       305  3.772499E-01
       306  3.325882E-01
       307  4.007372E-01
       308  3.179004E-01
       309  3.820572E-01
       310  3.167128E-01
       311  3.764687E-01
       312  3.194761E+00
       313  5.183301E-01
       314  5.946523E-01
       315  5.345036E-01
       316  6.129472E-01
       317  4.760631E-01
       318  5.558937E-01
       319  4.852214E-01
       320  5.655059E-01
       321  3.339827E+00
       322  4.534198E+00
       323  3.945973E+00
       324  5.938996E-01
       325  6.900771E-01
       326  5.950680E-01
       327  6.869541E-01
       328  6.643704E-01
       329  7.905658E-01
       330  6.533786E-01
       331  7.711337E-01
       332  3.932615E+00
       333  5.353928E+00
       334  5.992052E-01
       335  8.824495E-01
       336  6.046227E-01
       337  8.872685E-01
       338  7.726276E-01
       339  1.052620E+00
       340  7.739077E-01
       341  1.059093E+00
       342  1.241982E+00
       343  1.683746E+00
       344  1.247492E+00
       345  1.690883E+00
       346  1.440225E+00
       347  1.925294E+00
       348  1.442343E+00
       349  1.925822E+00
       350  6.046227E-01
       351  8.872685E-01
       352  5.992052E-01
       353  8.824495E-01
       354  7.739077E-01
       355  1.059093E+00
       356  7.726276E-01
       357  1.052620E+00
       358  1.247492E+00
       359  1.690883E+00
       360  1.241982E+00
       361  1.683746E+00
       362  1.442343E+00
       363  1.925822E+00
       364  1.440225E+00
       365  1.925294E+00
       366  1.902033E-01
       367  2.314494E-01
       368  1.712863E-01
       369  2.143107E-01
       370  1.767901E-01
       371  2.087451E-01
       372  1.689736E-01
       373  2.071466E-01
       374  2.779250E-01
       375  3.358915E-01
       376  2.634404E-01
       377  3.219066E-01
       378  2.538887E-01
       379  3.024113E-01
       380  2.523353E-01
       381  2.998029E-01
       382  1.486203E+00
       383  2.239630E+00
       384  2.436086E-01
       385  2.875675E-01
       386  1.940481E-01
       387  2.483891E-01
       388  2.273825E-01
       389  2.614453E-01
       390  2.359822E-01
       391  2.777794E-01
       392  3.325882E-01
       393  4.007372E-01
       394  3.092551E-01
       395  3.772499E-01
       396  3.167128E-01
       397  3.764687E-01
       398  3.179004E-01
       399  3.820572E-01
       400  1.897416E+00
       401  2.768505E+00
       402  3.339827E+00
       403  4.534198E+00
       404  3.194761E+00
       405  5.345036E-01
       406  6.129472E-01
       407  5.183301E-01
       408  5.946523E-01
       409  4.852214E-01
       410  5.655059E-01
       411  4.760631E-01
       412  5.558937E-01
       413  3.932615E+00
       414  5.353928E+00
       415  3.945973E+00
       416  5.950680E-01
       417  6.869541E-01
       418  5.938996E-01
       419  6.900771E-01
       420  6.533786E-01
       421  7.711337E-01
       422  6.643704E-01
       423  7.905658E-01
       424  1.565746E-01
       425  1.964355E-01
       426  1.532724E-01
       427  1.914974E-01
       428  1.533376E-01
       429  1.933578E-01
       430  1.516999E-01
       431  1.917604E-01
       432  2.131107E+00
       433  1.387391E+00
       434  2.074851E+00
       435  1.667051E-01
       436  2.190384E-01
       437  1.636495E-01
       438  2.181780E-01
       439  1.750237E-01
       440  2.355205E-01
       441  2.003957E-01
       442  2.377561E-01
       443  2.699545E+00
       444  1.713731E+00
       445  2.648555E+00
       446  3.045491E+00
       447  4.143661E+00
       448  3.552712E-01
       449  4.108301E-01
       450  3.502364E-01
       451  4.035101E-01
       452  3.329394E-01
       453  3.972708E-01
       454  3.302512E-01
       455  3.945506E-01
       456  4.745302E-01
       457  5.510700E-01
       458  4.627755E-01
       459  5.274551E-01
       460  4.619141E-01
       461  5.287219E-01
       462  4.814947E-01
       463  5.660319E-01
       464  3.978296E+00
       465  5.613410E+00
       466  4.164950E-01
       467  5.098683E-01
       468  4.159879E-01
       469  5.146693E-01
       470  3.885379E-01
       471  4.699887E-01
       472  3.810478E-01
       473  4.505107E-01
       474  6.183653E-01
       475  7.427920E-01
       476  6.011837E-01
       477  7.087685E-01
       478  5.815210E-01
       479  6.900163E-01
       480  4.485259E-01
       481  6.879026E-01
       482  1.388137E+00
       483  2.067770E+00
       484  1.423179E+00
       485  2.101790E+00
       486  1.661815E+00
       487  2.596277E+00
       488  1.636896E+00
       489  2.566636E+00
       490  2.890672E+00
       491  4.686499E-01
       492  5.270949E-01
       493  4.680098E-01
       494  5.257867E-01
       495  4.662348E-01
       496  5.580782E-01
       497  4.605778E-01
       498  5.461900E-01
       499  2.914659E+00
       500  4.671794E-01
       501  5.229238E-01
       502  4.718185E-01
       503  5.253852E-01
       504  4.607826E-01
       505  5.527729E-01
       506  4.714388E-01
       507  5.604191E-01
       508  4.140063E+00
       509  5.961420E-01
       510  7.071727E-01
       511  6.018981E-01
       512  7.192767E-01
       513  5.065595E-01
       514  6.908218E-01
       515  5.086688E-01
       516  6.716402E-01
       517  4.126951E+00
       518  5.977338E-01
       519  7.126833E-01
       520  5.907925E-01
       521  7.067775E-01
       522  5.103778E-01
       523  6.902387E-01
       524  4.990533E-01
       525  6.782487E-01
       526  1.518708E+00
       527  2.209365E+00
       528  1.755507E+00
       529  2.484322E+00
       530  1.585897E+00
       531  2.502002E+00
       532  1.398664E-01
       533  1.896675E-01
       534  1.414486E-01
       535  1.835155E-01
       536  1.438870E-01
       537  1.856088E-01
       538  1.523359E-01
       539  1.564108E-01
       540  2.369005E+00
       541  3.594841E-01
       542  4.142986E-01
       543  3.682130E-01
       544  4.152070E-01
       545  3.398118E-01
       546  4.040265E-01
       547  3.540591E-01
       548  4.165184E-01
       549  4.686490E-01
       550  5.212427E-01
       551  4.714756E-01
       552  5.397413E-01
       553  4.937983E-01
       554  5.871269E-01
       555  4.789701E-01
       556  5.457549E-01
       557  3.382847E+00
       558  4.401315E+00
       559  3.998583E-01
       560  4.975499E-01
       561  3.915480E-01
       562  4.869093E-01
       563  3.777838E-01
       564  4.652938E-01
       565  3.558956E-01
       566  4.290054E-01
       567  5.826874E-01
       568  6.895303E-01
       569  5.983885E-01
       570  7.252684E-01
       571  4.614956E-01
       572  7.168797E-01
       573  5.372858E-01
       574  6.433298E-01
       575  3.604939E+00
       576  5.307296E+00
       577  3.087973E+01
       578  2.442176E+01
       579  3.088021E+01
       580  2.435297E+01
       581  2.756860E+01
       582  2.178508E+01
       583  2.756201E+01
       584  2.179713E+01
       585  1.871988E+01
       586  1.394656E+01
       587  1.868541E+01
       588  1.392880E+01
       589  1.660029E+01
       590  1.238966E+01
       591  1.662277E+01
       592  1.238341E+01
       593  6.023193E+01
       594  2.181094E+01
       595  2.106089E+00
       596  2.136009E+00
       597  2.143121E+00
       598  1.918299E+00
       599  5.871681E-01
       600  6.806003E-01
       601  5.816603E-01
       602  6.893223E-01
       603  3.088021E+01
       604  2.435297E+01
       605  3.087973E+01
       606  2.442176E+01
       607  2.756201E+01
       608  2.179713E+01
       609  2.756860E+01
       610  2.178508E+01
       611  1.868541E+01
       612  1.392880E+01
       613  1.871988E+01
       614  1.394656E+01
       615  1.662277E+01
       616  1.238341E+01
       617  1.660029E+01
       618  1.238966E+01
       619  6.023193E+01
       620  2.181094E+01
       621  2.143121E+00
       622  1.918299E+00
       623  2.106089E+00
       624  2.136009E+00
       625  5.816603E-01
       626  6.893223E-01
       627  5.871681E-01
       628  6.806003E-01
       629  1.568468E+01
       630  2.295845E+01
       631  1.656504E+01
       632  2.338148E+01
       633  1.727361E+01
       634  2.525026E+01
       635  1.899763E+00
       636  2.372595E+00
       637  2.021469E+00
       638  2.277550E+00
       639  1.964801E+00
       640  2.492703E+00
       641  1.624615E+00
       642  2.071746E+00
       643  2.921045E+00
       644  3.455746E+00
       645  2.740578E+00
       646  3.269136E+00
       647  3.086476E+00
       648  3.758642E+00
       649  2.806227E+00
       650  3.702465E+00
       651  7.411281E-01
       652  8.211065E-01
       653  7.342198E-01
       654  8.202628E-01
       655  5.110669E-01
       656  7.015495E-01
       657  5.101722E-01
       658  6.924366E-01
       659  9.812664E-01
       660  1.193013E+00
       661  9.788322E-01
       662  1.187260E+00
       663  9.902899E-01
       664  1.337839E+00
       665  9.795477E-01
       666  1.324158E+00
       667  7.342198E-01
       668  8.202628E-01
       669  7.411281E-01
       670  8.211065E-01
       671  5.101722E-01
       672  6.924366E-01
       673  5.110669E-01
       674  7.015495E-01
       675  9.788322E-01
       676  1.187260E+00
       677  9.812664E-01
       678  1.193013E+00
       679  9.795477E-01
       680  1.324158E+00
       681  9.902899E-01
       682  1.337839E+00
       683  2.021469E+00
       684  2.277550E+00
       685  1.899763E+00
       686  2.372595E+00
       687  1.624615E+00
       688  2.071746E+00
       689  1.964801E+00
       690  2.492703E+00
       691  2.740578E+00
       692  3.269136E+00
       693  2.921045E+00
       694  3.455746E+00
       695  2.806227E+00
       696  3.702465E+00
       697  3.086476E+00
       698  3.758642E+00
       699  1.727361E+01
       700  2.525026E+01
       701  1.656504E+01
       702  2.338148E+01
       703  1.568468E+01
       704  2.295845E+01
       705  2.683709E+01
       706  2.076244E+01
       707  2.684379E+01
       708  2.075378E+01
       709  2.531719E+01
       710  1.896916E+01
       711  2.531432E+01
       712  1.896922E+01
       713  1.565700E+01
       714  1.140491E+01
       715  1.564104E+01
       716  1.139237E+01
       717  1.374170E+01
       718  9.490104E+00
       719  1.375386E+01
       720  9.498045E+00
       721  7.602376E+00
       722  5.083290E+00
       723  7.620360E+00
       724  5.078420E+00
       725  6.171308E+00
       726  3.931355E+00
       727  6.180574E+00
       728  3.924828E+00
       729  1.555837E+01
       730  9.330987E+00
       731  2.684379E+01
       732  2.075378E+01
       733  2.683709E+01
       734  2.076244E+01
       735  2.531432E+01
       736  1.896922E+01
       737  2.531719E+01
       738  1.896916E+01
       739  1.564104E+01
       740  1.139237E+01
       741  1.565700E+01
       742  1.140491E+01
       743  1.375386E+01
       744  9.498045E+00
       745  1.374170E+01
       746  9.490104E+00
       747  7.620360E+00
       748  5.078420E+00
       749  7.602376E+00
       750  5.083290E+00
       751  6.180574E+00
       752  3.924828E+00
       753  6.171308E+00
       754  3.931355E+00
       755  1.555837E+01
       756  9.330987E+00
       757  1.500620E+01
       758  2.339486E+01
       759  1.507431E+01
       760  2.398420E+01
       761  1.525293E+01
       762  2.418733E+01
       763  1.533668E+01
       764  2.360367E+01
       765  5.381667E+00
       766  8.296630E+00
       767  5.381667E+00
       768  8.296630E+00
       769  1.533668E+01
       770  2.360367E+01
       771  1.525293E+01
       772  2.418733E+01
       773  1.507431E+01
       774  2.398420E+01
       775  1.500620E+01
       776  2.339486E+01
       777  2.114351E+01
       778  1.697600E+01
       779  2.114369E+01
       780  1.697656E+01
       781  2.085151E+01
       782  1.659400E+01
       783  2.084586E+01
       784  1.659007E+01
       785  8.877196E+01
       786  4.250693E+01
       787  1.457778E+01
       788  7.649347E+00
       789  2.114369E+01
       790  1.697656E+01
       791  2.114351E+01
       792  1.697600E+01
       793  2.084586E+01
       794  1.659007E+01
       795  2.085151E+01
       796  1.659400E+01
       797  8.877196E+01
       798  4.250693E+01
       799  1.457778E+01
       800  7.649347E+00
       801  1.350568E+01
       802  2.148704E+01
       803  1.339573E+01
       804  2.123362E+01
       805  1.323419E+01
       806  2.101592E+01
       807  1.337590E+01
       808  2.104418E+01
       809  4.883388E+00
       810  7.662907E+00
       811  4.883388E+00
       812  7.662907E+00
       813  1.337590E+01
       814  2.104418E+01
       815  1.323419E+01
       816  2.101592E+01
       817  1.339573E+01
       818  2.123362E+01
       819  1.350568E+01
       820  2.148704E+01
       821  1.971614E+01
       822  1.528257E+01
       823  1.971958E+01
       824  1.528314E+01
       825  1.808474E+01
       826  1.436448E+01
       827  1.808409E+01
       828  1.436355E+01
       829  7.615219E+01
       830  3.486099E+01
       831  1.182200E+01
       832  6.506065E+00
       833  1.971958E+01
       834  1.528314E+01
       835  1.971614E+01
       836  1.528257E+01
       837  1.808409E+01
       838  1.436355E+01
       839  1.808474E+01
       840  1.436448E+01
       841  7.615219E+01
       842  3.486099E+01
       843  1.182200E+01
       844  6.506065E+00
       845  1.158611E+01
       846  1.848081E+01
       847  1.148745E+01
       848  1.830853E+01
       849  1.139665E+01
       850  1.811810E+01
       851  1.139597E+01
       852  1.789302E+01
       853  4.115293E+00
       854  6.420876E+00
       855  4.115293E+00
       856  6.420876E+00
       857  1.139597E+01
       858  1.789302E+01
       859  1.139665E+01
       860  1.811810E+01
       861  1.148745E+01
       862  1.830853E+01
       863  1.158611E+01
       864  1.848081E+01
       865  1.686616E+01
       866  1.310942E+01
       867  1.686508E+01
       868  1.310702E+01
       869  1.546308E+01
       870  1.229143E+01
       871  1.546402E+01
       872  1.229107E+01
       873  6.543359E+01
       874  3.023233E+01
       875  1.029603E+01
       876  5.625827E+00
       877  1.686508E+01
       878  1.310702E+01
       879  1.686616E+01
       880  1.310942E+01
       881  1.546402E+01
       882  1.229107E+01
       883  1.546308E+01
       884  1.229143E+01
       885  6.543359E+01
       886  3.023233E+01
       887  1.029603E+01
       888  5.625827E+00
       889  9.804768E+00
       890  1.559341E+01
       891  9.787337E+00
       892  1.553533E+01
       893  9.775727E+00
       894  1.549587E+01
       895  9.877183E+00
       896  1.549682E+01
       897  3.583610E+00
       898  5.610835E+00
       899  3.583610E+00
       900  5.610835E+00
       901  9.877183E+00
       902  1.549682E+01
       903  9.775727E+00
       904  1.549587E+01
       905  9.787337E+00
       906  1.553533E+01
       907  9.804768E+00
       908  1.559341E+01
       909  1.434897E+01
       910  1.114648E+01
       911  1.434772E+01
       912  1.114426E+01
       913  1.305699E+01
       914  1.039257E+01
       915  1.305790E+01
       916  1.039241E+01
       917  5.552119E+01
       918  2.568722E+01
       919  8.845927E+00
       920  4.932195E+00
       921  1.434772E+01
       922  1.114426E+01
       923  1.434897E+01
       924  1.114648E+01
       925  1.305790E+01
       926  1.039241E+01
       927  1.305699E+01
       928  1.039257E+01
       929  5.552119E+01
       930  2.568722E+01
       931  8.845927E+00
       932  4.932195E+00
       933  8.243776E+00
       934  1.308217E+01
       935  8.259631E+00
       936  1.308990E+01
       937  8.287913E+00
       938  1.312256E+01
       939  8.407152E+00
       940  1.314960E+01
       941  3.049588E+00
       942  4.755572E+00
       943  3.049588E+00
       944  4.755572E+00
       945  8.407152E+00
       946  1.314960E+01
       947  8.287913E+00
       948  1.312256E+01
       949  8.259631E+00
       950  1.308990E+01
       951  8.243776E+00
       952  1.308217E+01
       953  1.202694E+01
       954  9.332964E+00
       955  1.202580E+01
       956  9.330996E+00
       957  1.083807E+01
       958  8.639571E+00
       959  1.083891E+01
       960  8.639497E+00
       961  4.635688E+01
       962  2.152343E+01
       963  7.503743E+00
       964  4.239466E+00
       965  1.202580E+01
       966  9.330996E+00
       967  1.202694E+01
       968  9.332964E+00
       969  1.083891E+01
       970  8.639497E+00
       971  1.083807E+01
       972  8.639571E+00
       973  4.635688E+01
       974  2.152343E+01
       975  7.503743E+00
       976  4.239466E+00
       977  6.861103E+00
       978  1.087760E+01
       979  6.882460E+00
       980  1.089551E+01
       981  6.913347E+00
       982  1.093554E+01
       983  7.035325E+00
       984  1.096998E+01
       985  2.551558E+00
       986  3.965585E+00
       987  2.551558E+00
       988  3.965585E+00
       989  7.035325E+00
       990  1.096998E+01
       991  6.913347E+00
       992  1.093554E+01
       993  6.882460E+00
       994  1.089551E+01
       995  6.861103E+00
       996  1.087760E+01
       997  9.899137E+00
       998  7.673980E+00
       999  9.898103E+00
      1000  7.672270E+00
      1001  8.822251E+00
      1002  7.045839E+00
      1003  8.823014E+00
      1004  7.045842E+00
      1005  3.800472E+01
      1006  1.772007E+01
      1007  6.275859E+00
      1008  3.614447E+00
      1009  9.898103E+00
      1010  7.672270E+00
      1011  9.899137E+00
      1012  7.673980E+00
      1013  8.823014E+00
      1014  7.045842E+00
      1015  8.822251E+00
      1016  7.045839E+00
      1017  3.800472E+01
      1018  1.772007E+01
      1019  6.275859E+00
      1020  3.614447E+00
      1021  5.617112E+00
      1022  8.903181E+00
      1023  5.637481E+00
      1024  8.920316E+00
      1025  5.668134E+00
      1026  8.960318E+00
      1027  5.789706E+00
      1028  8.994001E+00
      1029  2.099186E+00
      1030  3.247057E+00
      1031  2.099186E+00
      1032  3.247057E+00
      1033  5.789706E+00
      1034  8.994001E+00
      1035  5.668134E+00
      1036  8.960318E+00
      1037  5.637481E+00
      1038  8.920316E+00
      1039  5.617112E+00
      1040  8.903181E+00
      1041  7.976625E+00
      1042  6.176081E+00
      1043  7.975705E+00
      1044  6.174612E+00
      1045  7.013630E+00
      1046  5.614289E+00
      1047  7.014316E+00
      1048  5.614352E+00
      1049  3.048061E+01
      1050  1.429390E+01
      1051  5.168679E+00
      1052  3.048392E+00
      1053  7.975705E+00
      1054  6.174612E+00
      1055  7.976625E+00
      1056  6.176081E+00
      1057  7.014316E+00
      1058  5.614352E+00
      1059  7.013630E+00
      1060  5.614289E+00
      1061  3.048061E+01
      1062  1.429390E+01
      1063  5.168679E+00
      1064  3.048392E+00
      1065  4.498838E+00
      1066  7.129873E+00
      1067  4.518632E+00
      1068  7.146278E+00
      1069  4.548329E+00
      1070  7.184818E+00
      1071  4.669098E+00
      1072  7.217059E+00
      1073  1.692205E+00
      1074  2.601151E+00
      1075  1.692205E+00
      1076  2.601151E+00
      1077  4.669098E+00
      1078  7.217059E+00
      1079  4.548329E+00
      1080  7.184818E+00
      1081  4.518632E+00
      1082  7.146278E+00
      1083  4.498838E+00
      1084  7.129873E+00
      1085  6.262631E+00
      1086  4.841816E+00
      1087  6.261827E+00
      1088  4.840574E+00
      1089  5.414146E+00
      1090  4.346750E+00
      1091  5.414748E+00
      1092  4.346856E+00
      1093  2.379667E+01
      1094  1.124883E+01
      1095  4.184109E+00
      1096  2.544578E+00
      1097  6.261827E+00
      1098  4.840574E+00
      1099  6.262631E+00
      1100  4.841816E+00
      1101  5.414748E+00
      1102  4.346856E+00
      1103  5.414146E+00
      1104  4.346750E+00
      1105  2.379667E+01
      1106  1.124883E+01
      1107  4.184109E+00
      1108  2.544578E+00
      1109  3.501502E+00
      1110  5.546794E+00
      1111  3.522028E+00
      1112  5.565302E+00
      1113  3.552553E+00
      1114  5.605751E+00
      1115  3.673622E+00
      1116  5.638886E+00
      1117  1.330799E+00
      1118  2.027795E+00
      1119  1.330799E+00
      1120  2.027795E+00
      1121  3.673622E+00
      1122  5.638886E+00
      1123  3.552553E+00
      1124  5.605751E+00
      1125  3.522028E+00
      1126  5.565302E+00
      1127  3.501502E+00
      1128  5.546794E+00
      1129  4.757616E+00
      1130  3.671409E+00
      1131  4.756938E+00
      1132  3.670372E+00
      1133  4.023330E+00
      1134  3.242778E+00
      1135  4.023802E+00
      1136  3.242897E+00
      1137  1.795696E+01
      1138  8.589326E+00
      1139  3.320601E+00
      1140  2.104541E+00
      1141  4.756938E+00
      1142  3.670372E+00
      1143  4.757616E+00
      1144  3.671409E+00
      1145  4.023802E+00
      1146  3.242897E+00
      1147  4.023330E+00
      1148  3.242778E+00
      1149  1.795696E+01
      1150  8.589326E+00
      1151  3.320601E+00
      1152  2.104541E+00
      1153  2.623439E+00
      1154  4.151912E+00
      1155  2.646477E+00
      1156  4.176817E+00
      1157  2.680368E+00
      1158  4.223967E+00
      1159  2.804413E+00
      1160  4.261563E+00
      1161  1.015644E+00
      1162  1.527815E+00
      1163  1.015644E+00
      1164  1.527815E+00
      1165  2.804413E+00
      1166  4.261563E+00
      1167  2.680368E+00
      1168  4.223967E+00
      1169  2.646477E+00
      1170  4.176817E+00
      1171  2.623439E+00
      1172  4.151912E+00
      1173  3.463036E+00
      1174  2.667691E+00
      1175  3.462569E+00
      1176  2.666879E+00
      1177  2.838583E+00
      1178  2.299760E+00
      1179  2.838822E+00
      1180  2.299964E+00
      1181  1.294631E+01
      1182  6.279201E+00
      1183  2.579250E+00
      1184  1.736242E+00
      1185  3.462569E+00
      1186  2.666879E+00
      1187  3.463036E+00
      1188  2.667691E+00
      1189  2.838822E+00
      1190  2.299964E+00
      1191  2.838583E+00
      1192  2.299760E+00
      1193  1.294631E+01
      1194  6.279201E+00
      1195  2.579250E+00
      1196  1.736242E+00
      1197  1.870501E+00
      1198  2.956860E+00
      1199  1.894600E+00
      1200  2.986339E+00
      1201  1.931195E+00
      1202  3.039321E+00
      1203  2.060015E+00
      1204  3.081570E+00
      1205  7.461204E-01
      1206  1.099195E+00
      1207  7.461204E-01
      1208  1.099195E+00
      1209  2.060015E+00
      1210  3.081570E+00
      1211  1.931195E+00
      1212  3.039321E+00
      1213  1.894600E+00
      1214  2.986339E+00
      1215  1.870501E+00
      1216  2.956860E+00
      1217  2.363745E+00
      1218  1.800327E+00
      1219  2.363269E+00
      1220  1.799495E+00
      1221  1.898581E+00
      1222  1.543914E+00
      1223  1.899899E+00
      1224  1.544427E+00
      1225  8.621272E+00
      1226  4.384283E+00
      1227  1.987511E+00
      1228  1.441466E+00
      1229  2.363269E+00
      1230  1.799495E+00
      1231  2.363745E+00
      1232  1.800327E+00
      1233  1.899899E+00
      1234  1.544427E+00
      1235  1.898581E+00
      1236  1.543914E+00
      1237  8.621272E+00
      1238  4.384283E+00
      1239  1.987511E+00
      1240  1.441466E+00
      1241  1.255330E+00
      1242  1.993704E+00
      1243  1.276298E+00
      1244  2.016992E+00
      1245  1.309650E+00
      1246  2.061602E+00
      1247  1.439909E+00
      1248  2.096179E+00
      1249  5.204917E-01
      1250  7.394022E-01
      1251  5.204917E-01
      1252  7.394022E-01
      1253  1.439909E+00
      1254  2.096179E+00
      1255  1.309650E+00
      1256  2.061602E+00
      1257  1.276298E+00
      1258  2.016992E+00
      1259  1.255330E+00
      1260  1.993704E+00
      1261  9.120704E+00
      1262  5.396552E+00
      1263  2.855000E+00
      1264  1.501898E+00
      1265  1.208189E+00
      1266  9.120704E+00
      1267  5.396552E+00
      1268  2.855000E+00
      1269  1.501898E+00
      1270  1.208189E+00
      1271  8.134826E-01
      1272  1.301317E+00
      1273  8.148026E-01
      1274  1.281352E+00
      1275  8.320742E-01
      1276  1.291449E+00
      1277  9.544247E-01
      1278  1.310927E+00
      1279  3.389350E-01
      1280  4.523469E-01
      1281  3.389350E-01
      1282  4.523469E-01
      1283  9.544247E-01
      1284  1.310927E+00
      1285  8.320742E-01
      1286  1.291449E+00
      1287  8.148026E-01
      1288  1.281352E+00
      1289  8.134826E-01
      1290  1.301317E+00
      1291  7.555162E-01
      1292  5.354794E-01
      1293  7.566047E-01
      1294  5.357301E-01
      1295  4.844944E-01
      1296  4.259028E-01
      1297  4.841575E-01
      1298  4.258192E-01
      1299  2.762789E+00
      1300  1.758708E+00
      1301  1.207120E+00
      1302  1.089681E+00
      1303  7.566047E-01
      1304  5.357301E-01
      1305  7.555162E-01
      1306  5.354794E-01
      1307  4.841575E-01
      1308  4.258192E-01
      1309  4.844944E-01
      1310  4.259028E-01
      1311  2.762789E+00
      1312  1.758708E+00
      1313  1.207120E+00
      1314  1.089681E+00
      1315  5.687754E-01
      1316  9.267441E-01
      1317  5.257994E-01
      1318  7.962906E-01
      1319  4.934226E-01
      1320  7.140772E-01
      1321  5.937914E-01
      1322  7.001065E-01
      1323  2.005659E-01
      1324  2.291577E-01
      1325  2.005659E-01
      1326  2.291577E-01
      1327  5.937914E-01
      1328  7.001065E-01
      1329  4.934226E-01
      1330  7.140772E-01
      1331  5.257994E-01
      1332  7.962906E-01
      1333  5.687754E-01
      1334  9.267441E-01
      1335  1.372934E+00
      1336  1.093847E+00
      1337  1.015123E+00
      1338  9.527314E-01
      1339  8.996213E-01
      1340  1.372934E+00
      1341  1.093847E+00
      1342  1.015123E+00
      1343  9.527314E-01
      1344  8.996213E-01
      1345  5.705764E-01
      1346  6.312090E-01
      1347  5.539940E-01
      1348  4.992009E-01
      1349  5.125253E-01
      1350  4.246376E-01
      1351  6.089765E-01
      1352  4.118853E-01
      1353  1.097358E-01
      1354  1.422489E-01
      1355  1.097358E-01
      1356  1.422489E-01
      1357  6.089765E-01
      1358  4.118853E-01
      1359  5.125253E-01
      1360  4.246376E-01
      1361  5.539940E-01
      1362  4.992009E-01
      1363  5.705764E-01
      1364  6.312090E-01
      1365  1.263218E-01
      1366  2.181917E-01
      1367  3.860933E-01
      1368  6.164709E-01
      1369  9.401390E-02
      1370  1.442042E-01
      1371  9.466803E-02
      1372  1.081185E-01
      1373  1.178170E-01
      1374  3.111260E-01
      1375  1.295508E-01
      1376  1.499086E-01
      1377  1.263218E-01
      1378  2.181917E-01
      1379  3.860933E-01
      1380  6.164709E-01
      1381  9.466803E-02
      1382  1.081185E-01
      1383  9.401390E-02
      1384  1.442042E-01
      1385  1.295508E-01
      1386  1.499086E-01
      1387  1.178170E-01
      1388  3.111260E-01
      1389  3.485776E-01
      1390  6.915481E-02
      1391  8.342969E-02
      1392  4.566826E-02
      1393  7.994394E-02
      1394  1.188025E-02
      1395  1.395504E-03
      1396  1.868630E-03
      1397  1.389286E-03
      1398  3.287946E-03
      1399  4.986327E-03
      1400  5.721563E-03
      1401  2.360672E-03
      1402  4.536640E-03
      1403  8.358798E-03
      1404  2.826885E-03
      1405  5.431327E-03
      1406  2.858690E-03
      1407  5.558585E-03
      1408  3.453432E-03
      1409  5.525170E-03
      1410  3.444367E-03
      1411  5.615382E-03
      1412  3.994819E-01
      1413  3.645690E-02
      1414  7.018955E-02
      1415  3.550209E-02
      1416  7.058831E-02
      1417  9.281673E-03
      1418  2.467441E-03
      1419  5.067807E-03
      1420  2.397544E-03
      1421  4.926852E-03
      1422  3.387598E-03
      1423  5.496091E-03
      1424  3.621693E-03
      1425  5.581938E-03
      1426  1.643946E-02
      1427  2.578669E-03
      1428  5.131749E-03
      1429  3.010548E-03
      1430  5.876463E-03
      1431  3.672229E-03
      1432  5.737482E-03
      1433  4.697428E-03
      1434  6.853750E-03
      1435  6.066096E-01
      1436  2.989675E-02
      1437  6.815634E-02
      1438  4.640061E-02
      1439  8.605010E-02
      1440  1.342778E-02
      1441  2.911605E-03
      1442  5.883059E-03
      1443  3.009994E-03
      1444  5.782274E-03
      1445  4.282334E-03
      1446  7.304456E-03
      1447  5.395268E-03
      1448  7.879762E-03
      1449  7.182943E-02
      1450  5.775118E-03
      1451  9.050819E-03
      1452  1.061256E-02
      1453  1.620146E-02
      1454  8.706065E-03
      1455  1.109233E-02
      1456  2.003074E-02
      1457  2.659910E-02
      1458  1.543804E-01
      1459  5.882940E-02
      1460  2.989566E-01
      1461  7.058765E-02
      1462  2.568601E-01
      1463  1.104376E-01
      1464  6.619875E-01
      1465  1.485126E-01
      1466  5.455026E-02
      1467  1.491736E-01
      1468  7.243026E-02
      1469  2.081000E-01
      1470  1.240731E-01
      1471  1.829811E-02
      1472  3.009491E-02
      1473  3.012225E-02
      1474  4.804794E-02
      1475  2.446822E-02
      1476  3.797380E-02
      1477  4.405539E-02
      1478  6.665681E-02
      1479  1.957522E-01
      1480  3.943519E-02
      1481  6.520355E-02
      1482  4.667165E-02
      1483  7.289031E-02
      1484  5.379981E-02
      1485  8.463322E-02
      1486  7.482947E-02
      1487  1.119345E-01
      1488  2.751385E-02
      1489  9.011651E-03
      1490  2.500483E-02
      1491  8.652061E-03
      1492  5.709990E-02
      1493  2.321448E-02
      1494  4.424336E-02
      1495  1.766863E-02
      1496  2.347337E-02
      1497  9.956767E-02
      1498  2.152649E-02
      1499  9.309125E-02
      1500  8.285965E-02
      1501  1.894439E-02
      1502  3.613791E-02
      1503  1.911689E-02
      1504  3.517142E-02
      1505  3.455148E-02
      1506  6.005118E-02
      1507  3.570955E-02
      1508  5.872567E-02
      1509  8.293877E-02
      1510  1.931598E-02
      1511  3.360097E-02
      1512  1.914433E-02
      1513  3.301885E-02
      1514  3.659611E-02
      1515  5.702393E-02
      1516  3.649952E-02
      1517  5.638579E-02
      1518  2.500483E-02
      1519  8.652061E-03
      1520  2.751385E-02
      1521  9.011651E-03
      1522  4.424336E-02
      1523  1.766863E-02
      1524  5.709990E-02
      1525  2.321448E-02
      1526  2.152649E-02
      1527  9.309125E-02
      1528  2.347337E-02
      1529  9.956767E-02
      1530  8.293877E-02
      1531  1.914433E-02
      1532  3.301885E-02
      1533  1.931598E-02
      1534  3.360097E-02
      1535  3.649952E-02
      1536  5.638579E-02
      1537  3.659611E-02
      1538  5.702393E-02
      1539  8.285965E-02
      1540  1.911689E-02
      1541  3.517142E-02
      1542  1.894439E-02
      1543  3.613791E-02
      1544  3.570955E-02
      1545  5.872567E-02
      1546  3.455148E-02
      1547  6.005118E-02
      1548  2.989566E-01
      1549  7.058765E-02
      1550  1.543804E-01
      1551  5.882940E-02
      1552  6.619875E-01
      1553  1.485126E-01
      1554  2.568601E-01
      1555  1.104376E-01
      1556  7.243026E-02
      1557  2.081000E-01
      1558  5.455026E-02
      1559  1.491736E-01
      1560  1.957522E-01
      1561  4.667165E-02
      1562  7.289031E-02
      1563  3.943519E-02
      1564  6.520355E-02
      1565  7.482947E-02
      1566  1.119345E-01
      1567  5.379981E-02
      1568  8.463322E-02
      1569  1.240731E-01
      1570  3.012225E-02
      1571  4.804794E-02
      1572  1.829811E-02
      1573  3.009491E-02
      1574  4.405539E-02
      1575  6.665681E-02
      1576  2.446822E-02
      1577  3.797380E-02
      1578  6.066096E-01
      1579  4.640061E-02
      1580  8.605010E-02
      1581  2.989675E-02
      1582  6.815634E-02
      1583  7.182943E-02
      1584  1.061256E-02
      1585  1.620146E-02
      1586  5.775118E-03
      1587  9.050819E-03
      1588  2.003074E-02
      1589  2.659910E-02
      1590  8.706065E-03
      1591  1.109233E-02
      1592  1.342778E-02
      1593  3.009994E-03
      1594  5.782274E-03
      1595  2.911605E-03
      1596  5.883059E-03
      1597  5.395268E-03
      1598  7.879762E-03
      1599  4.282334E-03
      1600  7.304456E-03
      1601  3.994819E-01
      1602  3.550209E-02
      1603  7.058832E-02
      1604  3.645690E-02
      1605  7.018955E-02
      1606  1.643946E-02
      1607  3.010548E-03
      1608  5.876463E-03
      1609  2.578669E-03
      1610  5.131749E-03
      1611  4.697429E-03
      1612  6.853750E-03
      1613  3.672229E-03
      1614  5.737482E-03
      1615  9.281673E-03
      1616  2.397544E-03
      1617  4.926852E-03
      1618  2.467441E-03
      1619  5.067807E-03
      1620  3.621693E-03
      1621  5.581938E-03
      1622  3.387598E-03
      1623  5.496091E-03
      1624  3.485776E-01
      1625  4.566826E-02
      1626  7.994394E-02
      1627  6.915481E-02
      1628  8.342969E-02
      1629  8.358798E-03
      1630  2.858690E-03
      1631  5.558585E-03
      1632  2.826885E-03
      1633  5.431327E-03
      1634  3.444367E-03
      1635  5.615382E-03
      1636  3.453432E-03
      1637  5.525170E-03
      1638  1.188025E-02
      1639  1.389286E-03
      1640  3.287946E-03
      1641  1.395504E-03
      1642  1.868630E-03
      1643  2.360672E-03
      1644  4.536640E-03
      1645  4.986327E-03
      1646  5.721563E-03
