
                        S T E P       1


                                INCREMENT     1


 displacements (vx,vy,vz) for set NALL and time  0.1000000E+01

         1 -1.323489E-24 -2.646978E-24  0.000000E+00
         2  0.000000E+00  0.000000E+00 -3.308722E-24
         3  0.000000E+00  0.000000E+00  3.096964E-22
         4  1.323489E-24  0.000000E+00  6.630680E-22
         5  1.067171E-03 -5.602860E-06 -1.240606E-03
         6  1.068880E-03 -1.511827E-06  1.162902E-03
         7 -9.307519E-04  1.241061E-05 -1.241985E-03
         8 -9.327450E-04 -2.410784E-07  1.165597E-03
         9  2.043102E-03  3.855094E-07 -2.426525E-03
        10  2.045494E-03  2.745868E-06  2.294592E-03
        11 -1.840894E-03  1.091681E-05 -2.429189E-03
        12 -1.842347E-03  1.500576E-06  2.297686E-03
        13  3.008569E-03  5.923679E-06 -3.571759E-03
        14  3.010416E-03  1.015924E-05  3.417467E-03
        15 -2.773014E-03  3.737293E-06 -3.575424E-03
        16 -2.775312E-03  5.663114E-06  3.421019E-03
        17  3.920134E-03  6.372233E-06 -4.630397E-03
        18  3.923026E-03  2.350781E-05  4.566130E-03
        19 -3.746471E-03 -9.551325E-06 -4.639657E-03
        20 -3.751384E-03  8.976765E-06  4.573550E-03
        21  5.000000E-03  0.000000E+00 -6.000000E-03
        22  5.000000E-03  8.470329E-23  6.000000E-03
        23 -5.000000E-03  3.981055E-21 -6.000000E-03
        24 -5.000000E-03 -9.317362E-22  6.000000E-03
        25  4.246396E-04 -2.586512E-05 -6.649644E-04
        26  4.108223E-04 -2.582689E-05  5.735559E-04
        27 -3.990469E-04 -5.385232E-06 -6.356152E-04
        28 -4.800884E-04 -1.643913E-05  5.622339E-04
        29  1.898154E-03 -1.908592E-05 -1.777623E-03
        30  1.366333E-03 -1.620323E-05  1.734363E-03
        31 -1.179224E-03 -6.763599E-06 -1.795119E-03
        32 -1.548054E-03 -1.602671E-05  1.714887E-03
        33  2.424410E-03 -6.691125E-06 -2.557125E-03
        34  2.880898E-03 -1.141165E-05 -2.915393E-03
        35  3.140457E-03 -2.129074E-06 -3.356419E-03
        36  2.003239E-03  3.517503E-06  2.425280E-03
        37  2.229307E-03 -7.800271E-06  2.786724E-03
        38  2.624092E-03 -4.195950E-06  3.217961E-03
        39 -1.796662E-03 -4.010942E-06 -2.664374E-03
        40 -1.873511E-03 -6.799593E-06 -3.054122E-03
        41 -2.226687E-03  3.755816E-06 -3.407987E-03
        42 -2.253162E-03 -4.079053E-06  2.512606E-03
        43 -2.717429E-03 -1.117518E-05  2.836398E-03
        44 -2.903663E-03 -5.199933E-06  3.192309E-03
        45  3.504701E-03 -2.596937E-06 -3.725900E-03
        46  3.988230E-03 -7.388529E-06 -4.087818E-03
        47  4.175955E-03  9.168878E-07 -4.473152E-03
        48  2.790556E-03  1.485310E-05  3.490970E-03
        49  2.911659E-03  4.324843E-06  3.813823E-03
        50  3.416953E-03  1.046958E-05  4.311252E-03
        51 -2.731689E-03 -1.534248E-05 -3.842311E-03
        52 -2.896530E-03 -1.846348E-05 -4.269665E-03
        53 -3.242097E-03 -1.068864E-05 -4.540833E-03
        54 -3.343134E-03  9.696988E-07  3.627565E-03
        55 -3.896023E-03 -6.657075E-06  3.989528E-03
        56 -4.007442E-03  1.898125E-07  4.358006E-03
        57  4.203634E-03 -1.869752E-06 -4.888025E-03
        58  4.416237E-03 -1.046212E-05 -5.595115E-03
        59  4.819536E-03  5.654289E-06 -6.132909E-03
        60  3.491816E-03  1.708393E-05  4.886999E-03
        61  3.451737E-03  6.846273E-08  5.737429E-03
        62  4.108281E-03  1.262828E-05  6.336252E-03
        63 -3.452838E-03 -1.480381E-05 -4.738572E-03
        64 -3.346633E-03 -2.038419E-05 -5.266004E-03
        65 -3.794601E-03 -5.129765E-06 -5.951541E-03
        66 -4.149653E-03 -1.762571E-06  4.895043E-03
        67 -4.389810E-03 -1.275183E-05  5.490148E-03
        68 -4.660025E-03 -3.755779E-06  5.918099E-03
        69 -3.274434E-06  5.637235E-09 -2.264741E-06
        70 -3.501026E-06  2.789623E-09 -2.422770E-06
        71 -5.978264E-08 -6.309919E-08 -4.616094E-08
        72 -2.191728E-07 -6.067863E-08 -2.190135E-07
        73  1.066082E-03 -8.434327E-06  1.281222E-04
        74 -9.348510E-04  2.016242E-05 -5.555990E-05
        75 -4.996670E-05 -5.889499E-06 -1.240027E-03
        76  1.010044E-04  3.018716E-06  1.165467E-03
        77  2.041068E-03  2.127828E-05 -6.890798E-05
        78 -1.845265E-03  2.405402E-05  6.187580E-05
        79  1.094337E-04  1.875678E-07 -2.426685E-03
        80 -1.226203E-07  1.008318E-05  2.297206E-03
        81  3.005512E-03  1.679881E-05  4.187913E-05
        82 -2.779058E-03  2.016682E-05 -1.562151E-05
        83  7.219406E-05  6.075933E-06 -3.571538E-03
        84  1.187677E-04  1.184654E-05  3.420599E-03
        85  4.998809E-03 -2.633014E-05 -9.638033E-05
        86 -4.999531E-03 -1.610582E-05  1.692454E-04
        87  1.914977E-04  8.200562E-07 -6.000723E-03
        88 -2.306422E-05  6.826596E-05  5.999391E-03
        89 -1.363674E-04 -2.729476E-05 -6.420690E-04
        90 -5.851356E-05  1.427875E-06 -6.776234E-04
        91 -7.651528E-05  2.297989E-05  5.604120E-04
        92  2.175162E-04 -8.397669E-06  5.773809E-04
        93  4.314513E-04  3.349139E-05  3.821422E-04
        94  4.176355E-04 -3.022706E-05 -4.064560E-04
        95 -4.623884E-04  4.116926E-05  3.428993E-04
        96 -4.103779E-04 -1.755823E-05 -3.979809E-04
        97  1.955918E-04 -3.899111E-05 -1.768318E-03
        98 -6.192709E-05  3.871862E-05 -1.823260E-03
        99  1.214568E-04  1.142790E-05  1.695336E-03
       100  5.567021E-05 -8.283933E-07  1.757147E-03
       101  1.576082E-03 -1.894115E-06  6.823409E-04
       102  1.648616E-03  6.584772E-06 -5.373906E-04
       103 -1.427657E-03  5.568910E-05  5.048450E-04
       104 -1.291884E-03 -1.120755E-05 -4.921728E-04
       105  2.795788E-04 -2.557300E-05 -3.021292E-03
       106 -2.471893E-04  3.036322E-05 -3.027170E-03
       107  3.173622E-04  1.393737E-05  2.835949E-03
       108  1.500099E-05  7.794927E-06  2.901624E-03
       109  2.482348E-03  2.434539E-05  6.404557E-04
       110  2.608236E-03  1.136679E-05 -7.268842E-04
       111 -2.357702E-03  5.941648E-05  6.096572E-04
       112 -2.215048E-03 -2.022817E-05 -5.384711E-04
       113  3.288336E-04 -2.629387E-05 -4.138511E-03
       114 -2.984193E-04  2.114694E-05 -4.116248E-03
       115  5.078055E-04  1.800901E-05  3.970532E-03
       116 -1.168309E-04  1.674843E-05  4.012278E-03
       117  3.499057E-03  1.577104E-05  8.125793E-04
       118  3.530819E-03  1.514250E-05 -8.326524E-04
       119 -3.288209E-03  5.901987E-05  7.518882E-04
       120 -3.241366E-03 -4.305230E-05 -7.758187E-04
       121  7.650362E-04  2.559934E-05 -5.540186E-03
       122 -3.543714E-04 -2.637838E-05 -5.550059E-03
       123  7.197623E-04  2.480071E-05  5.327284E-03
       124 -3.192620E-04  6.714940E-05  5.723494E-03
       125  4.357573E-03  2.802897E-05  1.454676E-03
       126  4.230766E-03 -4.196840E-05 -1.429792E-03
       127 -3.919184E-03 -8.768316E-05  1.171033E-03
       128 -4.000095E-03  7.121641E-05 -1.145497E-03

 forces (fx,fy,fz) for set RIGHT and time  0.1000000E+01

        21  2.853041E+03  1.029887E+03 -3.341491E+03
        22  3.290094E+03 -1.013450E+03  4.480977E+03
        23 -2.831503E+03  5.473231E+02 -2.376135E+03
        24 -3.184962E+03  8.507506E+00  1.178029E+03

 internal energy (element, energy) for set ALL and time  0.1000000E+01

         1  3.127279E-02
         2  4.923488E-02
         3  4.891212E-02
         4  1.137732E-01
         5  5.439349E-02
         6  1.019780E-01
         7  2.822995E-02
         8  2.863099E-02
         9  3.556477E-03
        10  1.511889E-02
        11  1.030580E-01
        12  1.178898E-01
        13  8.917036E-02
        14  1.022318E-01
        15  1.036948E-02
        16  1.981200E-02
        17  7.697135E-03
        18  1.441401E-03
        19  1.394352E-03
        20  1.158485E-02
        21  6.131714E-02
        22  8.337518E-03
        23  6.050023E-03
        24  7.164811E-02
        25  4.830217E-02
        26  4.997974E-03
        27  6.455510E-03
        28  9.742073E-02
        29  1.570450E-02
        30  2.016737E-03
        31  8.223627E-04
        32  9.919797E-03
        33  8.779696E-03
        34  1.000870E-03
        35  9.393171E-04
        36  8.735468E-03
        37  8.484076E-02
        38  9.242245E-03
        39  2.387269E-03
        40  2.325436E-02
        41  9.073144E-02
        42  6.886748E-03
        43  2.781570E-03
        44  2.923363E-02
        45  1.804959E-02
        46  2.680028E-03
        47  9.321231E-04
        48  2.062856E-03
        49  9.158048E-03
        50  4.643184E-03
        51  1.720068E-02
        52  2.297470E-02
        53  4.070675E-02
        54  7.488406E-03
        55  7.849986E-03
        56  2.181541E-02
        57  2.872979E-02
        58  5.136661E-03
        59  6.666902E-03
        60  1.443155E-02
        61  6.569078E-03
        62  1.764371E-03
        63  3.683184E-03
        64  5.620980E-03
        65  1.403743E-02
        66  1.134383E-02
        67  1.378275E-02
        68  1.512479E-02
        69  1.012114E-02
        70  9.537115E-03
        71  7.873080E-03
        72  1.046879E-02
        73  2.874500E-02
        74  2.321580E-02
        75  2.443155E-02
        76  7.378061E-03
        77  3.697178E-02
        78  2.513232E-02
        79  1.822427E-02
        80  3.995770E-03
        81  9.127646E-03
        82  2.886347E-02
        83  2.783646E-02
        84  1.749978E-02
        85  8.775739E-03
        86  2.707064E-02
        87  2.177899E-02
        88  1.062749E-02
        89  1.473128E-02
        90  4.053487E-02
        91  5.296794E-02
        92  1.512538E-02
        93  1.865483E-02
        94  4.658558E-02
        95  3.411800E-02
        96  9.757017E-03
        97  2.467153E-02
        98  4.675249E-02
        99  5.441560E-02
       100  4.212693E-02
       101  1.129427E-01
       102  7.163273E-02
       103  2.234060E-02
       104  3.614577E-02
       105  5.493678E-02
       106  1.480678E-02
       107  7.736647E-02
       108  6.582145E-02
       109  9.445597E-01
       110  5.679762E-01
       111  7.852481E-01
       112  8.301927E-01
       113  6.915262E-01
       114  6.558358E-01
       115  5.804726E-01
       116  8.337130E-01
       117  1.174709E+00
       118  5.826310E-01
       119  1.048008E+00
       120  6.692980E-01
       121  5.483871E-01
       122  1.088971E+00
       123  5.126221E-01
       124  1.013542E+00
       125  7.810761E-01
       126  5.567902E-01
       127  8.044538E-01
       128  5.335631E-01
       129  5.671300E-01
       130  8.221640E-01
       131  5.276985E-01
       132  7.491992E-01
       133  9.827548E-01
       134  5.734237E-01
       135  1.179656E+00
       136  5.342341E-01
       137  5.008067E-01
       138  1.041824E+00
       139  4.751708E-01
       140  1.000385E+00
       141  8.270047E-01
       142  5.318012E-01
       143  7.508550E-01
       144  5.362590E-01
       145  5.552711E-01
       146  7.937047E-01
       147  4.970374E-01
       148  7.065426E-01
       149  1.042325E+00
       150  5.386466E-01
       151  1.086062E+00
       152  5.313438E-01
       153  5.030693E-01
       154  1.046532E+00
       155  5.045489E-01
       156  1.105747E+00
       157  8.301154E-01
       158  5.129721E-01
       159  6.264906E-01
       160  5.376203E-01
       161  5.646882E-01
       162  8.536818E-01
       163  4.446236E-01
       164  7.567716E-01
       165  1.027302E+00
       166  5.404103E-01
       167  9.607023E-01
       168  4.958699E-01
       169  5.002255E-01
       170  1.173804E+00
       171  4.620961E-01
       172  1.064256E+00
       173  9.181627E-01
       174  9.111955E-01
       175  9.564200E-01
       176  8.654967E-01
       177  8.483531E-01
       178  8.761584E-01
       179  9.595544E-01
       180  9.115535E-01
       181  1.031568E+00
       182  7.005522E-01
       183  1.100001E+00
       184  7.517490E-01
       185  7.791663E-01
       186  9.756545E-01
       187  8.486022E-01
       188  9.901903E-01

 total internal energy for set ALL and time  0.1000000E+01

        6.452890E+01
