
                        S T E P       1


                                INCREMENT     1


 displacements (vx,vy,vz) for set TIP_TOP and time  0.1000000E+01

       887  1.329173E-02 -2.559335E-03 -2.114124E+00
       888  1.321118E-02 -2.504726E-03 -2.108601E+00
       891  1.307838E-02 -2.315603E-03 -2.103335E+00
       894  1.306260E-02 -1.777776E-03 -2.098807E+00
       896  1.313785E-02 -7.245048E-04 -2.096108E+00
       898  1.314768E-02 -7.418704E-05 -2.095908E+00
       900  1.313916E-02  5.761324E-04 -2.096106E+00
       903  1.306729E-02  1.629410E-03 -2.098802E+00
       906  1.308646E-02  2.167243E-03 -2.103326E+00
       909  1.322265E-02  2.356369E-03 -2.108589E+00
       912  1.330658E-02  2.410982E-03 -2.114108E+00

 forces (fx,fy,fz) for set CLAMP and time  0.1000000E+01

         1  4.656054E+03  7.971350E+03  3.017734E+03
         4  8.563056E+03  8.078395E-03  6.032229E+03
         5  5.566275E+03  1.253627E+04 -5.203238E+02
         8  9.910235E+03  1.451222E-02 -1.032514E+03
         9  3.645123E+03  8.139722E+03 -5.320919E+02
        12  6.448739E+03  1.175407E-02 -1.056736E+03
        13  1.893664E+03  4.179769E+03 -5.884753E+02
        16  3.334889E+03  8.830588E-03 -1.167123E+03
        17  1.859025E+02  3.507613E+02 -6.068196E+02
        20  3.111451E+02  5.118409E-03 -1.212804E+03
        21 -9.986703E+01 -1.178217E+03 -2.194063E+03
        24 -1.374616E+03  3.164925E-04 -8.248180E+02
        26  4.656072E+03 -7.971356E+03  3.017737E+03
        28  5.566312E+03 -1.253628E+04 -5.203245E+02
        30  3.645157E+03 -8.139731E+03 -5.320929E+02
        32  1.893692E+03 -4.179777E+03 -5.884766E+02
        34  1.859225E+02 -3.507669E+02 -6.068218E+02
        36 -9.986700E+01  1.178214E+03 -2.194066E+03
        37  1.330748E+02 -7.099911E+02 -1.916831E+03
        40  1.044295E+03 -1.119708E+02 -3.557450E+03
        41 -2.068515E+03 -1.742561E+03 -6.744560E+02
        44 -2.879684E+03 -2.575004E+02 -1.322516E+03
        45 -2.377301E+03 -1.034058E+03  2.533731E+03
        48 -4.280905E+03 -1.463131E+02  4.864953E+03
        50  1.244446E+03 -1.287483E+02 -3.399945E+03
        52 -2.802100E+03 -2.785496E+02 -1.316987E+03
        54 -4.417878E+03 -1.496352E+02  4.774716E+03
        56  1.290017E+03 -1.301926E+02 -3.451071E+03
        58 -2.859278E+03 -2.516501E+02 -1.303995E+03
        60 -4.534252E+03 -1.253222E+02  4.857152E+03
        62 -2.093100E+03 -1.260625E+02 -8.609690E+02
        64 -3.263589E+03 -5.764227E+01  3.527264E+03
        66 -1.241137E+03  1.574028E-04 -4.820939E+02
        68 -1.917200E+03  4.446558E-04  2.084763E+03
        70 -2.093100E+03  1.260615E+02 -8.609667E+02
        72 -3.263582E+03  5.764344E+01  3.527262E+03
        74  1.289993E+03  1.301889E+02 -3.451078E+03
        76 -2.859279E+03  2.516478E+02 -1.303984E+03
        78 -4.534229E+03  1.253236E+02  4.857147E+03
        80  1.244400E+03  1.287446E+02 -3.399959E+03
        82 -2.802102E+03  2.785478E+02 -1.316968E+03
        84 -4.417835E+03  1.496370E+02  4.774709E+03
        86  1.044226E+03  1.119675E+02 -3.557471E+03
        88 -2.879688E+03  2.574994E+02 -1.322489E+03
        90 -4.280840E+03  1.463149E+02  4.864943E+03
        92  1.330342E+02  7.099954E+02 -1.916843E+03
        94 -2.068518E+03  1.742563E+03 -6.744408E+02
        96 -2.377262E+03  1.034056E+03  2.533725E+03

 internal energy (element, energy) for set EALL and time  0.1000000E+01

         1  7.520757E+01
         2  3.690934E+01
         3  1.450807E+01
         4  3.500020E+00
         5  2.582510E+00
         6  7.520772E+01
         7  3.690943E+01
         8  1.450811E+01
         9  3.500032E+00
        10  2.582508E+00
        11  5.618839E+00
        12  9.130920E+00
        13  5.259526E+00
        14  8.695866E+00
        15  5.261841E+00
        16  8.739500E+00
        17  5.483891E+00
        18  9.033411E+00
        19  2.314673E+00
        20  3.801174E+00
        21  2.314672E+00
        22  3.801171E+00
        23  5.483883E+00
        24  9.033389E+00
        25  5.261829E+00
        26  8.739456E+00
        27  5.259511E+00
        28  8.695799E+00
        29  5.618822E+00
        30  9.130831E+00
        31  7.305969E+01
        32  4.118501E+01
        33  1.738772E+01
        34  4.768246E+00
        35  3.535877E+00
        36  7.305997E+01
        37  4.118517E+01
        38  1.738778E+01
        39  4.768249E+00
        40  3.535855E+00
        41  5.425843E+00
        42  8.709163E+00
        43  5.802103E+00
        44  9.108098E+00
        45  5.959587E+00
        46  9.218826E+00
        47  6.133602E+00
        48  9.323106E+00
        49  2.539554E+00
        50  3.844680E+00
        51  2.539552E+00
        52  3.844678E+00
        53  6.133588E+00
        54  9.323090E+00
        55  5.959583E+00
        56  9.218798E+00
        57  5.802103E+00
        58  9.108059E+00
        59  5.425846E+00
        60  8.709110E+00
        61  6.263691E+01
        62  3.378365E+01
        63  1.442824E+01
        64  4.031385E+00
        65  2.899945E+00
        66  6.263737E+01
        67  3.378389E+01
        68  1.442833E+01
        69  4.031381E+00
        70  2.899904E+00
        71  4.887391E+00
        72  7.824287E+00
        73  4.941801E+00
        74  7.830897E+00
        75  5.047446E+00
        76  7.884947E+00
        77  5.163538E+00
        78  7.904857E+00
        79  2.097506E+00
        80  3.240436E+00
        81  2.097504E+00
        82  3.240434E+00
        83  5.163517E+00
        84  7.904846E+00
        85  5.047445E+00
        86  7.884934E+00
        87  4.941814E+00
        88  7.830890E+00
        89  4.887411E+00
        90  7.824289E+00
        91  5.606457E+01
        92  3.007517E+01
        93  1.257770E+01
        94  3.410291E+00
        95  2.581149E+00
        96  5.606533E+01
        97  3.007556E+01
        98  1.257782E+01
        99  3.410275E+00
       100  2.581088E+00
       101  4.352866E+00
       102  6.474002E+00
       103  4.374008E+00
       104  6.607020E+00
       105  4.482952E+00
       106  6.829975E+00
       107  4.673958E+00
       108  6.980995E+00
       109  1.856290E+00
       110  2.892519E+00
       111  1.856287E+00
       112  2.892523E+00
       113  4.673952E+00
       114  6.981015E+00
       115  4.482975E+00
       116  6.830002E+00
       117  4.374048E+00
       118  6.607048E+00
       119  4.352936E+00
       120  6.474030E+00
       121  5.094114E+01
       122  2.912956E+01
       123  1.194842E+01
       124  2.903386E+00
       125  2.366728E+00
       126  5.094230E+01
       127  2.913017E+01
       128  1.194862E+01
       129  2.903405E+00
       130  2.366708E+00
       131  3.375384E+00
       132  4.174576E+00
       133  3.822675E+00
       134  4.830895E+00
       135  4.066105E+00
       136  5.280161E+00
       137  4.263562E+00
       138  5.571416E+00
       139  1.671591E+00
       140  2.355801E+00
       141  1.671589E+00
       142  2.355814E+00
       143  4.263605E+00
       144  5.571451E+00
       145  4.066180E+00
       146  5.280209E+00
       147  3.822768E+00
       148  4.830975E+00
       149  3.375456E+00
       150  4.174647E+00
       151  6.317937E+01
       152  3.453402E+01
       153  1.454055E+01
       154  4.126802E+00
       155  3.230381E+00
       156  6.318133E+01
       157  3.453510E+01
       158  1.454095E+01
       159  4.126908E+00
       160  3.230437E+00
       161  4.501530E+00
       162  6.401432E+00
       163  4.967792E+00
       164  7.030700E+00
       165  5.264489E+00
       166  7.520463E+00
       167  5.515854E+00
       168  7.828975E+00
       169  2.167079E+00
       170  3.117059E+00
       171  2.167094E+00
       172  3.117075E+00
       173  5.515965E+00
       174  7.829059E+00
       175  5.264539E+00
       176  7.520442E+00
       177  4.967880E+00
       178  7.030663E+00
       179  4.502195E+00
       180  6.401091E+00
       181  8.441377E+01
       182  4.474121E+01
       183  1.977050E+01
       184  6.293952E+00
       185  3.571165E+00
       186  8.441469E+01
       187  4.474200E+01
       188  1.977104E+01
       189  6.294110E+00
       190  3.570961E+00
       191  8.574196E+00
       192  1.428644E+01
       193  8.264248E+00
       194  1.381469E+01
       195  8.193476E+00
       196  1.362201E+01
       197  8.212795E+00
       198  1.360813E+01
       199  2.976832E+00
       200  5.046390E+00
       201  2.976820E+00
       202  5.046322E+00
       203  8.212491E+00
       204  1.360784E+01
       205  8.193469E+00
       206  1.362194E+01
       207  8.263658E+00
       208  1.381400E+01
       209  8.570669E+00
       210  1.428757E+01
       211  8.010340E+01
       212  4.467398E+01
       213  2.043926E+01
       214  6.943084E+00
       215  3.958671E+00
       216  8.010134E+01
       217  4.467307E+01
       218  2.043905E+01
       219  6.942868E+00
       220  3.957976E+00
       221  7.484083E+00
       222  1.224792E+01
       223  7.219549E+00
       224  1.174115E+01
       225  7.058802E+00
       226  1.136829E+01
       227  7.191745E+00
       228  1.131245E+01
       229  2.593610E+00
       230  4.127719E+00
       231  2.593517E+00
       232  4.127445E+00
       233  7.189636E+00
       234  1.130925E+01
       235  7.055344E+00
       236  1.136230E+01
       237  7.218048E+00
       238  1.173733E+01
       239  7.490896E+00
       240  1.223669E+01
       241  6.668044E+01
       242  3.769224E+01
       243  1.753607E+01
       244  6.149983E+00
       245  3.474399E+00
       246  6.667599E+01
       247  3.768935E+01
       248  1.753454E+01
       249  6.149376E+00
       250  3.473391E+00
       251  5.738532E+00
       252  9.137636E+00
       253  5.707629E+00
       254  9.010903E+00
       255  5.683019E+00
       256  8.924223E+00
       257  5.759870E+00
       258  8.943855E+00
       259  2.076762E+00
       260  3.246001E+00
       261  2.076821E+00
       262  3.246261E+00
       263  5.760134E+00
       264  8.946585E+00
       265  5.683228E+00
       266  8.924049E+00
       267  5.697830E+00
       268  8.995020E+00
       269  5.707865E+00
       270  9.151572E+00
       271  5.419591E+01
       272  3.059116E+01
       273  1.420758E+01
       274  5.005630E+00
       275  2.937190E+00
       276  5.419173E+01
       277  3.058788E+01
       278  1.420539E+01
       279  5.004859E+00
       280  2.936935E+00
       281  4.315855E+00
       282  6.592256E+00
       283  4.420494E+00
       284  6.838711E+00
       285  4.589426E+00
       286  7.112837E+00
       287  4.767395E+00
       288  7.198418E+00
       289  1.688208E+00
       290  2.633521E+00
       291  1.688258E+00
       292  2.633583E+00
       293  4.768596E+00
       294  7.203381E+00
       295  4.597499E+00
       296  7.133906E+00
       297  4.443541E+00
       298  6.876533E+00
       299  4.360483E+00
       300  6.491411E+00
       301  4.599933E+01
       302  2.646704E+01
       303  1.201261E+01
       304  3.925364E+00
       305  2.330535E+00
       306  4.599740E+01
       307  2.646548E+01
       308  1.201153E+01
       309  3.924917E+00
       310  2.331486E+00
       311  2.966991E+00
       312  3.850360E+00
       313  3.185674E+00
       314  4.313878E+00
       315  3.368907E+00
       316  4.843394E+00
       317  3.910602E+00
       318  6.441739E-01
       319  7.798427E-01
       320  6.735610E-01
       321  8.175499E-01
       322  5.518930E-01
       323  6.623183E-01
       324  5.997843E-01
       325  7.443258E-01
       326  1.386563E+00
       327  2.055144E+00
       328  1.387010E+00
       329  2.055300E+00
       330  3.914914E+00
       331  6.738801E-01
       332  8.177444E-01
       333  6.449198E-01
       334  7.805355E-01
       335  6.000777E-01
       336  7.446007E-01
       337  5.524613E-01
       338  6.628607E-01
       339  3.378182E+00
       340  4.850890E+00
       341  3.198969E+00
       342  4.340270E+00
       343  2.973119E+00
       344  5.010395E-01
       345  5.826879E-01
       346  4.902226E-01
       347  6.045066E-01
       348  4.195505E-01
       349  4.569506E-01
       350  3.900564E-01
       351  3.828835E-01
       352  4.777956E+01
       353  2.701692E+01
       354  1.249457E+01
       355  4.504724E+00
       356  2.863396E+00
       357  4.778004E+01
       358  2.701748E+01
       359  1.249508E+01
       360  4.504904E+00
       361  2.863725E+00
       362  2.631810E-01
       363  3.410973E-01
       364  2.824093E-01
       365  3.688012E-01
       366  4.293984E-01
       367  6.431511E-01
       368  4.232409E-01
       369  6.356669E-01
       370  4.394648E-01
       371  5.270795E-01
       372  4.756104E-01
       373  5.715912E-01
       374  9.065489E-01
       375  1.378273E+00
       376  8.942625E-01
       377  1.354247E+00
       378  3.030677E-01
       379  3.944971E-01
       380  3.201116E-01
       381  4.126964E-01
       382  4.100841E-01
       383  6.179280E-01
       384  4.021479E-01
       385  6.018522E-01
       386  5.068692E-01
       387  6.105716E-01
       388  5.274555E-01
       389  6.367546E-01
       390  8.728946E-01
       391  1.320812E+00
       392  8.492635E-01
       393  1.277442E+00
       394  3.431286E-01
       395  4.334771E-01
       396  3.684889E-01
       397  4.535627E-01
       398  3.965035E-01
       399  5.861813E-01
       400  4.048089E-01
       401  5.908332E-01
       402  5.507546E-01
       403  6.701907E-01
       404  5.745983E-01
       405  7.032681E-01
       406  8.182039E-01
       407  1.221012E+00
       408  7.999188E-01
       409  1.171352E+00
       410  4.230885E-01
       411  5.234201E-01
       412  5.890361E-01
       413  6.575042E-01
       414  4.158359E-01
       415  6.151550E-01
       416  6.265969E-01
       417  7.230150E-01
       418  6.551901E-01
       419  7.711119E-01
       420  8.056677E-01
       421  9.772037E-01
       422  8.037432E-01
       423  1.112399E+00
       424  9.059701E-01
       425  1.171527E+00
       426  1.928300E-01
       427  2.424607E-01
       428  1.974104E-01
       429  2.419385E-01
       430  2.273579E-01
       431  2.648546E-01
       432  2.164174E-01
       433  2.633190E-01
       434  2.733619E+00
       435  1.974317E-01
       436  2.419544E-01
       437  1.928747E-01
       438  2.424942E-01
       439  2.164012E-01
       440  2.633005E-01
       441  2.272676E-01
       442  2.647554E-01
       443  2.733398E+00
       444  5.884983E-01
       445  6.576337E-01
       446  4.237227E-01
       447  5.237046E-01
       448  6.254937E-01
       449  7.225535E-01
       450  4.155384E-01
       451  6.146347E-01
       452  8.055250E-01
       453  9.766356E-01
       454  6.550741E-01
       455  7.706549E-01
       456  9.054039E-01
       457  1.170486E+00
       458  8.031157E-01
       459  1.111663E+00
       460  3.693645E-01
       461  4.537788E-01
       462  3.435631E-01
       463  4.327759E-01
       464  4.044994E-01
       465  5.905531E-01
       466  3.961994E-01
       467  5.860326E-01
       468  5.741236E-01
       469  7.020706E-01
       470  5.492434E-01
       471  6.677134E-01
       472  7.994691E-01
       473  1.170601E+00
       474  8.178146E-01
       475  1.220262E+00
       476  3.203620E-01
       477  4.113776E-01
       478  3.032716E-01
       479  3.923730E-01
       480  4.022029E-01
       481  6.022837E-01
       482  4.112755E-01
       483  6.195692E-01
       484  5.238563E-01
       485  6.304385E-01
       486  4.999754E-01
       487  5.980122E-01
       488  8.498813E-01
       489  1.278293E+00
       490  8.755014E-01
       491  1.325072E+00
       492  2.826720E-01
       493  3.661031E-01
       494  2.640823E-01
       495  3.385100E-01
       496  4.261089E-01
       497  6.388404E-01
       498  4.341443E-01
       499  6.483756E-01
       500  4.789443E-01
       501  5.857448E-01
       502  4.500816E-01
       503  5.581423E-01
       504  8.940593E-01
       505  1.353850E+00
       506  9.047900E-01
       507  1.373126E+00
       508  5.104721E+01
       509  2.889565E+01
       510  1.422634E+01
       511  6.018074E+00
       512  3.991618E+00
       513  5.104874E+01
       514  2.889684E+01
       515  1.422717E+01
       516  6.018612E+00
       517  3.991583E+00
       518  5.060744E+00
       519  7.832366E+00
       520  5.100495E+00
       521  7.839264E+00
       522  5.362916E+00
       523  8.184658E+00
       524  6.026759E+00
       525  9.077618E+00
       526  2.453937E+00
       527  3.784125E+00
       528  2.453927E+00
       529  3.784052E+00
       530  6.027334E+00
       531  9.078905E+00
       532  5.365538E+00
       533  8.188926E+00
       534  5.102624E+00
       535  7.845106E+00
       536  5.058322E+00
       537  7.841955E+00
       538  4.034710E+01
       539  2.374181E+01
       540  1.230120E+01
       541  5.719832E+00
       542  3.908732E+00
       543  4.034773E+01
       544  2.374208E+01
       545  1.230116E+01
       546  5.719599E+00
       547  3.908315E+00
       548  4.905480E+00
       549  7.301596E+00
       550  5.008858E+00
       551  7.446123E+00
       552  5.115628E+00
       553  7.609548E+00
       554  5.191070E+00
       555  7.553370E+00
       556  1.989742E+00
       557  2.850898E+00
       558  1.989779E+00
       559  2.851026E+00
       560  5.191492E+00
       561  7.554340E+00
       562  5.116243E+00
       563  7.610647E+00
       564  5.010001E+00
       565  7.447248E+00
       566  4.908367E+00
       567  7.301965E+00
       568  2.504482E+01
       569  1.503134E+01
       570  8.088476E+00
       571  4.084926E+00
       572  2.934170E+00
       573  2.504458E+01
       574  1.503105E+01
       575  8.088197E+00
       576  4.084697E+00
       577  2.933986E+00
       578  2.974542E+00
       579  4.402512E+00
       580  2.940870E+00
       581  4.349186E+00
       582  2.932358E+00
       583  4.332881E+00
       584  3.138393E+00
       585  4.375605E+00
       586  1.238603E+00
       587  1.691411E+00
       588  1.238584E+00
       589  1.691409E+00
       590  3.138316E+00
       591  4.375617E+00
       592  2.932430E+00
       593  4.333041E+00
       594  2.941033E+00
       595  4.349584E+00
       596  2.974511E+00
       597  4.403262E+00
       598  1.257905E+01
       599  7.718385E+00
       600  4.466152E+00
       601  2.626617E+00
       602  2.120544E+00
       603  1.257883E+01
       604  7.718178E+00
       605  4.465985E+00
       606  2.626482E+00
       607  2.120412E+00
       608  1.713006E+00
       609  2.503353E+00
       610  1.651091E+00
       611  2.384942E+00
       612  1.608639E+00
       613  2.320406E+00
       614  1.775188E+00
       615  2.315251E+00
       616  6.890130E-01
       617  8.654848E-01
       618  6.890071E-01
       619  8.654954E-01
       620  1.775166E+00
       621  2.315313E+00
       622  1.608652E+00
       623  2.320458E+00
       624  1.651114E+00
       625  2.384964E+00
       626  1.713095E+00
       627  2.503322E+00
       628  3.979630E+00
       629  2.837837E+00
       630  2.131981E+00
       631  1.719784E+00
       632  1.570399E+00
       633  3.979559E+00
       634  2.837753E+00
       635  2.131898E+00
       636  1.719708E+00
       637  1.570319E+00
       638  1.092213E+00
       639  1.437173E+00
       640  9.766251E-01
       641  1.190046E+00
       642  8.483352E-01
       643  1.003375E+00
       644  9.368337E-01
       645  9.252497E-01
       646  3.126786E-01
       647  3.268192E-01
       648  3.126736E-01
       649  3.268214E-01
       650  9.367943E-01
       651  9.252597E-01
       652  8.483177E-01
       653  1.003385E+00
       654  9.766139E-01
       655  1.190058E+00
       656  1.092201E+00
       657  1.437192E+00
       658  4.071467E-01
       659  4.802504E-01
       660  6.489920E-01
       661  9.032183E-01
       662  1.309158E+00
       663  4.071352E-01
       664  4.802268E-01
       665  6.489624E-01
       666  9.031877E-01
       667  1.309127E+00
       668  5.242982E-01
       669  5.571764E-01
       670  5.435429E-01
       671  4.163240E-01
       672  7.328580E-01
       673  6.613163E-01
       674  1.868331E+00
       675  1.513141E+00
       676  1.934280E-01
       677  1.011651E+00
       678  1.934247E-01
       679  1.011659E+00
       680  1.868321E+00
       681  1.513161E+00
       682  7.328431E-01
       683  6.613214E-01
       684  5.435253E-01
       685  4.163178E-01
       686  5.242908E-01
       687  5.571662E-01
