
                        S T E P       1


                                INCREMENT     1


 displacements (vx,vy,vz) for set NALL and time  0.1000000E+01

         1  0.000000E+00  2.067952E-26 -1.654361E-25
         2  1.654361E-25 -1.654361E-25  8.271806E-26
         3  0.000000E+00  0.000000E+00 -1.654361E-25
         4 -1.654361E-25  1.447566E-25  1.381392E-23
         5  1.689247E-04 -3.310251E-07 -1.884262E-04
         6  1.682610E-04  8.546075E-06  1.846968E-04
         7 -1.417297E-04  4.711635E-06 -1.882457E-04
         8 -1.422780E-04  6.073943E-08  1.855876E-04
         9  4.473864E-04  4.634936E-06 -5.554664E-04
        10  4.480958E-04  1.572355E-05  6.234887E-04
        11 -5.150096E-04 -2.166079E-06 -5.566299E-04
        12 -5.147884E-04  7.647484E-06  6.229899E-04
        13  7.580897E-04  1.756116E-06 -9.562964E-04
        14  7.584759E-04  2.214985E-05  1.117927E-03
        15 -9.700711E-04  7.094490E-06 -9.582632E-04
        16 -9.714955E-04  6.112520E-06  1.119038E-03
        17  9.344383E-04 -4.004680E-05 -1.885033E-03
        18  9.343825E-04  7.059225E-05  2.010822E-03
        19 -1.129190E-03  7.741685E-05 -1.884884E-03
        20 -1.130446E-03 -4.409984E-05  2.010933E-03
        21  5.000000E-03  6.776264E-22 -6.000000E-03
        22  5.000000E-03 -3.388132E-22  6.000000E-03
        23 -5.000000E-03  7.758822E-20 -6.000000E-03
        24 -5.000000E-03 -2.473336E-20  6.000000E-03
        25  7.246742E-04 -3.421303E-06 -7.787014E-04
        26  5.083693E-04  1.196760E-05  9.079414E-04
        27 -6.807454E-04 -3.432633E-06 -7.749181E-04
        28 -8.873405E-04 -2.687665E-07  9.086309E-04
        29  1.027930E-03 -1.963861E-05 -1.430262E-03
        30  1.218732E-03 -3.247289E-05 -1.979231E-03
        31  1.107689E-03 -3.681236E-05 -1.893327E-03
        32  8.013281E-04  3.020055E-05  9.602961E-04
        33  8.891718E-04  3.336033E-05  8.833387E-04
        34  8.833444E-04  4.474085E-05  1.418276E-03
        35 -1.058868E-03  2.111685E-05 -6.592776E-04
        36 -1.148833E-03  2.786958E-05 -4.586873E-04
        37 -1.091687E-03  4.270244E-05 -1.144497E-03
        38 -1.246867E-03 -1.841925E-05  1.652462E-03
        39 -1.461999E-03 -3.265783E-05  2.257832E-03
        40 -1.343099E-03 -3.937447E-05  2.100219E-03
        41  8.655872E-04 -4.225186E-05 -1.978386E-03
        42  6.210458E-04 -4.266037E-05 -2.065248E-03
        43  4.441193E-04 -5.055570E-05 -2.472155E-03
        44  5.765891E-04 -5.610872E-05 -3.373122E-03
        45  1.138678E-03 -4.151510E-05 -4.662601E-03
        46  2.140401E-03 -6.915311E-06 -5.903303E-03
        47  3.484337E-03  1.787406E-05 -6.419341E-03
        48  8.176731E-04  5.793788E-05  2.304910E-03
        49  6.056002E-04  3.672531E-05  2.883857E-03
        50  3.675402E-04  1.454053E-05  3.781202E-03
        51  2.467996E-04  5.406961E-06  4.915024E-03
        52  4.411945E-04  1.708207E-05  6.071473E-03
        53  1.175922E-03  4.066177E-05  6.914782E-03
        54  2.740274E-03  4.186210E-05  6.952355E-03
        55 -1.074207E-03  6.452295E-05 -2.166662E-03
        56 -9.235070E-04  4.295049E-05 -2.756168E-03
        57 -6.412257E-04  1.858143E-05 -3.720924E-03
        58 -4.253765E-04  8.595442E-06 -4.912847E-03
        59 -5.070119E-04  2.022871E-05 -6.095892E-03
        60 -1.136091E-03  4.315719E-05 -6.934711E-03
        61 -2.628132E-03  4.501490E-05 -6.977759E-03
        62 -1.042247E-03 -4.503437E-05  2.081108E-03
        63 -7.842436E-04 -4.453353E-05  2.141913E-03
        64 -6.137327E-04 -5.204064E-05  2.526226E-03
        65 -7.413199E-04 -5.740686E-05  3.388329E-03
        66 -1.279680E-03 -4.350680E-05  4.621879E-03
        67 -2.239125E-03 -1.031522E-05  5.813674E-03
        68 -3.536275E-03  1.432303E-05  6.335356E-03
        69  1.545127E-07 -5.202975E-07  1.784811E-07
        70  9.235345E-08 -5.679617E-07  1.914251E-07
        71  1.116901E-07 -4.870874E-08  2.240036E-08
        72  1.618423E-07  4.960837E-07 -1.506832E-07
        73  9.997723E-08  4.771884E-07 -1.509675E-07
        74  1.262634E-07 -1.644536E-08  1.008560E-08
        75 -2.585479E-07  6.626878E-07  8.118901E-08
        76 -5.369811E-07  1.316056E-06 -1.380718E-09
        77 -2.780533E-07  6.606483E-07 -8.552787E-08
        78 -1.572913E-07  3.744954E-07 -4.082641E-08
        79 -3.107877E-07  7.623538E-07  5.182292E-09
        80 -1.525125E-07  3.921427E-07  5.571660E-08
        81  4.480135E-04  1.120335E-05  2.428500E-05
        82 -5.149952E-04  3.947904E-06  5.202711E-05
        83 -2.451785E-05 -6.376197E-07 -5.555033E-04
        84 -4.684960E-05  1.155498E-05  6.234719E-04
        85  9.349362E-04 -2.199402E-05 -1.014302E-03
        86  9.357400E-04  1.823915E-05  7.805150E-05
        87  9.350951E-04  5.616583E-05  1.162450E-03
        88 -1.128617E-03  6.360370E-05 -1.043531E-03
        89 -1.128276E-03  2.719231E-05  4.444459E-05
        90 -1.129429E-03 -1.955067E-05  1.144140E-03
        91  3.862226E-04  4.942495E-06 -1.887177E-03
        92 -1.114530E-04  1.559666E-05 -1.887283E-03
        93 -6.018809E-04  2.811543E-05 -1.887146E-03
        94  4.040602E-04  2.529430E-05  2.008826E-03
        95 -8.783794E-05  1.264356E-05  2.008663E-03
        96 -5.852155E-04  4.454312E-07  2.008806E-03
        97  4.987198E-03 -2.992266E-04 -4.504244E-03
        98  4.984941E-03 -3.396330E-04 -3.036975E-03
        99  4.988340E-03 -1.994402E-04 -1.584483E-03
       100  4.990081E-03  3.253690E-05 -1.320246E-04
       101  4.987634E-03  2.651141E-04  1.335602E-03
       102  4.983589E-03  4.030518E-04  2.834752E-03
       103  4.985800E-03  3.459941E-04  4.383614E-03
       104 -5.018883E-03  3.997043E-04 -4.678751E-03
       105 -5.020334E-03  4.724112E-04 -3.233001E-03
       106 -5.015743E-03  3.290423E-04 -1.701219E-03
       107 -5.012499E-03  8.295546E-05 -1.222337E-04
       108 -5.013809E-03 -1.621777E-04  1.468549E-03
       109 -5.016704E-03 -3.125163E-04  3.038748E-03
       110 -5.014826E-03 -2.825026E-04  4.558161E-03
       111  3.727479E-03 -1.009172E-04 -5.993411E-03
       112  2.418901E-03 -9.572360E-05 -5.992862E-03
       113  1.091420E-03 -1.662229E-05 -5.993848E-03
       114 -2.333728E-04  9.781893E-05 -5.993913E-03
       115 -1.531021E-03  2.051032E-04 -5.991896E-03
       116 -2.775278E-03  2.584152E-04 -5.989590E-03
       117 -3.939363E-03  2.066394E-04 -5.990250E-03
       118  3.617947E-03  1.941828E-04  6.006871E-03
       119  2.292729E-03  2.450855E-04  6.008121E-03
       120  1.015458E-03  1.986102E-04  6.005830E-03
       121 -2.249796E-04  1.019928E-04  6.003967E-03
       122 -1.439167E-03 -2.229216E-06  6.003896E-03
       123 -2.636052E-03 -7.588338E-05  6.004879E-03
       124 -3.821937E-03 -8.451624E-05  6.003968E-03
       125 -1.399731E-05 -9.595097E-06 -6.091606E-05
       126 -3.010614E-05  1.023063E-05 -5.728626E-05
       127  2.758248E-05  9.246978E-06  5.508814E-05
       128  3.137503E-05 -7.058612E-06  5.665834E-05
       129  5.726016E-05  1.340198E-05  3.502286E-05
       130  5.613326E-05 -9.406019E-06 -1.764851E-05
       131 -4.041675E-05  2.618336E-06  1.176982E-05
       132 -4.537633E-05  2.781408E-06 -3.173793E-05
       133  9.180122E-05 -2.014495E-05 -3.601829E-04
       134 -8.800889E-05  1.889271E-05 -3.601420E-04
       135  6.617608E-05  1.319729E-05  3.671168E-04
       136 -4.213325E-05 -1.783779E-06  3.673351E-04
       137  3.080046E-04  2.358387E-05  5.963589E-05
       138  3.069455E-04 -8.476178E-06 -2.024727E-05
       139 -2.735161E-04  1.992037E-05  2.567124E-05
       140 -2.751827E-04 -6.572622E-06 -3.078011E-05
       141  1.027428E-03  6.505804E-05 -2.737667E-03
       142  2.330190E-03  5.938803E-04 -6.132122E-03
       143  4.382356E-03  1.431591E-03 -1.107557E-02
       144  5.504825E-03  2.006903E-03 -1.418120E-02
       145  4.822842E-03  1.953170E-03 -1.400554E-02
       146  2.318663E-03  1.289735E-03 -1.115611E-02
       147 -1.237720E-03  5.087583E-04 -8.003040E-03
       148 -6.682799E-04 -1.145781E-04 -3.279155E-03
       149  6.808647E-05 -7.021330E-04 -7.049507E-03
       150  5.953813E-04 -1.435733E-03 -1.138626E-02
       151  5.024750E-04 -1.844188E-03 -1.361482E-02
       152 -3.744883E-05 -1.659602E-03 -1.281267E-02
       153 -1.032323E-04 -9.797122E-04 -9.890479E-03
       154  1.713270E-03 -3.274895E-04 -7.265987E-03
       155  6.721102E-04 -5.956552E-05  3.009794E-03
       156 -8.191892E-06 -5.906296E-04  6.424225E-03
       157 -8.813599E-04 -1.361404E-03  1.097867E-02
       158 -1.151981E-03 -1.833262E-03  1.354133E-02
       159 -7.829472E-04 -1.684892E-03  1.291271E-02
       160 -6.013504E-04 -9.920982E-04  9.936659E-03
       161 -2.075018E-03 -3.174507E-04  7.214531E-03
       162 -1.010146E-03  7.811489E-05  2.962285E-03
       163 -1.955958E-03  5.994591E-04  6.313015E-03
       164 -3.793974E-03  1.380358E-03  1.092673E-02
       165 -4.928166E-03  1.900590E-03  1.374302E-02
       166 -4.481807E-03  1.834847E-03  1.350988E-02
       167 -2.289231E-03  1.211227E-03  1.083512E-02
       168  1.149066E-03  4.789544E-04  7.884054E-03
       169  2.662313E-04  1.675426E-04 -1.420360E-03
       170 -3.288304E-03  1.185466E-03 -7.407082E-05
       171 -8.566355E-03  2.613823E-03  2.142114E-03
       172 -1.114662E-02  3.272977E-03  4.236831E-03
       173 -9.090941E-03  2.814210E-03  5.579118E-03
       174 -3.442725E-03  1.628727E-03  6.061644E-03
       175  1.946522E-03  5.694397E-04  6.076035E-03
       176  4.543463E-04 -8.658671E-05  1.645480E-03
       177 -2.981844E-03 -1.074682E-03  1.684795E-03
       178 -8.492748E-03 -2.568629E-03  1.935381E-03
       179 -1.134420E-02 -3.298761E-03  1.202820E-03
       180 -9.375087E-03 -2.863123E-03 -8.410396E-04
       181 -3.565446E-03 -1.646622E-03 -3.567582E-03
       182  2.021505E-03 -5.508099E-04 -5.395824E-03
       183 -5.021335E-04 -1.164932E-04 -1.717880E-03
       184  3.041337E-03 -1.133179E-03 -1.575709E-03
       185  8.393702E-03 -2.581778E-03 -1.196465E-03
       186  1.098293E-02 -3.243855E-03 -1.164174E-04
       187  8.829223E-03 -2.763103E-03  1.720678E-03
       188  3.049614E-03 -1.550392E-03  3.877680E-03
       189 -2.266651E-03 -5.058760E-04  5.353928E-03
       190 -7.743113E-04  7.400295E-05  1.748708E-03
       191  2.265759E-03  9.493186E-04  1.878050E-04
       192  7.370629E-03  2.332504E-03 -2.847478E-03
       193  1.017413E-02  3.048927E-03 -5.600739E-03
       194  8.613334E-03  2.705460E-03 -7.059534E-03
       195  3.458314E-03  1.626574E-03 -7.136513E-03
       196 -1.753341E-03  6.026114E-04 -6.560329E-03

 forces (fx,fy,fz) for set RIGHT and time  0.1000000E+01

        21  2.225303E+03 -1.242322E+02 -3.405305E+03
        22  8.234437E+02  4.098654E+02  3.421638E+03
        23 -3.102780E+03  7.461470E+02  6.610716E+02
        24  1.604353E+02  9.045715E+02 -6.601728E+02

 internal energy (element, energy) for set ALL and time  0.1000000E+01

         1  3.542350E-02
         2  6.692328E-02
         3  7.274124E-02
         4  4.119148E-02
         5  7.977973E-03
         6  8.491400E-03
         7  9.061283E-03
         8  4.795515E-03
         9  2.856956E-04
        10  3.508330E-04
        11  1.475665E-03
        12  9.928040E-04
        13  3.047324E-03
        14  3.675017E-03
        15  3.430313E-04
        16  4.383054E-04
        17  4.908269E-03
        18  3.385832E-03
        19  3.086547E-03
        20  5.141515E-03
        21  1.383361E-03
        22  2.026756E-03
        23  2.024626E-03
        24  2.044730E-03
        25  5.637404E-03
        26  4.769795E-03
        27  4.156722E-03
        28  4.642420E-03
        29  6.136535E-03
        30  4.143196E-03
        31  4.297383E-03
        32  9.230366E-03
        33  8.033430E-03
        34  1.159442E-02
        35  1.617375E-02
        36  1.874958E-02
        37  1.569471E-02
        38  2.313688E-02
        39  7.703312E-02
        40  5.742287E-02
        41  1.080523E-02
        42  1.371504E-02
        43  1.301771E-02
        44  1.155532E-02
        45  1.215144E-02
        46  2.102141E-02
        47  6.048253E-02
        48  4.879522E-02
        49  3.275010E-03
        50  1.242923E-02
        51  8.858139E-03
        52  6.934812E-03
        53  8.344021E-03
        54  1.836380E-02
        55  5.451668E-02
        56  6.342295E-02
        57  8.609924E-03
        58  8.533414E-03
        59  1.327353E-02
        60  1.561882E-02
        61  1.250717E-02
        62  1.924243E-02
        63  6.394532E-02
        64  4.652230E-02
        65  1.109292E-04
        66  8.867849E-06
        67  2.543920E-06
        68  3.273548E-05
        69  1.167685E-04
        70  9.267138E-06
        71  3.552474E-06
        72  4.606939E-05
        73  9.081412E-05
        74  9.884011E-06
        75  1.029573E-05
        76  9.562228E-05
        77  2.607685E-05
        78  2.950009E-06
        79  3.853442E-06
        80  3.692881E-05
        81  1.786911E-01
        82  1.000200E-01
        83  1.408566E-01
        84  1.157875E-01
        85  1.369598E-03
        86  1.868399E-03
        87  3.133194E-03
        88  1.804587E-03
        89  1.741647E-03
        90  2.825340E-03
        91  3.912984E-03
        92  2.590495E-03
        93  1.559625E-01
        94  1.008513E-01
        95  1.060935E-01
        96  7.344818E-02
        97  3.512370E-02
        98  4.656442E-03
        99  5.916604E-03
       100  3.789077E-02
       101  3.557838E-02
       102  5.577206E-03
       103  4.380691E-03
       104  3.325037E-02
       105  2.424022E-03
       106  3.481972E-04
       107  2.214184E-04
       108  1.972636E-03
       109  3.499062E-03
       110  4.029934E-04
       111  6.414798E-04
       112  4.283909E-03
       113  1.646876E-01
       114  9.301363E-02
       115  3.849525E-02
       116  1.132653E-02
       117  1.018140E-02
       118  3.844231E-02
       119  1.025634E-01
       120  1.962206E-01
       121  2.494736E-01
       122  1.272302E-01
       123  4.623285E-02
       124  1.151251E-02
       125  1.145546E-02
       126  3.776547E-02
       127  8.430367E-02
       128  1.441143E-01
       129  8.599023E-02
       130  5.866266E-02
       131  3.940150E-02
       132  2.994214E-02
       133  3.267537E-02
       134  5.170801E-02
       135  9.479882E-02
       136  1.566657E-01
       137  1.319661E-01
       138  7.711858E-02
       139  4.168413E-02
       140  2.668620E-02
       141  2.595562E-02
       142  3.516761E-02
       143  5.422144E-02
       144  7.429410E-02
       145  2.071091E-02
       146  1.234015E-02
       147  2.035815E-02
       148  2.111523E-02
       149  1.862420E-02
       150  2.236294E-02
       151  1.388092E-02
       152  1.072596E-02
       153  4.376370E-02
       154  2.015257E-02
       155  3.807631E-02
       156  1.832703E-02
       157  2.308521E-02
       158  3.705788E-02
       159  1.331113E-02
       160  2.478063E-02
       161  1.332360E-01
       162  6.281522E-02
       163  9.803439E-02
       164  5.574411E-02
       165  7.684629E-02
       166  1.527554E-01
       167  5.671976E-02
       168  9.097920E-02
       169  2.417201E-01
       170  9.110008E-02
       171  1.990455E-01
       172  7.347632E-02
       173  9.578071E-02
       174  2.521121E-01
       175  6.929051E-02
       176  1.707711E-01
       177  1.647705E-01
       178  2.411353E-01
       179  2.280901E-01
       180  2.643369E-01
       181  2.412473E-01
       182  2.640385E-01
       183  2.777185E-01
       184  3.351792E-01
       185  3.363493E-01
       186  4.607656E-01
       187  3.393790E-01
       188  3.702822E-01
       189  3.690967E-01
       190  2.718642E-01
       191  2.382857E-01
       192  3.944801E-01
       193  3.513041E-01
       194  5.150188E-01
       195  9.028255E-02
       196  3.259078E-01
       197  4.229379E-01
       198  1.788867E-01
       199  2.036581E-01
       200  1.444771E-01
       201  5.127675E-01
       202  3.213605E-01
       203  1.156023E-01
       204  3.435933E-01
       205  3.719391E-01
       206  1.576182E-01
       207  2.983941E-01
       208  1.586574E-01
       209  4.018939E-01
       210  4.102619E-01
       211  9.103273E-02
       212  3.250328E-01
       213  3.832246E-01
       214  1.623305E-01
       215  2.849748E-01
       216  2.183031E-01
       217  3.921447E-01
       218  4.467871E-01
       219  8.898106E-02
       220  3.123269E-01
       221  3.942333E-01
       222  1.663835E-01
       223  2.046863E-01
       224  1.409059E-01
       225  2.996353E-01
       226  5.080195E-01
       227  9.877393E-02
       228  4.004878E-01
       229  4.534573E-01
       230  1.592607E-01
       231  2.764823E-01
       232  2.948186E-01
       233  3.019810E-01
       234  6.797348E-01
       235  1.122109E-01
       236  4.900631E-01
       237  5.823342E-01
       238  2.213811E-01
       239  3.606012E-01
       240  4.089089E-01
       241  2.526840E-01
       242  5.403588E-01
       243  1.189285E-01
       244  4.434177E-01
       245  4.953298E-01
       246  1.813218E-01
       247  3.376397E-01
       248  2.965896E-01
       249  1.752501E-01
       250  6.116369E-01
       251  1.066439E-01
       252  4.065901E-01
       253  4.961571E-01
       254  2.045961E-01
       255  2.539419E-01
       256  2.538619E-01

 total internal energy for set ALL and time  0.1000000E+01

        3.149482E+01
