
                        S T E P       1


                                INCREMENT     1


 displacements (vx,vy,vz) for set NALL and time  0.1000000E+01

         1  3.308722E-25 -3.308722E-25  3.308722E-25
         2  0.000000E+00  0.000000E+00 -6.617445E-25
         3  3.308722E-25  0.000000E+00  1.273858E-22
         4  3.308722E-25  0.000000E+00  2.481542E-23
         5  2.049736E-04 -1.101945E-05 -2.834861E-04
         6  2.052906E-04  9.917380E-06  2.770863E-04
         7 -2.630279E-04 -9.571749E-07 -2.825942E-04
         8 -2.630188E-04  3.246575E-06  2.764705E-04
         9  4.723725E-04 -8.951322E-06 -6.834693E-04
        10  4.724224E-04  4.026792E-06  6.494173E-04
        11 -6.357263E-04 -2.374715E-06 -6.830676E-04
        12 -6.360625E-04  7.789185E-06  6.487694E-04
        13  6.420066E-04 -2.009448E-05 -9.932023E-04
        14  6.417001E-04  1.356068E-05  8.924814E-04
        15 -9.211417E-04  8.267469E-06 -9.944956E-04
        16 -9.202826E-04  2.033858E-06  8.937774E-04
        17  2.705662E-03 -9.459416E-06 -3.295761E-03
        18  2.706031E-03  6.937279E-06  3.196706E-03
        19 -2.503334E-03  3.224091E-05 -3.296368E-03
        20 -2.504369E-03 -3.492929E-05  3.197673E-03
        21  5.000000E-03  0.000000E+00 -6.000000E-03
        22  5.000000E-03  0.000000E+00  6.000000E-03
        23 -5.000000E-03 -7.369187E-21 -6.000000E-03
        24 -5.000000E-03 -1.050321E-20  6.000000E-03
        25  2.852783E-07 -4.631859E-07  1.642986E-07
        26  2.003414E-07  9.699612E-08 -2.068700E-08
        27  2.921051E-07  5.622741E-07 -1.643103E-07
        28  3.068787E-07  9.754314E-07 -2.969593E-07
        29  1.874954E-07  9.846214E-07 -3.125475E-07
        30  2.334236E-07  1.407877E-08  3.870200E-09
        31 -4.510857E-07  1.153137E-06  1.223584E-07
        32 -9.515768E-07  2.330532E-06 -1.719331E-08
        33 -5.017015E-07  1.190121E-06 -1.729487E-07
        34 -4.094583E-07  9.694729E-07 -1.590050E-07
        35 -7.600202E-07  1.859792E-06 -2.812422E-08
        36 -3.533671E-07  9.003129E-07  7.672899E-08
        37  2.702478E-03 -1.048339E-04 -1.720319E-03
        38  2.704245E-03 -3.415532E-07 -2.096446E-04
        39  2.702657E-03  1.030468E-04  1.382910E-03
        40 -2.505737E-03  9.491412E-05 -1.372681E-03
        41 -2.504380E-03  3.077911E-06  2.746931E-04
        42 -2.506186E-03 -9.315738E-05  1.759024E-03
        43  1.452915E-03  8.453490E-05 -3.299374E-03
        44  2.976839E-04  1.408621E-05 -3.298496E-03
        45 -9.549653E-04 -5.955808E-05 -3.300163E-03
        46  1.199310E-03 -8.383456E-05  3.192721E-03
        47 -1.059021E-04 -7.049387E-06  3.194551E-03
        48 -1.305963E-03  6.347868E-05  3.193610E-03
        49  5.001811E-03 -1.873555E-05 -2.895456E-03
        50  5.001331E-03  7.884663E-07  2.498807E-04
        51  5.001784E-03  2.031963E-05  3.268588E-03
        52 -5.001414E-03  4.683879E-05 -3.330151E-03
        53 -5.000500E-03 -9.283025E-06 -2.649268E-04
        54 -5.000831E-03 -5.684807E-05  2.933783E-03
        55  2.395479E-03  2.928059E-05 -5.999398E-03
        56 -2.657992E-04  1.136931E-05 -5.999905E-03
        57 -2.791524E-03 -1.747423E-05 -6.000685E-03
        58  2.707664E-03 -1.714296E-05  5.997660E-03
        59  1.617175E-04  1.332330E-05  5.999177E-03
        60 -2.462262E-03  3.023347E-05  5.999573E-03
        61  9.959841E-06  1.293218E-05 -9.669918E-05
        62  8.771116E-05  6.075866E-05 -4.048756E-04
        63  2.087571E-04  1.209415E-04 -7.623053E-04
        64  2.476410E-04  1.467155E-04 -9.059015E-04
        65  1.615618E-04  1.148798E-04 -7.616385E-04
        66 -1.141287E-05  4.296439E-05 -4.522302E-04
        67 -1.606955E-04 -2.938496E-06 -2.692400E-04
        68  3.670096E-05 -9.169341E-06 -7.413932E-05
        69  1.213439E-04 -4.687320E-05 -3.185020E-04
        70  1.900143E-04 -9.542440E-05 -6.077271E-04
        71  1.876463E-04 -1.167108E-04 -7.269892E-04
        72  1.160649E-04 -9.214850E-05 -6.167977E-04
        73  4.103723E-05 -3.712253E-05 -3.808098E-04
        74  7.617655E-05 -4.886530E-06 -2.546817E-04
        75 -2.312118E-05 -1.358688E-05  1.012655E-04
        76 -1.099910E-04 -6.231832E-05  4.150065E-04
        77 -2.142163E-04 -1.227515E-04  7.739408E-04
        78 -2.459507E-04 -1.482801E-04  9.162616E-04
        79 -1.867610E-04 -1.155942E-04  7.679590E-04
        80 -1.032268E-04 -4.247877E-05  4.532949E-04
        81 -1.296269E-04  4.599307E-06  2.654124E-04
        82  8.139690E-06  1.006088E-05  7.756259E-05
        83 -3.198406E-05  4.790566E-05  3.229436E-04
        84 -1.140503E-04  9.579870E-05  6.078997E-04
        85 -1.430511E-04  1.168672E-04  7.257449E-04
        86 -8.608622E-05  9.308443E-05  6.189640E-04
        87  3.077637E-05  3.891836E-05  3.865790E-04
        88  1.308379E-04  5.498338E-06  2.549794E-04
        89 -4.869252E-05  1.516141E-05  7.071655E-06
        90 -2.801908E-04  8.169917E-05  4.096499E-05
        91 -6.033748E-04  1.692882E-04  1.020120E-04
        92 -7.305545E-04  2.021185E-04  1.476761E-04
        93 -5.498223E-04  1.615491E-04  1.593483E-04
        94 -1.644669E-04  8.071435E-05  1.558374E-04
        95  1.205796E-04  2.500902E-05  1.933083E-04
        96 -4.924467E-05 -1.534951E-05  3.606707E-06
        97 -2.778424E-04 -8.124165E-05  6.446669E-05
        98 -5.975789E-04 -1.680143E-04  1.660384E-04
        99 -7.282113E-04 -2.018336E-04  2.078393E-04
       100 -5.562293E-04 -1.633978E-04  1.450915E-04
       101 -1.767667E-04 -8.393859E-05 -2.348156E-06
       102  1.136059E-04 -2.727377E-05 -1.544023E-04
       103  3.696722E-05 -1.153344E-05 -1.383388E-05
       104  2.598921E-04 -7.552589E-05 -6.323531E-05
       105  5.880600E-04 -1.645427E-04 -1.292094E-04
       106  7.155490E-04 -1.974887E-04 -1.532672E-04
       107  5.265328E-04 -1.550604E-04 -1.050357E-04
       108  1.272547E-04 -7.131317E-05  8.619307E-06
       109 -1.675358E-04 -1.372402E-05  1.434527E-04
       110  4.177848E-05  1.306122E-05  6.744871E-06
       111  2.693229E-04  7.860427E-05 -4.087524E-05
       112  5.985394E-04  1.680439E-04 -1.461933E-04
       113  7.275163E-04  2.015300E-04 -2.147856E-04
       114  5.378144E-04  1.591032E-04 -2.111659E-04
       115  1.340531E-04  7.456666E-05 -1.702228E-04
       116 -1.656456E-04  1.615063E-05 -1.915560E-04
       117  1.654314E-04  2.423375E-05 -5.840406E-04
       118  6.849016E-05  7.276855E-05 -9.096652E-04
       119 -2.226320E-04  4.203980E-05 -8.204672E-04
       120 -3.017731E-04 -2.715920E-05 -5.422483E-04
       121 -2.480938E-04 -6.685282E-05 -8.247432E-04
       122  3.981316E-05 -4.285551E-05 -7.768886E-04
       123  1.823631E-04 -2.662791E-05  5.840975E-04
       124  3.470250E-05 -7.576020E-05  9.126448E-04
       125 -2.543770E-04 -4.138181E-05  8.052152E-04
       126 -2.181319E-04  3.611754E-05  5.693529E-04
       127 -8.215140E-05  8.047668E-05  8.757429E-04
       128  1.574884E-04  4.772823E-05  7.829598E-04
       129  4.985475E-05  4.703654E-05 -1.429996E-04
       130 -7.189268E-05  9.170153E-05  6.925443E-05
       131  2.257613E-04  3.881985E-05  3.594393E-04
       132  3.759907E-05 -5.232220E-05  2.524430E-04
       133 -9.130567E-05 -9.943277E-05  4.975669E-05
       134  2.182695E-04 -4.451780E-05 -3.255222E-04
       135 -1.428353E-04 -4.940902E-05 -3.117479E-04
       136 -5.435333E-05 -8.614574E-05 -1.321988E-04
       137 -3.710171E-04 -2.979192E-05  2.639878E-04
       138 -1.457967E-04  5.143475E-05  1.885477E-04
       139 -5.176335E-05  9.043721E-05 -9.689280E-06
       140 -3.651523E-04  3.537952E-05 -3.441428E-04
       141  6.166808E-04  4.289375E-05 -1.518874E-03
       142  1.251823E-03  3.608569E-04 -3.578685E-03
       143  2.316926E-03  8.171540E-04 -6.292101E-03
       144  2.751252E-03  1.037909E-03 -7.516493E-03
       145  2.099764E-03  8.282724E-04 -6.576836E-03
       146  5.669371E-04  3.119118E-04 -4.360055E-03
       147 -1.058906E-03 -9.577044E-06 -3.086638E-03
       148 -7.687937E-04 -5.351689E-05 -1.542929E-03
       149 -1.275012E-04 -3.897038E-04 -3.725130E-03
       150  8.308373E-04 -8.686487E-04 -6.585924E-03
       151  1.310940E-03 -1.086527E-03 -7.807784E-03
       152  1.150406E-03 -8.412295E-04 -6.710781E-03
       153  8.403275E-04 -2.820169E-04 -4.314379E-03
       154  1.391616E-03  4.680701E-05 -3.029445E-03
       155  4.109603E-04 -5.440705E-05  1.447954E-03
       156 -3.263335E-04 -3.795521E-04  3.553689E-03
       157 -1.356078E-03 -8.371770E-04  6.274466E-03
       158 -1.879842E-03 -1.054427E-03  7.480476E-03
       159 -1.691510E-03 -8.384418E-04  6.510380E-03
       160 -1.235545E-03 -3.156071E-04  4.265295E-03
       161 -1.499967E-03  8.641793E-06  2.979508E-03
       162 -8.330307E-04  7.301267E-05  1.490785E-03
       163 -1.343209E-03  4.209643E-04  3.748711E-03
       164 -2.257013E-03  9.068452E-04  6.646724E-03
       165 -2.539254E-03  1.130875E-03  7.899560E-03
       166 -1.786259E-03  8.910492E-04  6.826828E-03
       167 -2.389394E-04  3.279215E-04  4.412850E-03
       168  1.312375E-03 -2.744763E-05  3.012534E-03
       169  4.047301E-04  5.875427E-05 -6.964533E-04
       170 -1.466305E-03  5.963064E-04 -2.037841E-04
       171 -4.410375E-03  1.394510E-03  4.659871E-04
       172 -5.693715E-03  1.724594E-03  9.599263E-04
       173 -4.224950E-03  1.395907E-03  1.170454E-03
       174 -8.458686E-04  6.873072E-04  1.323500E-03
       175  1.778113E-03  1.746576E-04  1.991075E-03
       176  4.058782E-04 -6.522273E-05  6.189910E-04
       177 -1.389465E-03 -5.826454E-04  8.047585E-04
       178 -4.215405E-03 -1.350068E-03  1.388784E-03
       179 -5.475771E-03 -1.675362E-03  1.488942E-03
       180 -4.093601E-03 -1.367510E-03  7.199700E-04
       181 -8.338197E-04 -6.852398E-04 -7.304361E-04
       182  1.755119E-03 -1.801686E-04 -2.141438E-03
       183 -7.660371E-04 -4.473020E-05 -8.047070E-04
       184  7.476658E-04 -4.803758E-04 -8.154670E-04
       185  3.186126E-03 -1.141596E-03 -9.655042E-04
       186  4.256414E-03 -1.417026E-03 -8.384807E-04
       187  3.044129E-03 -1.145929E-03 -2.143204E-04
       188  2.694043E-04 -5.643451E-04  8.554636E-04
       189 -1.820408E-03 -1.565003E-04  2.046126E-03
       190 -7.732593E-04  5.268685E-05  6.622718E-04
       191  6.471457E-04  4.631800E-04  1.183936E-04
       192  2.937329E-03  1.085322E-03 -7.181774E-04
       193  3.942976E-03  1.345388E-03 -1.262689E-03
       194  2.783365E-03  1.087119E-03 -1.355881E-03
       195  1.304966E-04  5.322694E-04 -1.329187E-03
       196 -1.854337E-03  1.456246E-04 -1.975167E-03
       197  2.746502E-03  1.392256E-04 -4.382531E-03
       198  3.162864E-03  5.534609E-04 -7.050556E-03
       199  3.629829E-03  1.092539E-03 -1.024754E-02
       200  3.183736E-03  1.351250E-03 -1.167571E-02
       201  1.511656E-03  1.114470E-03 -1.061140E-02
       202 -9.812521E-04  5.115901E-04 -8.015478E-03
       203 -3.289263E-03  6.787835E-05 -6.247452E-03
       204 -2.131658E-03 -9.493340E-05 -4.257181E-03
       205 -1.202858E-03 -4.681835E-04 -6.661975E-03
       206  1.723592E-04 -9.776321E-04 -9.687542E-03
       207  1.246948E-03 -1.247954E-03 -1.117513E-02
       208  1.817032E-03 -1.072073E-03 -1.040030E-02
       209  2.253782E-03 -5.448503E-04 -8.136859E-03
       210  3.345928E-03 -1.044396E-04 -6.378019E-03
       211  2.446118E-03 -1.427304E-04  4.290135E-03
       212  1.453407E-03 -5.649748E-04  7.006550E-03
       213 -1.185670E-04 -1.124937E-03  1.032314E-02
       214 -1.352272E-03 -1.412461E-03  1.190174E-02
       215 -1.947582E-03 -1.201711E-03  1.095980E-02
       216 -2.291820E-03 -5.979120E-04  8.362344E-03
       217 -3.315960E-03 -1.093712E-04  6.394429E-03
       218 -2.369686E-03  1.113233E-04  4.274841E-03
       219 -2.543266E-03  5.109060E-04  6.852633E-03
       220 -2.803121E-03  1.031195E-03  9.941914E-03
       221 -2.300586E-03  1.291342E-03  1.137850E-02
       222 -7.736784E-04  1.087667E-03  1.047329E-02
       223  1.431493E-03  5.323632E-04  8.087025E-03
       224  3.461939E-03  9.050581E-05  6.328288E-03
       225  2.889109E-03 -5.058682E-05 -2.757280E-03
       226  9.775361E-04  5.007565E-04 -1.662536E-03
       227 -2.467919E-03  1.434816E-03  8.011063E-05
       228 -4.153411E-03  1.867021E-03  1.804829E-03
       229 -2.680596E-03  1.538989E-03  3.115690E-03
       230  1.089635E-03  7.492203E-04  4.020591E-03
       231  4.133945E-03  1.533258E-04  4.912517E-03
       232  2.866727E-03  4.104779E-05  2.503305E-03
       233  1.017167E-03 -4.940649E-04  2.178275E-03
       234 -2.289072E-03 -1.391788E-03  2.102231E-03
       235 -3.933317E-03 -1.814732E-03  1.381207E-03
       236 -2.547714E-03 -1.507785E-03 -3.031957E-04
       237  1.095237E-03 -7.460535E-04 -2.624655E-03
       238  4.108941E-03 -1.572388E-04 -4.603687E-03
       239 -2.545999E-03  3.217991E-05 -2.606772E-03
       240 -3.691213E-04 -5.949934E-04 -2.067903E-03
       241  3.413308E-03 -1.620436E-03 -1.566257E-03
       242  5.209823E-03 -2.081449E-03 -6.230249E-04
       243  3.525043E-03 -1.705774E-03  9.402569E-04
       244 -6.502738E-04 -8.306878E-04  2.907048E-03
       245 -3.977060E-03 -1.810096E-04  4.623559E-03
       246 -2.564497E-03 -3.929818E-05  2.868994E-03
       247 -4.561526E-04  5.708215E-04  1.561495E-03
       248  3.252919E-03  1.578220E-03 -8.447649E-04
       249  5.032435E-03  2.036789E-03 -3.004228E-03
       250  3.375920E-03  1.669191E-03 -4.233049E-03
       251 -7.657039E-04  8.035277E-04 -4.643086E-03
       252 -4.029078E-03  1.659906E-04 -5.071361E-03

 forces (fx,fy,fz) for set RIGHT and time  0.1000000E+01

        21  1.206862E+03  2.002339E+03 -8.290412E+02
        22  1.045930E+03 -2.185578E+03  6.595146E+02
        23 -1.334187E+03 -6.437076E+02 -1.625847E+03
        24 -9.961092E+02  1.002139E+03  1.794713E+03

 internal energy (element, energy) for set ALL and time  0.1000000E+01

         1  6.359582E-02
         2  6.308015E-02
         3  6.509742E-02
         4  6.200879E-02
         5  2.221754E-02
         6  2.524439E-02
         7  2.498046E-02
         8  2.716681E-02
         9  2.618996E-02
        10  2.124172E-02
        11  2.475539E-02
        12  2.569925E-02
        13  1.358138E-01
        14  1.338387E-01
        15  5.558588E-02
        16  6.823701E-02
        17  2.139726E-01
        18  2.138178E-01
        19  1.209256E-01
        20  1.750726E-01
        21  2.966374E-04
        22  2.300419E-05
        23  2.525402E-05
        24  3.245544E-04
        25  4.262386E-04
        26  3.390528E-05
        27  1.178390E-05
        28  1.525716E-04
        29  2.404195E-04
        30  2.727835E-05
        31  3.642236E-05
        32  3.494780E-04
        33  2.645701E-04
        34  2.667471E-05
        35  1.472920E-05
        36  1.218486E-04
        37  3.313857E-01
        38  3.646220E-01
        39  3.305219E-01
        40  3.443051E-01
        41  1.170466E-01
        42  1.068065E-01
        43  1.148689E-01
        44  1.177296E-01
        45  1.324070E-01
        46  1.603221E-01
        47  4.994600E-02
        48  5.020699E-02
        49  2.251061E-02
        50  6.190141E-03
        51  9.488663E-03
        52  3.112505E-02
        53  6.236432E-02
        54  2.347870E-02
        55  6.079050E-03
        56  1.684021E-02
        57  3.310470E-02
        58  7.184506E-03
        59  1.676286E-02
        60  6.381020E-02
        61  7.716233E-02
        62  1.946712E-02
        63  6.934702E-03
        64  3.771301E-02
        65  2.847619E-02
        66  2.738732E-03
        67  1.606201E-02
        68  6.582854E-02
        69  6.876953E-02
        70  1.972378E-02
        71  2.383217E-03
        72  2.609694E-02
        73  3.178708E-02
        74  3.249673E-03
        75  2.202794E-02
        76  7.341258E-02
        77  5.704194E-02
        78  1.243077E-02
        79  2.244533E-03
        80  1.709779E-02
        81  3.432401E-03
        82  2.689064E-03
        83  1.160170E-03
        84  3.077709E-03
        85  2.806251E-03
        86  7.994004E-04
        87  3.830770E-03
        88  2.086103E-03
        89  3.719221E-03
        90  2.038359E-03
        91  8.418583E-04
        92  2.218861E-03
        93  2.017277E-03
        94  6.101568E-04
        95  3.163841E-03
        96  9.918008E-04
        97  3.616184E-03
        98  2.636336E-03
        99  1.141696E-03
       100  3.082339E-03
       101  2.810342E-03
       102  7.883710E-04
       103  3.903717E-03
       104  2.311858E-03
       105  2.850656E-03
       106  1.775565E-03
       107  7.572280E-04
       108  2.077898E-03
       109  1.872860E-03
       110  5.055813E-04
       111  2.738347E-03
       112  1.314345E-03
       113  1.412111E-03
       114  2.048277E-03
       115  4.757881E-04
       116  1.926931E-03
       117  1.887889E-03
       118  4.930377E-04
       119  2.193655E-03
       120  1.282009E-03
       121  1.549239E-03
       122  2.331739E-03
       123  5.371238E-04
       124  2.137925E-03
       125  2.149867E-03
       126  6.336195E-04
       127  2.396499E-03
       128  1.675744E-03
       129  1.462717E-03
       130  2.240252E-03
       131  6.693327E-04
       132  2.204927E-03
       133  2.212324E-03
       134  7.322992E-04
       135  2.486748E-03
       136  1.258180E-03
       137  1.586154E-03
       138  2.501564E-03
       139  7.017412E-04
       140  2.479185E-03
       141  2.486664E-03
       142  7.456234E-04
       143  2.697915E-03
       144  1.545028E-03
       145  1.917182E-02
       146  1.553454E-02
       147  1.710183E-02
       148  2.162674E-02
       149  2.426665E-02
       150  1.905925E-02
       151  2.311539E-02
       152  2.081407E-02
       153  1.956203E-02
       154  1.438971E-02
       155  1.594393E-02
       156  2.290730E-02
       157  2.221617E-02
       158  1.627424E-02
       159  1.904646E-02
       160  2.253822E-02
       161  3.124880E-02
       162  2.213723E-02
       163  2.016947E-02
       164  2.604917E-02
       165  3.480618E-02
       166  2.394860E-02
       167  2.189744E-02
       168  2.868817E-02
       169  3.242509E-02
       170  2.593469E-02
       171  2.386074E-02
       172  2.775981E-02
       173  3.458656E-02
       174  2.741173E-02
       175  2.536478E-02
       176  3.092341E-02
       177  6.661673E-02
       178  7.865920E-02
       179  6.879647E-02
       180  7.837576E-02
       181  9.919532E-02
       182  1.088295E-01
       183  1.168003E-01
       184  1.308153E-01
       185  1.636436E-01
       186  1.907234E-01
       187  6.871455E-02
       188  1.815216E-01
       189  1.761220E-01
       190  6.070749E-02
       191  2.370082E-01
       192  1.145212E-01
       193  2.145653E-01
       194  2.334734E-01
       195  8.663314E-02
       196  2.287004E-01
       197  2.165050E-01
       198  6.593619E-02
       199  3.241388E-01
       200  9.871943E-02
       201  1.821748E-01
       202  1.749629E-01
       203  5.662790E-02
       204  1.707663E-01
       205  1.635385E-01
       206  4.608817E-02
       207  2.254659E-01
       208  1.263387E-01
       209  2.284916E-01
       210  2.204151E-01
       211  7.731235E-02
       212  2.190508E-01
       213  2.080923E-01
       214  5.877154E-02
       215  2.939217E-01
       216  1.547811E-01
       217  7.728588E-02
       218  1.813243E-01
       219  3.554013E-02
       220  1.503944E-01
       221  1.585017E-01
       222  4.744028E-02
       223  1.670564E-01
       224  1.017902E-01
       225  8.443150E-02
       226  1.913188E-01
       227  3.757163E-02
       228  1.576523E-01
       229  1.679761E-01
       230  4.949454E-02
       231  1.638195E-01
       232  1.164197E-01
       233  4.476723E-02
       234  1.306178E-01
       235  2.801820E-02
       236  1.079879E-01
       237  1.126926E-01
       238  3.466787E-02
       239  1.190303E-01
       240  6.669864E-02
       241  4.533544E-02
       242  1.399808E-01
       243  3.443656E-02
       244  1.179398E-01
       245  1.249163E-01
       246  4.642932E-02
       247  1.352115E-01
       248  6.625700E-02
       249  1.822521E-01
       250  1.921165E-01
       251  7.772694E-02
       252  2.217414E-01
       253  2.155225E-01
       254  6.001910E-02
       255  2.482641E-01
       256  1.280862E-01
       257  1.663323E-01
       258  1.903526E-01
       259  6.902725E-02
       260  1.988280E-01
       261  2.060743E-01
       262  6.595989E-02
       263  1.956506E-01
       264  1.468095E-01
       265  1.873470E-01
       266  1.982942E-01
       267  7.028682E-02
       268  2.172110E-01
       269  2.198970E-01
       270  6.673297E-02
       271  2.027407E-01
       272  2.005133E-01
       273  2.059413E-01
       274  1.815268E-01
       275  7.126821E-02
       276  2.104550E-01
       277  2.091271E-01
       278  5.730465E-02
       279  2.267232E-01
       280  1.285188E-01
       281  1.136002E-01
       282  3.000372E-01
       283  4.835943E-02
       284  1.934254E-01
       285  2.119531E-01
       286  6.414849E-02
       287  2.096992E-01
       288  1.968882E-01
       289  1.333273E-01
       290  3.108745E-01
       291  4.843650E-02
       292  2.028343E-01
       293  2.277204E-01
       294  7.352261E-02
       295  2.143268E-01
       296  2.194742E-01
       297  1.188047E-01
       298  3.389855E-01
       299  5.992912E-02
       300  2.411002E-01
       301  2.619072E-01
       302  7.877003E-02
       303  2.505932E-01
       304  2.283236E-01
       305  1.282979E-01
       306  3.955875E-01
       307  7.551453E-02
       308  2.741987E-01
       309  2.969684E-01
       310  9.522453E-02
       311  2.909953E-01
       312  2.487991E-01

 total internal energy for set ALL and time  0.1000000E+01

        2.618507E+01
