
                        S T E P       1


                                INCREMENT     1


 displacements (vx,vy,vz) for set TIP_TOP and time  0.1000000E+01

       887  7.946383E-02 -1.948591E-03 -1.812706E+00
       888  7.939494E-02 -1.885779E-03 -1.809705E+00
       891  7.934172E-02 -1.589985E-03 -1.806594E+00
       894  7.928434E-02 -1.227732E-03 -1.804291E+00
       896  7.920874E-02 -3.792491E-04 -1.803132E+00
       898  7.922310E-02  1.631004E-11 -1.803097E+00
       900  7.920874E-02  3.792491E-04 -1.803132E+00
       903  7.928434E-02  1.227732E-03 -1.804291E+00
       906  7.934172E-02  1.589985E-03 -1.806594E+00
       909  7.939494E-02  1.885779E-03 -1.809705E+00
       912  7.946383E-02  1.948591E-03 -1.812706E+00
      1452  7.948944E-02 -1.910349E-03 -1.811180E+00
      1485  7.948944E-02  1.910349E-03 -1.811180E+00
      2187  7.928657E-02 -1.818278E-03 -1.808185E+00
      2210  7.916959E-02 -8.513719E-04 -1.803567E+00
      2233  7.916959E-02  8.513720E-04 -1.803567E+00
      2258  7.928657E-02  1.818278E-03 -1.808185E+00
      3421  7.921895E-02 -1.889990E-04 -1.803113E+00
      3430  7.921895E-02  1.889991E-04 -1.803113E+00

 forces (fx,fy,fz) for set CLAMP and time  0.1000000E+01

         1  1.248673E+03  1.857840E+03  7.934698E+02
         4  2.137429E+03 -4.741808E-09  1.584698E+03
         5  1.531548E+03  2.642615E+03  8.479381E+01
         8  2.435792E+03 -7.875007E-09  1.876394E+02
         9  1.069359E+03  1.697118E+03  4.047428E+01
        12  1.640740E+03 -4.481101E-09  9.919104E+01
        13  1.168924E+03  1.842959E+03  6.508479E-01
        16  2.097351E+03 -9.531281E-09  1.651592E+02
        17 -1.377758E+02 -3.988587E+02 -6.932513E+02
        20 -2.450416E+02 -2.145684E-09 -1.350819E+03
        21 -5.830657E+02 -1.572305E+03 -2.541237E+03
        24 -1.894849E+03  6.534763E-09 -8.386354E+02
        26  1.248673E+03 -1.857840E+03  7.934698E+02
        28  1.531548E+03 -2.642615E+03  8.479381E+01
        30  1.069359E+03 -1.697118E+03  4.047428E+01
        32  1.168924E+03 -1.842959E+03  6.508479E-01
        34 -1.377758E+02  3.988587E+02 -6.932513E+02
        36 -5.830657E+02  1.572305E+03 -2.541237E+03
        37  4.471586E+01 -6.501149E+02 -2.217918E+03
        40  6.602438E+02 -1.606649E+02 -4.181962E+03
        41 -1.753212E+03 -1.465730E+03 -4.944675E+02
        44 -2.678662E+03 -3.397346E+02 -9.492455E+02
        45 -1.961971E+03 -8.164008E+02  2.629140E+03
        48 -3.675106E+03 -1.790896E+02  5.109643E+03
        50  8.230864E+02 -1.467550E+02 -4.073487E+03
        52 -2.634883E+03 -3.056027E+02 -9.668864E+02
        54 -3.809814E+03 -1.585265E+02  5.058403E+03
        56  8.656891E+02 -1.158251E+02 -4.133901E+03
        58 -2.688306E+03 -2.318685E+02 -9.755697E+02
        60 -3.919040E+03 -1.169660E+02  5.148297E+03
        62 -1.956936E+03 -1.029074E+02 -6.680657E+02
        64 -2.823771E+03 -4.947393E+01  3.731310E+03
        66 -1.162854E+03  1.514844E-09 -3.827843E+02
        68 -1.668055E+03  7.457567E-11  2.213624E+03
        70 -1.956936E+03  1.029074E+02 -6.680657E+02
        72 -2.823771E+03  4.947393E+01  3.731310E+03
        74  8.656891E+02  1.158251E+02 -4.133901E+03
        76 -2.688306E+03  2.318685E+02 -9.755697E+02
        78 -3.919040E+03  1.169660E+02  5.148297E+03
        80  8.230864E+02  1.467550E+02 -4.073487E+03
        82 -2.634883E+03  3.056027E+02 -9.668864E+02
        84 -3.809814E+03  1.585265E+02  5.058403E+03
        86  6.602438E+02  1.606649E+02 -4.181962E+03
        88 -2.678662E+03  3.397346E+02 -9.492455E+02
        90 -3.675106E+03  1.790896E+02  5.109643E+03
        92  4.471586E+01  6.501149E+02 -2.217918E+03
        94 -1.753212E+03  1.465730E+03 -4.944675E+02
        96 -1.961971E+03  8.164008E+02  2.629140E+03
      2259  1.818158E+03  3.228067E+03  1.062522E+02
      2260  2.140546E+03  2.255974E+01  1.588244E+03
      2261  2.961079E+03  5.062826E+01  2.304260E+02
      2262  2.444095E+03  4.840421E+01  1.841330E+02
      2263  2.950243E+03 -8.638965E-09  2.333326E+02
      2273  1.297143E+03  2.143932E+03  6.749893E+01
      2274  2.029272E+03  4.708850E+01  1.483018E+02
      2275  1.639594E+03  3.785907E+01  9.096641E+01
      2276  2.023867E+03 -6.356155E-09  1.513934E+02
      2287  8.530298E+02  1.296099E+03  9.611740E+01
      2288  1.313293E+03  2.807665E+01  2.120834E+02
      2289  1.428622E+02  3.001367E+01 -5.686066E+02
      2290  1.316702E+03 -1.362690E-09  2.299634E+02
      2301  2.140546E+03 -2.255974E+01  1.588244E+03
      2302  2.961079E+03 -5.062826E+01  2.304260E+02
      2303  2.444095E+03 -4.840421E+01  1.841330E+02
      2304  1.818158E+03 -3.228067E+03  1.062522E+02
      2311  2.029272E+03 -4.708850E+01  1.483018E+02
      2312  1.639594E+03 -3.785907E+01  9.096641E+01
      2313  1.297143E+03 -2.143932E+03  6.749893E+01
      2321  1.313293E+03 -2.807665E+01  2.120834E+02
      2322  1.428622E+02 -3.001367E+01 -5.686066E+02
      2323  8.530298E+02 -1.296099E+03  9.611740E+01

 internal energy (element, energy) for set EALL and time  0.1000000E+01

         1  8.913788E+00
         2  6.120716E+00
         3  8.843210E+00
         4  6.068511E+00
         5  8.908023E+00
         6  7.177007E+00
         7  9.005716E+00
         8  7.255541E+00
         9  4.186090E+00
        10  2.763942E+00
        11  4.150401E+00
        12  2.738651E+00
        13  5.222643E+00
        14  3.494963E+00
        15  5.278079E+00
        16  3.534698E+00
        17  1.713408E+00
        18  1.104482E+00
        19  1.706961E+00
        20  1.087751E+00
        21  2.078197E+00
        22  1.055162E+00
        23  2.108858E+00
        24  1.051347E+00
        25  2.302316E+00
        26  3.380985E+00
        27  8.843210E+00
        28  6.068511E+00
        29  8.913788E+00
        30  6.120716E+00
        31  9.005716E+00
        32  7.255541E+00
        33  8.908023E+00
        34  7.177007E+00
        35  4.150401E+00
        36  2.738651E+00
        37  4.186090E+00
        38  2.763942E+00
        39  5.278079E+00
        40  3.534698E+00
        41  5.222643E+00
        42  3.494963E+00
        43  1.706961E+00
        44  1.087751E+00
        45  1.713408E+00
        46  1.104482E+00
        47  2.108858E+00
        48  1.051347E+00
        49  2.078197E+00
        50  1.055162E+00
        51  2.302316E+00
        52  3.380985E+00
        53  5.197202E+00
        54  7.276516E+00
        55  4.930727E+00
        56  7.031016E+00
        57  4.949911E+00
        58  7.115087E+00
        59  5.129727E+00
        60  7.357462E+00
        61  2.176401E+00
        62  3.117794E+00
        63  2.176401E+00
        64  3.117794E+00
        65  5.129727E+00
        66  7.357462E+00
        67  4.949911E+00
        68  7.115087E+00
        69  4.930727E+00
        70  7.031016E+00
        71  5.197202E+00
        72  7.276516E+00
        73  8.792028E+00
        74  6.762279E+00
        75  8.750725E+00
        76  6.729903E+00
        77  9.317939E+00
        78  6.876450E+00
        79  9.326879E+00
        80  6.884116E+00
        81  5.021240E+00
        82  3.541143E+00
        83  4.993601E+00
        84  3.524948E+00
        85  4.871067E+00
        86  3.342051E+00
        87  4.883231E+00
        88  3.339863E+00
        89  1.367334E+01
        90  3.538409E+00
        91  4.257709E-01
        92  8.695294E-01
        93  4.205548E-01
        94  8.573757E-01
        95  1.810690E-01
        96  6.131503E-01
        97  1.853558E-01
        98  6.201377E-01
        99  8.750725E+00
       100  6.729903E+00
       101  8.792028E+00
       102  6.762279E+00
       103  9.326879E+00
       104  6.884116E+00
       105  9.317939E+00
       106  6.876450E+00
       107  4.993601E+00
       108  3.524948E+00
       109  5.021240E+00
       110  3.541143E+00
       111  4.883231E+00
       112  3.339863E+00
       113  4.871067E+00
       114  3.342051E+00
       115  1.367334E+01
       116  3.538409E+00
       117  4.205548E-01
       118  8.573757E-01
       119  4.257709E-01
       120  8.695294E-01
       121  1.853558E-01
       122  6.201377E-01
       123  1.810690E-01
       124  6.131503E-01
       125  5.331180E+00
       126  7.484579E+00
       127  5.796471E+00
       128  8.043783E+00
       129  5.994592E+00
       130  8.284034E+00
       131  6.136299E+00
       132  8.445180E+00
       133  2.553046E+00
       134  3.506795E+00
       135  2.553046E+00
       136  3.506795E+00
       137  6.136299E+00
       138  8.445180E+00
       139  5.994592E+00
       140  8.284034E+00
       141  5.796471E+00
       142  8.043783E+00
       143  5.331180E+00
       144  7.484579E+00
       145  9.032143E+00
       146  7.033704E+00
       147  9.032174E+00
       148  7.034131E+00
       149  9.121522E+00
       150  6.884224E+00
       151  9.121189E+00
       152  6.882187E+00
       153  3.421391E+01
       154  1.353599E+01
       155  3.195740E+00
       156  3.611434E+00
       157  9.032174E+00
       158  7.034131E+00
       159  9.032143E+00
       160  7.033704E+00
       161  9.121189E+00
       162  6.882187E+00
       163  9.121522E+00
       164  6.884224E+00
       165  3.421391E+01
       166  1.353599E+01
       167  3.195740E+00
       168  3.611434E+00
       169  5.337205E+00
       170  7.629747E+00
       171  5.448837E+00
       172  7.750726E+00
       173  5.575679E+00
       174  7.891744E+00
       175  5.624225E+00
       176  7.930555E+00
       177  2.302179E+00
       178  3.246254E+00
       179  2.302179E+00
       180  3.246254E+00
       181  5.624225E+00
       182  7.930555E+00
       183  5.575679E+00
       184  7.891744E+00
       185  5.448837E+00
       186  7.750726E+00
       187  5.337205E+00
       188  7.629747E+00
       189  9.270162E+00
       190  7.139896E+00
       191  9.268937E+00
       192  7.137597E+00
       193  8.689679E+00
       194  6.707360E+00
       195  8.692294E+00
       196  6.708913E+00
       197  3.413276E+01
       198  1.363855E+01
       199  3.345166E+00
       200  3.382187E+00
       201  9.268937E+00
       202  7.137597E+00
       203  9.270162E+00
       204  7.139896E+00
       205  8.692294E+00
       206  6.708913E+00
       207  8.689679E+00
       208  6.707360E+00
       209  3.413276E+01
       210  1.363855E+01
       211  3.345166E+00
       212  3.382187E+00
       213  5.432936E+00
       214  7.797375E+00
       215  5.420521E+00
       216  7.770449E+00
       217  5.423951E+00
       218  7.759393E+00
       219  5.438791E+00
       220  7.755239E+00
       221  2.218925E+00
       222  3.163849E+00
       223  2.218925E+00
       224  3.163849E+00
       225  5.438791E+00
       226  7.755239E+00
       227  5.423951E+00
       228  7.759393E+00
       229  5.420521E+00
       230  7.770449E+00
       231  5.432936E+00
       232  7.797375E+00
       233  9.235089E+00
       234  6.886876E+00
       235  9.231078E+00
       236  6.885760E+00
       237  8.788938E+00
       238  6.629909E+00
       239  8.792875E+00
       240  6.631176E+00
       241  4.947053E+00
       242  3.516492E+00
       243  4.954281E+00
       244  3.517770E+00
       245  4.797882E+00
       246  3.298364E+00
       247  4.795184E+00
       248  3.293852E+00
       249  1.337516E+01
       250  3.457998E+00
       251  3.399274E-01
       252  6.418239E-01
       253  3.362348E-01
       254  6.324054E-01
       255  1.530660E-01
       256  4.457685E-01
       257  1.522078E-01
       258  4.548114E-01
       259  9.231078E+00
       260  6.885760E+00
       261  9.235089E+00
       262  6.886876E+00
       263  8.792875E+00
       264  6.631176E+00
       265  8.788938E+00
       266  6.629909E+00
       267  4.954281E+00
       268  3.517770E+00
       269  4.947053E+00
       270  3.516492E+00
       271  4.795184E+00
       272  3.293852E+00
       273  4.797882E+00
       274  3.298364E+00
       275  1.337516E+01
       276  3.457998E+00
       277  3.362348E-01
       278  6.324054E-01
       279  3.399274E-01
       280  6.418239E-01
       281  1.522078E-01
       282  4.548114E-01
       283  1.530660E-01
       284  4.457685E-01
       285  5.299077E+00
       286  7.707572E+00
       287  5.306895E+00
       288  7.714772E+00
       289  5.326148E+00
       290  7.737590E+00
       291  5.364416E+00
       292  7.774286E+00
       293  2.181165E+00
       294  3.164147E+00
       295  2.181165E+00
       296  3.164147E+00
       297  5.364416E+00
       298  7.774286E+00
       299  5.326148E+00
       300  7.737590E+00
       301  5.306895E+00
       302  7.714772E+00
       303  5.299077E+00
       304  7.707572E+00
       305  8.749333E+00
       306  6.673835E+00
       307  8.746791E+00
       308  6.670734E+00
       309  8.575258E+00
       310  6.478742E+00
       311  8.576146E+00
       312  6.478925E+00
       313  4.917815E+00
       314  3.552598E+00
       315  4.919785E+00
       316  3.552074E+00
       317  4.700540E+00
       318  3.279316E+00
       319  4.701811E+00
       320  3.277341E+00
       321  1.379151E+01
       322  3.712073E+00
       323  3.512338E-01
       324  6.130445E-01
       325  3.538425E-01
       326  5.954793E-01
       327  1.364402E-01
       328  3.935041E-01
       329  1.353865E-01
       330  4.018745E-01
       331  8.746791E+00
       332  6.670734E+00
       333  8.749333E+00
       334  6.673835E+00
       335  8.576146E+00
       336  6.478925E+00
       337  8.575258E+00
       338  6.478742E+00
       339  4.919785E+00
       340  3.552074E+00
       341  4.917815E+00
       342  3.552598E+00
       343  4.701811E+00
       344  3.277341E+00
       345  4.700540E+00
       346  3.279316E+00
       347  1.379151E+01
       348  3.712073E+00
       349  3.538425E-01
       350  5.954793E-01
       351  3.512338E-01
       352  6.130445E-01
       353  1.353865E-01
       354  4.018745E-01
       355  1.364402E-01
       356  3.935041E-01
       357  5.149523E+00
       358  7.591186E+00
       359  5.163813E+00
       360  7.610436E+00
       361  5.189961E+00
       362  7.646611E+00
       363  5.235986E+00
       364  7.694216E+00
       365  2.118143E+00
       366  3.112456E+00
       367  2.118143E+00
       368  3.112456E+00
       369  5.235986E+00
       370  7.694216E+00
       371  5.189961E+00
       372  7.646611E+00
       373  5.163813E+00
       374  7.610436E+00
       375  5.149523E+00
       376  7.591186E+00
       377  8.474234E+00
       378  6.470485E+00
       379  8.473718E+00
       380  6.468670E+00
       381  8.256015E+00
       382  6.248268E+00
       383  8.257124E+00
       384  6.248812E+00
       385  4.794116E+00
       386  3.501009E+00
       387  4.795492E+00
       388  3.498909E+00
       389  4.552687E+00
       390  3.199700E+00
       391  4.555592E+00
       392  3.198481E+00
       393  1.371769E+01
       394  3.883778E+00
       395  3.666755E-01
       396  5.935915E-01
       397  3.691050E-01
       398  5.750937E-01
       399  1.230035E-01
       400  3.420216E-01
       401  1.223576E-01
       402  3.507006E-01
       403  8.473718E+00
       404  6.468670E+00
       405  8.474234E+00
       406  6.470485E+00
       407  8.257124E+00
       408  6.248812E+00
       409  8.256015E+00
       410  6.248268E+00
       411  4.795492E+00
       412  3.498909E+00
       413  4.794116E+00
       414  3.501009E+00
       415  4.555592E+00
       416  3.198481E+00
       417  4.552687E+00
       418  3.199700E+00
       419  1.371769E+01
       420  3.883778E+00
       421  3.691050E-01
       422  5.750937E-01
       423  3.666755E-01
       424  5.935915E-01
       425  1.223576E-01
       426  3.507006E-01
       427  1.230035E-01
       428  3.420216E-01
       429  4.990398E+00
       430  7.472067E+00
       431  4.983088E+00
       432  7.450823E+00
       433  4.980545E+00
       434  7.437887E+00
       435  4.994070E+00
       436  7.425547E+00
       437  1.998780E+00
       438  2.970656E+00
       439  1.998780E+00
       440  2.970656E+00
       441  4.994070E+00
       442  7.425547E+00
       443  4.980545E+00
       444  7.437887E+00
       445  4.983088E+00
       446  7.450823E+00
       447  4.990398E+00
       448  7.472067E+00
       449  8.002679E+00
       450  6.186276E+00
       451  8.000229E+00
       452  6.181359E+00
       453  7.631358E+00
       454  5.865784E+00
       455  7.631931E+00
       456  5.868991E+00
       457  4.666305E+00
       458  3.447006E+00
       459  4.663635E+00
       460  3.442774E+00
       461  4.272358E+00
       462  3.012760E+00
       463  4.280701E+00
       464  3.016429E+00
       465  1.367176E+01
       466  4.195296E+00
       467  3.720525E-01
       468  5.424674E-01
       469  3.754714E-01
       470  5.183639E-01
       471  1.218951E-01
       472  3.269423E-01
       473  1.228676E-01
       474  3.363260E-01
       475  8.000229E+00
       476  6.181359E+00
       477  8.002679E+00
       478  6.186276E+00
       479  7.631931E+00
       480  5.868991E+00
       481  7.631358E+00
       482  5.865784E+00
       483  4.663635E+00
       484  3.442774E+00
       485  4.666305E+00
       486  3.447006E+00
       487  4.280701E+00
       488  3.016429E+00
       489  4.272358E+00
       490  3.012760E+00
       491  1.367176E+01
       492  4.195296E+00
       493  3.754714E-01
       494  5.183639E-01
       495  3.720525E-01
       496  5.424674E-01
       497  1.228676E-01
       498  3.363260E-01
       499  1.218951E-01
       500  3.269423E-01
       501  4.819008E+00
       502  7.325690E+00
       503  4.814457E+00
       504  7.309453E+00
       505  4.789876E+00
       506  7.258233E+00
       507  4.770369E+00
       508  7.194859E+00
       509  1.893151E+00
       510  2.846915E+00
       511  1.893151E+00
       512  2.846915E+00
       513  4.770369E+00
       514  7.194859E+00
       515  4.789876E+00
       516  7.258233E+00
       517  4.814457E+00
       518  7.309453E+00
       519  4.819008E+00
       520  7.325690E+00
       521  8.061184E+00
       522  6.126048E+00
       523  8.060814E+00
       524  6.122436E+00
       525  7.758733E+00
       526  5.894331E+00
       527  7.760539E+00
       528  5.896982E+00
       529  4.545788E+00
       530  3.204807E+00
       531  4.539556E+00
       532  3.199123E+00
       533  4.283581E+00
       534  2.951615E+00
       535  4.287543E+00
       536  2.954473E+00
       537  2.027590E+00
       538  1.162515E+00
       539  2.027494E+00
       540  1.162353E+00
       541  1.898255E+00
       542  1.085174E+00
       543  1.898208E+00
       544  1.085044E+00
       545  5.692547E-01
       546  2.801174E-01
       547  5.686358E-01
       548  2.783723E-01
       549  5.055724E-01
       550  1.754978E-01
       551  5.054489E-01
       552  1.748755E-01
       553  2.703686E-01
       554  5.405332E-01
       555  2.726567E-01
       556  5.322761E-01
       557  1.035386E-01
       558  3.493149E-01
       559  1.065604E-01
       560  3.485339E-01
       561  8.060814E+00
       562  6.122436E+00
       563  8.061184E+00
       564  6.126048E+00
       565  7.760539E+00
       566  5.896982E+00
       567  7.758733E+00
       568  5.894331E+00
       569  4.539556E+00
       570  3.199123E+00
       571  4.545788E+00
       572  3.204807E+00
       573  4.287543E+00
       574  2.954473E+00
       575  4.283581E+00
       576  2.951615E+00
       577  2.027494E+00
       578  1.162353E+00
       579  2.027590E+00
       580  1.162515E+00
       581  1.898208E+00
       582  1.085044E+00
       583  1.898255E+00
       584  1.085174E+00
       585  5.686358E-01
       586  2.783723E-01
       587  5.692547E-01
       588  2.801174E-01
       589  5.054489E-01
       590  1.748755E-01
       591  5.055724E-01
       592  1.754978E-01
       593  2.726567E-01
       594  5.322761E-01
       595  2.703686E-01
       596  5.405332E-01
       597  1.065604E-01
       598  3.485339E-01
       599  1.035386E-01
       600  3.493149E-01
       601  4.617398E+00
       602  7.112247E+00
       603  4.612604E+00
       604  7.083220E+00
       605  4.669969E+00
       606  7.175967E+00
       607  4.740020E+00
       608  7.284678E+00
       609  1.883983E+00
       610  2.898906E+00
       611  1.883983E+00
       612  2.898906E+00
       613  4.740020E+00
       614  7.284678E+00
       615  4.669969E+00
       616  7.175967E+00
       617  4.612604E+00
       618  7.083220E+00
       619  4.617398E+00
       620  7.112247E+00
       621  7.404835E+00
       622  5.678354E+00
       623  7.404086E+00
       624  5.677419E+00
       625  7.107664E+00
       626  5.456976E+00
       627  7.107907E+00
       628  5.457192E+00
       629  4.187008E+00
       630  2.931472E+00
       631  4.185601E+00
       632  2.930286E+00
       633  4.031688E+00
       634  2.827519E+00
       635  4.032041E+00
       636  2.827781E+00
       637  1.907106E+00
       638  1.122492E+00
       639  1.906908E+00
       640  1.122055E+00
       641  1.843423E+00
       642  1.075842E+00
       643  1.843364E+00
       644  1.075838E+00
       645  5.779240E-01
       646  2.783763E-01
       647  5.768254E-01
       648  2.765826E-01
       649  5.241768E-01
       650  1.929331E-01
       651  5.242097E-01
       652  1.931963E-01
       653  2.428468E-01
       654  5.677056E-01
       655  2.467027E-01
       656  4.869153E-01
       657  9.529764E-02
       658  3.168252E-01
       659  9.761570E-02
       660  2.434177E-01
       661  7.404086E+00
       662  5.677419E+00
       663  7.404835E+00
       664  5.678354E+00
       665  7.107907E+00
       666  5.457192E+00
       667  7.107664E+00
       668  5.456976E+00
       669  4.185601E+00
       670  2.930286E+00
       671  4.187008E+00
       672  2.931472E+00
       673  4.032041E+00
       674  2.827781E+00
       675  4.031688E+00
       676  2.827519E+00
       677  1.906908E+00
       678  1.122055E+00
       679  1.907106E+00
       680  1.122492E+00
       681  1.843364E+00
       682  1.075838E+00
       683  1.843423E+00
       684  1.075842E+00
       685  5.768254E-01
       686  2.765826E-01
       687  5.779240E-01
       688  2.783763E-01
       689  5.242097E-01
       690  1.931963E-01
       691  5.241768E-01
       692  1.929331E-01
       693  2.467027E-01
       694  4.869153E-01
       695  2.428468E-01
       696  5.677056E-01
       697  9.761570E-02
       698  2.434177E-01
       699  9.529764E-02
       700  3.168252E-01
       701  4.232932E+00
       702  6.504036E+00
       703  4.362008E+00
       704  6.806427E+00
       705  4.446441E+00
       706  6.958810E+00
       707  4.544110E+00
       708  7.051163E+00
       709  2.287167E-01
       710  2.794770E-01
       711  2.282394E-01
       712  2.894531E-01
       713  1.794696E-01
       714  2.327781E-01
       715  1.677073E-01
       716  2.416655E-01
       717  2.772029E+00
       718  2.282394E-01
       719  2.894531E-01
       720  2.287167E-01
       721  2.794770E-01
       722  1.677073E-01
       723  2.416655E-01
       724  1.794696E-01
       725  2.327781E-01
       726  2.772029E+00
       727  4.544110E+00
       728  7.051163E+00
       729  4.446441E+00
       730  6.958810E+00
       731  4.362008E+00
       732  6.806427E+00
       733  4.232932E+00
       734  6.504036E+00
       735  6.778689E+00
       736  5.214955E+00
       737  6.778753E+00
       738  5.214918E+00
       739  6.417913E+00
       740  4.942787E+00
       741  6.417974E+00
       742  4.942800E+00
       743  3.864269E+00
       744  2.725739E+00
       745  3.864127E+00
       746  2.725503E+00
       747  3.667302E+00
       748  2.588345E+00
       749  3.667322E+00
       750  2.588357E+00
       751  1.797791E+00
       752  1.081058E+00
       753  1.797528E+00
       754  1.080577E+00
       755  1.703334E+00
       756  1.010049E+00
       757  1.703351E+00
       758  1.010106E+00
       759  5.780642E-01
       760  2.951121E-01
       761  5.768710E-01
       762  2.940616E-01
       763  5.075868E-01
       764  1.985040E-01
       765  5.076660E-01
       766  1.988971E-01
       767  2.469801E-01
       768  5.483437E-01
       769  2.522140E-01
       770  4.211205E-01
       771  9.331569E-02
       772  2.681610E-01
       773  9.547624E-02
       774  1.961322E-01
       775  6.778753E+00
       776  5.214918E+00
       777  6.778689E+00
       778  5.214955E+00
       779  6.417974E+00
       780  4.942800E+00
       781  6.417913E+00
       782  4.942787E+00
       783  3.864127E+00
       784  2.725503E+00
       785  3.864269E+00
       786  2.725739E+00
       787  3.667322E+00
       788  2.588357E+00
       789  3.667302E+00
       790  2.588345E+00
       791  1.797528E+00
       792  1.080577E+00
       793  1.797791E+00
       794  1.081058E+00
       795  1.703351E+00
       796  1.010106E+00
       797  1.703334E+00
       798  1.010049E+00
       799  5.768710E-01
       800  2.940616E-01
       801  5.780642E-01
       802  2.951121E-01
       803  5.076660E-01
       804  1.988971E-01
       805  5.075868E-01
       806  1.985040E-01
       807  2.522140E-01
       808  4.211205E-01
       809  2.469801E-01
       810  5.483437E-01
       811  9.547624E-02
       812  1.961322E-01
       813  9.331569E-02
       814  2.681610E-01
       815  3.388043E-01
       816  4.821385E-01
       817  4.493782E-01
       818  5.771780E-01
       819  3.121617E-01
       820  4.276084E-01
       821  4.495925E-01
       822  5.583890E-01
       823  6.665746E-01
       824  8.938446E-01
       825  7.462762E-01
       826  9.559999E-01
       827  5.709198E-01
       828  7.389875E-01
       829  7.077849E-01
       830  8.970964E-01
       831  4.155241E+00
       832  6.625930E+00
       833  4.110193E+00
       834  6.523073E+00
       835  4.136509E+00
       836  6.482697E+00
       837  2.149444E-01
       838  2.530798E-01
       839  2.116904E-01
       840  2.610537E-01
       841  1.592962E-01
       842  2.086223E-01
       843  1.472562E-01
       844  2.174670E-01
       845  2.506193E+00
       846  2.116904E-01
       847  2.610537E-01
       848  2.149444E-01
       849  2.530798E-01
       850  1.472562E-01
       851  2.174670E-01
       852  1.592962E-01
       853  2.086223E-01
       854  2.506193E+00
       855  4.136509E+00
       856  6.482697E+00
       857  4.110193E+00
       858  6.523073E+00
       859  4.155241E+00
       860  6.625930E+00
       861  4.493782E-01
       862  5.771780E-01
       863  3.388043E-01
       864  4.821385E-01
       865  4.495925E-01
       866  5.583890E-01
       867  3.121617E-01
       868  4.276084E-01
       869  7.462762E-01
       870  9.559999E-01
       871  6.665746E-01
       872  8.938446E-01
       873  7.077849E-01
       874  8.970964E-01
       875  5.709198E-01
       876  7.389875E-01
       877  6.036418E+00
       878  4.660140E+00
       879  6.036480E+00
       880  4.660107E+00
       881  5.609282E+00
       882  4.335620E+00
       883  5.609324E+00
       884  4.335603E+00
       885  3.472217E+00
       886  2.470129E+00
       887  3.472113E+00
       888  2.469915E+00
       889  3.235057E+00
       890  2.303111E+00
       891  3.235025E+00
       892  2.303069E+00
       893  1.651834E+00
       894  1.016639E+00
       895  1.651494E+00
       896  1.016092E+00
       897  1.536209E+00
       898  9.315540E-01
       899  1.536195E+00
       900  9.315816E-01
       901  5.659396E-01
       902  3.050692E-01
       903  5.649066E-01
       904  3.035234E-01
       905  4.875266E-01
       906  2.054828E-01
       907  4.876349E-01
       908  2.054346E-01
       909  2.458594E-01
       910  4.684292E-01
       911  2.492855E-01
       912  3.903517E-01
       913  9.250738E-02
       914  1.845665E-01
       915  9.347794E-02
       916  1.638102E-01
       917  6.036480E+00
       918  4.660107E+00
       919  6.036418E+00
       920  4.660140E+00
       921  5.609324E+00
       922  4.335603E+00
       923  5.609282E+00
       924  4.335620E+00
       925  3.472113E+00
       926  2.469915E+00
       927  3.472217E+00
       928  2.470129E+00
       929  3.235025E+00
       930  2.303069E+00
       931  3.235057E+00
       932  2.303111E+00
       933  1.651494E+00
       934  1.016092E+00
       935  1.651834E+00
       936  1.016639E+00
       937  1.536195E+00
       938  9.315816E-01
       939  1.536209E+00
       940  9.315540E-01
       941  5.649066E-01
       942  3.035234E-01
       943  5.659396E-01
       944  3.050692E-01
       945  4.876349E-01
       946  2.054346E-01
       947  4.875266E-01
       948  2.054828E-01
       949  2.492855E-01
       950  3.903517E-01
       951  2.458594E-01
       952  4.684292E-01
       953  9.347794E-02
       954  1.638102E-01
       955  9.250738E-02
       956  1.845665E-01
       957  2.774377E-01
       958  4.000408E-01
       959  4.132559E-01
       960  5.207032E-01
       961  2.589218E-01
       962  3.656363E-01
       963  3.860922E-01
       964  4.872929E-01
       965  5.487366E-01
       966  7.250619E-01
       967  6.666967E-01
       968  8.516591E-01
       969  5.037886E-01
       970  6.733687E-01
       971  6.262126E-01
       972  8.029126E-01
       973  3.745179E+00
       974  6.008354E+00
       975  3.750300E+00
       976  6.017178E+00
       977  4.077081E-01
       978  5.375677E-01
       979  4.404053E-01
       980  5.704350E-01
       981  3.952609E-01
       982  5.037196E-01
       983  3.566452E-01
       984  4.874840E-01
       985  6.844304E-01
       986  8.524148E-01
       987  6.851243E-01
       988  8.569022E-01
       989  6.383604E-01
       990  7.958329E-01
       991  6.206655E-01
       992  7.828278E-01
       993  2.011010E-01
       994  2.510559E-01
       995  2.077923E-01
       996  2.547479E-01
       997  1.326903E-01
       998  2.060990E-01
       999  1.367055E-01
      1000  2.044681E-01
      1001  2.305559E+00
      1002  2.077923E-01
      1003  2.547479E-01
      1004  2.011010E-01
      1005  2.510559E-01
      1006  1.367055E-01
      1007  2.044681E-01
      1008  1.326903E-01
      1009  2.060990E-01
      1010  2.305559E+00
      1011  4.404053E-01
      1012  5.704350E-01
      1013  4.077081E-01
      1014  5.375677E-01
      1015  3.566452E-01
      1016  4.874840E-01
      1017  3.952609E-01
      1018  5.037196E-01
      1019  6.851243E-01
      1020  8.569022E-01
      1021  6.844304E-01
      1022  8.524148E-01
      1023  6.206655E-01
      1024  7.828278E-01
      1025  6.383604E-01
      1026  7.958329E-01
      1027  3.750300E+00
      1028  6.017178E+00
      1029  3.745179E+00
      1030  6.008354E+00
      1031  4.132559E-01
      1032  5.207032E-01
      1033  2.774377E-01
      1034  4.000408E-01
      1035  3.860922E-01
      1036  4.872929E-01
      1037  2.589218E-01
      1038  3.656363E-01
      1039  6.666967E-01
      1040  8.516591E-01
      1041  5.487366E-01
      1042  7.250619E-01
      1043  6.262126E-01
      1044  8.029126E-01
      1045  5.037886E-01
      1046  6.733687E-01
      1047  5.151578E+00
      1048  3.994805E+00
      1049  5.151570E+00
      1050  3.994727E+00
      1051  4.665539E+00
      1052  3.622015E+00
      1053  4.665517E+00
      1054  3.621949E+00
      1055  2.995041E+00
      1056  2.150462E+00
      1057  2.994916E+00
      1058  2.150249E+00
      1059  2.719403E+00
      1060  1.953534E+00
      1061  2.719331E+00
      1062  1.953458E+00
      1063  1.459310E+00
      1064  9.208739E-01
      1065  1.458982E+00
      1066  9.203510E-01
      1067  1.321044E+00
      1068  8.192022E-01
      1069  1.320999E+00
      1070  8.191960E-01
      1071  5.361599E-01
      1072  3.095819E-01
      1073  5.353184E-01
      1074  3.078860E-01
      1075  4.461947E-01
      1076  2.026601E-01
      1077  4.462860E-01
      1078  2.024990E-01
      1079  2.496758E-01
      1080  4.081667E-01
      1081  2.516143E-01
      1082  3.622878E-01
      1083  9.312736E-02
      1084  1.477046E-01
      1085  9.434154E-02
      1086  1.304396E-01
      1087  5.151570E+00
      1088  3.994727E+00
      1089  5.151578E+00
      1090  3.994805E+00
      1091  4.665517E+00
      1092  3.621949E+00
      1093  4.665539E+00
      1094  3.622015E+00
      1095  2.994916E+00
      1096  2.150249E+00
      1097  2.995041E+00
      1098  2.150462E+00
      1099  2.719331E+00
      1100  1.953458E+00
      1101  2.719403E+00
      1102  1.953534E+00
      1103  1.458982E+00
      1104  9.203510E-01
      1105  1.459310E+00
      1106  9.208739E-01
      1107  1.320999E+00
      1108  8.191960E-01
      1109  1.321044E+00
      1110  8.192022E-01
      1111  5.353184E-01
      1112  3.078860E-01
      1113  5.361599E-01
      1114  3.095819E-01
      1115  4.462860E-01
      1116  2.024990E-01
      1117  4.461947E-01
      1118  2.026601E-01
      1119  2.516143E-01
      1120  3.622878E-01
      1121  2.496758E-01
      1122  4.081667E-01
      1123  9.434154E-02
      1124  1.304396E-01
      1125  9.312736E-02
      1126  1.477046E-01
      1127  2.310683E-01
      1128  3.388520E-01
      1129  3.535381E-01
      1130  4.479873E-01
      1131  2.121461E-01
      1132  3.017398E-01
      1133  3.271823E-01
      1134  4.145854E-01
      1135  4.673275E-01
      1136  6.163316E-01
      1137  5.746141E-01
      1138  7.333246E-01
      1139  4.173011E-01
      1140  5.581582E-01
      1141  5.339058E-01
      1142  6.846410E-01
      1143  3.206759E+00
      1144  5.163247E+00
      1145  3.222380E+00
      1146  5.165576E+00
      1147  3.423563E-01
      1148  4.558621E-01
      1149  3.784516E-01
      1150  4.822222E-01
      1151  3.362340E-01
      1152  4.306762E-01
      1153  2.994348E-01
      1154  4.130205E-01
      1155  5.840234E-01
      1156  7.309743E-01
      1157  5.877137E-01
      1158  7.421227E-01
      1159  5.505108E-01
      1160  6.923424E-01
      1161  5.280362E-01
      1162  6.770151E-01
      1163  1.826580E-01
      1164  2.295428E-01
      1165  1.939037E-01
      1166  2.323227E-01
      1167  1.085034E-01
      1168  1.753071E-01
      1169  1.118435E-01
      1170  1.713936E-01
      1171  1.973855E+00
      1172  1.939037E-01
      1173  2.323227E-01
      1174  1.826580E-01
      1175  2.295428E-01
      1176  1.118435E-01
      1177  1.713936E-01
      1178  1.085034E-01
      1179  1.753071E-01
      1180  1.973855E+00
      1181  3.784516E-01
      1182  4.822222E-01
      1183  3.423563E-01
      1184  4.558621E-01
      1185  2.994348E-01
      1186  4.130205E-01
      1187  3.362340E-01
      1188  4.306762E-01
      1189  5.877137E-01
      1190  7.421227E-01
      1191  5.840234E-01
      1192  7.309743E-01
      1193  5.280362E-01
      1194  6.770151E-01
      1195  5.505108E-01
      1196  6.923424E-01
      1197  3.222380E+00
      1198  5.165576E+00
      1199  3.206759E+00
      1200  5.163247E+00
      1201  3.535381E-01
      1202  4.479873E-01
      1203  2.310683E-01
      1204  3.388520E-01
      1205  3.271823E-01
      1206  4.145854E-01
      1207  2.121461E-01
      1208  3.017398E-01
      1209  5.746141E-01
      1210  7.333246E-01
      1211  4.673275E-01
      1212  6.163316E-01
      1213  5.339058E-01
      1214  6.846410E-01
      1215  4.173011E-01
      1216  5.581582E-01
      1217  4.166306E+00
      1218  3.246027E+00
      1219  4.166268E+00
      1220  3.245925E+00
      1221  3.643192E+00
      1222  2.840866E+00
      1223  3.643168E+00
      1224  2.840794E+00
      1225  2.451190E+00
      1226  1.779707E+00
      1227  2.451042E+00
      1228  1.779476E+00
      1229  2.148685E+00
      1230  1.561265E+00
      1231  2.148605E+00
      1232  1.561188E+00
      1233  1.229528E+00
      1234  7.996627E-01
      1235  1.229189E+00
      1236  7.991412E-01
      1237  1.074491E+00
      1238  6.852011E-01
      1239  1.074451E+00
      1240  6.852021E-01
      1241  4.908540E-01
      1242  3.071328E-01
      1243  4.900692E-01
      1244  3.054928E-01
      1245  3.912663E-01
      1246  1.930134E-01
      1247  3.913797E-01
      1248  1.928398E-01
      1249  2.553036E-01
      1250  3.827818E-01
      1251  2.576276E-01
      1252  3.375070E-01
      1253  9.398887E-02
      1254  1.228457E-01
      1255  9.561779E-02
      1256  1.043957E-01
      1257  4.166268E+00
      1258  3.245925E+00
      1259  4.166306E+00
      1260  3.246027E+00
      1261  3.643168E+00
      1262  2.840794E+00
      1263  3.643192E+00
      1264  2.840866E+00
      1265  2.451042E+00
      1266  1.779476E+00
      1267  2.451190E+00
      1268  1.779707E+00
      1269  2.148605E+00
      1270  1.561188E+00
      1271  2.148685E+00
      1272  1.561265E+00
      1273  1.229189E+00
      1274  7.991412E-01
      1275  1.229528E+00
      1276  7.996627E-01
      1277  1.074451E+00
      1278  6.852021E-01
      1279  1.074491E+00
      1280  6.852011E-01
      1281  4.900692E-01
      1282  3.054928E-01
      1283  4.908540E-01
      1284  3.071328E-01
      1285  3.913797E-01
      1286  1.928398E-01
      1287  3.912663E-01
      1288  1.930134E-01
      1289  2.576276E-01
      1290  3.375070E-01
      1291  2.553036E-01
      1292  3.827818E-01
      1293  9.561779E-02
      1294  1.043957E-01
      1295  9.398887E-02
      1296  1.228457E-01
      1297  1.861904E-01
      1298  2.715206E-01
      1299  2.859732E-01
      1300  3.574034E-01
      1301  1.614222E-01
      1302  2.298195E-01
      1303  2.224640E-01
      1304  2.891265E-01
      1305  3.719124E-01
      1306  4.892635E-01
      1307  4.519075E-01
      1308  5.715099E-01
      1309  3.072401E-01
      1310  3.873907E-01
      1311  3.721969E-01
      1312  4.678794E-01
      1313  2.483473E+00
      1314  4.012263E+00
      1315  2.621701E+00
      1316  4.262841E+00
      1317  2.843250E-01
      1318  3.834001E-01
      1319  3.295000E-01
      1320  4.134707E-01
      1321  2.749418E-01
      1322  3.538023E-01
      1323  2.424660E-01
      1324  3.364302E-01
      1325  4.934086E-01
      1326  6.156643E-01
      1327  4.971811E-01
      1328  6.288156E-01
      1329  4.535842E-01
      1330  5.735998E-01
      1331  4.435150E-01
      1332  5.739667E-01
      1333  1.632083E-01
      1334  1.996388E-01
      1335  1.744167E-01
      1336  2.021533E-01
      1337  8.477315E-02
      1338  1.411077E-01
      1339  8.730783E-02
      1340  1.369916E-01
      1341  1.672257E+00
      1342  1.744167E-01
      1343  2.021533E-01
      1344  1.632083E-01
      1345  1.996388E-01
      1346  8.730783E-02
      1347  1.369916E-01
      1348  8.477315E-02
      1349  1.411077E-01
      1350  1.672257E+00
      1351  3.295000E-01
      1352  4.134707E-01
      1353  2.843250E-01
      1354  3.834001E-01
      1355  2.424660E-01
      1356  3.364302E-01
      1357  2.749418E-01
      1358  3.538023E-01
      1359  4.971811E-01
      1360  6.288156E-01
      1361  4.934086E-01
      1362  6.156643E-01
      1363  4.435150E-01
      1364  5.739667E-01
      1365  4.535842E-01
      1366  5.735998E-01
      1367  2.621701E+00
      1368  4.262841E+00
      1369  2.483473E+00
      1370  4.012263E+00
      1371  2.859732E-01
      1372  3.574034E-01
      1373  1.861904E-01
      1374  2.715206E-01
      1375  2.224640E-01
      1376  2.891265E-01
      1377  1.614222E-01
      1378  2.298195E-01
      1379  4.519075E-01
      1380  5.715099E-01
      1381  3.719124E-01
      1382  4.892635E-01
      1383  3.721969E-01
      1384  4.678794E-01
      1385  3.072401E-01
      1386  3.873907E-01
      1387  3.108499E+00
      1388  2.437426E+00
      1389  3.108335E+00
      1390  2.437208E+00
      1391  2.590815E+00
      1392  2.030189E+00
      1393  2.590748E+00
      1394  2.030155E+00
      1395  1.857733E+00
      1396  1.368074E+00
      1397  1.857469E+00
      1398  1.367725E+00
      1399  1.542610E+00
      1400  1.127829E+00
      1401  1.542634E+00
      1402  1.127898E+00
      1403  9.676243E-01
      1404  6.561780E-01
      1405  9.671634E-01
      1406  6.555327E-01
      1407  7.838965E-01
      1408  5.087017E-01
      1409  7.840228E-01
      1410  5.088674E-01
      1411  4.344771E-01
      1412  3.054871E-01
      1413  4.336344E-01
      1414  3.037258E-01
      1415  3.007241E-01
      1416  1.602643E-01
      1417  3.010074E-01
      1418  1.601069E-01
      1419  2.721567E-01
      1420  3.771216E-01
      1421  2.749322E-01
      1422  3.301442E-01
      1423  8.794648E-02
      1424  1.058621E-01
      1425  8.986774E-02
      1426  8.640274E-02
      1427  3.108335E+00
      1428  2.437208E+00
      1429  3.108499E+00
      1430  2.437426E+00
      1431  2.590748E+00
      1432  2.030155E+00
      1433  2.590815E+00
      1434  2.030189E+00
      1435  1.857469E+00
      1436  1.367725E+00
      1437  1.857733E+00
      1438  1.368074E+00
      1439  1.542634E+00
      1440  1.127898E+00
      1441  1.542610E+00
      1442  1.127829E+00
      1443  9.671634E-01
      1444  6.555327E-01
      1445  9.676243E-01
      1446  6.561780E-01
      1447  7.840228E-01
      1448  5.088674E-01
      1449  7.838965E-01
      1450  5.087017E-01
      1451  4.336344E-01
      1452  3.037258E-01
      1453  4.344771E-01
      1454  3.054871E-01
      1455  3.010074E-01
      1456  1.601069E-01
      1457  3.007241E-01
      1458  1.602643E-01
      1459  2.749322E-01
      1460  3.301442E-01
      1461  2.721567E-01
      1462  3.771216E-01
      1463  8.986774E-02
      1464  8.640274E-02
      1465  8.794648E-02
      1466  1.058621E-01
      1467  1.333225E-01
      1468  2.040808E-01
      1469  1.546738E-01
      1470  2.220593E-01
      1471  1.013469E-01
      1472  1.568868E-01
      1473  1.060845E-01
      1474  1.590310E-01
      1475  3.166287E-01
      1476  4.761597E-01
      1477  3.339122E-01
      1478  4.942687E-01
      1479  2.359449E-01
      1480  3.383597E-01
      1481  2.351169E-01
      1482  3.321220E-01
      1483  1.690325E-01
      1484  2.468823E-01
      1485  2.550827E-01
      1486  3.174117E-01
      1487  1.318477E-01
      1488  1.911356E-01
      1489  2.433227E-01
      1490  2.939074E-01
      1491  3.536571E-01
      1492  4.898340E-01
      1493  4.130226E-01
      1494  5.402115E-01
      1495  2.649505E-01
      1496  3.480570E-01
      1497  3.732062E-01
      1498  4.802798E-01
      1499  2.180651E+00
      1500  3.535714E+00
      1501  2.207949E-01
      1502  2.996370E-01
      1503  2.802661E-01
      1504  3.444706E-01
      1505  2.185904E-01
      1506  2.768327E-01
      1507  1.801168E-01
      1508  2.351382E-01
      1509  3.877542E-01
      1510  4.911469E-01
      1511  4.047103E-01
      1512  5.022801E-01
      1513  3.495691E-01
      1514  4.366136E-01
      1515  3.024852E-01
      1516  3.878244E-01
      1517  1.470850E-01
      1518  1.693182E-01
      1519  1.598504E-01
      1520  1.731711E-01
      1521  5.794540E-02
      1522  8.925552E-02
      1523  5.954140E-02
      1524  8.654374E-02
      1525  1.190780E+00
      1526  1.598504E-01
      1527  1.731711E-01
      1528  1.470850E-01
      1529  1.693182E-01
      1530  5.954140E-02
      1531  8.654374E-02
      1532  5.794540E-02
      1533  8.925552E-02
      1534  1.190780E+00
      1535  2.802661E-01
      1536  3.444706E-01
      1537  2.207949E-01
      1538  2.996370E-01
      1539  1.801168E-01
      1540  2.351382E-01
      1541  2.185904E-01
      1542  2.768327E-01
      1543  4.047103E-01
      1544  5.022801E-01
      1545  3.877542E-01
      1546  4.911469E-01
      1547  3.024852E-01
      1548  3.878244E-01
      1549  3.495691E-01
      1550  4.366136E-01
      1551  2.180651E+00
      1552  3.535714E+00
      1553  2.550827E-01
      1554  3.174117E-01
      1555  1.690325E-01
      1556  2.468823E-01
      1557  2.433227E-01
      1558  2.939074E-01
      1559  1.318477E-01
      1560  1.911356E-01
      1561  4.130226E-01
      1562  5.402115E-01
      1563  3.536571E-01
      1564  4.898340E-01
      1565  3.732062E-01
      1566  4.802798E-01
      1567  2.649505E-01
      1568  3.480570E-01
      1569  1.546738E-01
      1570  2.220593E-01
      1571  1.333225E-01
      1572  2.040808E-01
      1573  1.060845E-01
      1574  1.590310E-01
      1575  1.013469E-01
      1576  1.568868E-01
      1577  3.339122E-01
      1578  4.942687E-01
      1579  3.166287E-01
      1580  4.761597E-01
      1581  2.351169E-01
      1582  3.321220E-01
      1583  2.359449E-01
      1584  3.383597E-01
      1585  2.125445E+00
      1586  1.663670E+00
      1587  2.125449E+00
      1588  1.663559E+00
      1589  1.584072E+00
      1590  1.244239E+00
      1591  1.584037E+00
      1592  1.244178E+00
      1593  1.275194E+00
      1594  9.526036E-01
      1595  1.274987E+00
      1596  9.523015E-01
      1597  9.605326E-01
      1598  7.268588E-01
      1599  9.604541E-01
      1600  7.267643E-01
      1601  6.907040E-01
      1602  4.857823E-01
      1603  6.903134E-01
      1604  4.852869E-01
      1605  5.379317E-01
      1606  3.891791E-01
      1607  5.378399E-01
      1608  3.890656E-01
      1609  3.352540E-01
      1610  2.383711E-01
      1611  3.347093E-01
      1612  2.370518E-01
      1613  2.767220E-01
      1614  1.982379E-01
      1615  2.767879E-01
      1616  1.974982E-01
      1617  1.931692E-01
      1618  2.314981E-01
      1619  1.972246E-01
      1620  1.951118E-01
      1621  1.485880E-01
      1622  1.542557E-01
      1623  1.521409E-01
      1624  1.219567E-01
      1625  2.125449E+00
      1626  1.663559E+00
      1627  2.125445E+00
      1628  1.663670E+00
      1629  1.584037E+00
      1630  1.244178E+00
      1631  1.584072E+00
      1632  1.244239E+00
      1633  1.274987E+00
      1634  9.523015E-01
      1635  1.275194E+00
      1636  9.526036E-01
      1637  9.604541E-01
      1638  7.267643E-01
      1639  9.605326E-01
      1640  7.268588E-01
      1641  6.903134E-01
      1642  4.852869E-01
      1643  6.907040E-01
      1644  4.857823E-01
      1645  5.378399E-01
      1646  3.890656E-01
      1647  5.379317E-01
      1648  3.891791E-01
      1649  3.347093E-01
      1650  2.370518E-01
      1651  3.352540E-01
      1652  2.383711E-01
      1653  2.767879E-01
      1654  1.974982E-01
      1655  2.767220E-01
      1656  1.982379E-01
      1657  1.972246E-01
      1658  1.951118E-01
      1659  1.931692E-01
      1660  2.314981E-01
      1661  1.521409E-01
      1662  1.219567E-01
      1663  1.485880E-01
      1664  1.542557E-01
      1665  7.493701E-02
      1666  1.213742E-01
      1667  7.925995E-02
      1668  1.254628E-01
      1669  6.187282E-02
      1670  9.433380E-02
      1671  6.735353E-02
      1672  9.577589E-02
      1673  1.868244E-01
      1674  2.707869E-01
      1675  1.922662E-01
      1676  2.800312E-01
      1677  1.460242E-01
      1678  2.175754E-01
      1679  1.450525E-01
      1680  2.152955E-01
      1681  9.915692E-02
      1682  1.528991E-01
      1683  1.981689E-01
      1684  2.357249E-01
      1685  8.386488E-02
      1686  1.175730E-01
      1687  1.637748E-01
      1688  1.941307E-01
      1689  2.201404E-01
      1690  3.049290E-01
      1691  2.980582E-01
      1692  3.859251E-01
      1693  1.654431E-01
      1694  2.238036E-01
      1695  2.455710E-01
      1696  3.183544E-01
      1697  1.596408E+00
      1698  2.505346E+00
      1699  2.025717E-01
      1700  2.578128E-01
      1701  2.049903E-01
      1702  2.206197E-01
      1703  1.693477E-01
      1704  2.129294E-01
      1705  1.133458E-01
      1706  1.274664E-01
      1707  3.216077E-01
      1708  4.031243E-01
      1709  2.708574E-01
      1710  3.614338E-01
      1711  2.650800E-01
      1712  3.313734E-01
      1713  1.653574E-01
      1714  2.171108E-01
      1715  7.903091E-02
      1716  8.440353E-02
      1717  7.875407E-02
      1718  8.334799E-02
      1719  3.857808E-02
      1720  3.796087E-02
      1721  3.792872E-02
      1722  3.667029E-02
      1723  9.330798E-02
      1724  1.315068E-01
      1725  9.268343E-02
      1726  1.322017E-01
      1727  5.057349E-02
      1728  7.271286E-02
      1729  4.893963E-02
      1730  7.083493E-02
      1731  7.875407E-02
      1732  8.334799E-02
      1733  7.903091E-02
      1734  8.440353E-02
      1735  3.792872E-02
      1736  3.667029E-02
      1737  3.857808E-02
      1738  3.796087E-02
      1739  9.268343E-02
      1740  1.322017E-01
      1741  9.330798E-02
      1742  1.315068E-01
      1743  4.893963E-02
      1744  7.083493E-02
      1745  5.057349E-02
      1746  7.271286E-02
      1747  2.049903E-01
      1748  2.206197E-01
      1749  2.025717E-01
      1750  2.578128E-01
      1751  1.133458E-01
      1752  1.274664E-01
      1753  1.693477E-01
      1754  2.129294E-01
      1755  2.708574E-01
      1756  3.614338E-01
      1757  3.216077E-01
      1758  4.031243E-01
      1759  1.653574E-01
      1760  2.171108E-01
      1761  2.650800E-01
      1762  3.313734E-01
      1763  1.596408E+00
      1764  2.505346E+00
      1765  1.981689E-01
      1766  2.357249E-01
      1767  9.915692E-02
      1768  1.528991E-01
      1769  1.637748E-01
      1770  1.941307E-01
      1771  8.386488E-02
      1772  1.175730E-01
      1773  2.980582E-01
      1774  3.859251E-01
      1775  2.201404E-01
      1776  3.049290E-01
      1777  2.455710E-01
      1778  3.183544E-01
      1779  1.654431E-01
      1780  2.238036E-01
      1781  7.925995E-02
      1782  1.254628E-01
      1783  7.493701E-02
      1784  1.213742E-01
      1785  6.735353E-02
      1786  9.577589E-02
      1787  6.187282E-02
      1788  9.433380E-02
      1789  1.922662E-01
      1790  2.800312E-01
      1791  1.868244E-01
      1792  2.707869E-01
      1793  1.450525E-01
      1794  2.152955E-01
      1795  1.460242E-01
      1796  2.175754E-01
      1797  1.031979E+00
      1798  8.190266E-01
      1799  1.031959E+00
      1800  8.188928E-01
      1801  5.281201E-01
      1802  4.317696E-01
      1803  5.279613E-01
      1804  4.316039E-01
      1805  6.469878E-01
      1806  5.102600E-01
      1807  6.467960E-01
      1808  5.100128E-01
      1809  3.627718E-01
      1810  3.112778E-01
      1811  3.625714E-01
      1812  3.110515E-01
      1813  4.032569E-01
      1814  3.217587E-01
      1815  4.029642E-01
      1816  3.214031E-01
      1817  2.717527E-01
      1818  2.402627E-01
      1819  2.715236E-01
      1820  2.400066E-01
      1821  2.627082E-01
      1822  2.249982E-01
      1823  2.624350E-01
      1824  2.235600E-01
      1825  2.140736E-01
      1826  1.926801E-01
      1827  2.140325E-01
      1828  1.915248E-01
      1829  2.034144E-01
      1830  2.342469E-01
      1831  2.094267E-01
      1832  1.892328E-01
      1833  1.719939E-01
      1834  1.891388E-01
      1835  1.770325E-01
      1836  1.486385E-01
      1837  1.031959E+00
      1838  8.188928E-01
      1839  1.031979E+00
      1840  8.190266E-01
      1841  5.279613E-01
      1842  4.316039E-01
      1843  5.281201E-01
      1844  4.317696E-01
      1845  6.467960E-01
      1846  5.100128E-01
      1847  6.469878E-01
      1848  5.102600E-01
      1849  3.625714E-01
      1850  3.110515E-01
      1851  3.627718E-01
      1852  3.112778E-01
      1853  4.029642E-01
      1854  3.214031E-01
      1855  4.032569E-01
      1856  3.217587E-01
      1857  2.715236E-01
      1858  2.400066E-01
      1859  2.717527E-01
      1860  2.402627E-01
      1861  2.624350E-01
      1862  2.235600E-01
      1863  2.627082E-01
      1864  2.249982E-01
      1865  2.140325E-01
      1866  1.915248E-01
      1867  2.140736E-01
      1868  1.926801E-01
      1869  2.094267E-01
      1870  1.892328E-01
      1871  2.034144E-01
      1872  2.342469E-01
      1873  1.770325E-01
      1874  1.486385E-01
      1875  1.719939E-01
      1876  1.891388E-01
      1877  3.915139E-02
      1878  6.395635E-02
      1879  4.284059E-02
      1880  6.730079E-02
      1881  3.782732E-02
      1882  4.448665E-02
      1883  4.879481E-02
      1884  4.688119E-02
      1885  1.025660E-01
      1886  1.548671E-01
      1887  1.057376E-01
      1888  1.580254E-01
      1889  6.913711E-02
      1890  1.120277E-01
      1891  6.769540E-02
      1892  1.106692E-01
      1893  5.841244E-02
      1894  8.764958E-02
      1895  1.317373E-01
      1896  1.432062E-01
      1897  5.922952E-02
      1898  6.387249E-02
      1899  1.094867E-01
      1900  1.159893E-01
      1901  1.243516E-01
      1902  1.719015E-01
      1903  1.743622E-01
      1904  2.247495E-01
      1905  8.227704E-02
      1906  1.095528E-01
      1907  1.388703E-01
      1908  1.798935E-01
      1909  9.770122E-01
      1910  1.359219E+00
      1911  1.345505E-01
      1912  1.584890E-01
      1913  1.660580E-01
      1914  1.269315E-01
      1915  1.034752E-01
      1916  1.085039E-01
      1917  1.079184E-01
      1918  6.664296E-02
      1919  1.808580E-01
      1920  2.124983E-01
      1921  1.367186E-01
      1922  1.706387E-01
      1923  1.213781E-01
      1924  1.468476E-01
      1925  7.030397E-02
      1926  8.803990E-02
      1927  5.721313E-02
      1928  4.030438E-02
      1929  5.419535E-02
      1930  3.901310E-02
      1931  3.653841E-02
      1932  1.961788E-02
      1933  3.512461E-02
      1934  1.913799E-02
      1935  4.367533E-02
      1936  6.013868E-02
      1937  4.257502E-02
      1938  5.999706E-02
      1939  2.008820E-02
      1940  2.917306E-02
      1941  1.926112E-02
      1942  2.841552E-02
      1943  5.419535E-02
      1944  3.901310E-02
      1945  5.721313E-02
      1946  4.030438E-02
      1947  3.512461E-02
      1948  1.913799E-02
      1949  3.653841E-02
      1950  1.961788E-02
      1951  4.257502E-02
      1952  5.999706E-02
      1953  4.367533E-02
      1954  6.013868E-02
      1955  1.926112E-02
      1956  2.841552E-02
      1957  2.008820E-02
      1958  2.917306E-02
      1959  1.660580E-01
      1960  1.269315E-01
      1961  1.345505E-01
      1962  1.584890E-01
      1963  1.079184E-01
      1964  6.664296E-02
      1965  1.034752E-01
      1966  1.085039E-01
      1967  1.367186E-01
      1968  1.706387E-01
      1969  1.808580E-01
      1970  2.124983E-01
      1971  7.030397E-02
      1972  8.803990E-02
      1973  1.213781E-01
      1974  1.468476E-01
      1975  9.770122E-01
      1976  1.359219E+00
      1977  1.317373E-01
      1978  1.432062E-01
      1979  5.841244E-02
      1980  8.764958E-02
      1981  1.094867E-01
      1982  1.159893E-01
      1983  5.922952E-02
      1984  6.387249E-02
      1985  1.743622E-01
      1986  2.247495E-01
      1987  1.243516E-01
      1988  1.719015E-01
      1989  1.388703E-01
      1990  1.798935E-01
      1991  8.227704E-02
      1992  1.095528E-01
      1993  4.284059E-02
      1994  6.730079E-02
      1995  3.915139E-02
      1996  6.395635E-02
      1997  4.879481E-02
      1998  4.688119E-02
      1999  3.782732E-02
      2000  4.448665E-02
      2001  1.057376E-01
      2002  1.580254E-01
      2003  1.025660E-01
      2004  1.548671E-01
      2005  6.769540E-02
      2006  1.106692E-01
      2007  6.913711E-02
      2008  1.120277E-01
      2009  1.561086E-01
      2010  1.521648E-01
      2011  1.559741E-01
      2012  1.519226E-01
      2013  2.146040E-03
      2014  1.808325E-03
      2015  2.139937E-03
      2016  1.803945E-03
      2017  7.217711E-04
      2018  1.367574E-03
      2019  7.131637E-04
      2020  1.368662E-03
      2021  1.692569E-02
      2022  2.130776E-03
      2023  1.797632E-03
      2024  2.128818E-03
      2025  1.796359E-03
      2026  7.087242E-04
      2027  1.368461E-03
      2028  7.067225E-04
      2029  1.367703E-03
      2030  1.685863E-02
      2031  1.557813E-01
      2032  1.655316E-01
      2033  1.554985E-01
      2034  1.652155E-01
      2035  2.563678E-02
      2036  3.857899E-02
      2037  2.552560E-02
      2038  3.839275E-02
      2039  1.780863E-01
      2040  1.904807E-01
      2041  1.777464E-01
      2042  1.901057E-01
      2043  5.588078E-02
      2044  7.773203E-02
      2045  5.560741E-02
      2046  7.743531E-02
      2047  1.999566E-01
      2048  2.050978E-01
      2049  1.996948E-01
      2050  2.035275E-01
      2051  1.048778E-01
      2052  1.372835E-01
      2053  1.038815E-01
      2054  1.368394E-01
      2055  1.995741E-01
      2056  2.263440E-01
      2057  2.064214E-01
      2058  1.803758E-01
      2059  1.728817E-01
      2060  2.941300E-01
      2061  1.861840E-01
      2062  1.825624E-01
      2063  1.559741E-01
      2064  1.519226E-01
      2065  1.561086E-01
      2066  1.521648E-01
      2067  2.128818E-03
      2068  1.796359E-03
      2069  2.130776E-03
      2070  1.797632E-03
      2071  7.067225E-04
      2072  1.367703E-03
      2073  7.087242E-04
      2074  1.368461E-03
      2075  1.685863E-02
      2076  2.139937E-03
      2077  1.803945E-03
      2078  2.146040E-03
      2079  1.808325E-03
      2080  7.131637E-04
      2081  1.368662E-03
      2082  7.217711E-04
      2083  1.367574E-03
      2084  1.692569E-02
      2085  1.554985E-01
      2086  1.652155E-01
      2087  1.557813E-01
      2088  1.655316E-01
      2089  2.552560E-02
      2090  3.839275E-02
      2091  2.563678E-02
      2092  3.857899E-02
      2093  1.777464E-01
      2094  1.901057E-01
      2095  1.780863E-01
      2096  1.904807E-01
      2097  5.560741E-02
      2098  7.743531E-02
      2099  5.588078E-02
      2100  7.773203E-02
      2101  1.996948E-01
      2102  2.035275E-01
      2103  1.999566E-01
      2104  2.050978E-01
      2105  1.038815E-01
      2106  1.368394E-01
      2107  1.048778E-01
      2108  1.372835E-01
      2109  2.064214E-01
      2110  1.803758E-01
      2111  1.995741E-01
      2112  2.263440E-01
      2113  1.861840E-01
      2114  1.825624E-01
      2115  1.728817E-01
      2116  2.941300E-01
      2117  3.463380E-02
      2118  3.804031E-02
      2119  4.999206E-02
      2120  3.531819E-02
      2121  3.577269E-02
      2122  4.604066E-02
      2123  6.805159E-02
      2124  2.514501E-02
      2125  5.134076E-02
      2126  7.558342E-02
      2127  4.565696E-02
      2128  8.112163E-02
      2129  5.341323E-02
      2130  5.634807E-02
      2131  2.222733E-02
      2132  5.960966E-02
      2133  6.676256E-02
      2134  4.601119E-02
      2135  1.168801E-01
      2136  7.069549E-02
      2137  8.713973E-02
      2138  3.681780E-02
      2139  1.148319E-01
      2140  5.538938E-02
      2141  5.087039E-02
      2142  8.507953E-02
      2143  6.790072E-02
      2144  1.072455E-01
      2145  2.895953E-02
      2146  6.353905E-02
      2147  5.071080E-02
      2148  1.003048E-01
      2149  6.304071E-01
      2150  5.319451E-01
      2151  1.095446E-01
      2152  6.333875E-02
      2153  1.906721E-01
      2154  5.633559E-02
      2155  1.874172E-01
      2156  8.305985E-02
      2157  4.156675E-01
      2158  9.531255E-02
      2159  6.012673E-02
      2160  1.022604E-01
      2161  5.212160E-02
      2162  1.134936E-01
      2163  8.651316E-02
      2164  2.287125E-01
      2165  1.248178E-01
      2166  3.561773E-01
      2167  4.717588E-02
      2168  1.632970E-02
      2169  4.369199E-02
      2170  1.544317E-02
      2171  6.558721E-02
      2172  2.821216E-02
      2173  5.644047E-02
      2174  2.663295E-02
      2175  1.573396E-02
      2176  4.268284E-02
      2177  1.480133E-02
      2178  4.269347E-02
      2179  5.493477E-02
      2180  1.653648E-01
      2181  6.057460E-02
      2182  1.756877E-01
      2183  4.369199E-02
      2184  1.544317E-02
      2185  4.717588E-02
      2186  1.632970E-02
      2187  5.644047E-02
      2188  2.663295E-02
      2189  6.558721E-02
      2190  2.821216E-02
      2191  1.480133E-02
      2192  4.269347E-02
      2193  1.573396E-02
      2194  4.268284E-02
      2195  6.057460E-02
      2196  1.756877E-01
      2197  5.493477E-02
      2198  1.653648E-01
      2199  1.906721E-01
      2200  5.633559E-02
      2201  1.095446E-01
      2202  6.333875E-02
      2203  4.156675E-01
      2204  9.531255E-02
      2205  1.874172E-01
      2206  8.305985E-02
      2207  5.212160E-02
      2208  1.134936E-01
      2209  6.012673E-02
      2210  1.022604E-01
      2211  1.248178E-01
      2212  3.561773E-01
      2213  8.651316E-02
      2214  2.287125E-01
      2215  6.304071E-01
      2216  5.319451E-01
      2217  1.168801E-01
      2218  7.069549E-02
      2219  6.676256E-02
      2220  4.601119E-02
      2221  1.148319E-01
      2222  5.538938E-02
      2223  8.713973E-02
      2224  3.681780E-02
      2225  6.790072E-02
      2226  1.072455E-01
      2227  5.087039E-02
      2228  8.507953E-02
      2229  5.071080E-02
      2230  1.003048E-01
      2231  2.895953E-02
      2232  6.353905E-02
      2233  4.999206E-02
      2234  3.531819E-02
      2235  3.463380E-02
      2236  3.804031E-02
      2237  6.805159E-02
      2238  2.514501E-02
      2239  3.577269E-02
      2240  4.604066E-02
      2241  4.565696E-02
      2242  8.112163E-02
      2243  5.134076E-02
      2244  7.558342E-02
      2245  2.222733E-02
      2246  5.960966E-02
      2247  5.341323E-02
      2248  5.634807E-02
