
                        S T E P       1


                                INCREMENT     1


 displacements (vx,vy,vz) for set TIP_TOP and time  0.1000000E+01

      1799  1.000560E-01 -3.035319E-03 -2.631869E+00
      1800  9.999512E-02 -2.989746E-03 -2.625174E+00
      1803  9.979622E-02 -2.888031E-03 -2.618539E+00
      1806  9.966700E-02 -2.346153E-03 -2.612428E+00
      1808  9.964601E-02 -9.317045E-04 -2.608483E+00
      1810  9.962919E-02  3.628889E-11 -2.608236E+00
      1812  9.964601E-02  9.317046E-04 -2.608483E+00
      1815  9.966700E-02  2.346153E-03 -2.612428E+00
      1818  9.979622E-02  2.888031E-03 -2.618539E+00
      1821  9.999512E-02  2.989746E-03 -2.625174E+00
      1824  1.000560E-01  3.035319E-03 -2.631869E+00

 forces (fx,fy,fz) for set CLAMP and time  0.1000000E+01

         1  4.201535E+03  6.171914E+03  1.896128E+03
         4  7.575311E+03  4.792670E-08  3.787605E+03
         5  5.958302E+03  9.696194E+03  1.338039E+02
         8  1.054678E+04  8.546904E-08  2.736884E+02
         9  3.981686E+03  6.384327E+03 -1.672118E+02
        12  7.002859E+03  7.314972E-08 -3.284157E+02
        13  2.071370E+03  3.261190E+03 -3.812161E+02
        16  3.633158E+03  5.986626E-08 -7.549355E+02
        17  1.304295E+02  1.156339E+02 -4.360519E+02
        20  2.161477E+02  4.585367E-08 -8.686232E+02
        21 -1.133809E+03 -1.058247E+03 -1.445600E+03
        24 -1.542523E+03  1.946183E-08 -5.067238E+02
        26  4.201535E+03 -6.171914E+03  1.896128E+03
        28  5.958302E+03 -9.696194E+03  1.338039E+02
        30  3.981686E+03 -6.384327E+03 -1.672118E+02
        32  2.071370E+03 -3.261190E+03 -3.812161E+02
        34  1.304295E+02 -1.156339E+02 -4.360519E+02
        36 -1.133809E+03  1.058247E+03 -1.445600E+03
        37 -7.441901E+02 -5.969436E+02 -1.433255E+03
        40 -7.670545E+02 -1.417814E+02 -2.550122E+03
        41 -2.178544E+03 -1.376929E+03 -3.702280E+02
        44 -3.099411E+03 -3.181644E+02 -7.252609E+02
        45 -1.634481E+03 -7.822577E+02  1.743105E+03
        48 -2.734960E+03 -1.768563E+02  3.238977E+03
        50 -6.010756E+02 -1.393326E+02 -2.361616E+03
        52 -2.952276E+03 -2.979811E+02 -7.363784E+02
        54 -2.767201E+03 -1.584026E+02  3.108426E+03
        56 -5.778280E+02 -1.104017E+02 -2.344777E+03
        58 -2.965987E+03 -2.132108E+02 -7.341211E+02
        60 -2.816425E+03 -1.054742E+02  3.113692E+03
        62 -2.065332E+03 -8.571981E+01 -4.638373E+02
        64 -1.945311E+03 -3.792430E+01  2.154198E+03
        66 -1.109616E+03  7.631123E-09 -2.371833E+02
        68 -1.040994E+03  4.668065E-09  1.157283E+03
        70 -2.065332E+03  8.571981E+01 -4.638373E+02
        72 -1.945311E+03  3.792430E+01  2.154198E+03
        74 -5.778280E+02  1.104017E+02 -2.344777E+03
        76 -2.965987E+03  2.132108E+02 -7.341211E+02
        78 -2.816425E+03  1.054742E+02  3.113692E+03
        80 -6.010756E+02  1.393326E+02 -2.361616E+03
        82 -2.952276E+03  2.979811E+02 -7.363784E+02
        84 -2.767201E+03  1.584026E+02  3.108426E+03
        86 -7.670545E+02  1.417814E+02 -2.550122E+03
        88 -3.099411E+03  3.181644E+02 -7.252609E+02
        90 -2.734960E+03  1.768563E+02  3.238977E+03
        92 -7.441901E+02  5.969436E+02 -1.433255E+03
        94 -2.178544E+03  1.376929E+03 -3.702280E+02
        96 -1.634481E+03  7.822577E+02  1.743105E+03

 internal energy (element, energy) for set EALL and time  0.1000000E+01

         1  5.926141E+01
         2  2.859730E+01
         3  1.083531E+01
         4  1.915528E+00
         5  1.618640E+00
         6  5.926141E+01
         7  2.859730E+01
         8  1.083531E+01
         9  1.915528E+00
        10  1.618640E+00
        11  4.807901E+00
        12  7.243516E+00
        13  4.073923E+00
        14  6.440355E+00
        15  3.877446E+00
        16  6.277922E+00
        17  3.941751E+00
        18  6.338316E+00
        19  1.457987E+00
        20  2.333194E+00
        21  1.457987E+00
        22  2.333194E+00
        23  3.941751E+00
        24  6.338316E+00
        25  3.877446E+00
        26  6.277922E+00
        27  4.073923E+00
        28  6.440355E+00
        29  4.807901E+00
        30  7.243516E+00
        31  7.207800E+01
        32  4.052364E+01
        33  1.575974E+01
        34  3.061499E+00
        35  2.674975E+00
        36  7.207800E+01
        37  4.052364E+01
        38  1.575974E+01
        39  3.061499E+00
        40  2.674975E+00
        41  5.248911E+00
        42  7.593469E+00
        43  5.676654E+00
        44  8.106840E+00
        45  5.711491E+00
        46  8.160808E+00
        47  5.720740E+00
        48  8.207349E+00
        49  2.073230E+00
        50  2.991175E+00
        51  2.073230E+00
        52  2.991175E+00
        53  5.720740E+00
        54  8.207349E+00
        55  5.711491E+00
        56  8.160808E+00
        57  5.676654E+00
        58  8.106840E+00
        59  5.248911E+00
        60  7.593469E+00
        61  6.526298E+01
        62  3.502663E+01
        63  1.400969E+01
        64  2.745231E+00
        65  2.198404E+00
        66  6.526298E+01
        67  3.502663E+01
        68  1.400969E+01
        69  2.745231E+00
        70  2.198404E+00
        71  4.523634E+00
        72  7.006057E+00
        73  4.772096E+00
        74  7.309266E+00
        75  4.955508E+00
        76  7.547594E+00
        77  5.034428E+00
        78  7.652447E+00
        79  1.836290E+00
        80  2.790154E+00
        81  1.836290E+00
        82  2.790154E+00
        83  5.034428E+00
        84  7.652447E+00
        85  4.955508E+00
        86  7.547594E+00
        87  4.772096E+00
        88  7.309266E+00
        89  4.523634E+00
        90  7.006057E+00
        91  6.492587E+01
        92  3.418554E+01
        93  1.347160E+01
        94  2.668489E+00
        95  2.027178E+00
        96  6.492587E+01
        97  3.418554E+01
        98  1.347160E+01
        99  2.668489E+00
       100  2.027178E+00
       101  4.567483E+00
       102  7.069899E+00
       103  4.628468E+00
       104  7.127446E+00
       105  4.712495E+00
       106  7.203683E+00
       107  4.778710E+00
       108  7.246756E+00
       109  1.743570E+00
       110  2.634988E+00
       111  1.743570E+00
       112  2.634988E+00
       113  4.778710E+00
       114  7.246756E+00
       115  4.712495E+00
       116  7.203683E+00
       117  4.628468E+00
       118  7.127446E+00
       119  4.567483E+00
       120  7.069899E+00
       121  6.327327E+01
       122  3.331047E+01
       123  1.310329E+01
       124  2.609166E+00
       125  1.861599E+00
       126  6.327327E+01
       127  3.331047E+01
       128  1.310329E+01
       129  2.609166E+00
       130  1.861599E+00
       131  4.439619E+00
       132  6.903531E+00
       133  4.455572E+00
       134  6.899420E+00
       135  4.482719E+00
       136  6.907227E+00
       137  4.513297E+00
       138  6.920585E+00
       139  1.643416E+00
       140  2.516700E+00
       141  1.643416E+00
       142  2.516700E+00
       143  4.513297E+00
       144  6.920585E+00
       145  4.482719E+00
       146  6.907227E+00
       147  4.455572E+00
       148  6.899420E+00
       149  4.439619E+00
       150  6.903531E+00
       151  6.147109E+01
       152  3.244356E+01
       153  1.283015E+01
       154  2.598328E+00
       155  1.729492E+00
       156  6.147109E+01
       157  3.244356E+01
       158  1.283015E+01
       159  2.598328E+00
       160  1.729492E+00
       161  4.275693E+00
       162  6.681392E+00
       163  4.280028E+00
       164  6.674599E+00
       165  4.292374E+00
       166  6.678919E+00
       167  4.314316E+00
       168  6.690480E+00
       169  1.569999E+00
       170  2.432555E+00
       171  1.569999E+00
       172  2.432555E+00
       173  4.314316E+00
       174  6.690480E+00
       175  4.292374E+00
       176  6.678919E+00
       177  4.280028E+00
       178  6.674599E+00
       179  4.275693E+00
       180  6.681392E+00
       181  5.954073E+01
       182  3.154166E+01
       183  1.256786E+01
       184  2.601237E+00
       185  1.615347E+00
       186  5.954073E+01
       187  3.154166E+01
       188  1.256786E+01
       189  2.601237E+00
       190  1.615347E+00
       191  4.092195E+00
       192  6.452252E+00
       193  4.097141E+00
       194  6.454988E+00
       195  4.107666E+00
       196  6.465467E+00
       197  4.129238E+00
       198  6.480645E+00
       199  1.502444E+00
       200  2.356539E+00
       201  1.502444E+00
       202  2.356539E+00
       203  4.129238E+00
       204  6.480645E+00
       205  4.107666E+00
       206  6.465467E+00
       207  4.097141E+00
       208  6.454988E+00
       209  4.092195E+00
       210  6.452252E+00
       211  5.757564E+01
       212  3.061714E+01
       213  1.229843E+01
       214  2.603483E+00
       215  1.509589E+00
       216  5.757564E+01
       217  3.061714E+01
       218  1.229843E+01
       219  2.603483E+00
       220  1.509589E+00
       221  3.906828E+00
       222  6.230351E+00
       223  3.913342E+00
       224  6.238405E+00
       225  3.924918E+00
       226  6.253425E+00
       227  3.947596E+00
       228  6.271082E+00
       229  1.436281E+00
       230  2.280332E+00
       231  1.436281E+00
       232  2.280332E+00
       233  3.947596E+00
       234  6.271082E+00
       235  3.924918E+00
       236  6.253425E+00
       237  3.913342E+00
       238  6.238405E+00
       239  3.906828E+00
       240  6.230351E+00
       241  5.558363E+01
       242  2.966813E+01
       243  1.201314E+01
       244  2.600850E+00
       245  1.410290E+00
       246  5.558363E+01
       247  2.966813E+01
       248  1.201314E+01
       249  2.600850E+00
       250  1.410290E+00
       251  3.722024E+00
       252  6.012414E+00
       253  3.729375E+00
       254  6.022230E+00
       255  3.741885E+00
       256  6.039132E+00
       257  3.765876E+00
       258  6.057934E+00
       259  1.370113E+00
       260  2.202674E+00
       261  1.370113E+00
       262  2.202674E+00
       263  3.765876E+00
       264  6.057934E+00
       265  3.741885E+00
       266  6.039132E+00
       267  3.729375E+00
       268  6.022230E+00
       269  3.722024E+00
       270  6.012414E+00
       271  5.356373E+01
       272  2.869504E+01
       273  1.171183E+01
       274  2.593005E+00
       275  1.317151E+00
       276  5.356373E+01
       277  2.869504E+01
       278  1.171183E+01
       279  2.593005E+00
       280  1.317151E+00
       281  3.538304E+00
       282  5.794478E+00
       283  3.546068E+00
       284  5.804654E+00
       285  3.559248E+00
       286  5.822254E+00
       287  3.584579E+00
       288  5.841657E+00
       289  1.304118E+00
       290  2.123831E+00
       291  1.304118E+00
       292  2.123831E+00
       293  3.584579E+00
       294  5.841657E+00
       295  3.559248E+00
       296  5.822254E+00
       297  3.546068E+00
       298  5.804654E+00
       299  3.538304E+00
       300  5.794478E+00
       301  5.151352E+01
       302  2.769803E+01
       303  1.139512E+01
       304  2.580125E+00
       305  1.230307E+00
       306  5.151352E+01
       307  2.769803E+01
       308  1.139512E+01
       309  2.580125E+00
       310  1.230307E+00
       311  3.355674E+00
       312  5.574509E+00
       313  3.363764E+00
       314  5.584768E+00
       315  3.377535E+00
       316  5.602838E+00
       317  3.404297E+00
       318  5.622781E+00
       319  1.238492E+00
       320  2.044031E+00
       321  1.238492E+00
       322  2.044031E+00
       323  3.404297E+00
       324  5.622781E+00
       325  3.377535E+00
       326  5.602838E+00
       327  3.363764E+00
       328  5.584768E+00
       329  3.355674E+00
       330  5.574509E+00
       331  4.943203E+01
       332  2.667702E+01
       333  1.106314E+01
       334  2.562145E+00
       335  1.149734E+00
       336  4.943203E+01
       337  2.667702E+01
       338  1.106314E+01
       339  2.562145E+00
       340  1.149734E+00
       341  3.174287E+00
       342  5.351793E+00
       343  3.182723E+00
       344  5.362215E+00
       345  3.197100E+00
       346  5.380856E+00
       347  3.225409E+00
       348  5.401448E+00
       349  1.173370E+00
       350  1.963336E+00
       351  1.173370E+00
       352  1.963336E+00
       353  3.225409E+00
       354  5.401448E+00
       355  3.197100E+00
       356  5.380856E+00
       357  3.182723E+00
       358  5.362215E+00
       359  3.174287E+00
       360  5.351793E+00
       361  4.731902E+01
       362  2.563182E+01
       363  1.071567E+01
       364  2.538801E+00
       365  1.075295E+00
       366  4.731902E+01
       367  2.563182E+01
       368  1.071567E+01
       369  2.538801E+00
       370  1.075295E+00
       371  2.994339E+00
       372  5.126210E+00
       373  3.003148E+00
       374  5.136919E+00
       375  3.018166E+00
       376  5.156283E+00
       377  3.048139E+00
       378  5.177644E+00
       379  1.108828E+00
       380  1.881734E+00
       381  1.108828E+00
       382  1.881734E+00
       383  3.048139E+00
       384  5.177644E+00
       385  3.018166E+00
       386  5.156283E+00
       387  3.003148E+00
       388  5.136919E+00
       389  2.994339E+00
       390  5.126210E+00
       391  4.517466E+01
       392  2.456228E+01
       393  1.035242E+01
       394  2.509759E+00
       395  1.006801E+00
       396  4.517466E+01
       397  2.456228E+01
       398  1.035242E+01
       399  2.509759E+00
       400  1.006801E+00
       401  2.816036E+00
       402  4.897827E+00
       403  2.825237E+00
       404  4.908909E+00
       405  2.840927E+00
       406  4.929117E+00
       407  2.872682E+00
       408  4.951336E+00
       409  1.044936E+00
       410  1.799204E+00
       411  1.044936E+00
       412  1.799204E+00
       413  2.872682E+00
       414  4.951336E+00
       415  2.840927E+00
       416  4.929117E+00
       417  2.825237E+00
       418  4.908909E+00
       419  2.816036E+00
       420  4.897827E+00
       421  4.299944E+01
       422  2.346844E+01
       423  9.973100E+00
       424  2.474667E+00
       425  9.440437E-01
       426  4.299944E+01
       427  2.346844E+01
       428  9.973100E+00
       429  2.474667E+00
       430  9.440437E-01
       431  2.639590E+00
       432  4.666741E+00
       433  2.649199E+00
       434  4.678247E+00
       435  2.665586E+00
       436  4.699381E+00
       437  2.699248E+00
       438  4.722520E+00
       439  9.817711E-01
       440  1.715737E+00
       441  9.817711E-01
       442  1.715737E+00
       443  2.699248E+00
       444  4.722520E+00
       445  2.665586E+00
       446  4.699381E+00
       447  2.649199E+00
       448  4.678247E+00
       449  2.639590E+00
       450  4.666741E+00
       451  4.079429E+01
       452  2.235052E+01
       453  9.577534E+00
       454  2.433181E+00
       455  8.868045E-01
       456  4.079429E+01
       457  2.235052E+01
       458  9.577534E+00
       459  2.433181E+00
       460  8.868045E-01
       461  2.465228E+00
       462  4.433049E+00
       463  2.475259E+00
       464  4.445004E+00
       465  2.492371E+00
       466  4.467121E+00
       467  2.528074E+00
       468  4.491220E+00
       469  9.194189E-01
       470  1.631335E+00
       471  9.194189E-01
       472  1.631335E+00
       473  2.528074E+00
       474  4.491220E+00
       475  2.492371E+00
       476  4.467121E+00
       477  2.475259E+00
       478  4.445004E+00
       479  2.465228E+00
       480  4.433049E+00
       481  3.856061E+01
       482  2.120903E+01
       483  9.165633E+00
       484  2.384970E+00
       485  8.348537E-01
       486  3.856061E+01
       487  2.120903E+01
       488  9.165633E+00
       489  2.384970E+00
       490  8.348537E-01
       491  2.293199E+00
       492  4.196848E+00
       493  2.303670E+00
       494  4.209262E+00
       495  2.321535E+00
       496  4.232406E+00
       497  2.359423E+00
       498  4.257496E+00
       499  8.579748E-01
       500  1.546014E+00
       501  8.579748E-01
       502  1.546014E+00
       503  2.359423E+00
       504  4.257496E+00
       505  2.321535E+00
       506  4.232406E+00
       507  2.303670E+00
       508  4.209262E+00
       509  2.293199E+00
       510  4.196848E+00
       511  3.630036E+01
       512  2.004477E+01
       513  8.737442E+00
       514  2.329725E+00
       515  7.879483E-01
       516  3.630036E+01
       517  2.004477E+01
       518  8.737442E+00
       519  2.329725E+00
       520  7.879483E-01
       521  2.123778E+00
       522  3.958251E+00
       523  2.134707E+00
       524  3.971129E+00
       525  2.153353E+00
       526  3.995336E+00
       527  2.193583E+00
       528  4.021438E+00
       529  7.975434E-01
       530  1.459802E+00
       531  7.975434E-01
       532  1.459802E+00
       533  2.193583E+00
       534  4.021438E+00
       535  2.153353E+00
       536  3.995336E+00
       537  2.134707E+00
       538  3.971129E+00
       539  2.123778E+00
       540  3.958251E+00
       541  3.401617E+01
       542  1.885890E+01
       543  8.293159E+00
       544  2.267166E+00
       545  7.458310E-01
       546  3.401617E+01
       547  1.885890E+01
       548  8.293159E+00
       549  2.267166E+00
       550  7.458310E-01
       551  1.957268E+00
       552  3.717398E+00
       553  1.968674E+00
       554  3.730740E+00
       555  1.988128E+00
       556  3.756047E+00
       557  2.030869E+00
       558  3.783182E+00
       559  7.382385E-01
       560  1.372743E+00
       561  7.382385E-01
       562  1.372743E+00
       563  2.030869E+00
       564  3.783182E+00
       565  1.988128E+00
       566  3.756047E+00
       567  1.968674E+00
       568  3.730740E+00
       569  1.957268E+00
       570  3.717398E+00
       571  3.171139E+01
       572  1.765303E+01
       573  7.833178E+00
       574  2.197059E+00
       575  7.082290E-01
       576  3.171139E+01
       577  1.765303E+01
       578  7.833178E+00
       579  2.197059E+00
       580  7.082290E-01
       581  1.793997E+00
       582  3.474463E+00
       583  1.805897E+00
       584  3.488276E+00
       585  1.826187E+00
       586  3.514725E+00
       587  1.871621E+00
       588  3.542914E+00
       589  6.801837E-01
       590  1.284900E+00
       591  6.801837E-01
       592  1.284900E+00
       593  1.871621E+00
       594  3.542914E+00
       595  1.826187E+00
       596  3.514725E+00
       597  1.805897E+00
       598  3.488276E+00
       599  1.793997E+00
       600  3.474463E+00
       601  2.939026E+01
       602  1.642927E+01
       603  7.358122E+00
       604  2.119226E+00
       605  6.748547E-01
       606  2.939026E+01
       607  1.642927E+01
       608  7.358122E+00
       609  2.119226E+00
       610  6.748547E-01
       611  1.634321E+00
       612  3.229653E+00
       613  1.646732E+00
       614  3.243960E+00
       615  1.667883E+00
       616  3.271614E+00
       617  1.716209E+00
       618  3.300887E+00
       619  6.235139E-01
       620  1.196361E+00
       621  6.235139E-01
       622  1.196361E+00
       623  1.716209E+00
       624  3.300887E+00
       625  1.667883E+00
       626  3.271614E+00
       627  1.646732E+00
       628  3.243960E+00
       629  1.634321E+00
       630  3.229653E+00
       631  2.705810E+01
       632  1.519032E+01
       633  6.868897E+00
       634  2.033563E+00
       635  6.454073E-01
       636  2.705810E+01
       637  1.519032E+01
       638  6.868897E+00
       639  2.033563E+00
       640  6.454073E-01
       641  1.478618E+00
       642  2.983221E+00
       643  1.491556E+00
       644  2.998076E+00
       645  1.513595E+00
       646  3.027034E+00
       647  1.565034E+00
       648  3.057440E+00
       649  5.683770E-01
       650  1.107244E+00
       651  5.683770E-01
       652  1.107244E+00
       653  1.565034E+00
       654  3.057440E+00
       655  1.513595E+00
       656  3.027034E+00
       657  1.491556E+00
       658  2.998076E+00
       659  1.478618E+00
       660  2.983221E+00
       661  2.472145E+01
       662  1.393962E+01
       663  6.366740E+00
       664  1.940061E+00
       665  6.195783E-01
       666  2.472145E+01
       667  1.393962E+01
       668  6.366740E+00
       669  1.940061E+00
       670  6.195783E-01
       671  1.327281E+00
       672  2.735472E+00
       673  1.340763E+00
       674  2.750984E+00
       675  1.363727E+00
       676  2.781406E+00
       677  1.418532E+00
       678  2.813031E+00
       679  5.149381E-01
       680  1.017714E+00
       681  5.149381E-01
       682  1.017714E+00
       683  1.418532E+00
       684  2.813031E+00
       685  1.363727E+00
       686  2.781406E+00
       687  1.340763E+00
       688  2.750984E+00
       689  1.327281E+00
       690  2.735472E+00
       691  2.238827E+01
       692  1.268142E+01
       693  5.853284E+00
       694  1.838836E+00
       695  5.970638E-01
       696  2.238827E+01
       697  1.268142E+01
       698  5.853284E+00
       699  1.838836E+00
       700  5.970638E-01
       701  1.180709E+00
       702  2.486819E+00
       703  1.194762E+00
       704  2.503167E+00
       705  1.218708E+00
       706  2.535294E+00
       707  1.277186E+00
       708  2.568275E+00
       709  4.633833E-01
       710  9.279901E-01
       711  4.633833E-01
       712  9.279901E-01
       713  1.277186E+00
       714  2.568275E+00
       715  1.218708E+00
       716  2.535294E+00
       717  1.194762E+00
       718  2.503167E+00
       719  1.180709E+00
       720  2.486819E+00
       721  2.006815E+01
       722  1.142090E+01
       723  5.330623E+00
       724  1.730171E+00
       725  5.775890E-01
       726  2.006815E+01
       727  1.142090E+01
       728  5.330623E+00
       729  1.730171E+00
       730  5.775890E-01
       731  1.039300E+00
       732  2.237886E+00
       733  1.053967E+00
       734  2.255310E+00
       735  1.078994E+00
       736  2.289469E+00
       737  1.141530E+00
       738  2.323999E+00
       739  4.139255E-01
       740  8.383683E-01
       741  4.139255E-01
       742  8.383683E-01
       743  1.141530E+00
       744  2.323999E+00
       745  1.078994E+00
       746  2.289469E+00
       747  1.053967E+00
       748  2.255310E+00
       749  1.039300E+00
       750  2.237886E+00
       751  1.777232E+01
       752  1.016424E+01
       753  4.801383E+00
       754  1.614580E+00
       755  5.609528E-01
       756  1.777232E+01
       757  1.016424E+01
       758  4.801383E+00
       759  1.614580E+00
       760  5.609528E-01
       761  9.034632E-01
       762  1.989716E+00
       763  9.188189E-01
       764  2.008454E+00
       765  9.450794E-01
       766  2.044996E+00
       767  1.012175E+00
       768  2.081299E+00
       769  3.668093E-01
       770  7.492336E-01
       771  3.668093E-01
       772  7.492336E-01
       773  1.012175E+00
       774  2.081299E+00
       775  9.450794E-01
       776  2.044996E+00
       777  9.188189E-01
       778  2.008454E+00
       779  9.034632E-01
       780  1.989716E+00
       781  1.551362E+01
       782  8.918615E+00
       783  4.268798E+00
       784  1.492905E+00
       785  5.471016E-01
       786  1.551362E+01
       787  8.918615E+00
       788  4.268798E+00
       789  1.492905E+00
       790  5.471016E-01
       791  7.736639E-01
       792  1.744091E+00
       793  7.898216E-01
       794  1.764201E+00
       795  8.175346E-01
       796  1.803346E+00
       797  8.898329E-01
       798  1.841594E+00
       799  3.223125E-01
       800  6.610708E-01
       801  3.223125E-01
       802  6.610708E-01
       803  8.898329E-01
       804  1.841594E+00
       805  8.175346E-01
       806  1.803346E+00
       807  7.898216E-01
       808  1.764201E+00
       809  7.736639E-01
       810  1.744091E+00
       811  1.330628E+01
       812  7.692209E+00
       813  3.736819E+00
       814  1.366459E+00
       815  5.362405E-01
       816  1.330628E+01
       817  7.692209E+00
       818  3.736819E+00
       819  1.366459E+00
       820  5.362405E-01
       821  6.505445E-01
       822  1.503954E+00
       823  6.676589E-01
       824  1.524969E+00
       825  6.970862E-01
       826  1.566485E+00
       827  7.753869E-01
       828  1.606632E+00
       829  2.807422E-01
       830  5.744603E-01
       831  2.807422E-01
       832  5.744603E-01
       833  7.753869E-01
       834  1.606632E+00
       835  6.970862E-01
       836  1.566485E+00
       837  6.676589E-01
       838  1.524969E+00
       839  6.505445E-01
       840  1.503954E+00
       841  1.116562E+01
       842  6.494207E+00
       843  3.210253E+00
       844  1.237198E+00
       845  5.289726E-01
       846  1.116562E+01
       847  6.494207E+00
       848  3.210253E+00
       849  1.237198E+00
       850  5.289726E-01
       851  5.351573E-01
       852  1.273790E+00
       853  5.534064E-01
       854  1.294168E+00
       855  5.847778E-01
       856  1.336874E+00
       857  6.699937E-01
       858  1.378419E+00
       859  2.424211E-01
       860  4.900484E-01
       861  2.424211E-01
       862  4.900484E-01
       863  6.699937E-01
       864  1.378419E+00
       865  5.847778E-01
       866  1.336874E+00
       867  5.534064E-01
       868  1.294168E+00
       869  5.351573E-01
       870  1.273790E+00
       871  9.108140E+00
       872  5.335036E+00
       873  2.694975E+00
       874  1.107892E+00
       875  5.264204E-01
       876  9.108140E+00
       877  5.335036E+00
       878  2.694975E+00
       879  1.107892E+00
       880  5.264204E-01
       881  4.294069E-01
       882  1.059754E+00
       883  4.489463E-01
       884  1.076119E+00
       885  4.822723E-01
       886  1.117244E+00
       887  5.752515E-01
       888  1.158967E+00
       889  2.076583E-01
       890  4.084688E-01
       891  2.076583E-01
       892  4.084688E-01
       893  5.752515E-01
       894  1.158967E+00
       895  4.822723E-01
       896  1.117244E+00
       897  4.489463E-01
       898  1.076119E+00
       899  4.294069E-01
       900  1.059754E+00
       901  7.152849E+00
       902  4.227189E+00
       903  2.198272E+00
       904  9.821665E-01
       905  5.301927E-01
       906  7.152849E+00
       907  4.227189E+00
       908  2.198272E+00
       909  9.821665E-01
       910  5.301927E-01
       911  3.370060E-01
       912  8.692845E-01
       913  3.578484E-01
       914  8.755903E-01
       915  3.924608E-01
       916  9.100534E-01
       917  4.934707E-01
       918  9.498108E-01
       919  1.767030E-01
       920  3.302092E-01
       921  1.767030E-01
       922  3.302092E-01
       923  4.934707E-01
       924  9.498108E-01
       925  3.924608E-01
       926  9.100534E-01
       927  3.578484E-01
       928  8.755903E-01
       929  3.370060E-01
       930  8.692845E-01
       931  5.324656E+00
       932  3.187154E+00
       933  1.729770E+00
       934  8.645355E-01
       935  5.418322E-01
       936  5.324656E+00
       937  3.187154E+00
       938  1.729770E+00
       939  8.645355E-01
       940  5.418322E-01
       941  2.654232E-01
       942  7.103149E-01
       943  2.873056E-01
       944  6.972364E-01
       945  3.208311E-01
       946  7.170916E-01
       947  4.283537E-01
       948  7.516169E-01
       949  1.496608E-01
       950  2.555372E-01
       951  1.496608E-01
       952  2.555372E-01
       953  4.283537E-01
       954  7.516169E-01
       955  3.208311E-01
       956  7.170916E-01
       957  2.873056E-01
       958  6.972364E-01
       959  2.654232E-01
       960  7.103149E-01
       961  3.658219E+00
       962  2.239172E+00
       963  1.304016E+00
       964  7.606917E-01
       965  5.611768E-01
       966  3.658219E+00
       967  2.239172E+00
       968  1.304016E+00
       969  7.606917E-01
       970  5.611768E-01
       971  2.297386E-01
       972  5.896685E-01
       973  2.521805E-01
       974  5.465863E-01
       975  2.787537E-01
       976  5.416065E-01
       977  3.876649E-01
       978  5.668693E-01
       979  1.263650E-01
       980  1.859127E-01
       981  1.263650E-01
       982  1.859127E-01
       983  3.876649E-01
       984  5.668693E-01
       985  2.787537E-01
       986  5.416065E-01
       987  2.521805E-01
       988  5.465863E-01
       989  2.297386E-01
       990  5.896685E-01
       991  2.199309E+00
       992  1.421184E+00
       993  9.462312E-01
       994  6.762832E-01
       995  5.823468E-01
       996  2.199309E+00
       997  1.421184E+00
       998  9.462312E-01
       999  6.762832E-01
      1000  5.823468E-01
      1001  2.512126E-01
      1002  5.085109E-01
      1003  2.774090E-01
      1004  4.338980E-01
      1005  2.899640E-01
      1006  3.982639E-01
      1007  3.935265E-01
      1008  4.118841E-01
      1009  1.070469E-01
      1010  1.302556E-01
      1011  1.070469E-01
      1012  1.302556E-01
      1013  3.935265E-01
      1014  4.118841E-01
      1015  2.899640E-01
      1016  3.982639E-01
      1017  2.774090E-01
      1018  4.338980E-01
      1019  2.512126E-01
      1020  5.085109E-01
      1021  1.017299E+00
      1022  7.834943E-01
      1023  6.771394E-01
      1024  6.100552E-01
      1025  5.917744E-01
      1026  1.017299E+00
      1027  7.834943E-01
      1028  6.771394E-01
      1029  6.100552E-01
      1030  5.917744E-01
      1031  3.259504E-01
      1032  4.423017E-01
      1033  3.734708E-01
      1034  3.682365E-01
      1035  3.880024E-01
      1036  3.345452E-01
      1037  5.119440E-01
      1038  3.642817E-01
      1039  9.379608E-02
      1040  1.313828E-01
      1041  9.379608E-02
      1042  1.313828E-01
      1043  5.119440E-01
      1044  3.642817E-01
      1045  3.880024E-01
      1046  3.345452E-01
      1047  3.734708E-01
      1048  3.682365E-01
      1049  3.259504E-01
      1050  4.423017E-01
      1051  2.647719E-01
      1052  3.388381E-01
      1053  4.405270E-01
      1054  5.279566E-01
      1055  6.610072E-01
      1056  2.647719E-01
      1057  3.388381E-01
      1058  4.405270E-01
      1059  5.279566E-01
      1060  6.610072E-01
      1061  3.573913E-01
      1062  3.449769E-01
      1063  4.342328E-01
      1064  3.170234E-01
      1065  5.435254E-01
      1066  3.829171E-01
      1067  9.291743E-01
      1068  6.423567E-01
      1069  1.149508E-01
      1070  3.565697E-01
      1071  1.149508E-01
      1072  3.565697E-01
      1073  9.291743E-01
      1074  6.423567E-01
      1075  5.435254E-01
      1076  3.829171E-01
      1077  4.342328E-01
      1078  3.170234E-01
      1079  3.573913E-01
      1080  3.449769E-01
      1081  1.471641E-02
      1082  4.908190E-02
      1083  1.249173E-01
      1084  2.757020E-01
      1085  6.802293E-01
      1086  1.471641E-02
      1087  4.908190E-02
      1088  1.249173E-01
      1089  2.757020E-01
      1090  6.802293E-01
      1091  2.086979E-01
      1092  2.540726E-01
      1093  2.876206E-01
      1094  2.497949E-01
      1095  4.837384E-01
      1096  5.042355E-01
      1097  1.569009E+00
      1098  1.493671E+00
      1099  1.800354E-01
      1100  1.141092E+00
      1101  1.800354E-01
      1102  1.141092E+00
      1103  1.569009E+00
      1104  1.493671E+00
      1105  4.837384E-01
      1106  5.042355E-01
      1107  2.876206E-01
      1108  2.497949E-01
      1109  2.086979E-01
      1110  2.540726E-01
