
                        S T E P       1


                                INCREMENT     1


 displacements (vx,vy,vz) for set TIP_TOP and time  0.1000000E+01

      4823  1.178227E-01 -3.227919E-03 -3.982965E+00
      4824  1.176055E-01 -3.173419E-03 -3.975393E+00
      4827  1.171990E-01 -3.118229E-03 -3.967798E+00
      4830  1.167935E-01 -2.570085E-03 -3.960627E+00
      4832  1.165732E-01 -1.025443E-03 -3.956034E+00
      4834  1.165292E-01 -2.870587E-11 -3.955814E+00
      4836  1.165732E-01  1.025443E-03 -3.956034E+00
      4839  1.167935E-01  2.570085E-03 -3.960627E+00
      4842  1.171990E-01  3.118228E-03 -3.967798E+00
      4845  1.176055E-01  3.173418E-03 -3.975393E+00
      4848  1.178227E-01  3.227919E-03 -3.982965E+00

 forces (fx,fy,fz) for set CLAMP and time  0.1000000E+01

         1  5.987444E+03  3.262595E+03  1.746082E+03
         4  1.064765E+04  9.882313E-09  3.481861E+03
         5  8.110408E+03  4.817515E+03  3.363011E+02
         8  1.407801E+04  1.689597E-08  7.154890E+02
         9  5.471129E+03  3.182268E+03 -1.211177E+02
        12  9.418968E+03  1.270822E-08 -2.032871E+02
        13  3.093749E+03  1.783253E+03 -3.794366E+02
        16  5.314635E+03  7.726643E-09 -7.164399E+02
        17  7.603744E+02  4.220570E+02 -4.310616E+02
        20  1.290370E+03  1.830184E-09 -8.267521E+02
        21 -1.502437E+03 -3.078039E+02 -8.071060E+02
        24 -1.332629E+03 -3.146831E-09 -4.653952E+02
        26  5.987444E+03 -3.262595E+03  1.746082E+03
        28  8.110408E+03 -4.817515E+03  3.363011E+02
        30  5.471129E+03 -3.182268E+03 -1.211177E+02
        32  3.093749E+03 -1.783253E+03 -3.794366E+02
        34  7.603744E+02 -4.220570E+02 -4.310616E+02
        36 -1.502437E+03  3.078039E+02 -8.071060E+02
        37 -1.444154E+03 -5.084404E+02 -8.511490E+02
        40 -1.870497E+03 -3.136553E+02 -1.295124E+03
        41 -3.075132E+03 -1.177458E+03 -2.739781E+02
        44 -4.475664E+03 -7.308614E+02 -4.839640E+02
        45 -1.998888E+03 -6.756054E+02  9.766455E+02
        48 -3.297246E+03 -4.160515E+02  1.744679E+03
        50 -1.597740E+03 -2.551792E+02 -1.139141E+03
        52 -4.253195E+03 -5.543374E+02 -5.139858E+02
        54 -3.354226E+03 -3.002165E+02  1.716514E+03
        56 -1.580177E+03 -1.733038E+02 -1.130892E+03
        58 -4.322359E+03 -3.539428E+02 -5.210464E+02
        60 -3.459036E+03 -1.829122E+02  1.761588E+03
        62 -3.023909E+03 -1.296668E+02 -3.178786E+02
        64 -2.415497E+03 -6.165048E+01  1.237583E+03
        66 -1.625617E+03 -1.053426E-09 -1.606912E+02
        68 -1.297280E+03  8.516429E-11  6.681944E+02
        70 -3.023909E+03  1.296668E+02 -3.178786E+02
        72 -2.415497E+03  6.165048E+01  1.237583E+03
        74 -1.580177E+03  1.733038E+02 -1.130892E+03
        76 -4.322359E+03  3.539428E+02 -5.210464E+02
        78 -3.459036E+03  1.829122E+02  1.761588E+03
        80 -1.597740E+03  2.551792E+02 -1.139141E+03
        82 -4.253195E+03  5.543374E+02 -5.139858E+02
        84 -3.354226E+03  3.002165E+02  1.716514E+03
        86 -1.870497E+03  3.136553E+02 -1.295124E+03
        88 -4.475664E+03  7.308614E+02 -4.839640E+02
        90 -3.297246E+03  4.160515E+02  1.744679E+03
        92 -1.444154E+03  5.084404E+02 -8.511490E+02
        94 -3.075132E+03  1.177458E+03 -2.739781E+02
        96 -1.998888E+03  6.756054E+02  9.766455E+02

 internal energy (element, energy) for set EALL and time  0.1000000E+01

         1  5.709653E+01
         2  2.398074E+01
         3  9.713613E+00
         4  2.153666E+00
         5  4.237762E-01
         6  5.709653E+01
         7  2.398074E+01
         8  9.713613E+00
         9  2.153666E+00
        10  4.237762E-01
        11  3.738579E+00
        12  6.240442E+00
        13  2.346122E+00
        14  4.840715E+00
        15  2.170069E+00
        16  4.877942E+00
        17  2.241813E+00
        18  5.023395E+00
        19  8.371081E-01
        20  1.866438E+00
        21  8.371081E-01
        22  1.866438E+00
        23  2.241813E+00
        24  5.023395E+00
        25  2.170069E+00
        26  4.877942E+00
        27  2.346122E+00
        28  4.840715E+00
        29  3.738579E+00
        30  6.240442E+00
        31  5.796260E+01
        32  3.114355E+01
        33  1.201896E+01
        34  2.600274E+00
        35  5.874405E-01
        36  5.796260E+01
        37  3.114355E+01
        38  1.201896E+01
        39  2.600274E+00
        40  5.874405E-01
        41  3.122324E+00
        42  5.877621E+00
        43  2.977565E+00
        44  5.762291E+00
        45  2.744021E+00
        46  5.548294E+00
        47  2.882449E+00
        48  5.717927E+00
        49  1.098889E+00
        50  2.127723E+00
        51  1.098889E+00
        52  2.127723E+00
        53  2.882449E+00
        54  5.717927E+00
        55  2.744021E+00
        56  5.548294E+00
        57  2.977565E+00
        58  5.762291E+00
        59  3.122324E+00
        60  5.877621E+00
        61  5.376064E+01
        62  3.062385E+01
        63  1.260374E+01
        64  2.774317E+00
        65  6.858555E-01
        66  5.376064E+01
        67  3.062385E+01
        68  1.260374E+01
        69  2.774317E+00
        70  6.858555E-01
        71  2.577818E+00
        72  5.321884E+00
        73  2.829643E+00
        74  5.659498E+00
        75  2.808574E+00
        76  5.657279E+00
        77  2.916438E+00
        78  5.842961E+00
        79  1.099334E+00
        80  2.183715E+00
        81  1.099334E+00
        82  2.183715E+00
        83  2.916438E+00
        84  5.842961E+00
        85  2.808574E+00
        86  5.657279E+00
        87  2.829643E+00
        88  5.659498E+00
        89  2.577818E+00
        90  5.321884E+00
        91  5.284300E+01
        92  3.006808E+01
        93  1.281314E+01
        94  2.944783E+00
        95  7.346851E-01
        96  5.284300E+01
        97  3.006808E+01
        98  1.281314E+01
        99  2.944783E+00
       100  7.346851E-01
       101  2.451053E+00
       102  5.182374E+00
       103  2.771504E+00
       104  5.612717E+00
       105  2.881141E+00
       106  5.775706E+00
       107  3.000570E+00
       108  5.956632E+00
       109  1.120154E+00
       110  2.201725E+00
       111  1.120154E+00
       112  2.201725E+00
       113  3.000570E+00
       114  5.956632E+00
       115  2.881141E+00
       116  5.775706E+00
       117  2.771504E+00
       118  5.612717E+00
       119  2.451053E+00
       120  5.182374E+00
       121  5.201376E+01
       122  2.930558E+01
       123  1.264077E+01
       124  2.983688E+00
       125  7.599579E-01
       126  5.201376E+01
       127  2.930558E+01
       128  1.264077E+01
       129  2.983688E+00
       130  7.599579E-01
       131  2.401671E+00
       132  5.125859E+00
       133  2.705396E+00
       134  5.529635E+00
       135  2.871979E+00
       136  5.754716E+00
       137  3.004115E+00
       138  5.911429E+00
       139  1.114023E+00
       140  2.167029E+00
       141  1.114023E+00
       142  2.167029E+00
       143  3.004115E+00
       144  5.911429E+00
       145  2.871979E+00
       146  5.754716E+00
       147  2.705396E+00
       148  5.529635E+00
       149  2.401671E+00
       150  5.125859E+00
       151  5.123750E+01
       152  2.858920E+01
       153  1.234776E+01
       154  2.945962E+00
       155  7.583230E-01
       156  5.123750E+01
       157  2.858920E+01
       158  1.234776E+01
       159  2.945962E+00
       160  7.583230E-01
       161  2.396094E+00
       162  5.100838E+00
       163  2.651518E+00
       164  5.430554E+00
       165  2.829330E+00
       166  5.650536E+00
       167  2.961004E+00
       168  5.779416E+00
       169  1.092533E+00
       170  2.108885E+00
       171  1.092533E+00
       172  2.108885E+00
       173  2.961004E+00
       174  5.779416E+00
       175  2.829330E+00
       176  5.650536E+00
       177  2.651518E+00
       178  5.430554E+00
       179  2.396094E+00
       180  5.100838E+00
       181  5.042453E+01
       182  2.793260E+01
       183  1.202899E+01
       184  2.873754E+00
       185  7.422715E-01
       186  5.042453E+01
       187  2.793260E+01
       188  1.202899E+01
       189  2.873754E+00
       190  7.422715E-01
       191  2.405642E+00
       192  5.075646E+00
       193  2.606862E+00
       194  5.321752E+00
       195  2.770364E+00
       196  5.507251E+00
       197  2.891793E+00
       198  5.609507E+00
       199  1.062932E+00
       200  2.041806E+00
       201  1.062932E+00
       202  2.041806E+00
       203  2.891793E+00
       204  5.609507E+00
       205  2.770364E+00
       206  5.507251E+00
       207  2.606862E+00
       208  5.321752E+00
       209  2.405642E+00
       210  5.075646E+00
       211  4.954970E+01
       212  2.731336E+01
       213  1.171706E+01
       214  2.792294E+00
       215  7.204318E-01
       216  4.954970E+01
       217  2.731336E+01
       218  1.171706E+01
       219  2.792294E+00
       220  7.204318E-01
       221  2.415734E+00
       222  5.036422E+00
       223  2.566878E+00
       224  5.208012E+00
       225  2.704820E+00
       226  5.352115E+00
       227  2.811534E+00
       228  5.431992E+00
       229  1.030424E+00
       230  1.974783E+00
       231  1.030424E+00
       232  1.974783E+00
       233  2.811534E+00
       234  5.431992E+00
       235  2.704820E+00
       236  5.352115E+00
       237  2.566878E+00
       238  5.208012E+00
       239  2.415734E+00
       240  5.036422E+00
       241  4.861946E+01
       242  2.671645E+01
       243  1.142229E+01
       244  2.713653E+00
       245  6.980499E-01
       246  4.861946E+01
       247  2.671645E+01
       248  1.142229E+01
       249  2.713653E+00
       250  6.980499E-01
       251  2.419285E+00
       252  4.979944E+00
       253  2.528502E+00
       254  5.092904E+00
       255  2.638466E+00
       256  5.199405E+00
       257  2.729658E+00
       258  5.261460E+00
       259  9.981213E-01
       260  1.911552E+00
       261  9.981213E-01
       262  1.911552E+00
       263  2.729658E+00
       264  5.261460E+00
       265  2.638466E+00
       266  5.199405E+00
       267  2.528502E+00
       268  5.092904E+00
       269  2.419285E+00
       270  4.979944E+00
       271  4.764727E+01
       272  2.613291E+01
       273  1.114530E+01
       274  2.641926E+00
       275  6.774895E-01
       276  4.764727E+01
       277  2.613291E+01
       278  1.114530E+01
       279  2.641926E+00
       280  6.774895E-01
       281  2.413281E+00
       282  4.907882E+00
       283  2.489669E+00
       284  4.978471E+00
       285  2.573939E+00
       286  5.054871E+00
       287  2.650831E+00
       288  5.103122E+00
       289  9.674688E-01
       290  1.853229E+00
       291  9.674688E-01
       292  1.853229E+00
       293  2.650831E+00
       294  5.103122E+00
       295  2.573939E+00
       296  5.054871E+00
       297  2.489669E+00
       298  4.978471E+00
       299  2.413281E+00
       300  4.907882E+00
       301  4.664805E+01
       302  2.555855E+01
       303  1.088353E+01
       304  2.577308E+00
       305  6.594482E-01
       306  4.664805E+01
       307  2.555855E+01
       308  1.088353E+01
       309  2.577308E+00
       310  6.594482E-01
       311  2.397269E+00
       312  4.823712E+00
       313  2.449280E+00
       314  4.865688E+00
       315  2.512138E+00
       316  4.919741E+00
       317  2.576828E+00
       318  4.957441E+00
       319  9.389452E-01
       320  1.799637E+00
       321  9.389452E-01
       322  1.799637E+00
       323  2.576828E+00
       324  4.957441E+00
       325  2.512138E+00
       326  4.919741E+00
       327  2.449280E+00
       328  4.865688E+00
       329  2.397269E+00
       330  4.823712E+00
       331  4.563478E+01
       332  2.499160E+01
       333  1.063364E+01
       334  2.518469E+00
       335  6.438036E-01
       336  4.563478E+01
       337  2.499160E+01
       338  1.063364E+01
       339  2.518469E+00
       340  6.438036E-01
       341  2.372176E+00
       342  4.731096E+00
       343  2.406896E+00
       344  4.754895E+00
       345  2.453027E+00
       346  4.793208E+00
       347  2.507823E+00
       348  4.822912E+00
       349  9.125227E-01
       350  1.750118E+00
       351  9.125227E-01
       352  1.750118E+00
       353  2.507823E+00
       354  4.822912E+00
       355  2.453027E+00
       356  4.793208E+00
       357  2.406896E+00
       358  4.754895E+00
       359  2.372176E+00
       360  4.731096E+00
       361  4.461748E+01
       362  2.443132E+01
       363  1.039259E+01
       364  2.463768E+00
       365  6.301192E-01
       366  4.461748E+01
       367  2.443132E+01
       368  1.039259E+01
       369  2.463768E+00
       370  6.301192E-01
       371  2.339559E+00
       372  4.633156E+00
       373  2.362508E+00
       374  4.646110E+00
       375  2.396189E+00
       376  4.673783E+00
       377  2.443255E+00
       378  4.697471E+00
       379  8.879499E-01
       380  1.703912E+00
       381  8.879499E-01
       382  1.703912E+00
       383  2.443255E+00
       384  4.697471E+00
       385  2.396189E+00
       386  4.673783E+00
       387  2.362508E+00
       388  4.646110E+00
       389  2.339559E+00
       390  4.633156E+00
       391  4.360319E+01
       392  2.387747E+01
       393  1.015796E+01
       394  2.411780E+00
       395  6.179020E-01
       396  4.360319E+01
       397  2.387747E+01
       398  1.015796E+01
       399  2.411780E+00
       400  6.179020E-01
       401  2.301114E+00
       402  4.532276E+00
       403  2.316357E+00
       404  4.539220E+00
       405  2.341124E+00
       406  4.559947E+00
       407  2.382332E+00
       408  4.579136E+00
       409  8.649092E-01
       410  1.660322E+00
       411  8.649092E-01
       412  1.660322E+00
       413  2.382332E+00
       414  4.579136E+00
       415  2.341124E+00
       416  4.559947E+00
       417  2.316357E+00
       418  4.539220E+00
       419  2.301114E+00
       420  4.532276E+00
       421  4.259649E+01
       422  2.332996E+01
       423  9.928007E+00
       424  2.361452E+00
       425  6.067170E-01
       426  4.259649E+01
       427  2.332996E+01
       428  9.928007E+00
       429  2.361452E+00
       430  6.067170E-01
       431  2.258408E+00
       432  4.430139E+00
       433  2.268802E+00
       434  4.434075E+00
       435  2.287396E+00
       436  4.450405E+00
       437  2.324272E+00
       438  4.466256E+00
       439  8.430941E-01
       440  1.618771E+00
       441  8.430941E-01
       442  1.618771E+00
       443  2.324272E+00
       444  4.466256E+00
       445  2.287396E+00
       446  4.450405E+00
       447  2.268802E+00
       448  4.434075E+00
       449  2.258408E+00
       450  4.430139E+00
       451  4.160013E+01
       452  2.278875E+01
       453  9.701601E+00
       454  2.312091E+00
       455  5.962256E-01
       456  4.160013E+01
       457  2.278875E+01
       458  9.701601E+00
       459  2.312091E+00
       460  5.962256E-01
       461  2.212762E+00
       462  4.327860E+00
       463  2.220231E+00
       464  4.330538E+00
       465  2.234677E+00
       466  4.344161E+00
       467  2.268419E+00
       468  4.357548E+00
       469  8.222424E-01
       470  1.578807E+00
       471  8.222424E-01
       472  1.578807E+00
       473  2.268419E+00
       474  4.357548E+00
       475  2.234677E+00
       476  4.344161E+00
       477  2.220231E+00
       478  4.330538E+00
       479  2.212762E+00
       480  4.327860E+00
       481  4.061560E+01
       482  2.225386E+01
       483  9.478061E+00
       484  2.263291E+00
       485  5.861861E-01
       486  4.061560E+01
       487  2.225386E+01
       488  9.478061E+00
       489  2.263291E+00
       490  5.861861E-01
       491  2.165216E+00
       492  4.226132E+00
       493  2.171006E+00
       494  4.228491E+00
       495  2.182744E+00
       496  4.240489E+00
       497  2.214266E+00
       498  4.252067E+00
       499  8.021453E-01
       500  1.540094E+00
       501  8.021453E-01
       502  1.540094E+00
       503  2.214266E+00
       504  4.252067E+00
       505  2.182744E+00
       506  4.240489E+00
       507  2.171006E+00
       508  4.228491E+00
       509  2.165216E+00
       510  4.226132E+00
       511  3.964358E+01
       512  2.172530E+01
       513  9.257033E+00
       514  2.214850E+00
       515  5.764378E-01
       516  3.964358E+01
       517  2.172530E+01
       518  9.257033E+00
       519  2.214850E+00
       520  5.764378E-01
       521  2.116555E+00
       522  4.125357E+00
       523  2.121444E+00
       524  4.127845E+00
       525  2.131464E+00
       526  4.138884E+00
       527  2.161443E+00
       528  4.149140E+00
       529  7.826440E-01
       530  1.502384E+00
       531  7.826440E-01
       532  1.502384E+00
       533  2.161443E+00
       534  4.149140E+00
       535  2.131464E+00
       536  4.138884E+00
       537  2.121444E+00
       538  4.127845E+00
       539  2.116555E+00
       540  4.125357E+00
       541  3.868428E+01
       542  2.120308E+01
       543  9.038362E+00
       544  2.166694E+00
       545  5.668815E-01
       546  3.868428E+01
       547  2.120308E+01
       548  9.038362E+00
       549  2.166694E+00
       550  5.668815E-01
       551  2.067350E+00
       552  4.025747E+00
       553  2.071802E+00
       554  4.028531E+00
       555  2.080766E+00
       556  4.039010E+00
       557  2.109692E+00
       558  4.048302E+00
       559  7.636221E-01
       560  1.465500E+00
       561  7.636221E-01
       562  1.465500E+00
       563  2.109692E+00
       564  4.048302E+00
       565  2.080766E+00
       566  4.039010E+00
       567  2.071802E+00
       568  4.028531E+00
       569  2.067350E+00
       570  4.025747E+00
       571  3.773768E+01
       572  2.068722E+01
       573  8.822017E+00
       574  2.118825E+00
       575  5.574608E-01
       576  3.773768E+01
       577  2.068722E+01
       578  8.822017E+00
       579  2.118825E+00
       580  5.574608E-01
       581  2.018002E+00
       582  3.927398E+00
       583  2.022281E+00
       584  3.930499E+00
       585  2.030620E+00
       586  3.940648E+00
       587  2.058842E+00
       588  3.949239E+00
       589  7.449969E-01
       590  1.429320E+00
       591  7.449969E-01
       592  1.429320E+00
       593  2.058842E+00
       594  3.949239E+00
       595  2.030620E+00
       596  3.940648E+00
       597  2.022281E+00
       598  3.930499E+00
       599  2.018002E+00
       600  3.927398E+00
       601  3.680363E+01
       602  2.017773E+01
       603  8.608027E+00
       604  2.071280E+00
       605  5.481470E-01
       606  3.680363E+01
       607  2.017773E+01
       608  8.608027E+00
       609  2.071280E+00
       610  5.481470E-01
       611  1.968789E+00
       612  3.830340E+00
       613  1.973036E+00
       614  3.833713E+00
       615  1.981022E+00
       616  3.843661E+00
       617  2.008783E+00
       618  3.851743E+00
       619  7.267108E-01
       620  1.393756E+00
       621  7.267108E-01
       622  1.393756E+00
       623  2.008783E+00
       624  3.851743E+00
       625  1.981022E+00
       626  3.843661E+00
       627  1.973036E+00
       628  3.833713E+00
       629  1.968789E+00
       630  3.830340E+00
       631  3.588195E+01
       632  1.967462E+01
       633  8.396448E+00
       634  2.024111E+00
       635  5.389286E-01
       636  3.588195E+01
       637  1.967462E+01
       638  8.396448E+00
       639  2.024111E+00
       640  5.389286E-01
       641  1.919895E+00
       642  3.734569E+00
       643  1.924178E+00
       644  3.738150E+00
       645  1.931978E+00
       646  3.747965E+00
       647  1.959444E+00
       648  3.755678E+00
       649  7.087246E-01
       650  1.358751E+00
       651  7.087246E-01
       652  1.358751E+00
       653  1.959444E+00
       654  3.755678E+00
       655  1.931978E+00
       656  3.747965E+00
       657  1.924178E+00
       658  3.738150E+00
       659  1.919895E+00
       660  3.734569E+00
       661  3.497248E+01
       662  1.917789E+01
       663  8.187341E+00
       664  1.977367E+00
       665  5.298033E-01
       666  3.497248E+01
       667  1.917789E+01
       668  8.187341E+00
       669  1.977367E+00
       670  5.298033E-01
       671  1.871443E+00
       672  3.640068E+00
       673  1.875789E+00
       674  3.643792E+00
       675  1.883502E+00
       676  3.653514E+00
       677  1.910785E+00
       678  3.660959E+00
       679  6.910121E-01
       680  1.324264E+00
       681  6.910121E-01
       682  1.324264E+00
       683  1.910785E+00
       684  3.660959E+00
       685  1.883502E+00
       686  3.653514E+00
       687  1.875789E+00
       688  3.643792E+00
       689  1.871443E+00
       690  3.640068E+00
       691  3.407508E+01
       692  1.868754E+01
       693  7.980760E+00
       694  1.931096E+00
       695  5.207735E-01
       696  3.407508E+01
       697  1.868754E+01
       698  7.980760E+00
       699  1.931096E+00
       700  5.207735E-01
       701  1.823511E+00
       702  3.546817E+00
       703  1.827925E+00
       704  3.550630E+00
       705  1.835608E+00
       706  3.560281E+00
       707  1.862780E+00
       708  3.567531E+00
       709  6.735560E-01
       710  1.290268E+00
       711  6.735560E-01
       712  1.290268E+00
       713  1.862780E+00
       714  3.567531E+00
       715  1.835608E+00
       716  3.560281E+00
       717  1.827925E+00
       718  3.550630E+00
       719  1.823511E+00
       720  3.546817E+00
       721  3.318962E+01
       722  1.820358E+01
       723  7.776751E+00
       724  1.885333E+00
       725  5.118435E-01
       726  3.318962E+01
       727  1.820358E+01
       728  7.776751E+00
       729  1.885333E+00
       730  5.118435E-01
       731  1.776148E+00
       732  3.454795E+00
       733  1.780625E+00
       734  3.458660E+00
       735  1.788308E+00
       736  3.468251E+00
       737  1.815416E+00
       738  3.475361E+00
       739  6.563451E-01
       740  1.256746E+00
       741  6.563451E-01
       742  1.256746E+00
       743  1.815416E+00
       744  3.475361E+00
       745  1.788308E+00
       746  3.468251E+00
       747  1.780625E+00
       748  3.458660E+00
       749  1.776148E+00
       750  3.454795E+00
       751  3.231602E+01
       752  1.772600E+01
       753  7.575349E+00
       754  1.840108E+00
       755  5.030176E-01
       756  3.231602E+01
       757  1.772600E+01
       758  7.575349E+00
       759  1.840108E+00
       760  5.030176E-01
       761  1.729384E+00
       762  3.363990E+00
       763  1.733915E+00
       764  3.367878E+00
       765  1.741611E+00
       766  3.377421E+00
       767  1.768684E+00
       768  3.384429E+00
       769  6.393722E-01
       770  1.223686E+00
       771  6.393722E-01
       772  1.223686E+00
       773  1.768684E+00
       774  3.384429E+00
       775  1.741611E+00
       776  3.377421E+00
       777  1.733915E+00
       778  3.367878E+00
       779  1.729384E+00
       780  3.363990E+00
       781  3.145422E+01
       782  1.725481E+01
       783  7.376581E+00
       784  1.795442E+00
       785  4.942997E-01
       786  3.145422E+01
       787  1.725481E+01
       788  7.376581E+00
       789  1.795442E+00
       790  4.942997E-01
       791  1.683235E+00
       792  3.274391E+00
       793  1.687811E+00
       794  3.278285E+00
       795  1.695526E+00
       796  3.287787E+00
       797  1.722582E+00
       798  3.294722E+00
       799  6.226328E-01
       800  1.191079E+00
       801  6.226328E-01
       802  1.191079E+00
       803  1.722582E+00
       804  3.294722E+00
       805  1.695526E+00
       806  3.287787E+00
       807  1.687811E+00
       808  3.278285E+00
       809  1.683235E+00
       810  3.274391E+00
       811  3.060417E+01
       812  1.678999E+01
       813  7.180466E+00
       814  1.751349E+00
       815  4.856931E-01
       816  3.060417E+01
       817  1.678999E+01
       818  7.180466E+00
       819  1.751349E+00
       820  4.856931E-01
       821  1.637712E+00
       822  3.185992E+00
       823  1.642322E+00
       824  3.189883E+00
       825  1.650058E+00
       826  3.199351E+00
       827  1.677106E+00
       828  3.206235E+00
       829  6.061241E-01
       830  1.158922E+00
       831  6.061241E-01
       832  1.158922E+00
       833  1.677106E+00
       834  3.206235E+00
       835  1.650058E+00
       836  3.199351E+00
       837  1.642322E+00
       838  3.189883E+00
       839  1.637712E+00
       840  3.185992E+00
       841  2.976584E+01
       842  1.633156E+01
       843  6.987015E+00
       844  1.707841E+00
       845  4.772000E-01
       846  2.976584E+01
       847  1.633156E+01
       848  6.987015E+00
       849  1.707841E+00
       850  4.772000E-01
       851  1.592819E+00
       852  3.098792E+00
       853  1.597456E+00
       854  3.102675E+00
       855  1.605210E+00
       856  3.112114E+00
       857  1.632256E+00
       858  3.118962E+00
       859  5.898443E-01
       860  1.127211E+00
       861  5.898443E-01
       862  1.127211E+00
       863  1.632256E+00
       864  3.118962E+00
       865  1.605210E+00
       866  3.112114E+00
       867  1.597456E+00
       868  3.102675E+00
       869  1.592819E+00
       870  3.098792E+00
       871  2.893920E+01
       872  1.587950E+01
       873  6.796237E+00
       874  1.664925E+00
       875  4.688222E-01
       876  2.893920E+01
       877  1.587950E+01
       878  6.796237E+00
       879  1.664925E+00
       880  4.688222E-01
       881  1.548557E+00
       882  3.012789E+00
       883  1.553214E+00
       884  3.016662E+00
       885  1.560984E+00
       886  3.026079E+00
       887  1.588030E+00
       888  3.032902E+00
       889  5.737922E-01
       890  1.095943E+00
       891  5.737922E-01
       892  1.095943E+00
       893  1.588030E+00
       894  3.032902E+00
       895  1.560984E+00
       896  3.026079E+00
       897  1.553214E+00
       898  3.016662E+00
       899  1.548557E+00
       900  3.012789E+00
       901  2.812423E+01
       902  1.543381E+01
       903  6.608139E+00
       904  1.622605E+00
       905  4.605608E-01
       906  2.812423E+01
       907  1.543381E+01
       908  6.608139E+00
       909  1.622605E+00
       910  4.605608E-01
       911  1.504927E+00
       912  2.927984E+00
       913  1.509599E+00
       914  2.931848E+00
       915  1.517382E+00
       916  2.941247E+00
       917  1.544429E+00
       918  2.948054E+00
       919  5.579672E-01
       920  1.065118E+00
       921  5.579672E-01
       922  1.065118E+00
       923  1.544429E+00
       924  2.948054E+00
       925  1.517382E+00
       926  2.941247E+00
       927  1.509599E+00
       928  2.931848E+00
       929  1.504927E+00
       930  2.927984E+00
       931  2.732093E+01
       932  1.499450E+01
       933  6.422724E+00
       934  1.580885E+00
       935  4.524167E-01
       936  2.732093E+01
       937  1.499450E+01
       938  6.422724E+00
       939  1.580885E+00
       940  4.524167E-01
       941  1.461927E+00
       942  2.844380E+00
       943  1.466611E+00
       944  2.848235E+00
       945  1.474404E+00
       946  2.857621E+00
       947  1.501452E+00
       948  2.864418E+00
       949  5.423689E-01
       950  1.034734E+00
       951  5.423689E-01
       952  1.034734E+00
       953  1.501452E+00
       954  2.864418E+00
       955  1.474404E+00
       956  2.857621E+00
       957  1.466611E+00
       958  2.848235E+00
       959  1.461927E+00
       960  2.844380E+00
       961  2.652928E+01
       962  1.456156E+01
       963  6.239993E+00
       964  1.539768E+00
       965  4.443901E-01
       966  2.652928E+01
       967  1.456156E+01
       968  6.239993E+00
       969  1.539768E+00
       970  4.443901E-01
       971  1.419557E+00
       972  2.761977E+00
       973  1.424249E+00
       974  2.765825E+00
       975  1.432050E+00
       976  2.775202E+00
       977  1.459099E+00
       978  2.781992E+00
       979  5.269969E-01
       980  1.004791E+00
       981  5.269969E-01
       982  1.004791E+00
       983  1.459099E+00
       984  2.781992E+00
       985  1.432050E+00
       986  2.775202E+00
       987  1.424249E+00
       988  2.765825E+00
       989  1.419557E+00
       990  2.761977E+00
       991  2.574929E+01
       992  1.413499E+01
       993  6.059949E+00
       994  1.499253E+00
       995  4.364816E-01
       996  2.574929E+01
       997  1.413499E+01
       998  6.059949E+00
       999  1.499253E+00
      1000  4.364816E-01
      1001  1.377816E+00
      1002  2.680778E+00
      1003  1.382513E+00
      1004  2.684622E+00
      1005  1.390320E+00
      1006  2.693991E+00
      1007  1.417370E+00
      1008  2.700778E+00
      1009  5.118513E-01
      1010  9.752894E-01
      1011  5.118513E-01
      1012  9.752894E-01
      1013  1.417370E+00
      1014  2.700778E+00
      1015  1.390320E+00
      1016  2.693991E+00
      1017  1.382513E+00
      1018  2.684622E+00
      1019  1.377816E+00
      1020  2.680778E+00
      1021  2.498094E+01
      1022  1.371479E+01
      1023  5.882591E+00
      1024  1.459342E+00
      1025  4.286911E-01
      1026  2.498094E+01
      1027  1.371479E+01
      1028  5.882591E+00
      1029  1.459342E+00
      1030  4.286911E-01
      1031  1.336701E+00
      1032  2.600786E+00
      1033  1.341403E+00
      1034  2.604625E+00
      1035  1.349214E+00
      1036  2.613990E+00
      1037  1.376264E+00
      1038  2.620775E+00
      1039  4.969317E-01
      1040  9.462278E-01
      1041  4.969317E-01
      1042  9.462278E-01
      1043  1.376264E+00
      1044  2.620775E+00
      1045  1.349214E+00
      1046  2.613990E+00
      1047  1.341403E+00
      1048  2.604625E+00
      1049  1.336701E+00
      1050  2.600786E+00
      1051  2.422424E+01
      1052  1.330095E+01
      1053  5.707921E+00
      1054  1.420036E+00
      1055  4.210187E-01
      1056  2.422424E+01
      1057  1.330095E+01
      1058  5.707921E+00
      1059  1.420036E+00
      1060  4.210187E-01
      1061  1.296213E+00
      1062  2.522000E+00
      1063  1.300918E+00
      1064  2.525837E+00
      1065  1.308732E+00
      1066  2.535198E+00
      1067  1.335781E+00
      1068  2.541984E+00
      1069  4.822383E-01
      1070  9.176066E-01
      1071  4.822383E-01
      1072  9.176066E-01
      1073  1.335781E+00
      1074  2.541984E+00
      1075  1.308732E+00
      1076  2.535198E+00
      1077  1.300918E+00
      1078  2.525837E+00
      1079  1.296213E+00
      1080  2.522000E+00
      1081  2.347919E+01
      1082  1.289349E+01
      1083  5.535938E+00
      1084  1.381334E+00
      1085  4.134645E-01
      1086  2.347919E+01
      1087  1.289349E+01
      1088  5.535938E+00
      1089  1.381334E+00
      1090  4.134645E-01
      1091  1.256350E+00
      1092  2.444424E+00
      1093  1.261057E+00
      1094  2.448258E+00
      1095  1.268874E+00
      1096  2.457617E+00
      1097  1.295921E+00
      1098  2.464404E+00
      1099  4.677709E-01
      1100  8.894256E-01
      1101  4.677709E-01
      1102  8.894256E-01
      1103  1.295921E+00
      1104  2.464404E+00
      1105  1.268874E+00
      1106  2.457617E+00
      1107  1.261057E+00
      1108  2.448258E+00
      1109  1.256350E+00
      1110  2.444424E+00
      1111  2.274577E+01
      1112  1.249239E+01
      1113  5.366643E+00
      1114  1.343237E+00
      1115  4.060285E-01
      1116  2.274577E+01
      1117  1.249239E+01
      1118  5.366643E+00
      1119  1.343237E+00
      1120  4.060285E-01
      1121  1.217112E+00
      1122  2.368057E+00
      1123  1.221820E+00
      1124  2.371890E+00
      1125  1.229639E+00
      1126  2.381248E+00
      1127  1.256685E+00
      1128  2.388037E+00
      1129  4.535296E-01
      1130  8.616850E-01
      1131  4.535296E-01
      1132  8.616850E-01
      1133  1.256685E+00
      1134  2.388037E+00
      1135  1.229639E+00
      1136  2.381248E+00
      1137  1.221820E+00
      1138  2.371890E+00
      1139  1.217112E+00
      1140  2.368057E+00
      1141  2.202400E+01
      1142  1.209766E+01
      1143  5.200035E+00
      1144  1.305745E+00
      1145  3.987106E-01
      1146  2.202400E+01
      1147  1.209766E+01
      1148  5.200035E+00
      1149  1.305745E+00
      1150  3.987106E-01
      1151  1.178498E+00
      1152  2.292900E+00
      1153  1.183207E+00
      1154  2.296733E+00
      1155  1.191027E+00
      1156  2.306090E+00
      1157  1.218071E+00
      1158  2.312881E+00
      1159  4.395143E-01
      1160  8.343846E-01
      1161  4.395143E-01
      1162  8.343846E-01
      1163  1.218071E+00
      1164  2.312881E+00
      1165  1.191027E+00
      1166  2.306090E+00
      1167  1.183207E+00
      1168  2.296733E+00
      1169  1.178498E+00
      1170  2.292900E+00
      1171  2.131387E+01
      1172  1.170930E+01
      1173  5.036115E+00
      1174  1.268858E+00
      1175  3.915108E-01
      1176  2.131387E+01
      1177  1.170930E+01
      1178  5.036115E+00
      1179  1.268858E+00
      1180  3.915108E-01
      1181  1.140508E+00
      1182  2.218955E+00
      1183  1.145217E+00
      1184  2.222787E+00
      1185  1.153038E+00
      1186  2.232143E+00
      1187  1.180080E+00
      1188  2.238937E+00
      1189  4.257250E-01
      1190  8.075245E-01
      1191  4.257250E-01
      1192  8.075245E-01
      1193  1.180080E+00
      1194  2.238937E+00
      1195  1.153038E+00
      1196  2.232143E+00
      1197  1.145217E+00
      1198  2.222787E+00
      1199  1.140508E+00
      1200  2.218955E+00
      1201  2.061538E+01
      1202  1.132730E+01
      1203  4.874882E+00
      1204  1.232576E+00
      1205  3.844291E-01
      1206  2.061538E+01
      1207  1.132730E+01
      1208  4.874882E+00
      1209  1.232576E+00
      1210  3.844291E-01
      1211  1.103141E+00
      1212  2.146221E+00
      1213  1.107851E+00
      1214  2.150053E+00
      1215  1.115673E+00
      1216  2.159409E+00
      1217  1.142712E+00
      1218  2.166205E+00
      1219  4.121618E-01
      1220  7.811047E-01
      1221  4.121618E-01
      1222  7.811047E-01
      1223  1.142712E+00
      1224  2.166205E+00
      1225  1.115673E+00
      1226  2.159409E+00
      1227  1.107851E+00
      1228  2.150053E+00
      1229  1.103141E+00
      1230  2.146221E+00
      1231  1.992853E+01
      1232  1.095167E+01
      1233  4.716337E+00
      1234  1.196898E+00
      1235  3.774655E-01
      1236  1.992853E+01
      1237  1.095167E+01
      1238  4.716337E+00
      1239  1.196898E+00
      1240  3.774655E-01
      1241  1.066397E+00
      1242  2.074699E+00
      1243  1.071107E+00
      1244  2.078531E+00
      1245  1.078930E+00
      1246  2.087887E+00
      1247  1.105967E+00
      1248  2.094685E+00
      1249  3.988246E-01
      1250  7.551251E-01
      1251  3.988246E-01
      1252  7.551251E-01
      1253  1.105967E+00
      1254  2.094685E+00
      1255  1.078930E+00
      1256  2.087887E+00
      1257  1.071107E+00
      1258  2.078531E+00
      1259  1.066397E+00
      1260  2.074699E+00
      1261  1.925332E+01
      1262  1.058241E+01
      1263  4.560479E+00
      1264  1.161826E+00
      1265  3.706200E-01
      1266  1.925332E+01
      1267  1.058241E+01
      1268  4.560479E+00
      1269  1.161826E+00
      1270  3.706200E-01
      1271  1.030277E+00
      1272  2.004389E+00
      1273  1.034987E+00
      1274  2.008221E+00
      1275  1.042810E+00
      1276  2.017577E+00
      1277  1.069844E+00
      1278  2.024377E+00
      1279  3.857135E-01
      1280  7.295859E-01
      1281  3.857135E-01
      1282  7.295859E-01
      1283  1.069844E+00
      1284  2.024377E+00
      1285  1.042810E+00
      1286  2.017577E+00
      1287  1.034987E+00
      1288  2.008221E+00
      1289  1.030277E+00
      1290  2.004389E+00
      1291  1.858976E+01
      1292  1.021951E+01
      1293  4.407308E+00
      1294  1.127358E+00
      1295  3.638925E-01
      1296  1.858976E+01
      1297  1.021951E+01
      1298  4.407308E+00
      1299  1.127358E+00
      1300  3.638925E-01
      1301  9.947791E-01
      1302  1.935291E+00
      1303  9.994891E-01
      1304  1.939124E+00
      1305  1.007312E+00
      1306  1.948479E+00
      1307  1.034345E+00
      1308  1.955281E+00
      1309  3.728284E-01
      1310  7.044869E-01
      1311  3.728284E-01
      1312  7.044869E-01
      1313  1.034345E+00
      1314  1.955281E+00
      1315  1.007312E+00
      1316  1.948479E+00
      1317  9.994891E-01
      1318  1.939124E+00
      1319  9.947791E-01
      1320  1.935291E+00
      1321  1.793783E+01
      1322  9.862983E+00
      1323  4.256824E+00
      1324  1.093495E+00
      1325  3.572831E-01
      1326  1.793783E+01
      1327  9.862983E+00
      1328  4.256824E+00
      1329  1.093495E+00
      1330  3.572831E-01
      1331  9.599043E-01
      1332  1.867405E+00
      1333  9.646143E-01
      1334  1.871238E+00
      1335  9.724379E-01
      1336  1.880593E+00
      1337  9.994677E-01
      1338  1.887398E+00
      1339  3.601693E-01
      1340  6.798283E-01
      1341  3.601693E-01
      1342  6.798283E-01
      1343  9.994677E-01
      1344  1.887398E+00
      1345  9.724379E-01
      1346  1.880593E+00
      1347  9.646143E-01
      1348  1.871238E+00
      1349  9.599043E-01
      1350  1.867405E+00
      1351  1.729755E+01
      1352  9.512819E+00
      1353  4.109028E+00
      1354  1.060236E+00
      1355  3.507917E-01
      1356  1.729755E+01
      1357  9.512819E+00
      1358  4.109028E+00
      1359  1.060236E+00
      1360  3.507917E-01
      1361  9.256523E-01
      1362  1.800732E+00
      1363  9.303623E-01
      1364  1.804565E+00
      1365  9.381861E-01
      1366  1.813920E+00
      1367  9.652137E-01
      1368  1.820727E+00
      1369  3.477363E-01
      1370  6.556100E-01
      1371  3.477363E-01
      1372  6.556100E-01
      1373  9.652137E-01
      1374  1.820727E+00
      1375  9.381861E-01
      1376  1.813920E+00
      1377  9.303623E-01
      1378  1.804565E+00
      1379  9.256523E-01
      1380  1.800732E+00
      1381  1.666891E+01
      1382  9.169023E+00
      1383  3.963919E+00
      1384  1.027582E+00
      1385  3.444183E-01
      1386  1.666891E+01
      1387  9.169023E+00
      1388  3.963919E+00
      1389  1.027582E+00
      1390  3.444183E-01
      1391  8.920231E-01
      1392  1.735271E+00
      1393  8.967330E-01
      1394  1.739104E+00
      1395  9.045572E-01
      1396  1.748459E+00
      1397  9.315824E-01
      1398  1.755268E+00
      1399  3.355293E-01
      1400  6.318320E-01
      1401  3.355293E-01
      1402  6.318320E-01
      1403  9.315824E-01
      1404  1.755268E+00
      1405  9.045572E-01
      1406  1.748459E+00
      1407  8.967330E-01
      1408  1.739104E+00
      1409  8.920231E-01
      1410  1.735271E+00
      1411  1.605191E+01
      1412  8.831593E+00
      1413  3.821498E+00
      1414  9.955335E-01
      1415  3.381630E-01
      1416  1.605191E+01
      1417  8.831593E+00
      1418  3.821498E+00
      1419  9.955335E-01
      1420  3.381630E-01
      1421  8.590166E-01
      1422  1.671022E+00
      1423  8.637265E-01
      1424  1.674855E+00
      1425  8.715509E-01
      1426  1.684210E+00
      1427  8.985739E-01
      1428  1.691021E+00
      1429  3.235484E-01
      1430  6.084943E-01
      1431  3.235484E-01
      1432  6.084943E-01
      1433  8.985739E-01
      1434  1.691021E+00
      1435  8.715509E-01
      1436  1.684210E+00
      1437  8.637265E-01
      1438  1.674855E+00
      1439  8.590166E-01
      1440  1.671022E+00
      1441  1.544655E+01
      1442  8.500529E+00
      1443  3.681763E+00
      1444  9.640893E-01
      1445  3.320257E-01
      1446  1.544655E+01
      1447  8.500529E+00
      1448  3.681763E+00
      1449  9.640893E-01
      1450  3.320257E-01
      1451  8.266328E-01
      1452  1.607986E+00
      1453  8.313427E-01
      1454  1.611819E+00
      1455  8.391674E-01
      1456  1.621173E+00
      1457  8.661881E-01
      1458  1.627986E+00
      1459  3.117935E-01
      1460  5.855969E-01
      1461  3.117935E-01
      1462  5.855969E-01
      1463  8.661881E-01
      1464  1.627986E+00
      1465  8.391674E-01
      1466  1.621173E+00
      1467  8.313427E-01
      1468  1.611819E+00
      1469  8.266328E-01
      1470  1.607986E+00
      1471  1.485283E+01
      1472  8.175832E+00
      1473  3.544716E+00
      1474  9.332499E-01
      1475  3.260064E-01
      1476  1.485283E+01
      1477  8.175832E+00
      1478  3.544716E+00
      1479  9.332499E-01
      1480  3.260064E-01
      1481  7.948718E-01
      1482  1.546162E+00
      1483  7.995817E-01
      1484  1.549995E+00
      1485  8.074067E-01
      1486  1.559349E+00
      1487  8.344252E-01
      1488  1.566164E+00
      1489  3.002646E-01
      1490  5.631399E-01
      1491  3.002646E-01
      1492  5.631399E-01
      1493  8.344252E-01
      1494  1.566164E+00
      1495  8.074067E-01
      1496  1.559349E+00
      1497  7.995817E-01
      1498  1.549995E+00
      1499  7.948718E-01
      1500  1.546162E+00
      1501  1.427076E+01
      1502  7.857502E+00
      1503  3.410356E+00
      1504  9.030151E-01
      1505  3.201052E-01
      1506  1.427076E+01
      1507  7.857502E+00
      1508  3.410356E+00
      1509  9.030151E-01
      1510  3.201052E-01
      1511  7.637334E-01
      1512  1.485550E+00
      1513  7.684433E-01
      1514  1.489383E+00
      1515  7.762687E-01
      1516  1.498737E+00
      1517  8.032850E-01
      1518  1.505553E+00
      1519  2.889619E-01
      1520  5.411231E-01
      1521  2.889619E-01
      1522  5.411231E-01
      1523  8.032850E-01
      1524  1.505553E+00
      1525  7.762687E-01
      1526  1.498737E+00
      1527  7.684433E-01
      1528  1.489383E+00
      1529  7.637334E-01
      1530  1.485550E+00
      1531  1.370032E+01
      1532  7.545538E+00
      1533  3.278683E+00
      1534  8.733851E-01
      1535  3.143219E-01
      1536  1.370032E+01
      1537  7.545538E+00
      1538  3.278683E+00
      1539  8.733851E-01
      1540  3.143219E-01
      1541  7.332178E-01
      1542  1.426151E+00
      1543  7.379278E-01
      1544  1.429984E+00
      1545  7.457534E-01
      1546  1.439337E+00
      1547  7.727676E-01
      1548  1.446155E+00
      1549  2.778851E-01
      1550  5.195468E-01
      1551  2.778851E-01
      1552  5.195468E-01
      1553  7.727676E-01
      1554  1.446155E+00
      1555  7.457534E-01
      1556  1.439337E+00
      1557  7.379278E-01
      1558  1.429984E+00
      1559  7.332178E-01
      1560  1.426151E+00
      1561  1.314153E+01
      1562  7.239940E+00
      1563  3.149698E+00
      1564  8.443598E-01
      1565  3.086567E-01
      1566  1.314153E+01
      1567  7.239940E+00
      1568  3.149698E+00
      1569  8.443598E-01
      1570  3.086567E-01
      1571  7.033248E-01
      1572  1.367964E+00
      1573  7.080349E-01
      1574  1.371797E+00
      1575  7.158609E-01
      1576  1.381149E+00
      1577  7.428730E-01
      1578  1.387969E+00
      1579  2.670344E-01
      1580  4.984107E-01
      1581  2.670344E-01
      1582  4.984107E-01
      1583  7.428730E-01
      1584  1.387969E+00
      1585  7.158609E-01
      1586  1.381149E+00
      1587  7.080349E-01
      1588  1.371797E+00
      1589  7.033248E-01
      1590  1.367964E+00
      1591  1.259438E+01
      1592  6.940710E+00
      1593  3.023399E+00
      1594  8.159393E-01
      1595  3.031095E-01
      1596  1.259438E+01
      1597  6.940710E+00
      1598  3.023399E+00
      1599  8.159393E-01
      1600  3.031095E-01
      1601  6.740546E-01
      1602  1.310990E+00
      1603  6.787648E-01
      1604  1.314822E+00
      1605  6.865911E-01
      1606  1.324174E+00
      1607  7.136012E-01
      1608  1.330996E+00
      1609  2.564097E-01
      1610  4.777149E-01
      1611  2.564097E-01
      1612  4.777149E-01
      1613  7.136012E-01
      1614  1.330996E+00
      1615  6.865911E-01
      1616  1.324174E+00
      1617  6.787648E-01
      1618  1.314822E+00
      1619  6.740546E-01
      1620  1.310990E+00
      1621  1.205886E+01
      1622  6.647846E+00
      1623  2.899788E+00
      1624  7.881235E-01
      1625  2.976802E-01
      1626  1.205886E+01
      1627  6.647846E+00
      1628  2.899788E+00
      1629  7.881235E-01
      1630  2.976802E-01
      1631  6.454071E-01
      1632  1.255228E+00
      1633  6.501174E-01
      1634  1.259060E+00
      1635  6.579440E-01
      1636  1.268411E+00
      1637  6.849521E-01
      1638  1.275234E+00
      1639  2.460111E-01
      1640  4.574595E-01
      1641  2.460111E-01
      1642  4.574595E-01
      1643  6.849521E-01
      1644  1.275234E+00
      1645  6.579440E-01
      1646  1.268411E+00
      1647  6.501174E-01
      1648  1.259060E+00
      1649  6.454071E-01
      1650  1.255228E+00
      1651  1.153499E+01
      1652  6.361348E+00
      1653  2.778865E+00
      1654  7.609125E-01
      1655  2.923690E-01
      1656  1.153499E+01
      1657  6.361348E+00
      1658  2.778865E+00
      1659  7.609125E-01
      1660  2.923690E-01
      1661  6.173824E-01
      1662  1.200678E+00
      1663  6.220928E-01
      1664  1.204510E+00
      1665  6.299197E-01
      1666  1.213860E+00
      1667  6.569258E-01
      1668  1.220685E+00
      1669  2.358385E-01
      1670  4.376443E-01
      1671  2.358385E-01
      1672  4.376443E-01
      1673  6.569258E-01
      1674  1.220685E+00
      1675  6.299197E-01
      1676  1.213860E+00
      1677  6.220928E-01
      1678  1.204510E+00
      1679  6.173824E-01
      1680  1.200678E+00
      1681  1.102277E+01
      1682  6.081217E+00
      1683  2.660628E+00
      1684  7.343062E-01
      1685  2.871757E-01
      1686  1.102277E+01
      1687  6.081217E+00
      1688  2.660628E+00
      1689  7.343062E-01
      1690  2.871757E-01
      1691  5.899804E-01
      1692  1.147341E+00
      1693  5.946910E-01
      1694  1.151172E+00
      1695  6.025182E-01
      1696  1.160522E+00
      1697  6.295222E-01
      1698  1.167347E+00
      1699  2.258919E-01
      1700  4.182695E-01
      1701  2.258919E-01
      1702  4.182695E-01
      1703  6.295222E-01
      1704  1.167347E+00
      1705  6.025182E-01
      1706  1.160522E+00
      1707  5.946910E-01
      1708  1.151172E+00
      1709  5.899804E-01
      1710  1.147341E+00
      1711  1.052218E+01
      1712  5.807452E+00
      1713  2.545079E+00
      1714  7.083047E-01
      1715  2.821003E-01
      1716  1.052218E+01
      1717  5.807452E+00
      1718  2.545079E+00
      1719  7.083047E-01
      1720  2.821003E-01
      1721  5.632014E-01
      1722  1.095216E+00
      1723  5.679121E-01
      1724  1.099047E+00
      1725  5.757394E-01
      1726  1.108396E+00
      1727  6.027413E-01
      1728  1.115222E+00
      1729  2.161714E-01
      1730  3.993349E-01
      1731  2.161714E-01
      1732  3.993349E-01
      1733  6.027413E-01
      1734  1.115222E+00
      1735  5.757394E-01
      1736  1.108396E+00
      1737  5.679121E-01
      1738  1.099047E+00
      1739  5.632014E-01
      1740  1.095216E+00
      1741  1.003323E+01
      1742  5.540054E+00
      1743  2.432217E+00
      1744  6.829079E-01
      1745  2.771428E-01
      1746  1.003323E+01
      1747  5.540054E+00
      1748  2.432217E+00
      1749  6.829079E-01
      1750  2.771428E-01
      1751  5.370453E-01
      1752  1.044304E+00
      1753  5.417560E-01
      1754  1.048134E+00
      1755  5.495834E-01
      1756  1.057481E+00
      1757  5.765832E-01
      1758  1.064309E+00
      1759  2.066768E-01
      1760  3.808406E-01
      1761  2.066768E-01
      1762  3.808406E-01
      1763  5.765832E-01
      1764  1.064309E+00
      1765  5.495834E-01
      1766  1.057481E+00
      1767  5.417560E-01
      1768  1.048134E+00
      1769  5.370453E-01
      1770  1.044304E+00
      1771  9.555924E+00
      1772  5.279023E+00
      1773  2.322043E+00
      1774  6.581158E-01
      1775  2.723032E-01
      1776  9.555924E+00
      1777  5.279023E+00
      1778  2.322043E+00
      1779  6.581158E-01
      1780  2.723032E-01
      1781  5.115124E-01
      1782  9.946033E-01
      1783  5.162229E-01
      1784  9.984328E-01
      1785  5.240502E-01
      1786  1.007779E+00
      1787  5.510478E-01
      1788  1.014607E+00
      1789  1.974082E-01
      1790  3.627866E-01
      1791  1.974082E-01
      1792  3.627866E-01
      1793  5.510478E-01
      1794  1.014607E+00
      1795  5.240502E-01
      1796  1.007779E+00
      1797  5.162229E-01
      1798  9.984328E-01
      1799  5.115124E-01
      1800  9.946033E-01
      1801  9.090259E+00
      1802  5.024359E+00
      1803  2.214556E+00
      1804  6.339284E-01
      1805  2.675813E-01
      1806  9.090259E+00
      1807  5.024359E+00
      1808  2.214556E+00
      1809  6.339284E-01
      1810  2.675813E-01
      1811  4.866029E-01
      1812  9.461145E-01
      1813  4.913130E-01
      1814  9.499435E-01
      1815  4.991399E-01
      1816  9.592891E-01
      1817  5.261351E-01
      1818  9.661181E-01
      1819  1.883657E-01
      1820  3.451728E-01
      1821  1.883657E-01
      1822  3.451728E-01
      1823  5.261351E-01
      1824  9.661181E-01
      1825  4.991399E-01
      1826  9.592891E-01
      1827  4.913130E-01
      1828  9.499435E-01
      1829  4.866029E-01
      1830  9.461145E-01
      1831  8.636235E+00
      1832  4.776061E+00
      1833  2.109756E+00
      1834  6.103455E-01
      1835  2.629773E-01
      1836  8.636235E+00
      1837  4.776061E+00
      1838  2.109756E+00
      1839  6.103455E-01
      1840  2.629773E-01
      1841  4.623170E-01
      1842  8.988370E-01
      1843  4.670263E-01
      1844  9.026658E-01
      1845  4.748526E-01
      1846  9.120108E-01
      1847  5.018452E-01
      1848  9.188408E-01
      1849  1.795491E-01
      1850  3.279993E-01
      1851  1.795491E-01
      1852  3.279993E-01
      1853  5.018452E-01
      1854  9.188408E-01
      1855  4.748526E-01
      1856  9.120108E-01
      1857  4.670263E-01
      1858  9.026658E-01
      1859  4.623170E-01
      1860  8.988370E-01
      1861  8.193853E+00
      1862  4.534130E+00
      1863  2.007643E+00
      1864  5.873669E-01
      1865  2.584910E-01
      1866  8.193853E+00
      1867  4.534130E+00
      1868  2.007643E+00
      1869  5.873669E-01
      1870  2.584910E-01
      1871  4.386552E-01
      1872  8.527701E-01
      1873  4.433631E-01
      1874  8.565993E-01
      1875  4.511882E-01
      1876  8.659441E-01
      1877  4.781780E-01
      1878  8.727753E-01
      1879  1.709586E-01
      1880  3.112660E-01
      1881  1.709586E-01
      1882  3.112660E-01
      1883  4.781780E-01
      1884  8.727753E-01
      1885  4.511882E-01
      1886  8.659441E-01
      1887  4.433631E-01
      1888  8.565993E-01
      1889  4.386552E-01
      1890  8.527701E-01
      1891  7.763113E+00
      1892  4.298566E+00
      1893  1.908217E+00
      1894  5.649926E-01
      1895  2.541223E-01
      1896  7.763113E+00
      1897  4.298566E+00
      1898  1.908217E+00
      1899  5.649926E-01
      1900  2.541223E-01
      1901  4.156180E-01
      1902  8.079131E-01
      1903  4.203236E-01
      1904  8.117433E-01
      1905  4.281470E-01
      1906  8.210890E-01
      1907  4.551336E-01
      1908  8.279219E-01
      1909  1.625942E-01
      1910  2.949731E-01
      1911  1.625942E-01
      1912  2.949731E-01
      1913  4.551336E-01
      1914  8.279219E-01
      1915  4.281470E-01
      1916  8.210890E-01
      1917  4.203236E-01
      1918  8.117433E-01
      1919  4.156180E-01
      1920  8.079131E-01
      1921  7.344016E+00
      1922  4.069370E+00
      1923  1.811478E+00
      1924  5.432220E-01
      1925  2.498714E-01
      1926  7.344016E+00
      1927  4.069370E+00
      1928  1.811478E+00
      1929  5.432220E-01
      1930  2.498714E-01
      1931  3.932058E-01
      1932  7.642646E-01
      1933  3.979082E-01
      1934  7.680973E-01
      1935  4.057290E-01
      1936  7.774451E-01
      1937  4.327121E-01
      1938  7.842804E-01
      1939  1.544558E-01
      1940  2.791205E-01
      1941  1.544558E-01
      1942  2.791205E-01
      1943  4.327121E-01
      1944  7.842804E-01
      1945  4.057290E-01
      1946  7.774451E-01
      1947  3.979082E-01
      1948  7.680973E-01
      1949  3.932058E-01
      1950  7.642646E-01
      1951  6.936564E+00
      1952  3.846541E+00
      1953  1.717425E+00
      1954  5.220550E-01
      1955  2.457381E-01
      1956  6.936564E+00
      1957  3.846541E+00
      1958  1.717425E+00
      1959  5.220550E-01
      1960  2.457381E-01
      1961  3.714195E-01
      1962  7.218234E-01
      1963  3.761172E-01
      1964  7.256603E-01
      1965  3.839343E-01
      1966  7.350122E-01
      1967  4.109137E-01
      1968  7.418511E-01
      1969  1.465437E-01
      1970  2.637084E-01
      1971  1.465437E-01
      1972  2.637084E-01
      1973  4.109137E-01
      1974  7.418511E-01
      1975  3.839343E-01
      1976  7.350122E-01
      1977  3.761172E-01
      1978  7.256603E-01
      1979  3.714195E-01
      1980  7.218234E-01
      1981  6.540758E+00
      1982  3.630080E+00
      1983  1.626058E+00
      1984  5.014908E-01
      1985  2.417226E-01
      1986  6.540758E+00
      1987  3.630080E+00
      1988  1.626058E+00
      1989  5.014908E-01
      1990  2.417226E-01
      1991  3.502598E-01
      1992  6.805875E-01
      1993  3.549510E-01
      1994  6.844313E-01
      1995  3.627632E-01
      1996  6.937901E-01
      1997  3.897384E-01
      1998  7.006342E-01
      1999  1.388579E-01
      2000  2.487367E-01
      2001  1.388579E-01
      2002  2.487367E-01
      2003  3.897384E-01
      2004  7.006342E-01
      2005  3.627632E-01
      2006  6.937901E-01
      2007  3.549510E-01
      2008  6.844313E-01
      2009  3.502598E-01
      2010  6.805875E-01
      2011  6.156602E+00
      2012  3.419988E+00
      2013  1.537375E+00
      2014  4.815289E-01
      2015  2.378251E-01
      2016  6.156602E+00
      2017  3.419988E+00
      2018  1.537375E+00
      2019  4.815289E-01
      2020  2.378251E-01
      2021  3.297276E-01
      2022  6.405547E-01
      2023  3.344099E-01
      2024  6.444089E-01
      2025  3.422157E-01
      2026  6.537786E-01
      2027  3.691865E-01
      2028  6.606300E-01
      2029  1.313987E-01
      2030  2.342058E-01
      2031  1.313987E-01
      2032  2.342058E-01
      2033  3.691865E-01
      2034  6.606300E-01
      2035  3.422157E-01
      2036  6.537786E-01
      2037  3.344099E-01
      2038  6.444089E-01
      2039  3.297276E-01
      2040  6.405547E-01
      2041  5.784099E+00
      2042  3.216264E+00
      2043  1.451376E+00
      2044  4.621683E-01
      2045  2.340459E-01
      2046  5.784099E+00
      2047  3.216264E+00
      2048  1.451376E+00
      2049  4.621683E-01
      2050  2.340459E-01
      2051  3.098236E-01
      2052  6.017225E-01
      2053  3.144942E-01
      2054  6.055918E-01
      2055  3.222919E-01
      2056  6.149774E-01
      2057  3.492583E-01
      2058  6.218393E-01
      2059  1.241662E-01
      2060  2.201159E-01
      2061  1.241662E-01
      2062  2.201159E-01
      2063  3.492583E-01
      2064  6.218393E-01
      2065  3.222919E-01
      2066  6.149774E-01
      2067  3.144942E-01
      2068  6.055918E-01
      2069  3.098236E-01
      2070  6.017225E-01
      2071  5.423254E+00
      2072  3.018910E+00
      2073  1.368059E+00
      2074  4.434083E-01
      2075  2.303857E-01
      2076  5.423254E+00
      2077  3.018910E+00
      2078  1.368059E+00
      2079  4.434083E-01
      2080  2.303857E-01
      2081  2.905486E-01
      2082  5.640882E-01
      2083  2.952042E-01
      2084  5.679784E-01
      2085  3.029920E-01
      2086  5.773865E-01
      2087  3.299544E-01
      2088  5.842628E-01
      2089  1.171609E-01
      2090  2.064673E-01
      2091  1.171609E-01
      2092  2.064673E-01
      2093  3.299544E-01
      2094  5.842628E-01
      2095  3.029920E-01
      2096  5.773865E-01
      2097  2.952042E-01
      2098  5.679784E-01
      2099  2.905486E-01
      2100  5.640882E-01
      2101  5.074072E+00
      2102  2.827926E+00
      2103  1.287422E+00
      2104  4.252475E-01
      2105  2.268453E-01
      2106  5.074072E+00
      2107  2.827926E+00
      2108  1.287422E+00
      2109  4.252475E-01
      2110  2.268453E-01
      2111  2.719029E-01
      2112  5.276489E-01
      2113  2.765397E-01
      2114  5.315674E-01
      2115  2.843159E-01
      2116  5.410063E-01
      2117  3.112751E-01
      2118  5.479018E-01
      2119  1.103833E-01
      2120  1.932604E-01
      2121  1.103833E-01
      2122  1.932604E-01
      2123  3.112751E-01
      2124  5.479018E-01
      2125  2.843159E-01
      2126  5.410063E-01
      2127  2.765397E-01
      2128  5.315674E-01
      2129  2.719029E-01
      2130  5.276489E-01
      2131  4.736560E+00
      2132  2.643311E+00
      2133  1.209464E+00
      2134  4.076851E-01
      2135  2.234264E-01
      2136  4.736560E+00
      2137  2.643311E+00
      2138  1.209464E+00
      2139  4.076851E-01
      2140  2.234264E-01
      2141  2.538864E-01
      2142  4.924020E-01
      2143  2.585002E-01
      2144  4.963575E-01
      2145  2.662632E-01
      2146  5.058373E-01
      2147  2.932214E-01
      2148  5.127581E-01
      2149  1.038338E-01
      2150  1.804959E-01
      2151  1.038338E-01
      2152  1.804959E-01
      2153  2.932214E-01
      2154  5.127581E-01
      2155  2.662632E-01
      2156  5.058373E-01
      2157  2.585002E-01
      2158  4.963575E-01
      2159  2.538864E-01
      2160  4.924020E-01
      2161  4.410727E+00
      2162  2.465067E+00
      2163  1.134181E+00
      2164  3.907199E-01
      2165  2.201310E-01
      2166  4.410727E+00
      2167  2.465067E+00
      2168  1.134181E+00
      2169  3.907199E-01
      2170  2.201310E-01
      2171  2.364981E-01
      2172  4.583458E-01
      2173  2.410847E-01
      2174  4.623483E-01
      2175  2.488337E-01
      2176  4.718806E-01
      2177  2.757939E-01
      2178  4.788339E-01
      2179  9.751337E-02
      2180  1.681744E-01
      2181  9.751337E-02
      2182  1.681744E-01
      2183  2.757939E-01
      2184  4.788339E-01
      2185  2.488337E-01
      2186  4.718806E-01
      2187  2.410847E-01
      2188  4.623483E-01
      2189  2.364981E-01
      2190  4.583458E-01
      2191  4.096581E+00
      2192  2.293193E+00
      2193  1.061571E+00
      2194  3.743511E-01
      2195  2.169624E-01
      2196  4.096581E+00
      2197  2.293193E+00
      2198  1.061571E+00
      2199  3.743511E-01
      2200  2.169624E-01
      2201  2.197355E-01
      2202  4.254800E-01
      2203  2.242913E-01
      2204  4.295402E-01
      2205  2.320264E-01
      2206  4.391384E-01
      2207  2.589940E-01
      2208  4.461320E-01
      2209  9.142279E-02
      2210  1.562969E-01
      2211  9.142279E-02
      2212  1.562969E-01
      2213  2.589940E-01
      2214  4.461320E-01
      2215  2.320264E-01
      2216  4.391384E-01
      2217  2.242913E-01
      2218  4.295402E-01
      2219  2.197355E-01
      2220  4.254800E-01
      2221  3.794134E+00
      2222  2.127689E+00
      2223  9.916309E-01
      2224  3.585788E-01
      2225  2.139249E-01
      2226  3.794134E+00
      2227  2.127689E+00
      2228  9.916309E-01
      2229  3.585788E-01
      2230  2.139249E-01
      2231  2.035944E-01
      2232  3.938067E-01
      2233  2.081169E-01
      2234  3.979356E-01
      2235  2.158403E-01
      2236  4.076134E-01
      2237  2.428232E-01
      2238  4.146564E-01
      2239  8.556320E-02
      2240  1.448644E-01
      2241  8.556320E-02
      2242  1.448644E-01
      2243  2.428232E-01
      2244  4.146564E-01
      2245  2.158403E-01
      2246  4.076134E-01
      2247  2.081169E-01
      2248  3.979356E-01
      2249  2.035944E-01
      2250  3.938067E-01
      2251  3.503394E+00
      2252  1.968552E+00
      2253  9.243570E-01
      2254  3.434039E-01
      2255  2.110248E-01
      2256  3.503394E+00
      2257  1.968552E+00
      2258  9.243570E-01
      2259  3.434039E-01
      2260  2.110248E-01
      2261  1.880678E-01
      2262  3.633318E-01
      2263  1.925567E-01
      2264  3.675389E-01
      2265  2.002737E-01
      2266  3.773103E-01
      2267  2.272833E-01
      2268  3.844116E-01
      2269  7.993587E-02
      2270  1.338781E-01
      2271  7.993587E-02
      2272  1.338781E-01
      2273  2.272833E-01
      2274  3.844116E-01
      2275  2.002737E-01
      2276  3.773103E-01
      2277  1.925567E-01
      2278  3.675389E-01
      2279  1.880678E-01
      2280  3.633318E-01
      2281  3.224370E+00
      2282  1.815780E+00
      2283  8.597474E-01
      2284  3.288291E-01
      2285  2.082702E-01
      2286  3.224370E+00
      2287  1.815780E+00
      2288  8.597474E-01
      2289  3.288291E-01
      2290  2.082702E-01
      2291  1.731453E-01
      2292  3.340664E-01
      2293  1.776045E-01
      2294  3.383582E-01
      2295  1.853246E-01
      2296  3.482351E-01
      2297  2.123770E-01
      2298  3.554032E-01
      2299  7.454220E-02
      2300  1.233397E-01
      2301  7.454220E-02
      2302  1.233397E-01
      2303  2.123770E-01
      2304  3.554032E-01
      2305  1.853246E-01
      2306  3.482351E-01
      2307  1.776045E-01
      2308  3.383582E-01
      2309  1.731453E-01
      2310  3.340664E-01
      2311  2.957068E+00
      2312  1.669370E+00
      2313  7.978016E-01
      2314  3.148598E-01
      2315  2.056719E-01
      2316  2.957068E+00
      2317  1.669370E+00
      2318  7.978016E-01
      2319  3.148598E-01
      2320  2.056719E-01
      2321  1.588120E-01
      2322  3.060288E-01
      2323  1.632515E-01
      2324  3.104057E-01
      2325  1.709907E-01
      2326  3.203960E-01
      2327  1.981077E-01
      2328  3.276378E-01
      2329  6.938372E-02
      2330  1.132506E-01
      2331  6.938372E-02
      2332  1.132506E-01
      2333  1.981077E-01
      2334  3.276378E-01
      2335  1.709907E-01
      2336  3.203960E-01
      2337  1.632515E-01
      2338  3.104057E-01
      2339  1.588120E-01
      2340  3.060288E-01
      2341  2.701489E+00
      2342  1.529317E+00
      2343  7.385215E-01
      2344  3.015050E-01
      2345  2.032437E-01
      2346  2.701489E+00
      2347  1.529317E+00
      2348  7.385215E-01
      2349  3.015050E-01
      2350  2.032437E-01
      2351  1.450474E-01
      2352  2.792464E-01
      2353  1.494866E-01
      2354  2.836992E-01
      2355  1.572698E-01
      2356  2.938035E-01
      2357  1.844804E-01
      2358  3.011229E-01
      2359  6.446194E-02
      2360  1.036128E-01
      2361  6.446194E-02
      2362  1.036128E-01
      2363  1.844804E-01
      2364  3.011229E-01
      2365  1.572698E-01
      2366  2.938035E-01
      2367  1.494866E-01
      2368  2.836992E-01
      2369  1.450474E-01
      2370  2.792464E-01
      2371  2.457623E+00
      2372  1.395615E+00
      2373  6.819145E-01
      2374  2.887791E-01
      2375  2.010027E-01
      2376  2.457623E+00
      2377  1.395615E+00
      2378  6.819145E-01
      2379  2.887791E-01
      2380  2.010027E-01
      2381  1.318245E-01
      2382  2.537579E-01
      2383  1.362963E-01
      2384  2.582629E-01
      2385  1.441601E-01
      2386  2.684703E-01
      2387  1.715016E-01
      2388  2.758665E-01
      2389  5.977823E-02
      2390  9.442802E-02
      2391  5.977823E-02
      2392  9.442802E-02
      2393  1.715016E-01
      2394  2.758665E-01
      2395  1.441601E-01
      2396  2.684703E-01
      2397  1.362963E-01
      2398  2.582629E-01
      2399  1.318245E-01
      2400  2.537579E-01
      2401  2.225451E+00
      2402  1.268257E+00
      2403  6.279954E-01
      2404  2.767033E-01
      2405  1.989687E-01
      2406  2.225451E+00
      2407  1.268257E+00
      2408  6.279954E-01
      2409  2.767033E-01
      2410  1.989687E-01
      2411  1.191090E-01
      2412  2.296150E-01
      2413  1.236653E-01
      2414  2.341279E-01
      2415  1.316616E-01
      2416  2.444113E-01
      2417  1.591804E-01
      2418  2.518768E-01
      2419  5.533354E-02
      2420  8.569834E-02
      2421  5.533354E-02
      2422  8.569834E-02
      2423  1.591804E-01
      2424  2.518768E-01
      2425  1.316616E-01
      2426  2.444113E-01
      2427  1.236653E-01
      2428  2.341279E-01
      2429  1.191090E-01
      2430  2.296150E-01
      2431  2.004929E+00
      2432  1.147237E+00
      2433  5.767909E-01
      2434  2.653079E-01
      2435  1.971642E-01
      2436  2.004929E+00
      2437  1.147237E+00
      2438  5.767909E-01
      2439  2.653079E-01
      2440  1.971642E-01
      2441  1.068596E-01
      2442  2.068839E-01
      2443  1.115777E-01
      2444  2.113329E-01
      2445  1.197776E-01
      2446  2.216427E-01
      2447  1.475294E-01
      2448  2.291609E-01
      2449  5.112805E-02
      2450  7.742558E-02
      2451  5.112805E-02
      2452  7.742558E-02
      2453  1.475294E-01
      2454  2.291609E-01
      2455  1.197776E-01
      2456  2.216427E-01
      2457  1.115777E-01
      2458  2.113329E-01
      2459  1.068596E-01
      2460  2.068839E-01
      2461  1.795993E+00
      2462  1.032555E+00
      2463  5.283445E-01
      2464  2.546341E-01
      2465  1.956118E-01
      2466  1.795993E+00
      2467  1.032555E+00
      2468  5.283445E-01
      2469  2.546341E-01
      2470  1.956118E-01
      2471  9.503022E-02
      2472  1.856460E-01
      2473  1.000201E-01
      2474  1.899233E-01
      2475  1.085175E-01
      2476  2.001800E-01
      2477  1.365654E-01
      2478  2.077235E-01
      2479  4.716058E-02
      2480  6.961118E-02
      2481  4.716058E-02
      2482  6.961118E-02
      2483  1.365654E-01
      2484  2.077235E-01
      2485  1.085175E-01
      2486  2.001800E-01
      2487  1.000201E-01
      2488  1.899233E-01
      2489  9.503022E-02
      2490  1.856460E-01
      2491  1.598538E+00
      2492  9.242127E-01
      2493  4.827234E-01
      2494  2.447357E-01
      2495  1.943308E-01
      2496  1.598538E+00
      2497  9.242127E-01
      2498  4.827234E-01
      2499  2.447357E-01
      2500  1.943308E-01
      2501  8.357484E-02
      2502  1.659978E-01
      2503  8.898759E-02
      2504  1.699504E-01
      2505  9.790110E-02
      2506  1.800362E-01
      2507  1.263103E-01
      2508  1.875637E-01
      2509  4.342780E-02
      2510  6.225567E-02
      2511  4.342780E-02
      2512  6.225567E-02
      2513  1.263103E-01
      2514  1.875637E-01
      2515  9.790110E-02
      2516  1.800362E-01
      2517  8.898759E-02
      2518  1.699504E-01
      2519  8.357484E-02
      2520  1.659978E-01
      2521  1.412418E+00
      2522  8.222287E-01
      2523  4.400259E-01
      2524  2.356805E-01
      2525  1.933312E-01
      2526  1.412418E+00
      2527  8.222287E-01
      2528  4.400259E-01
      2529  2.356805E-01
      2530  1.933312E-01
      2531  7.245996E-02
      2532  1.480506E-01
      2533  7.849484E-02
      2534  1.514698E-01
      2535  8.796580E-02
      2536  1.612183E-01
      2537  1.167932E-01
      2538  1.686721E-01
      2539  3.992319E-02
      2540  5.535786E-02
      2541  3.992319E-02
      2542  5.535786E-02
      2543  1.167932E-01
      2544  1.686721E-01
      2545  8.796580E-02
      2546  1.612183E-01
      2547  7.849484E-02
      2548  1.514698E-01
      2549  7.245996E-02
      2550  1.480506E-01
      2551  1.237433E+00
      2552  7.266402E-01
      2553  4.003887E-01
      2554  2.275496E-01
      2555  1.926053E-01
      2556  1.237433E+00
      2557  7.266402E-01
      2558  4.003887E-01
      2559  2.275496E-01
      2560  1.926053E-01
      2561  6.168742E-02
      2562  1.319321E-01
      2563  6.859581E-02
      2564  1.345426E-01
      2565  7.877861E-02
      2566  1.437249E-01
      2567  1.080525E-01
      2568  1.510265E-01
      2569  3.663564E-02
      2570  4.891377E-02
      2571  3.663564E-02
      2572  4.891377E-02
      2573  1.080525E-01
      2574  1.510265E-01
      2575  7.877861E-02
      2576  1.437249E-01
      2577  6.859581E-02
      2578  1.345426E-01
      2579  6.168742E-02
      2580  1.319321E-01
      2581  1.073329E+00
      2582  6.375146E-01
      2583  3.639935E-01
      2584  2.204346E-01
      2585  1.921167E-01
      2586  1.073329E+00
      2587  6.375146E-01
      2588  3.639935E-01
      2589  2.204346E-01
      2590  1.921167E-01
      2591  5.133568E-02
      2592  1.177930E-01
      2593  5.941815E-02
      2594  1.192408E-01
      2595  7.045660E-02
      2596  1.275470E-01
      2597  1.001423E-01
      2598  1.345896E-01
      2599  3.354808E-02
      2600  4.291590E-02
      2601  3.354808E-02
      2602  4.291590E-02
      2603  1.001423E-01
      2604  1.345896E-01
      2605  7.045660E-02
      2606  1.275470E-01
      2607  5.941815E-02
      2608  1.192408E-01
      2609  5.133568E-02
      2610  1.177930E-01
      2611  9.198002E-01
      2612  5.549599E-01
      2613  3.310664E-01
      2614  2.144314E-01
      2615  1.917890E-01
      2616  9.198002E-01
      2617  5.549599E-01
      2618  3.310664E-01
      2619  2.144314E-01
      2620  1.917890E-01
      2621  4.162898E-02
      2622  1.058232E-01
      2623  5.121997E-02
      2624  1.056646E-01
      2625  6.320186E-02
      2626  1.126785E-01
      2627  9.314871E-02
      2628  1.193131E-01
      2629  3.063646E-02
      2630  3.735437E-02
      2631  3.063646E-02
      2632  3.735437E-02
      2633  9.314871E-02
      2634  1.193131E-01
      2635  6.320186E-02
      2636  1.126785E-01
      2637  5.121997E-02
      2638  1.056646E-01
      2639  4.162898E-02
      2640  1.058232E-01
      2641  7.765200E-01
      2642  4.791310E-01
      2643  3.018664E-01
      2644  2.096306E-01
      2645  1.914996E-01
      2646  7.765200E-01
      2647  4.791310E-01
      2648  3.018664E-01
      2649  2.096306E-01
      2650  1.914996E-01
      2651  3.304403E-02
      2652  9.628564E-02
      2653  4.447851E-02
      2654  9.398232E-02
      2655  5.735995E-02
      2656  9.914879E-02
      2657  8.722651E-02
      2658  1.051611E-01
      2659  2.787051E-02
      2660  3.222462E-02
      2661  2.787051E-02
      2662  3.222462E-02
      2663  8.722651E-02
      2664  1.051611E-01
      2665  5.735995E-02
      2666  9.914879E-02
      2667  4.447851E-02
      2668  9.398232E-02
      2669  3.304403E-02
      2670  9.628564E-02
      2671  6.432005E-01
      2672  4.102243E-01
      2673  2.766506E-01
      2674  2.061054E-01
      2675  1.910898E-01
      2676  6.432005E-01
      2677  4.102243E-01
      2678  2.766506E-01
      2679  2.061054E-01
      2680  1.910898E-01
      2681  2.645792E-02
      2682  8.957250E-02
      2683  4.001664E-02
      2684  8.450356E-02
      2685  5.351387E-02
      2686  8.709667E-02
      2687  8.268161E-02
      2688  9.217537E-02
      2689  2.521833E-02
      2690  2.755137E-02
      2691  2.521833E-02
      2692  2.755137E-02
      2693  8.268161E-02
      2694  9.217537E-02
      2695  5.351387E-02
      2696  8.709667E-02
      2697  4.001664E-02
      2698  8.450356E-02
      2699  2.645792E-02
      2700  8.957250E-02
      2701  5.197054E-01
      2702  3.484416E-01
      2703  2.556011E-01
      2704  2.039003E-01
      2705  1.904116E-01
      2706  5.197054E-01
      2707  3.484416E-01
      2708  2.556011E-01
      2709  2.039003E-01
      2710  1.904116E-01
      2711  2.331715E-02
      2712  8.627627E-02
      2713  3.915775E-02
      2714  7.779828E-02
      2715  5.262511E-02
      2716  7.691628E-02
      2717  8.013893E-02
      2718  8.062664E-02
      2719  2.265898E-02
      2720  2.344981E-02
      2721  2.265898E-02
      2722  2.344981E-02
      2723  8.013893E-02
      2724  8.062664E-02
      2725  5.262511E-02
      2726  7.691628E-02
      2727  3.915775E-02
      2728  7.779828E-02
      2729  2.331715E-02
      2730  8.627627E-02
      2731  4.062282E-01
      2732  2.938941E-01
      2733  2.386909E-01
      2734  2.030271E-01
      2735  1.894439E-01
      2736  4.062282E-01
      2737  2.938941E-01
      2738  2.386909E-01
      2739  2.030271E-01
      2740  1.894439E-01
      2741  2.574966E-02
      2742  8.724066E-02
      2743  4.385680E-02
      2744  7.485160E-02
      2745  5.622215E-02
      2746  6.951073E-02
      2747  8.086484E-02
      2748  7.132606E-02
      2749  2.020893E-02
      2750  2.026394E-02
      2751  2.020893E-02
      2752  2.026394E-02
      2753  8.086484E-02
      2754  7.132606E-02
      2755  5.622215E-02
      2756  6.951073E-02
      2757  4.385680E-02
      2758  7.485160E-02
      2759  2.574966E-02
      2760  8.724066E-02
      2761  3.035202E-01
      2762  2.464043E-01
      2763  2.254635E-01
      2764  2.034735E-01
      2765  1.885221E-01
      2766  3.035202E-01
      2767  2.464043E-01
      2768  2.254635E-01
      2769  2.034735E-01
      2770  1.885221E-01
      2771  3.642766E-02
      2772  9.348886E-02
      2773  5.666402E-02
      2774  7.718959E-02
      2775  6.659968E-02
      2776  6.667267E-02
      2777  8.734940E-02
      2778  6.620835E-02
      2779  1.797036E-02
      2780  1.885587E-02
      2781  1.797036E-02
      2782  1.885587E-02
      2783  8.734940E-02
      2784  6.620835E-02
      2785  6.659968E-02
      2786  6.667267E-02
      2787  5.666402E-02
      2788  7.718959E-02
      2789  3.642766E-02
      2790  9.348886E-02
      2791  2.130886E-01
      2792  2.051781E-01
      2793  2.147127E-01
      2794  2.052218E-01
      2795  1.887425E-01
      2796  2.130886E-01
      2797  2.051781E-01
      2798  2.147127E-01
      2799  2.052218E-01
      2800  1.887425E-01
      2801  5.782571E-02
      2802  1.058418E-01
      2803  8.021715E-02
      2804  8.678683E-02
      2805  8.689595E-02
      2806  7.153402E-02
      2807  1.042961E-01
      2808  6.934000E-02
      2809  1.621042E-02
      2810  2.118243E-02
      2811  1.621042E-02
      2812  2.118243E-02
      2813  1.042961E-01
      2814  6.934000E-02
      2815  8.689595E-02
      2816  7.153402E-02
      2817  8.021715E-02
      2818  8.678683E-02
      2819  5.782571E-02
      2820  1.058418E-01
      2821  1.371661E-01
      2822  1.684329E-01
      2823  2.041096E-01
      2824  2.082774E-01
      2825  1.926010E-01
      2826  1.371661E-01
      2827  1.684329E-01
      2828  2.041096E-01
      2829  2.082774E-01
      2830  1.926010E-01
      2831  9.041329E-02
      2832  1.239630E-01
      2833  1.157818E-01
      2834  1.053394E-01
      2835  1.206980E-01
      2836  8.877329E-02
      2837  1.402138E-01
      2838  8.848215E-02
      2839  1.547236E-02
      2840  3.138971E-02
      2841  1.547236E-02
      2842  3.138971E-02
      2843  1.402138E-01
      2844  8.848215E-02
      2845  1.206980E-01
      2846  8.877329E-02
      2847  1.157818E-01
      2848  1.053394E-01
      2849  9.041329E-02
      2850  1.239630E-01
      2851  7.815445E-02
      2852  1.333446E-01
      2853  1.900296E-01
      2854  2.126171E-01
      2855  2.051618E-01
      2856  7.815445E-02
      2857  1.333446E-01
      2858  1.900296E-01
      2859  2.126171E-01
      2860  2.051618E-01
      2861  1.299186E-01
      2862  1.449572E-01
      2863  1.604134E-01
      2864  1.324013E-01
      2865  1.704781E-01
      2866  1.237276E-01
      2867  2.096438E-01
      2868  1.371724E-01
      2869  1.672909E-02
      2870  5.787366E-02
      2871  1.672909E-02
      2872  5.787366E-02
      2873  2.096438E-01
      2874  1.371724E-01
      2875  1.704781E-01
      2876  1.237276E-01
      2877  1.604134E-01
      2878  1.324013E-01
      2879  1.299186E-01
      2880  1.449572E-01
      2881  3.736489E-02
      2882  9.717925E-02
      2883  1.679237E-01
      2884  2.182625E-01
      2885  2.356164E-01
      2886  3.736489E-02
      2887  9.717925E-02
      2888  1.679237E-01
      2889  2.182625E-01
      2890  2.356164E-01
      2891  1.645029E-01
      2892  1.623343E-01
      2893  2.034259E-01
      2894  1.625255E-01
      2895  2.332445E-01
      2896  1.787067E-01
      2897  3.358938E-01
      2898  2.363462E-01
      2899  2.135858E-02
      2900  1.167050E-01
      2901  2.135858E-02
      2902  1.167050E-01
      2903  3.358938E-01
      2904  2.363462E-01
      2905  2.332445E-01
      2906  1.787067E-01
      2907  2.034259E-01
      2908  1.625255E-01
      2909  1.645029E-01
      2910  1.623343E-01
      2911  1.357676E-02
      2912  6.019156E-02
      2913  1.341825E-01
      2914  2.233692E-01
      2915  3.032816E-01
      2916  1.357676E-02
      2917  6.019156E-02
      2918  1.341825E-01
      2919  2.233692E-01
      2920  3.032816E-01
      2921  1.789757E-01
      2922  1.680844E-01
      2923  2.270376E-01
      2924  1.845364E-01
      2925  2.943980E-01
      2926  2.453913E-01
      2927  5.502576E-01
      2928  4.129490E-01
      2929  3.116592E-02
      2930  2.363848E-01
      2931  3.116592E-02
      2932  2.363848E-01
      2933  5.502576E-01
      2934  4.129490E-01
      2935  2.943980E-01
      2936  2.453913E-01
      2937  2.270376E-01
      2938  1.845364E-01
      2939  1.789757E-01
      2940  1.680844E-01
      2941  2.876245E-03
      2942  2.777937E-02
      2943  9.020541E-02
      2944  2.205997E-01
      2945  4.525653E-01
      2946  2.876245E-03
      2947  2.777937E-02
      2948  9.020541E-02
      2949  2.205997E-01
      2950  4.525653E-01
      2951  1.736726E-01
      2952  1.609221E-01
      2953  2.203943E-01
      2954  1.986690E-01
      2955  3.338357E-01
      2956  3.054377E-01
      2957  8.874863E-01
      2958  6.922797E-01
      2959  5.150546E-02
      2960  4.687399E-01
      2961  5.150546E-02
      2962  4.687399E-01
      2963  8.874863E-01
      2964  6.922797E-01
      2965  3.338357E-01
      2966  3.054377E-01
      2967  2.203943E-01
      2968  1.986690E-01
      2969  1.736726E-01
      2970  1.609221E-01
      2971  1.687888E-04
      2972  6.618794E-03
      2973  4.445344E-02
      2974  2.120766E-01
      2975  6.120408E-01
      2976  1.687888E-04
      2977  6.618794E-03
      2978  4.445344E-02
      2979  2.120766E-01
      2980  6.120408E-01
      2981  1.070568E-01
      2982  1.768468E-01
      2983  1.707717E-01
      2984  1.765229E-01
      2985  3.198771E-01
      2986  4.116769E-01
      2987  1.326778E+00
      2988  1.160641E+00
      2989  1.144760E-01
      2990  8.816574E-01
      2991  1.144760E-01
      2992  8.816574E-01
      2993  1.326778E+00
      2994  1.160641E+00
      2995  3.198771E-01
      2996  4.116769E-01
      2997  1.707717E-01
      2998  1.765229E-01
      2999  1.070568E-01
      3000  1.768468E-01
