
                        S T E P       1


                                INCREMENT     1


 displacements (vx,vy,vz) for set NALL and time  0.1000000E+01

         1  0.000000E+00  0.000000E+00 -3.308722E-25
         2  0.000000E+00  0.000000E+00  0.000000E+00
         3  0.000000E+00  0.000000E+00  1.958764E-22
         4  0.000000E+00  0.000000E+00  1.842958E-22
         5  4.502145E-04 -6.499733E-06 -5.406387E-04
         6  4.513740E-04  1.254503E-05  5.452674E-04
         7 -4.526118E-04  8.176105E-06 -5.420086E-04
         8 -4.536620E-04 -3.864545E-06  5.467548E-04
         9  1.193965E-03 -3.328168E-06 -1.596233E-03
        10  1.193913E-03  1.403290E-05  1.626560E-03
        11 -1.240536E-03  1.083326E-05 -1.596492E-03
        12 -1.241109E-03 -1.176338E-07  1.626336E-03
        13  1.542323E-03 -6.556305E-06 -2.158301E-03
        14  1.542135E-03  1.924764E-05  2.148376E-03
        15 -1.613119E-03  2.480267E-05 -2.158310E-03
        16 -1.613515E-03 -6.851685E-06  2.148705E-03
        17  1.878181E-03 -8.131366E-06 -2.946686E-03
        18  1.878776E-03  2.215381E-05  2.882733E-03
        19 -1.947825E-03  3.498835E-05 -2.946920E-03
        20 -1.948301E-03 -1.173399E-05  2.882930E-03
        21  5.000000E-03  0.000000E+00 -6.000000E-03
        22  5.000000E-03 -8.470329E-23  6.000000E-03
        23 -5.000000E-03  4.404571E-21 -6.000000E-03
        24 -5.000000E-03 -1.355253E-21  6.000000E-03
        25  2.386874E-04 -1.491190E-05 -2.876542E-04
        26  2.448954E-04 -2.248495E-06  2.293223E-04
        27 -2.172109E-04 -1.973456E-06 -2.364386E-04
        28 -2.574557E-04 -8.671459E-06  2.863703E-04
        29  9.161452E-04 -2.291705E-05 -1.017957E-03
        30  6.633861E-04 -9.734514E-07  1.063768E-03
        31 -6.491793E-04 -8.932429E-06 -1.076542E-03
        32 -8.452810E-04 -1.572515E-05  1.013015E-03
        33  3.390029E-03 -4.847626E-05 -4.642416E-03
        34  2.201812E-03 -3.779057E-05  4.682319E-03
        35 -2.212564E-03 -3.046038E-05 -4.806633E-03
        36 -3.290163E-03 -5.051316E-05  4.645181E-03
        37 -9.411803E-07 -3.563629E-09 -6.530557E-07
        38 -1.561393E-06 -1.205128E-08 -1.085883E-06
        39  4.680769E-07 -2.651817E-08  5.132733E-07
        40  3.192184E-08 -1.931447E-08  4.011068E-08
        41  1.194719E-03  6.004400E-06  2.133216E-05
        42 -1.239963E-03  4.887098E-06  8.932742E-06
        43 -3.059718E-05  4.303209E-06 -1.596292E-03
        44 -1.848775E-05  6.568582E-06  1.626468E-03
        45  1.541894E-03 -1.192886E-05 -1.059297E-03
        46  1.542241E-03  5.648718E-06  3.542259E-06
        47  1.541845E-03  2.389485E-05  1.062050E-03
        48 -1.612805E-03  1.681995E-05 -1.072499E-03
        49 -1.612798E-03  1.123996E-05 -1.060098E-05
        50 -1.613012E-03  3.283802E-06  1.054608E-03
        51  6.923492E-04  1.376811E-05 -2.159301E-03
        52 -4.202844E-05  7.874131E-06 -2.159147E-03
        53 -7.726395E-04  3.135596E-06 -2.159260E-03
        54  7.006680E-04  6.085201E-06  2.147974E-03
        55 -3.154570E-05  7.331942E-06  2.148018E-03
        56 -7.662864E-04  7.553979E-06  2.148060E-03
        57  1.879792E-03  8.838191E-06 -2.769235E-05
        58 -1.947059E-03  1.043701E-05 -1.402279E-05
        59 -1.173392E-05  1.267049E-05 -2.946671E-03
        60 -2.201985E-05  5.602704E-06  2.882469E-03
        61  5.007366E-03 -1.476418E-06  4.085592E-06
        62 -4.998961E-03  1.018780E-05 -5.162102E-05
        63 -9.366944E-05  3.634276E-05 -5.997573E-03
        64 -5.141225E-05  6.011170E-06  5.997262E-03
        65 -1.231075E-04 -1.862784E-05 -2.380276E-04
        66  5.838936E-05 -1.248166E-06 -2.912237E-04
        67 -2.202742E-05  4.081689E-06  2.855196E-04
        68  1.739897E-04 -4.222182E-06  2.325445E-04
        69  2.478800E-04  1.750258E-06  1.707592E-04
        70  2.296669E-04 -2.782245E-07 -1.871699E-04
        71 -2.360357E-04  2.181563E-05  1.698351E-04
        72 -2.107630E-04 -7.984252E-06 -1.612602E-04
        73  3.007669E-04  5.142017E-05 -1.124103E-03
        74  2.756392E-04  2.123399E-04 -2.177828E-03
        75 -2.288897E-04  1.630841E-04 -2.095154E-03
        76 -3.613543E-04 -4.535257E-05 -1.134473E-03
        77 -1.999236E-04 -1.761094E-04 -2.031258E-03
        78  3.507954E-04 -1.252820E-04 -1.967115E-03
        79  2.386257E-04 -6.241273E-05  1.247543E-03
        80 -1.312610E-05 -2.123202E-04  2.247772E-03
        81 -4.633562E-04 -1.413929E-04  2.071631E-03
        82 -1.489622E-04  5.085830E-05  1.131423E-03
        83  1.333649E-04  1.976529E-04  2.116359E-03
        84  5.315439E-04  1.443780E-04  2.031679E-03
        85 -7.825708E-05  1.774987E-04 -1.931568E-05
        86 -2.879575E-04  2.629529E-04  4.737736E-04
        87  5.991433E-04  9.810375E-05  1.009657E-03
        88 -8.190617E-05 -1.716410E-04  3.385403E-04
        89 -2.683851E-04 -2.498430E-04 -2.007139E-04
        90  6.140167E-04 -8.519019E-05 -9.669027E-04
        91  2.472077E-05 -1.598356E-04 -4.425780E-04
        92  2.632590E-04 -2.528191E-04  2.400753E-05
        93 -5.607977E-04 -1.012607E-04  8.510255E-04
        94  5.759946E-05  1.745274E-04  1.525527E-04
        95  2.899475E-04  2.668748E-04 -3.225733E-04
        96 -5.532153E-04  1.118232E-04 -9.421837E-04
        97  3.106434E-04 -1.882308E-08 -2.566459E-03
        98 -2.215315E-04  1.924882E-05 -2.562265E-03
        99  2.654898E-04  2.628166E-05  2.452372E-03
       100 -1.687073E-04 -1.497030E-05  2.455449E-03
       101  1.733361E-03  9.489953E-07  4.025125E-04
       102  1.727856E-03  9.357125E-06 -5.001711E-04
       103 -1.637172E-03 -2.040056E-05  3.675707E-04
       104 -1.642957E-03  4.039878E-05 -4.596009E-04
       105  1.655876E-03  8.412577E-05 -3.682180E-03
       106  2.208829E-03  5.201666E-04 -6.495286E-03
       107  3.274996E-03  1.169688E-03 -1.034067E-02
       108  3.532117E-03  1.550067E-03 -1.241595E-02
       109  2.385908E-03  1.380835E-03 -1.168205E-02
       110  3.654175E-05  7.533182E-04 -8.984349E-03
       111 -2.618967E-03  1.945546E-04 -6.748048E-03
       112 -1.619564E-03 -4.576311E-05 -3.633228E-03
       113 -7.881478E-04 -4.579112E-04 -6.292384E-03
       114  3.895708E-04 -1.070877E-03 -9.933698E-03
       115  1.129042E-03 -1.423054E-03 -1.186487E-02
       116  1.309790E-03 -1.253853E-03 -1.113509E-02
       117  1.507584E-03 -6.598713E-04 -8.589917E-03
       118  2.810786E-03 -1.512774E-04 -6.560497E-03
       119  1.431314E-03 -8.243995E-05  3.698994E-03
       120  4.241142E-04 -5.272555E-04  6.564526E-03
       121 -9.214038E-04 -1.167207E-03  1.035284E-02
       122 -1.740900E-03 -1.531983E-03  1.234479E-02
       123 -1.855213E-03 -1.351796E-03  1.155626E-02
       124 -1.858381E-03 -7.201962E-04  8.842373E-03
       125 -2.931301E-03 -1.708304E-04  6.632036E-03
       126 -1.689942E-03  8.893653E-05  3.687074E-03
       127 -2.144038E-03  5.333769E-04  6.561000E-03
       128 -3.115575E-03  1.176167E-03  1.037666E-02
       129 -3.326560E-03  1.536849E-03  1.235639E-02
       130 -2.216358E-03  1.346208E-03  1.152801E-02
       131  4.300164E-05  7.112797E-04  8.803764E-03
       132  2.648310E-03  1.653583E-04  6.629590E-03
       133  1.552000E-03  1.003844E-04 -2.233538E-03
       134 -1.099404E-03  8.620774E-04 -9.744152E-04
       135 -5.302613E-03  2.001141E-03  8.742318E-04
       136 -7.215514E-03  2.492137E-03  2.577700E-03
       137 -5.245849E-03  2.051696E-03  3.723064E-03
       138 -4.708062E-04  1.050260E-03  4.371339E-03
       139  3.503675E-03  2.715763E-04  5.036256E-03
       140  1.531663E-03 -9.301086E-05  2.212933E-03
       141 -1.089490E-03 -8.478388E-04  1.983326E-03
       142 -5.232639E-03 -1.972121E-03  2.058878E-03
       143 -7.188513E-03 -2.475253E-03  1.385785E-03
       144 -5.350581E-03 -2.066501E-03 -3.922646E-04
       145 -6.685718E-04 -1.086233E-03 -2.854821E-03
       146  3.393781E-03 -2.911240E-04 -4.806879E-03
       147 -1.716745E-03 -4.522710E-05 -2.325452E-03
       148  9.143706E-04 -8.019260E-04 -1.848248E-03
       149  5.251014E-03 -1.976834E-03 -1.390484E-03
       150  7.328524E-03 -2.509177E-03 -4.453464E-04
       151  5.466117E-03 -2.093654E-03  1.159382E-03
       152  6.886838E-04 -1.091966E-03  3.162613E-03
       153 -3.380101E-03 -2.944864E-04  4.816556E-03
       154 -1.740951E-03  6.189087E-05  2.287341E-03
       155  7.195246E-04  7.721883E-04  7.663359E-04
       156  4.802996E-03  1.880437E-03 -1.744149E-03
       157  6.772070E-03  2.387025E-03 -3.874572E-03
       158  5.002443E-03  1.994020E-03 -4.948247E-03
       159  4.429899E-04  1.040234E-03 -5.122532E-03
       160 -3.427319E-03  2.822611E-04 -5.305767E-03

 forces (fx,fy,fz) for set RIGHT and time  0.1000000E+01

        21  1.402629E+03  1.643476E+03 -1.760520E+03
        22  1.205212E+03 -1.546891E+03  1.257175E+03
        23 -1.644309E+03 -4.182246E+02 -9.353379E+02
        24 -9.659382E+02  1.376737E+03  1.453008E+03

 internal energy (element, energy) for set ALL and time  0.1000000E+01

         1  6.773749E-03
         2  1.120436E-02
         3  5.717497E-03
         4  4.489486E-03
         5  1.047601E-02
         6  8.411650E-03
         7  4.623030E-03
         8  6.300127E-03
         9  2.095957E-03
        10  2.870125E-03
        11  3.511796E-03
        12  2.522469E-03
        13  6.964737E-03
        14  4.297410E-03
        15  2.640715E-03
        16  2.929253E-03
        17  2.676488E-02
        18  2.585929E-02
        19  3.101572E-02
        20  2.541830E-02
        21  6.791785E-03
        22  2.860762E-03
        23  8.655117E-03
        24  3.997506E-03
        25  8.993193E-02
        26  8.529528E-02
        27  1.455346E-01
        28  1.081049E-01
        29  1.136986E-01
        30  2.016752E-01
        31  5.433847E-02
        32  1.135632E-01
        33  8.086242E-04
        34  1.333920E-03
        35  4.637150E-03
        36  1.721873E-03
        37  8.269755E-04
        38  3.455499E-03
        39  9.965056E-04
        40  8.481446E-04
        41  4.100200E-03
        42  5.659131E-03
        43  4.766357E-03
        44  5.175699E-03
        45  8.280577E-03
        46  9.137180E-03
        47  7.970973E-03
        48  7.463435E-03
        49  9.364832E-04
        50  1.254607E-03
        51  1.056281E-03
        52  9.475228E-04
        53  8.403901E-04
        54  1.708724E-04
        55  1.208958E-04
        56  6.400253E-04
        57  4.724389E-04
        58  1.176820E-04
        59  1.534644E-04
        60  5.582015E-04
        61  9.972836E-03
        62  1.462693E-03
        63  1.104183E-03
        64  9.108892E-03
        65  1.147063E-02
        66  1.431226E-03
        67  1.763952E-03
        68  1.197900E-02
        69  5.276700E-02
        70  5.398243E-02
        71  3.030575E-02
        72  3.437754E-02
        73  3.202151E-03
        74  5.023512E-03
        75  4.508919E-03
        76  5.513239E-03
        77  1.060474E-01
        78  9.783169E-02
        79  8.119886E-02
        80  7.322612E-02
        81  2.575105E-02
        82  3.962783E-02
        83  2.430187E-02
        84  2.993500E-02
        85  1.759671E-01
        86  1.035043E-01
        87  1.440751E-01
        88  1.415526E-01
        89  1.385033E-01
        90  1.354462E-01
        91  9.956714E-02
        92  1.548177E-01
        93  2.315359E-01
        94  1.485106E-01
        95  1.919490E-01
        96  1.403797E-01
        97  1.431962E-01
        98  2.858797E-01
        99  1.278580E-01
       100  2.232857E-01
       101  1.690567E-01
       102  1.283019E-01
       103  1.375442E-01
       104  1.592682E-01
       105  1.936047E-01
       106  1.434377E-01
       107  1.684869E-01
       108  1.587527E-01
       109  1.841741E-01
       110  1.281607E-01
       111  1.402298E-01
       112  1.843816E-01
       113  1.927436E-01
       114  1.332321E-01
       115  1.500772E-01
       116  1.748679E-01
       117  1.745786E-01
       118  1.232281E-01
       119  1.194144E-01
       120  1.574520E-01
       121  1.637861E-01
       122  1.130611E-01
       123  1.128723E-01
       124  1.500547E-01
       125  1.589362E-01
       126  1.284613E-01
       127  1.189485E-01
       128  1.416140E-01
       129  1.613479E-01
       130  1.327507E-01
       131  1.246999E-01
       132  1.527402E-01
       133  2.304701E-01
       134  2.706030E-01
       135  2.431440E-01
       136  2.599798E-01
       137  3.296872E-01
       138  3.187248E-01
       139  3.089812E-01
       140  3.474977E-01
       141  1.954518E-01
       142  1.523112E-01
       143  1.945933E-01
       144  1.822346E-01
       145  1.683678E-01
       146  1.906021E-01
       147  1.753792E-01
       148  1.825675E-01
       149  1.839370E-01
       150  1.386424E-01
       151  1.840892E-01
       152  1.225877E-01
       153  1.520515E-01
       154  1.652013E-01
       155  1.581023E-01
       156  1.700533E-01
       157  2.589811E-01
       158  3.313163E-01
       159  8.500617E-02
       160  2.671774E-01
       161  2.963125E-01
       162  9.888563E-02
       163  2.485436E-01
       164  1.378338E-01
       165  2.713437E-01
       166  3.364625E-01
       167  9.633382E-02
       168  2.765310E-01
       169  3.025019E-01
       170  1.107970E-01
       171  2.654838E-01
       172  1.591324E-01
       173  2.919617E-01
       174  2.971442E-01
       175  7.527812E-02
       176  2.548331E-01
       177  2.795704E-01
       178  9.661413E-02
       179  2.362572E-01
       180  2.023032E-01
       181  3.266467E-01
       182  3.417032E-01
       183  9.302748E-02
       184  2.937242E-01
       185  3.159143E-01
       186  9.613432E-02
       187  2.943277E-01
       188  1.636781E-01
       189  1.533763E-01
       190  3.694857E-01
       191  7.043811E-02
       192  2.921185E-01
       193  3.137501E-01
       194  9.352634E-02
       195  2.821206E-01
       196  2.606664E-01
       197  1.836361E-01
       198  4.009861E-01
       199  7.356615E-02
       200  3.156349E-01
       201  3.506579E-01
       202  1.142165E-01
       203  2.872074E-01
       204  3.087332E-01
       205  1.356824E-01
       206  4.042669E-01
       207  7.776480E-02
       208  3.078495E-01
       209  3.392967E-01
       210  1.120787E-01
       211  2.805534E-01
       212  2.452474E-01
       213  1.361379E-01
       214  4.253577E-01
       215  8.367526E-02
       216  3.191967E-01
       217  3.528055E-01
       218  1.199222E-01
       219  2.951032E-01
       220  2.452890E-01

 total internal energy for set ALL and time  0.1000000E+01

        2.926334E+01
