
                        S T E P       1


                                INCREMENT     1


 displacements (vx,vy,vz) for set TIP_TOP and time  0.1000000E+01

       887  9.239900E-02 -2.037861E-03 -2.553494E+00
       888  9.235377E-02 -1.991966E-03 -2.548860E+00
       891  9.227381E-02 -1.845765E-03 -2.544436E+00
       894  9.229673E-02 -1.420738E-03 -2.540595E+00
       896  9.239447E-02 -5.408197E-04 -2.538257E+00
       898  9.240381E-02 -1.190992E-11 -2.538101E+00
       900  9.239447E-02  5.408197E-04 -2.538257E+00
       903  9.229673E-02  1.420738E-03 -2.540595E+00
       906  9.227381E-02  1.845765E-03 -2.544436E+00
       909  9.235377E-02  1.991966E-03 -2.548860E+00
       912  9.239900E-02  2.037861E-03 -2.553494E+00

 forces (fx,fy,fz) for set CLAMP and time  0.1000000E+01

         1  3.140160E+03  8.952968E+03  2.161448E+03
         4  5.620407E+03 -2.909956E-08  4.316016E+03
         5  5.136525E+03  1.505900E+04  1.590421E+02
         8  9.161948E+03 -4.663168E-08  3.116908E+02
         9  3.585342E+03  1.037502E+04 -2.312796E+02
        12  6.396251E+03 -4.006202E-08 -4.697896E+02
        13  1.854864E+03  5.217361E+03 -4.894633E+02
        16  3.315029E+03 -3.310165E-08 -9.866779E+02
        17 -3.795115E+00 -2.900094E+02 -6.035026E+02
        20  9.391673E-01 -2.584402E-08 -1.215977E+03
        21 -6.273547E+02 -2.072768E+03 -2.293904E+03
        24 -1.591835E+03 -1.158835E-08 -7.270639E+02
        26  3.140160E+03 -8.952968E+03  2.161448E+03
        28  5.136525E+03 -1.505900E+04  1.590421E+02
        30  3.585342E+03 -1.037502E+04 -2.312796E+02
        32  1.854864E+03 -5.217361E+03 -4.894633E+02
        34 -3.795115E+00  2.900094E+02 -6.035026E+02
        36 -6.273547E+02  2.072768E+03 -2.293904E+03
        37 -2.460956E+02 -8.207448E+02 -2.181410E+03
        40  1.830634E+02 -6.574994E+01 -4.130955E+03
        41 -1.835265E+03 -1.826561E+03 -3.898383E+02
        44 -2.542666E+03 -1.573479E+02 -7.722769E+02
        45 -1.743822E+03 -1.006915E+03  2.507008E+03
        48 -3.038443E+03 -9.175209E+01  4.829933E+03
        50  3.674855E+02 -6.703937E+01 -3.940489E+03
        52 -2.452454E+03 -1.524222E+02 -7.798126E+02
        54 -3.140174E+03 -8.528717E+01  4.690945E+03
        56  4.545244E+02 -5.196845E+01 -3.871929E+03
        58 -2.430052E+03 -1.087103E+02 -7.842016E+02
        60 -3.210793E+03 -5.756626E+01  4.651310E+03
        62 -1.659062E+03 -3.953520E+01 -5.258604E+02
        64 -2.210462E+03 -1.944521E+01  3.173210E+03
        66 -8.843929E+02 -3.889329E-09 -2.782224E+02
        68 -1.181396E+03 -2.221739E-09  1.694077E+03
        70 -1.659062E+03  3.953520E+01 -5.258604E+02
        72 -2.210462E+03  1.944521E+01  3.173210E+03
        74  4.545244E+02  5.196845E+01 -3.871929E+03
        76 -2.430052E+03  1.087103E+02 -7.842016E+02
        78 -3.210793E+03  5.756626E+01  4.651310E+03
        80  3.674855E+02  6.703937E+01 -3.940489E+03
        82 -2.452454E+03  1.524222E+02 -7.798126E+02
        84 -3.140174E+03  8.528717E+01  4.690945E+03
        86  1.830634E+02  6.574994E+01 -4.130955E+03
        88 -2.542666E+03  1.573479E+02 -7.722769E+02
        90 -3.038443E+03  9.175209E+01  4.829933E+03
        92 -2.460956E+02  8.207448E+02 -2.181410E+03
        94 -1.835265E+03  1.826561E+03 -3.898383E+02
        96 -1.743822E+03  1.006915E+03  2.507008E+03

 internal energy (element, energy) for set EALL and time  0.1000000E+01

         1  6.409673E+01
         2  3.551600E+01
         3  1.427830E+01
         4  2.965900E+00
         5  3.528503E+00
         6  6.409673E+01
         7  3.551600E+01
         8  1.427830E+01
         9  2.965900E+00
        10  3.528503E+00
        11  6.472362E+00
        12  8.707863E+00
        13  6.024857E+00
        14  8.247624E+00
        15  5.832684E+00
        16  8.070356E+00
        17  5.774275E+00
        18  8.018177E+00
        19  2.091737E+00
        20  2.913551E+00
        21  2.091737E+00
        22  2.913551E+00
        23  5.774275E+00
        24  8.018177E+00
        25  5.832684E+00
        26  8.070356E+00
        27  6.024857E+00
        28  8.247624E+00
        29  6.472362E+00
        30  8.707863E+00
        31  8.044148E+01
        32  4.495894E+01
        33  1.818697E+01
        34  4.064499E+00
        35  4.394792E+00
        36  8.044148E+01
        37  4.495894E+01
        38  1.818697E+01
        39  4.064499E+00
        40  4.394792E+00
        41  6.847343E+00
        42  9.434246E+00
        43  7.203451E+00
        44  9.847260E+00
        45  7.287669E+00
        46  9.938416E+00
        47  7.275099E+00
        48  9.923540E+00
        49  2.637840E+00
        50  3.598770E+00
        51  2.637840E+00
        52  3.598770E+00
        53  7.275099E+00
        54  9.923540E+00
        55  7.287669E+00
        56  9.938416E+00
        57  7.203451E+00
        58  9.847260E+00
        59  6.847343E+00
        60  9.434246E+00
        61  8.592857E+01
        62  4.500494E+01
        63  1.800385E+01
        64  4.206051E+00
        65  3.985431E+00
        66  8.592857E+01
        67  4.500494E+01
        68  1.800385E+01
        69  4.206051E+00
        70  3.985431E+00
        71  6.963134E+00
        72  9.967475E+00
        73  6.990506E+00
        74  9.990011E+00
        75  7.073169E+00
        76  1.008303E+01
        77  7.119630E+00
        78  1.013402E+01
        79  2.591865E+00
        80  3.688645E+00
        81  2.591865E+00
        82  3.688645E+00
        83  7.119630E+00
        84  1.013402E+01
        85  7.073169E+00
        86  1.008303E+01
        87  6.990506E+00
        88  9.990011E+00
        89  6.963134E+00
        90  9.967475E+00
        91  9.029769E+01
        92  4.794943E+01
        93  1.950172E+01
        94  4.866591E+00
        95  3.862522E+00
        96  9.029769E+01
        97  4.794943E+01
        98  1.950172E+01
        99  4.866591E+00
       100  3.862522E+00
       101  7.256268E+00
       102  1.062438E+01
       103  7.250450E+00
       104  1.061075E+01
       105  7.262195E+00
       106  1.061490E+01
       107  7.296448E+00
       108  1.064999E+01
       109  2.659272E+00
       110  3.880330E+00
       111  2.659272E+00
       112  3.880330E+00
       113  7.296448E+00
       114  1.064999E+01
       115  7.262195E+00
       116  1.061490E+01
       117  7.250450E+00
       118  1.061075E+01
       119  7.256268E+00
       120  1.062438E+01
       121  9.248941E+01
       122  4.989466E+01
       123  2.100549E+01
       124  5.678805E+00
       125  3.813297E+00
       126  9.248941E+01
       127  4.989466E+01
       128  2.100549E+01
       129  5.678805E+00
       130  3.813297E+00
       131  7.360927E+00
       132  1.108572E+01
       133  7.384556E+00
       134  1.111307E+01
       135  7.425943E+00
       136  1.116218E+01
       137  7.473110E+00
       138  1.122490E+01
       139  2.723103E+00
       140  4.092552E+00
       141  2.723103E+00
       142  4.092552E+00
       143  7.473110E+00
       144  1.122490E+01
       145  7.425943E+00
       146  1.116218E+01
       147  7.384556E+00
       148  1.111307E+01
       149  7.360927E+00
       150  1.108572E+01
       151  9.342600E+01
       152  5.113077E+01
       153  2.222245E+01
       154  6.500517E+00
       155  3.827386E+00
       156  9.342600E+01
       157  5.113077E+01
       158  2.222245E+01
       159  6.500517E+00
       160  3.827386E+00
       161  7.455819E+00
       162  1.150916E+01
       163  7.483675E+00
       164  1.154588E+01
       165  7.534779E+00
       166  1.160950E+01
       167  7.590808E+00
       168  1.168468E+01
       169  2.764193E+00
       170  4.259786E+00
       171  2.764193E+00
       172  4.259786E+00
       173  7.590808E+00
       174  1.168468E+01
       175  7.534779E+00
       176  1.160950E+01
       177  7.483675E+00
       178  1.154588E+01
       179  7.455819E+00
       180  1.150916E+01
       181  9.243549E+01
       182  5.133217E+01
       183  2.301829E+01
       184  7.256506E+00
       185  3.884165E+00
       186  9.243549E+01
       187  5.133217E+01
       188  2.301829E+01
       189  7.256506E+00
       190  3.884165E+00
       191  7.480513E+00
       192  1.180592E+01
       193  7.509221E+00
       194  1.184402E+01
       195  7.563806E+00
       196  1.191267E+01
       197  7.625292E+00
       198  1.199370E+01
       199  2.773366E+00
       200  4.370663E+00
       201  2.773366E+00
       202  4.370663E+00
       203  7.625292E+00
       204  1.199370E+01
       205  7.563806E+00
       206  1.191267E+01
       207  7.509221E+00
       208  1.184402E+01
       209  7.480513E+00
       210  1.180592E+01
       211  8.920272E+01
       212  5.027006E+01
       213  2.324711E+01
       214  7.873768E+00
       215  3.971347E+00
       216  8.920272E+01
       217  5.027006E+01
       218  2.324711E+01
       219  7.873768E+00
       220  3.971347E+00
       221  7.416118E+00
       222  1.190804E+01
       223  7.444933E+00
       224  1.194677E+01
       225  7.502263E+00
       226  1.201986E+01
       227  7.571584E+00
       228  1.210475E+01
       229  2.749539E+00
       230  4.407735E+00
       231  2.749539E+00
       232  4.407735E+00
       233  7.571584E+00
       234  1.210475E+01
       235  7.502263E+00
       236  1.201986E+01
       237  7.444933E+00
       238  1.194677E+01
       239  7.416118E+00
       240  1.190804E+01
       241  8.353737E+01
       242  4.777778E+01
       243  2.277288E+01
       244  8.257350E+00
       245  4.049205E+00
       246  8.353737E+01
       247  4.777778E+01
       248  2.277288E+01
       249  8.257350E+00
       250  4.049205E+00
       251  7.233373E+00
       252  1.174883E+01
       253  7.261943E+00
       254  1.178727E+01
       255  7.320343E+00
       256  1.186290E+01
       257  7.400312E+00
       258  1.194887E+01
       259  2.682811E+00
       260  4.346157E+00
       261  2.682811E+00
       262  4.346157E+00
       263  7.400312E+00
       264  1.194887E+01
       265  7.320343E+00
       266  1.186290E+01
       267  7.261943E+00
       268  1.178727E+01
       269  7.233373E+00
       270  1.174883E+01
       271  7.548081E+01
       272  4.380979E+01
       273  2.150703E+01
       274  8.317256E+00
       275  4.066300E+00
       276  7.548081E+01
       277  4.380979E+01
       278  2.150703E+01
       279  8.317256E+00
       280  4.066300E+00
       281  6.897326E+00
       282  1.126140E+01
       283  6.925511E+00
       284  1.129867E+01
       285  6.983712E+00
       286  1.137530E+01
       287  7.078232E+00
       288  1.146008E+01
       289  2.562213E+00
       290  4.162357E+00
       291  2.562213E+00
       292  4.162357E+00
       293  7.078232E+00
       294  1.146008E+01
       295  6.983712E+00
       296  1.137530E+01
       297  6.925511E+00
       298  1.129867E+01
       299  6.897326E+00
       300  1.126140E+01
       301  6.534914E+01
       302  3.848486E+01
       303  1.944255E+01
       304  7.989589E+00
       305  3.968931E+00
       306  6.534914E+01
       307  3.848486E+01
       308  1.944255E+01
       309  7.989589E+00
       310  3.968931E+00
       311  6.369850E+00
       312  1.039271E+01
       313  6.399018E+00
       314  1.043003E+01
       315  6.457123E+00
       316  1.050791E+01
       317  6.570871E+00
       318  1.059080E+01
       319  2.376563E+00
       320  3.839921E+00
       321  2.376563E+00
       322  3.839921E+00
       323  6.570871E+00
       324  1.059080E+01
       325  6.457123E+00
       326  1.050791E+01
       327  6.399018E+00
       328  1.043003E+01
       329  6.369850E+00
       330  1.039271E+01
       331  5.374360E+01
       332  3.210403E+01
       333  1.667670E+01
       334  7.258960E+00
       335  3.716572E+00
       336  5.374360E+01
       337  3.210403E+01
       338  1.667670E+01
       339  7.258960E+00
       340  3.716572E+00
       341  5.624742E+00
       342  9.126383E+00
       343  5.657590E+00
       344  9.167248E+00
       345  5.717465E+00
       346  9.249046E+00
       347  5.854928E+00
       348  9.331491E+00
       349  2.118488E+00
       350  3.376297E+00
       351  2.118488E+00
       352  3.376297E+00
       353  5.854928E+00
       354  9.331491E+00
       355  5.717465E+00
       356  9.249046E+00
       357  5.657590E+00
       358  9.167248E+00
       359  5.624742E+00
       360  9.126383E+00
       361  4.147880E+01
       362  2.512304E+01
       363  1.341228E+01
       364  6.174509E+00
       365  3.299043E+00
       366  4.147880E+01
       367  2.512304E+01
       368  1.341228E+01
       369  6.174509E+00
       370  3.299043E+00
       371  4.672456E+00
       372  7.514299E+00
       373  4.709855E+00
       374  7.560186E+00
       375  4.772121E+00
       376  7.646995E+00
       377  4.934617E+00
       378  7.729956E+00
       379  1.789653E+00
       380  2.789165E+00
       381  1.789653E+00
       382  2.789165E+00
       383  4.934617E+00
       384  7.729956E+00
       385  4.772121E+00
       386  7.646995E+00
       387  4.709855E+00
       388  7.560186E+00
       389  4.672456E+00
       390  7.514299E+00
       391  2.943933E+01
       392  1.808058E+01
       393  9.934415E+00
       394  4.853109E+00
       395  2.748640E+00
       396  2.943933E+01
       397  1.808058E+01
       398  9.934415E+00
       399  4.853109E+00
       400  2.748640E+00
       401  3.591286E+00
       402  5.707519E+00
       403  3.624861E+00
       404  5.747197E+00
       405  3.679795E+00
       406  5.825212E+00
       407  3.858575E+00
       408  5.898848E+00
       409  1.405522E+00
       410  2.117903E+00
       411  1.405522E+00
       412  2.117903E+00
       413  3.858575E+00
       414  5.898848E+00
       415  3.679795E+00
       416  5.825212E+00
       417  3.624861E+00
       418  5.747197E+00
       419  3.591286E+00
       420  5.707519E+00
       421  1.847491E+01
       422  1.152814E+01
       423  6.563514E+00
       424  3.458163E+00
       425  2.138006E+00
       426  1.847491E+01
       427  1.152814E+01
       428  6.563514E+00
       429  3.458163E+00
       430  2.138006E+00
       431  2.539675E+00
       432  3.961865E+00
       433  2.532893E+00
       434  3.938618E+00
       435  2.547336E+00
       436  3.960217E+00
       437  2.722335E+00
       438  4.001823E+00
       439  9.961993E-01
       440  1.421552E+00
       441  9.961993E-01
       442  1.421552E+00
       443  2.722335E+00
       444  4.001823E+00
       445  2.547336E+00
       446  3.960217E+00
       447  2.532893E+00
       448  3.938618E+00
       449  2.539675E+00
       450  3.961865E+00
       451  9.422664E+00
       452  6.030258E+00
       453  3.658022E+00
       454  2.187722E+00
       455  1.563910E+00
       456  9.422664E+00
       457  6.030258E+00
       458  3.658022E+00
       459  2.187722E+00
       460  1.563910E+00
       461  1.700968E+00
       462  2.530009E+00
       463  1.604870E+00
       464  2.360700E+00
       465  1.525838E+00
       466  2.252964E+00
       467  1.664646E+00
       468  2.232237E+00
       469  6.060395E-01
       470  7.721647E-01
       471  6.060395E-01
       472  7.721647E-01
       473  1.664646E+00
       474  2.232237E+00
       475  1.525838E+00
       476  2.252964E+00
       477  1.604870E+00
       478  2.360700E+00
       479  1.700968E+00
       480  2.530009E+00
       481  3.022229E+00
       482  2.166140E+00
       483  1.602385E+00
       484  1.253107E+00
       485  1.110747E+00
       486  3.022229E+00
       487  2.166140E+00
       488  1.602385E+00
       489  1.253107E+00
       490  1.110747E+00
       491  1.063988E+00
       492  1.374308E+00
       493  9.648393E-01
       494  1.154791E+00
       495  8.601868E-01
       496  1.007205E+00
       497  9.765215E-01
       498  9.590456E-01
       499  3.068823E-01
       500  3.218356E-01
       501  3.068823E-01
       502  3.218356E-01
       503  9.765215E-01
       504  9.590456E-01
       505  8.601868E-01
       506  1.007205E+00
       507  9.648393E-01
       508  1.154791E+00
       509  1.063988E+00
       510  1.374308E+00
       511  3.132207E-01
       512  3.366953E-01
       513  4.172324E-01
       514  5.414598E-01
       515  8.268378E-01
       516  3.132207E-01
       517  3.366953E-01
       518  4.172324E-01
       519  5.414598E-01
       520  8.268378E-01
       521  4.238280E-01
       522  4.537662E-01
       523  4.394114E-01
       524  3.382655E-01
       525  5.629533E-01
       526  4.964419E-01
       527  1.317924E+00
       528  1.149791E+00
       529  1.890964E-01
       530  7.677473E-01
       531  1.890964E-01
       532  7.677473E-01
       533  1.317924E+00
       534  1.149791E+00
       535  5.629533E-01
       536  4.964419E-01
       537  4.394114E-01
       538  3.382655E-01
       539  4.238280E-01
       540  4.537662E-01
