
                        S T E P       1


                                INCREMENT     1


 displacements (vx,vy,vz) for set NALL and time  0.1000000E+01

         1  0.000000E+00  0.000000E+00  0.000000E+00
         2  0.000000E+00 -3.308722E-25  1.654361E-25
         3  0.000000E+00  1.033976E-26  2.878589E-23
         4  8.271806E-26 -8.271806E-26 -6.203855E-24
         5  7.677619E-05 -7.938384E-06 -1.185007E-04
         6  7.691975E-05  3.247634E-06  1.020871E-04
         7 -1.005488E-04  5.550038E-06 -1.194924E-04
         8 -1.010642E-04 -1.821159E-06  1.027436E-04
         9  3.501796E-03 -3.561834E-05 -3.954099E-03
        10  3.502205E-03  3.795454E-05  4.000684E-03
        11 -3.507207E-03  3.678247E-05 -3.955148E-03
        12 -3.508451E-03 -3.429500E-05  4.001592E-03
        13  3.952558E-03  3.593805E-06 -4.712987E-03
        14  3.952036E-03 -6.062254E-06  4.708557E-03
        15 -3.899084E-03  6.916940E-06 -4.715152E-03
        16 -3.899001E-03 -2.104040E-06  4.710761E-03
        17  4.468588E-03 -7.028926E-06 -5.321965E-03
        18  4.470370E-03  8.394506E-06  5.304488E-03
        19 -4.383259E-03  8.106604E-06 -5.324852E-03
        20 -4.385593E-03 -9.044098E-06  5.306674E-03
        21  5.000000E-03  0.000000E+00 -6.000000E-03
        22  5.000000E-03  0.000000E+00  6.000000E-03
        23 -5.000000E-03  4.277516E-21 -6.000000E-03
        24 -5.000000E-03  2.583450E-21  6.000000E-03
        25  2.779468E-04 -1.877838E-05 -3.565752E-04
        26  7.984894E-04 -4.287867E-05 -9.458619E-04
        27  1.502848E-03 -6.314486E-05 -1.700493E-03
        28  2.237544E-03 -7.060891E-05 -2.437002E-03
        29  2.871867E-03 -6.587936E-05 -3.035159E-03
        30  3.316444E-03 -5.540677E-05 -3.461589E-03
        31  3.527097E-03 -4.520888E-05 -3.752821E-03
        32  1.952786E-04 -5.394741E-07  1.913660E-04
        33  5.218950E-04 -1.003252E-05  4.510024E-04
        34  9.936693E-04 -2.151299E-05  9.123631E-04
        35  1.538080E-03 -2.694068E-05  1.563997E-03
        36  2.099862E-03 -1.926415E-05  2.340285E-03
        37  2.643297E-03  1.094827E-06  3.109183E-03
        38  3.135073E-03  2.539383E-05  3.698844E-03
        39 -2.177728E-04  2.318371E-06 -2.112710E-04
        40 -5.346208E-04 -8.325917E-06 -4.827121E-04
        41 -9.976037E-04 -2.039957E-05 -9.615467E-04
        42 -1.540449E-03 -2.606170E-05 -1.609961E-03
        43 -2.108616E-03 -1.897771E-05 -2.352642E-03
        44 -2.656709E-03  2.450039E-07 -3.080628E-03
        45 -3.139246E-03  2.302739E-05 -3.655844E-03
        46 -3.091002E-04 -1.280857E-05  3.415844E-04
        47 -8.395510E-04 -3.715322E-05  9.455348E-04
        48 -1.559935E-03 -5.809984E-05  1.730745E-03
        49 -2.314007E-03 -6.581140E-05  2.511630E-03
        50 -2.963970E-03 -6.044405E-05  3.156860E-03
        51 -3.404929E-03 -4.954337E-05  3.601353E-03
        52 -3.574944E-03 -4.010911E-05  3.848363E-03
        53  3.768434E-03 -3.666806E-05 -3.993718E-03
        54  3.942467E-03 -3.094737E-05 -3.873245E-03
        55  4.054078E-03 -2.721380E-05 -3.760981E-03
        56  4.131345E-03 -2.656823E-05 -3.782187E-03
        57  4.182902E-03 -2.391896E-05 -3.978821E-03
        58  4.189772E-03 -1.501167E-05 -4.291686E-03
        59  4.115675E-03 -2.552216E-06 -4.580501E-03
        60  3.326605E-03  2.716226E-05  4.221541E-03
        61  3.157329E-03  1.460904E-05  4.527043E-03
        62  3.053524E-03  6.921103E-06  4.801795E-03
        63  3.061701E-03  4.926078E-06  4.959945E-03
        64  3.195132E-03  4.470638E-06  4.971718E-03
        65  3.426956E-03  1.419330E-06  4.873764E-03
        66  3.698530E-03 -3.995570E-06  4.755427E-03
        67 -3.361046E-03  2.839745E-05 -4.131667E-03
        68 -3.219465E-03  1.919783E-05 -4.359356E-03
        69 -3.126501E-03  1.326337E-05 -4.577977E-03
        70 -3.119248E-03  1.155112E-05 -4.736686E-03
        71 -3.213920E-03  1.196666E-05 -4.809752E-03
        72 -3.401079E-03  1.148115E-05 -4.801785E-03
        73 -3.648431E-03  9.104584E-06 -4.745984E-03
        74 -3.765714E-03 -3.588302E-05  4.047105E-03
        75 -3.948667E-03 -3.164505E-05  3.960787E-03
        76 -4.074435E-03 -2.885833E-05  3.878797E-03
        77 -4.159204E-03 -2.841528E-05  3.905558E-03
        78 -4.204895E-03 -2.616063E-05  4.076630E-03
        79 -4.193320E-03 -1.853245E-05  4.345201E-03
        80 -4.095642E-03 -7.717736E-06  4.599079E-03
        81  4.527894E-03 -4.581541E-06 -4.901868E-03
        82  4.915501E-03 -9.523542E-06 -5.166901E-03
        83  4.868749E-03 -7.195143E-06 -5.301957E-03
        84  3.664806E-03 -5.467165E-06  4.712262E-03
        85  3.725492E-03 -7.278123E-06  4.820314E-03
        86  4.021084E-03 -2.345393E-06  5.110622E-03
        87 -3.530464E-03  2.327261E-06 -4.807700E-03
        88 -3.478581E-03 -5.115167E-07 -4.989515E-03
        89 -3.834218E-03  3.450196E-06 -5.184630E-03
        90 -4.443012E-03 -7.964232E-06  4.866300E-03
        91 -4.845469E-03 -1.288451E-05  5.112078E-03
        92 -4.796994E-03 -1.047633E-05  5.247803E-03
        93  4.817651E-07  5.258777E-09  3.356696E-07
        94  3.829366E-07  5.367167E-09  2.672906E-07
        95 -1.357216E-07  7.969404E-09 -1.489084E-07
        96 -2.054686E-07  7.898835E-09 -2.242167E-07
        97  3.501956E-03 -4.245036E-05 -1.819935E-03
        98  3.502782E-03 -1.488749E-06  6.878125E-05
        99  3.502339E-03  3.811987E-05  1.936046E-03
       100 -3.507876E-03  4.520831E-05 -1.898825E-03
       101 -3.507367E-03  9.185722E-06 -2.614093E-05
       102 -3.508367E-03 -3.339447E-05  1.871842E-03
       103  1.665310E-03  4.698252E-06 -3.955717E-03
       104 -4.893048E-05  8.130127E-06 -3.955983E-03
       105 -1.738798E-03  6.837491E-06 -3.956123E-03
       106  1.725477E-03  5.150660E-06  3.999271E-03
       107  3.344576E-05  5.179735E-06  3.999553E-03
       108 -1.676973E-03  1.690211E-06  3.999759E-03
       109  5.000924E-03  8.057938E-06  7.182929E-05
       110 -4.998847E-03  2.587895E-06 -6.504641E-05
       111  1.169393E-05  1.344882E-05 -5.999359E-03
       112  1.264995E-04 -4.842530E-06  6.000719E-03
       113  1.953052E-04  9.250801E-05 -9.568372E-04
       114  1.164929E-03  6.304253E-04 -4.436143E-03
       115  2.636033E-03  1.426911E-03 -9.162867E-03
       116  3.077990E-03  1.856062E-03 -1.152170E-02
       117  1.927656E-03  1.574125E-03 -1.027461E-02
       118 -3.150662E-04  7.433618E-04 -6.708451E-03
       119 -2.227787E-03  1.338922E-04 -4.277279E-03
       120 -1.006726E-05 -9.173650E-05 -9.781435E-04
       121  8.915970E-04 -6.309884E-04 -4.466885E-03
       122  2.328865E-03 -1.411909E-03 -9.119627E-03
       123  3.028978E-03 -1.810874E-03 -1.133069E-02
       124  2.674964E-03 -1.500205E-03 -9.958093E-03
       125  1.924490E-03 -6.684007E-04 -6.394757E-03
       126  2.225278E-03 -9.639579E-05 -4.137122E-03
       127 -1.214842E-04 -1.187006E-04  1.077379E-03
       128 -1.207076E-03 -6.861779E-04  4.740622E-03
       129 -2.830915E-03 -1.488489E-03  9.499086E-03
       130 -3.649797E-03 -1.909300E-03  1.181274E-02
       131 -3.274015E-03 -1.613763E-03  1.049916E-02
       132 -2.351280E-03 -7.677822E-04  6.865403E-03
       133 -2.401032E-03 -1.409832E-04  4.358522E-03
       134 -9.732149E-05  1.020018E-04  9.826748E-04
       135 -8.386847E-04  6.482239E-04  4.523234E-03
       136 -2.071579E-03  1.442370E-03  9.248886E-03
       137 -2.368677E-03  1.858917E-03  1.155181E-02
       138 -1.252044E-03  1.564132E-03  1.025356E-02
       139  7.801223E-04  7.326708E-04  6.692070E-03
       140  2.406252E-03  1.294259E-04  4.299301E-03
       141 -3.478150E-04  1.332972E-04 -1.334605E-05
       142 -3.578375E-03  1.062494E-03  6.228047E-04
       143 -8.567010E-03  2.416052E-03  1.787508E-03
       144 -1.053857E-02  2.925743E-03  2.684205E-03
       145 -7.675654E-03  2.283667E-03  2.946489E-03
       146 -1.643590E-03  1.018925E-03  2.805948E-03
       147  2.612244E-03  1.893760E-04  3.107625E-03
       148 -3.522918E-04 -1.399968E-04  1.683203E-05
       149 -3.451442E-03 -1.034184E-03  6.508231E-04
       150 -8.223384E-03 -2.331196E-03  1.858968E-03
       151 -1.014753E-02 -2.830685E-03  2.169606E-03
       152 -7.439031E-03 -2.225717E-03  1.012800E-03
       153 -1.625990E-03 -1.009196E-03 -1.150506E-03
       154  2.560605E-03 -1.944960E-04 -2.900810E-03
       155  2.723791E-04 -1.197511E-04 -1.782124E-04
       156  3.437460E-03 -1.031291E-03 -5.846752E-04
       157  8.411078E-03 -2.380878E-03 -1.197517E-03
       158  1.038278E-02 -2.890834E-03 -1.222710E-03
       159  7.520783E-03 -2.249103E-03 -3.026135E-04
       160  1.505863E-03 -9.883643E-04  1.331477E-03
       161 -2.671237E-03 -1.740252E-04  2.849907E-03
       162  2.597447E-04  1.206559E-04  1.313100E-04
       163  3.309614E-03  1.002346E-03 -7.518650E-04
       164  8.126915E-03  2.311886E-03 -2.530026E-03
       165  1.007264E-02  2.817396E-03 -3.694223E-03
       166  7.319865E-03  2.202725E-03 -3.659646E-03
       167  1.449619E-03  9.748596E-04 -2.915631E-03
       168 -2.662287E-03  1.747661E-04 -2.957110E-03
       169  5.826938E-04 -1.818188E-05 -5.015221E-03
       170 -4.641724E-04  1.098204E-05 -5.035540E-03
       171  5.091126E-04 -4.733986E-06  4.993342E-03
       172 -4.316163E-04 -1.170423E-06  5.003545E-03
       173  4.268231E-03  8.581114E-06  7.176255E-04
       174  4.203648E-03 -1.806538E-05 -7.928575E-04
       175 -4.132618E-03  2.828692E-05  7.529206E-04
       176 -4.136141E-03 -2.269679E-05 -7.205955E-04
       177  6.389649E-04 -4.398159E-05 -5.540296E-03
       178 -5.521993E-04  4.083799E-05 -5.533336E-03
       179  6.353884E-04  4.324276E-05  5.520577E-03
       180 -5.057543E-04 -4.400620E-05  5.521619E-03
       181  4.599489E-03  2.922715E-05  8.380263E-04
       182  4.597965E-03 -2.996018E-05 -8.288697E-04
       183 -4.514981E-03 -2.527228E-05  7.522463E-04
       184 -4.520957E-03  3.078701E-05 -7.651414E-04

 forces (fx,fy,fz) for set RIGHT and time  0.1000000E+01

        21  1.850467E+03  1.558088E+03 -1.851443E+03
        22  1.584120E+03 -1.668412E+03  1.624523E+03
        23 -1.892417E+03  1.514969E+02 -1.617241E+03
        24 -1.606348E+03 -9.938929E+01  1.811232E+03

 internal energy (element, energy) for set ALL and time  0.1000000E+01

         1  3.846803E-02
         2  3.692787E-02
         3  4.411183E-02
         4  3.903227E-02
         5  1.418507E-02
         6  1.039622E-02
         7  7.255661E-03
         8  7.238201E-03
         9  7.860220E-03
        10  7.981090E-03
        11  8.086226E-03
        12  6.167672E-03
        13  8.829067E-03
        14  9.520368E-03
        15  8.494096E-03
        16  7.554172E-03
        17  6.703450E-03
        18  7.261353E-03
        19  1.099719E-02
        20  1.207579E-02
        21  8.276783E-03
        22  9.306910E-03
        23  7.883590E-03
        24  6.620831E-03
        25  6.042764E-03
        26  6.465122E-03
        27  9.118789E-03
        28  1.182591E-02
        29  1.442902E-02
        30  1.029682E-02
        31  6.923210E-03
        32  6.831354E-03
        33  7.570161E-03
        34  8.324414E-03
        35  8.363392E-03
        36  5.817090E-03
        37  2.384817E-03
        38  5.107764E-04
        39  4.072688E-04
        40  1.141006E-03
        41  1.063081E-03
        42  2.864827E-04
        43  9.326219E-04
        44  2.231255E-03
        45  1.006603E-03
        46  1.905198E-04
        47  3.137748E-04
        48  7.575744E-04
        49  7.403385E-04
        50  2.765289E-04
        51  3.039048E-04
        52  9.768779E-04
        53  3.185096E-04
        54  8.128537E-05
        55  8.727779E-05
        56  2.393344E-04
        57  2.911956E-04
        58  2.003077E-04
        59  7.924139E-05
        60  9.611612E-04
        61  1.513266E-03
        62  3.838451E-04
        63  2.747033E-04
        64  7.762352E-04
        65  7.346838E-04
        66  2.222206E-04
        67  5.745531E-04
        68  1.652593E-03
        69  4.260760E-04
        70  1.377765E-04
        71  2.441060E-04
        72  6.597190E-04
        73  8.133226E-04
        74  4.299304E-04
        75  5.889048E-04
        76  6.878142E-03
        77  1.783167E-03
        78  2.172012E-04
        79  3.226874E-04
        80  3.909311E-03
        81  1.804032E-03
        82  3.944683E-04
        83  2.330142E-04
        84  3.837020E-04
        85  3.890332E-02
        86  3.515757E-02
        87  4.160378E-02
        88  3.091233E-02
        89  1.358260E-04
        90  5.271502E-04
        91  3.914469E-04
        92  7.449343E-05
        93  7.626438E-05
        94  3.054487E-04
        95  4.029916E-04
        96  6.126117E-05
        97  3.968545E-02
        98  5.321014E-02
        99  1.856473E-02
       100  2.097617E-02
       101  3.220134E-02
       102  5.428325E-03
       103  2.824866E-03
       104  2.406923E-02
       105  2.820665E-02
       106  3.304145E-03
       107  6.291476E-03
       108  3.721464E-02
       109  1.006121E-02
       110  2.224803E-03
       111  4.947528E-04
       112  5.881337E-03
       113  1.056197E-02
       114  9.715050E-04
       115  2.830996E-03
       116  1.484581E-02
       117  2.522183E-02
       118  4.353976E-03
       119  4.159792E-02
       120  1.989574E-02
       121  9.744882E-03
       122  1.465019E-02
       123  1.267044E-02
       124  1.837525E-02
       125  6.879418E-02
       126  9.986936E-02
       127  2.331297E-02
       128  1.234965E-02
       129  5.285858E-02
       130  4.546537E-02
       131  5.498797E-02
       132  1.944765E-02
       133  3.419947E-02
       134  3.607456E-02
       135  3.531086E-02
       136  3.518923E-02
       137  7.110750E-02
       138  7.748951E-02
       139  6.832556E-02
       140  7.440643E-02
       141  4.463719E-01
       142  5.501694E-01
       143  1.649058E-01
       144  4.735947E-01
       145  4.867760E-01
       146  1.582167E-01
       147  4.961535E-01
       148  2.449217E-01
       149  5.269132E-01
       150  5.861915E-01
       151  1.969340E-01
       152  5.300023E-01
       153  5.288996E-01
       154  1.656496E-01
       155  6.130732E-01
       156  2.053610E-01
       157  5.268770E-01
       158  4.942097E-01
       159  1.430864E-01
       160  4.529859E-01
       161  4.599880E-01
       162  1.329091E-01
       163  4.775956E-01
       164  2.962977E-01
       165  5.505048E-01
       166  5.690057E-01
       167  1.660049E-01
       168  5.039113E-01
       169  5.092544E-01
       170  1.443687E-01
       171  5.460696E-01
       172  2.958511E-01
       173  2.347769E-01
       174  5.424293E-01
       175  1.177952E-01
       176  4.759483E-01
       177  4.718108E-01
       178  1.187803E-01
       179  6.043224E-01
       180  3.699708E-01
       181  2.617269E-01
       182  5.685633E-01
       183  1.245677E-01
       184  5.009348E-01
       185  5.054576E-01
       186  1.353794E-01
       187  6.175900E-01
       188  4.187326E-01
       189  1.974998E-01
       190  5.612646E-01
       191  1.354971E-01
       192  4.989773E-01
       193  4.951008E-01
       194  1.409649E-01
       195  6.258566E-01
       196  3.339053E-01
       197  2.119850E-01
       198  6.203056E-01
       199  1.533207E-01
       200  5.458549E-01
       201  5.485425E-01
       202  1.648372E-01
       203  6.715088E-01
       204  3.729418E-01
       205  3.589956E-01
       206  4.603240E-01
       207  3.300480E-01
       208  4.619460E-01
       209  4.720515E-01
       210  5.339767E-01
       211  4.956012E-01
       212  5.474195E-01
       213  2.845524E-01
       214  1.284956E-01
       215  1.721371E-01
       216  1.187331E-01
       217  1.339540E-01
       218  2.334155E-01
       219  1.227535E-01
       220  1.800271E-01
       221  4.668583E-01
       222  1.789507E-01
       223  3.498647E-01
       224  1.407395E-01
       225  1.759373E-01
       226  4.616629E-01
       227  1.533288E-01
       228  3.838333E-01
       229  2.812294E-01
       230  2.208520E-01
       231  2.273847E-01
       232  2.170484E-01
       233  2.493365E-01
       234  2.246650E-01
       235  2.614177E-01
       236  2.318415E-01
       237  2.529495E-01
       238  1.637902E-01
       239  2.632406E-01
       240  1.633907E-01
       241  2.317875E-01
       242  2.901372E-01
       243  2.887325E-01
       244  2.446041E-01

 total internal energy for set ALL and time  0.1000000E+01

        3.804670E+01
