
                        S T E P       1


                                INCREMENT     1


 displacements (vx,vy,vz) for set TIP_TOP and time  0.1000000E+01

       887  1.011809E-01 -2.210852E-03 -3.488745E+00
       888  1.011301E-01 -2.169814E-03 -3.484015E+00
       891  1.010364E-01 -2.030798E-03 -3.479472E+00
       894  1.010328E-01 -1.610710E-03 -3.475512E+00
       896  1.011164E-01 -7.234624E-04 -3.473084E+00
       898  1.010972E-01 -1.503566E-04 -3.473066E+00
       900  1.011181E-01  4.227493E-04 -3.473091E+00
       903  1.010392E-01  1.309997E-03 -3.475538E+00
       906  1.010475E-01  1.730084E-03 -3.479517E+00
       909  1.011459E-01  1.869101E-03 -3.484079E+00
       912  1.012014E-01  1.910139E-03 -3.488828E+00
      2707  1.010986E-01 -4.189065E-04 -3.473095E+00
      2720  1.010995E-01  1.181934E-04 -3.473098E+00

 forces (fx,fy,fz) for set CLAMP and time  0.1000000E+01

         1  6.092846E+02  1.085494E+03  4.198350E+02
         4  9.573893E+02 -7.711822E-03  8.315252E+02
         5  2.030912E+03  5.558237E+03 -2.496863E+01
         8  3.227880E+03  3.348309E-01 -4.362885E+01
         9  1.374146E+03  3.720339E+03 -9.488945E+01
        12  2.165339E+03  4.672950E-01 -1.788027E+02
        13  8.502793E+02  2.046542E+03 -6.787697E+01
        16  1.270882E+03 -6.938538E-01 -1.694035E+02
        17  3.292476E+02  3.642863E+02  1.515352E+01
        20  3.957728E+02  8.763946E+00 -1.494104E+01
        21  2.468178E+03 -2.073236E+02 -3.916504E+03
        24  5.131783E+02  9.665275E+00 -2.069065E+03
        26  6.096694E+02 -1.085715E+03  4.199111E+02
        28  2.032850E+03 -5.559094E+03 -2.508952E+01
        30  1.374254E+03 -3.720263E+03 -9.536137E+01
        32  8.490547E+02 -2.057467E+03 -8.515583E+01
        34  3.341014E+02 -3.708584E+02 -4.497869E+00
        36  2.378912E+03  1.985614E+02 -4.006462E+03
        37 -3.100145E+01 -1.281539E+03 -3.485427E+03
        40  1.738361E+03 -3.186908E+01 -6.422313E+03
        41 -2.719270E+03 -2.866593E+03 -4.088234E+02
        44 -3.882871E+03 -3.149750E+02 -9.704980E+02
        45 -3.407873E+03 -1.585602E+03  3.809765E+03
        48 -6.557020E+03 -2.836418E+02  7.501617E+03
        50  3.135147E+03 -5.635183E+01 -5.965445E+03
        52 -3.946324E+03 -3.179320E+02 -1.203482E+03
        54 -7.590383E+03 -2.653000E+02  7.544265E+03
        56  4.005377E+03 -3.276577E+01 -5.767903E+03
        58 -3.935997E+03 -1.882015E+02 -1.456285E+03
        60 -8.401562E+03 -1.518285E+02  7.663675E+03
        62 -2.698065E+03 -5.054744E+01 -1.204124E+03
        64 -5.901377E+03 -4.436925E+01  5.239623E+03
        66 -1.373259E+03 -2.022004E+00 -6.540297E+02
        68 -3.160743E+03  8.412519E+00  2.794647E+03
        70 -2.437765E+03  3.958436E+01 -1.105733E+03
        72 -6.107272E+03  3.709774E+01  5.283252E+03
        74  3.953427E+03  4.236106E+01 -5.799742E+03
        76 -3.842673E+03  1.907982E+02 -1.423907E+03
        78 -8.448415E+03  1.602066E+02  7.667650E+03
        80  3.122148E+03  5.415847E+01 -5.965894E+03
        82 -3.943316E+03  3.129754E+02 -1.203636E+03
        84 -7.573738E+03  2.621628E+02  7.539164E+03
        86  1.727867E+03  3.090203E+01 -6.426046E+03
        88 -3.883096E+03  3.126458E+02 -9.687633E+02
        90 -6.547004E+03  2.823265E+02  7.501868E+03
        92 -3.546216E+01  1.282180E+03 -3.487694E+03
        94 -2.719232E+03  2.867132E+03 -4.079302E+02
        96 -3.403434E+03  1.585536E+03  3.810599E+03
       913  1.798916E+03  4.240153E+03  8.212820E+02
       914  9.561267E+02  1.109403E+01  8.330822E+02
       915  2.952032E+03  4.980375E+01  1.835366E+03
       916  3.240445E+03  2.732041E+01 -4.580586E+01
       917  2.937604E+03  9.318294E-02  1.842971E+03
       932  1.696711E+03  4.602578E+03 -5.102228E+01
       933  2.690808E+03  2.059715E+01 -9.685817E+01
       934  2.175589E+03  1.341937E+01 -1.829460E+02
       935  2.679486E+03  7.611815E-01 -9.370418E+01
       946  9.561931E+02 -1.109704E+01  8.331542E+02
       947  2.952224E+03 -4.957752E+01  1.835439E+03
       948  3.240901E+03 -2.660411E+01 -4.592025E+01
       949  1.800568E+03 -4.240827E+03  8.213866E+02
       960  2.691757E+03 -1.909421E+01 -9.668959E+01
       961  2.176876E+03 -1.218450E+01 -1.834480E+02
       962  1.697639E+03 -4.603089E+03 -5.094326E+01
      1358  7.905529E+02  1.967581E+03  4.648236E+01
      1359  9.554917E+02  1.498911E+01  8.359418E+02
      1360  1.134712E+03  2.146343E+01  1.007856E+02
      1361  2.052836E+02  3.826596E+01 -6.415006E+02
      1362  1.130583E+03  1.670780E+01  1.090083E+02
      1377  9.570166E+02  5.836840E+00  8.317579E+02
      1378  1.128313E+03  8.895693E+00  1.131306E+02
      1379  1.906055E+02  1.557429E+01 -6.124999E+02
      1380  1.127634E+03 -2.732276E-02  1.146570E+02
      1463  1.106654E+03  2.874365E+03 -3.051315E+01
      1464  1.703732E+03  1.139373E+01 -5.055303E+01
      1465  1.276369E+03  2.579127E+01 -1.845567E+02
      1466  1.701808E+03  7.246561E+00 -7.482868E+01
      1473  9.570487E+02 -5.848866E+00  8.317923E+02
      1474  1.128363E+03 -8.944217E+00  1.131168E+02
      1475  1.906493E+02 -1.555242E+01 -6.125239E+02
      1476  1.130688E+03 -1.674073E+01  1.089792E+02
      1487  9.556002E+02 -1.497449E+01  8.360584E+02
      1488  1.134882E+03 -2.146238E+01  1.007384E+02
      1489  2.054270E+02 -3.825066E+01 -6.415691E+02
      1490  7.913212E+02 -1.967998E+03  4.645193E+01
      1561  1.708138E+03 -1.342044E+01 -6.721723E+01
      1562  1.273441E+03 -1.448583E+01 -1.662328E+02
      1563  1.110023E+03 -2.876121E+03 -3.641419E+01
      2078  5.774779E+02  1.189947E+03 -3.293189E+01
      2079  8.208421E+02  2.345993E+01 -1.158787E+02
      2080  3.937196E+02  1.708484E+01 -2.729720E+01
      2081  8.172205E+02  1.401917E+00 -9.272134E+01
      2088  9.815911E+01 -4.504003E+02  7.871634E+01
      2089 -8.929607E+00  9.110620E+00  1.652212E+02
      2090 -1.075864E+03  1.454073E+01 -1.920079E+02
      2091  2.538321E+00 -5.000336E+00  1.090526E+02
      2138  8.203043E+02 -1.355105E+01 -9.636855E+01
      2139  3.972188E+02 -1.594255E+01 -7.058361E+00
      2140  5.784678E+02 -1.199849E+03 -4.909690E+01
      2147 -7.219187E+00 -1.436922E+01  1.271924E+02
      2148 -1.078904E+03 -1.952590E+01 -1.817016E+02
      2149  9.718040E+01  4.502061E+02  6.198375E+01

 internal energy (element, energy) for set EALL and time  0.1000000E+01

         1  5.312616E+00
         2  4.388315E+00
         3  5.266966E+00
         4  4.349688E+00
         5  4.139197E+00
         6  3.773182E+00
         7  4.194047E+00
         8  3.796388E+00
         9  2.593293E+01
        10  5.236930E+00
        11  4.331599E+00
        12  5.223052E+00
        13  4.323630E+00
        14  4.226977E+00
        15  3.806802E+00
        16  4.241525E+00
        17  3.811277E+00
        18  2.580634E+01
        19  4.338301E+00
        20  4.007117E+00
        21  4.307033E+00
        22  4.012795E+00
        23  4.651844E+00
        24  4.070289E+00
        25  4.660786E+00
        26  4.062763E+00
        27  3.687208E+00
        28  3.277208E+00
        29  3.727117E+00
        30  3.316127E+00
        31  3.557147E+00
        32  3.108631E+00
        33  3.536428E+00
        34  3.088692E+00
        35  4.296216E+00
        36  4.019278E+00
        37  4.293446E+00
        38  4.023214E+00
        39  4.662950E+00
        40  4.057628E+00
        41  4.662389E+00
        42  4.055246E+00
        43  3.749207E+00
        44  3.338715E+00
        45  3.759262E+00
        46  3.349419E+00
        47  3.525043E+00
        48  3.077175E+00
        49  3.520704E+00
        50  3.072545E+00
        51  1.820346E+01
        52  1.237253E+01
        53  1.810316E+01
        54  1.229805E+01
        55  2.833173E+00
        56  2.381386E+00
        57  2.868813E+00
        58  2.411757E+00
        59  2.694232E+00
        60  2.304779E+00
        61  2.676541E+00
        62  2.289530E+00
        63  1.971012E+00
        64  1.593302E+00
        65  1.997378E+00
        66  1.616172E+00
        67  1.934893E+00
        68  1.596182E+00
        69  1.921847E+00
        70  1.585113E+00
        71  2.889853E+00
        72  2.429502E+00
        73  2.899982E+00
        74  2.438125E+00
        75  2.666264E+00
        76  2.280644E+00
        77  2.662033E+00
        78  2.276974E+00
        79  2.012849E+00
        80  1.629715E+00
        81  2.020247E+00
        82  1.636019E+00
        83  1.914318E+00
        84  1.578804E+00
        85  1.911244E+00
        86  1.576371E+00
        87  7.820952E+00
        88  4.511704E+00
        89  7.774226E+00
        90  4.489496E+00
        91  1.275842E+00
        92  1.017887E+00
        93  1.295938E+00
        94  1.029253E+00
        95  1.281733E+00
        96  1.010571E+00
        97  1.273164E+00
        98  1.010244E+00
        99  5.374059E+00
       100  1.307452E+00
       101  1.035724E+00
       102  1.312574E+00
       103  1.038274E+00
       104  1.268762E+00
       105  1.011295E+00
       106  1.267279E+00
       107  1.011889E+00
       108  5.424651E+00
       109  2.223111E+00
       110  1.020218E+00
       111  2.211122E+00
       112  1.019051E+00
       113  2.711116E+00
       114  1.143408E+00
       115  2.727778E+00
       116  1.149634E+00
       117  8.561297E-01
       118  1.771322E+00
       119  8.787385E-01
       120  1.732683E+00
       121  7.633442E-01
       122  1.505494E+00
       123  7.823919E-01
       124  1.476320E+00
       125  5.223272E+00
       126  4.323783E+00
       127  5.237600E+00
       128  4.332061E+00
       129  4.241600E+00
       130  3.811375E+00
       131  4.227194E+00
       132  3.807091E+00
       133  2.580827E+01
       134  5.268124E+00
       135  4.350471E+00
       136  5.314333E+00
       137  4.389449E+00
       138  4.194385E+00
       139  3.796858E+00
       140  4.139612E+00
       141  3.773791E+00
       142  2.593881E+01
       143  4.293392E+00
       144  4.023150E+00
       145  4.296065E+00
       146  4.019092E+00
       147  4.662275E+00
       148  4.055123E+00
       149  4.662595E+00
       150  4.057254E+00
       151  3.759178E+00
       152  3.349321E+00
       153  3.748954E+00
       154  3.338415E+00
       155  3.520579E+00
       156  3.072401E+00
       157  3.524669E+00
       158  3.076742E+00
       159  4.306801E+00
       160  4.012494E+00
       161  4.338033E+00
       162  4.006725E+00
       163  4.660207E+00
       164  4.062144E+00
       165  4.651030E+00
       166  4.069425E+00
       167  3.726695E+00
       168  3.315619E+00
       169  3.686615E+00
       170  3.276498E+00
       171  3.535797E+00
       172  3.087950E+00
       173  3.556250E+00
       174  3.107560E+00
       175  1.810471E+01
       176  1.229981E+01
       177  1.820821E+01
       178  1.237821E+01
       179  2.899859E+00
       180  2.437983E+00
       181  2.889499E+00
       182  2.429128E+00
       183  2.661848E+00
       184  2.276714E+00
       185  2.665713E+00
       186  2.279871E+00
       187  2.020090E+00
       188  1.635766E+00
       189  2.012379E+00
       190  1.628823E+00
       191  1.911018E+00
       192  1.576347E+00
       193  1.913656E+00
       194  1.578716E+00
       195  2.868224E+00
       196  2.411154E+00
       197  2.832357E+00
       198  2.380548E+00
       199  2.675590E+00
       200  2.288206E+00
       201  2.692854E+00
       202  2.302874E+00
       203  1.996596E+00
       204  1.614695E+00
       205  1.969957E+00
       206  1.591406E+00
       207  1.920627E+00
       208  1.584652E+00
       209  1.933010E+00
       210  1.595044E+00
       211  7.776022E+00
       212  4.486473E+00
       213  7.824217E+00
       214  4.509724E+00
       215  1.312198E+00
       216  1.038261E+00
       217  1.306564E+00
       218  1.035808E+00
       219  1.267453E+00
       220  1.012498E+00
       221  1.269222E+00
       222  1.012742E+00
       223  5.430963E+00
       224  1.294801E+00
       225  1.030017E+00
       226  1.274560E+00
       227  1.019687E+00
       228  1.273523E+00
       229  1.012518E+00
       230  1.281455E+00
       231  1.012857E+00
       232  5.395205E+00
       233  2.211788E+00
       234  1.019929E+00
       235  2.224457E+00
       236  1.025131E+00
       237  2.724566E+00
       238  1.149622E+00
       239  2.705104E+00
       240  1.145666E+00
       241  8.881676E-01
       242  1.722589E+00
       243  8.698417E-01
       244  1.747386E+00
       245  7.858101E-01
       246  1.465137E+00
       247  7.747162E-01
       248  1.483810E+00
       249  1.706229E+01
       250  2.423864E+01
       251  1.637147E+01
       252  2.480736E+01
       253  1.683245E+01
       254  2.618344E+01
       255  1.744936E+01
       256  2.745379E+01
       257  6.444273E+00
       258  1.018943E+01
       259  6.469808E+00
       260  1.011334E+01
       261  1.751888E+01
       262  2.720247E+01
       263  1.681156E+01
       264  2.614033E+01
       265  1.637224E+01
       266  2.479920E+01
       267  1.707530E+01
       268  2.424401E+01
       269  3.452068E+01
       270  2.687743E+01
       271  3.452558E+01
       272  2.689952E+01
       273  3.362731E+01
       274  2.555431E+01
       275  3.363264E+01
       276  2.554843E+01
       277  2.015899E+01
       278  1.450466E+01
       279  2.017733E+01
       280  1.451511E+01
       281  1.908031E+01
       282  1.371382E+01
       283  1.907082E+01
       284  1.370402E+01
       285  1.381237E+00
       286  1.128165E+00
       287  1.379780E+00
       288  1.122378E+00
       289  1.340986E+00
       290  1.045327E+00
       291  1.343830E+00
       292  1.051581E+00
       293  8.767188E-01
       294  6.568058E-01
       295  8.693931E-01
       296  6.546337E-01
       297  7.990622E-01
       298  6.033821E-01
       299  8.048611E-01
       300  6.101525E-01
       301  1.378044E+00
       302  1.117452E+00
       303  1.376485E+00
       304  1.112483E+00
       305  1.345601E+00
       306  1.057373E+00
       307  1.346486E+00
       308  1.063725E+00
       309  8.646598E-01
       310  6.517215E-01
       311  8.619942E-01
       312  6.534724E-01
       313  8.120370E-01
       314  6.137417E-01
       315  8.208141E-01
       316  6.183758E-01
       317  9.330316E+00
       318  8.556749E-01
       319  6.492284E-01
       320  8.549032E-01
       321  6.540945E-01
       322  8.143317E-01
       323  6.061867E-01
       324  8.114369E-01
       325  6.021846E-01
       326  9.320861E+00
       327  8.549727E-01
       328  6.560987E-01
       329  8.549317E-01
       330  6.555045E-01
       331  8.063863E-01
       332  5.999286E-01
       333  7.982105E-01
       334  6.025960E-01
       335  4.817064E-01
       336  3.433775E-01
       337  4.868100E-01
       338  3.472942E-01
       339  4.370030E-01
       340  2.969275E-01
       341  4.468366E-01
       342  3.092529E-01
       343  2.368345E-01
       344  1.584592E-01
       345  2.395150E-01
       346  1.647751E-01
       347  1.864000E-01
       348  1.028242E-01
       349  1.909552E-01
       350  1.118021E-01
       351  3.166199E+00
       352  1.386177E+00
       353  4.970089E-01
       354  3.437608E-01
       355  4.922346E-01
       356  3.541045E-01
       357  3.845311E-01
       358  2.105675E-01
       359  4.034411E-01
       360  2.491465E-01
       361  2.365436E-01
       362  1.565262E-01
       363  2.445739E-01
       364  1.709369E-01
       365  1.334597E-01
       366  5.439039E-02
       367  1.423253E-01
       368  6.624791E-02
       369  2.983573E+00
       370  1.254439E+00
       371  1.179765E-01
       372  9.638390E-02
       373  1.328092E-01
       374  9.820739E-02
       375  5.280446E-02
       376  3.595649E-02
       377  6.090885E-02
       378  3.769785E-02
       379  1.502319E-01
       380  2.434272E-01
       381  1.579155E-01
       382  2.399333E-01
       383  4.421391E-02
       384  1.141630E-01
       385  4.440615E-02
       386  1.090951E-01
       387  1.373038E-01
       388  1.054193E-01
       389  1.310211E-01
       390  1.184142E-01
       391  5.961870E-02
       392  3.629448E-02
       393  5.464233E-02
       394  3.934158E-02
       395  1.638439E-01
       396  2.435764E-01
       397  1.726400E-01
       398  2.622264E-01
       399  4.590783E-02
       400  1.033860E-01
       401  4.596068E-02
       402  1.092529E-01
       403  1.175582E-01
       404  1.082469E-01
       405  1.205598E-01
       406  1.146779E-01
       407  2.142338E-02
       408  1.144769E-02
       409  2.229037E-02
       410  1.122406E-02
       411  1.017428E+00
       412  1.223581E-01
       413  1.164341E-01
       414  1.271062E-01
       415  1.284342E-01
       416  2.228116E-02
       417  1.126865E-02
       418  2.207198E-02
       419  1.277817E-02
       420  1.289095E-01
       421  1.923830E-01
       422  1.285575E-01
       423  1.917256E-01
       424  3.709106E-02
       425  1.014116E-01
       426  3.812094E-02
       427  1.056817E-01
       428  3.452463E+01
       429  2.689936E+01
       430  3.451756E+01
       431  2.687707E+01
       432  3.363090E+01
       433  2.554753E+01
       434  3.362183E+01
       435  2.555151E+01
       436  2.017874E+01
       437  1.451482E+01
       438  2.016356E+01
       439  1.450571E+01
       440  1.907008E+01
       441  1.370624E+01
       442  1.907883E+01
       443  1.372045E+01
       444  1.375185E+00
       445  1.108376E+00
       446  1.373964E+00
       447  1.107804E+00
       448  1.346799E+00
       449  1.067339E+00
       450  1.346646E+00
       451  1.068182E+00
       452  5.914907E+00
       453  1.373590E+00
       454  1.107828E+00
       455  1.374086E+00
       456  1.108355E+00
       457  1.345802E+00
       458  1.068643E+00
       459  1.343746E+00
       460  1.068488E+00
       461  5.931488E+00
       462  9.326861E+00
       463  5.815749E+00
       464  9.341762E+00
       465  5.828344E+00
       466  3.168915E+00
       467  1.389531E+00
       468  3.188531E+00
       469  1.398893E+00
       470  2.976530E+00
       471  1.248838E+00
       472  2.973635E+00
       473  1.249213E+00
       474  6.683174E-01
       475  1.188148E+00
       476  6.537882E-01
       477  1.249559E+00
       478  5.988593E-01
       479  9.238293E-01
       480  5.878854E-01
       481  1.007203E+00
       482  1.523548E+00
       483  2.329459E+00
       484  1.599711E+00
       485  2.482606E+00
       486  1.345092E+00
       487  2.162790E+00
       488  1.340186E+00
       489  2.161567E+00
       490  3.813512E+00
       491  4.431600E-01
       492  6.088617E-01
       493  4.580556E-01
       494  6.093143E-01
       495  6.284707E-01
       496  7.922886E-01
       497  6.328348E-01
       498  8.003255E-01
       499  3.943335E+00
       500  4.702756E-01
       501  6.269417E-01
       502  5.386624E-01
       503  6.168823E-01
       504  6.409838E-01
       505  8.022176E-01
       506  6.540287E-01
       507  8.123505E-01
       508  3.407612E+00
       509  5.133006E+00
       510  3.397513E+00
       511  5.074700E+00
       512  1.614695E+00
       513  2.543424E+00
       514  1.631891E+00
       515  2.562826E+00
       516  1.362307E+00
       517  2.185992E+00
       518  1.381646E+00
       519  2.205790E+00
       520  3.960452E+00
       521  5.805704E+00
       522  3.907527E+00
       523  5.645747E+00
       524  3.410708E+00
       525  5.039291E+00
       526  3.411719E+00
       527  4.991978E+00
       528  1.646635E+00
       529  2.590176E+00
       530  1.685320E+00
       531  2.634828E+00
       532  1.416409E+00
       533  2.244384E+00
       534  1.463849E+00
       535  2.300270E+00
       536  3.897495E+00
       537  5.566414E+00
       538  3.926598E+00
       539  5.551318E+00
       540  3.412010E+00
       541  4.918554E+00
       542  3.418555E+00
       543  4.848326E+00
       544  1.773150E+00
       545  2.753404E+00
       546  2.042077E-01
       547  2.616506E-01
       548  2.360012E-01
       549  2.917838E-01
       550  1.686726E-01
       551  2.229738E-01
       552  2.008875E-01
       553  2.419440E-01
       554  2.945783E+00
       555  1.566075E+00
       556  2.371358E+00
       557  1.675278E-01
       558  2.174508E-01
       559  2.262442E-01
       560  2.644286E-01
       561  1.980232E-01
       562  2.342441E-01
       563  1.907286E-01
       564  2.388439E-01
       565  2.492884E+00
       566  4.027550E+00
       567  5.614319E+00
       568  4.163653E+00
       569  5.720348E+00
       570  3.450170E+00
       571  4.782707E+00
       572  3.548152E+00
       573  4.810425E+00
       574  7.670720E-01
       575  1.102156E+00
       576  7.689220E-01
       577  1.106383E+00
       578  6.407794E-01
       579  8.920891E-01
       580  6.320763E-01
       581  8.859653E-01
       582  1.537813E+00
       583  2.111243E+00
       584  1.546403E+00
       585  2.122175E+00
       586  1.291004E+00
       587  1.768472E+00
       588  1.293103E+00
       589  1.772800E+00
       590  7.626061E-01
       591  1.101133E+00
       592  7.497332E-01
       593  1.085896E+00
       594  6.291472E-01
       595  8.839232E-01
       596  6.268958E-01
       597  8.829876E-01
       598  1.555416E+00
       599  2.138607E+00
       600  1.566022E+00
       601  2.159960E+00
       602  1.298664E+00
       603  1.784356E+00
       604  1.310675E+00
       605  1.804042E+00
       606  1.987631E+00
       607  2.915600E+00
       608  1.778497E+00
       609  2.758781E+00
       610  1.782030E+00
       611  2.468033E+00
       612  1.561016E+00
       613  2.374430E+00
       614  4.311914E-01
       615  4.918969E-01
       616  4.203105E-01
       617  4.957322E-01
       618  4.393472E-01
       619  5.342846E-01
       620  4.290994E-01
       621  5.246432E-01
       622  5.662094E-01
       623  6.628864E-01
       624  5.907477E-01
       625  7.170462E-01
       626  6.379256E-01
       627  7.522788E-01
       628  6.266312E-01
       629  7.378990E-01
       630  4.069017E+00
       631  5.673876E+00
       632  4.005100E-01
       633  4.817951E-01
       634  3.876082E-01
       635  4.719762E-01
       636  3.622646E-01
       637  4.215682E-01
       638  3.423095E-01
       639  3.885480E-01
       640  5.642528E-01
       641  6.622347E-01
       642  5.591569E-01
       643  6.555129E-01
       644  4.943289E-01
       645  5.834787E-01
       646  4.535468E-01
       647  5.338800E-01
       648  3.482880E+00
       649  4.834546E+00
       650  1.691714E+00
       651  2.644860E+00
       652  1.652884E+00
       653  2.597915E+00
       654  1.472988E+00
       655  2.309501E+00
       656  1.421450E+00
       657  2.251783E+00
       658  3.944119E+00
       659  5.575121E+00
       660  3.908403E+00
       661  5.581790E+00
       662  3.432830E+00
       663  4.869290E+00
       664  3.422488E+00
       665  4.933733E+00
       666  1.636172E+00
       667  2.569166E+00
       668  1.618108E+00
       669  2.548695E+00
       670  1.385685E+00
       671  2.211354E+00
       672  1.365591E+00
       673  2.191143E+00
       674  3.915914E+00
       675  5.657426E+00
       676  3.968221E+00
       677  5.816869E+00
       678  3.419849E+00
       679  5.003936E+00
       680  3.418632E+00
       681  5.051089E+00
       682  1.602630E+00
       683  2.487432E+00
       684  1.526430E+00
       685  2.334384E+00
       686  1.343289E+00
       687  2.166608E+00
       688  1.348315E+00
       689  2.168088E+00
       690  3.950884E+00
       691  5.396670E-01
       692  6.179738E-01
       693  4.712300E-01
       694  6.280383E-01
       695  6.553786E-01
       696  8.140147E-01
       697  6.423564E-01
       698  8.039520E-01
       699  3.821078E+00
       700  4.590111E-01
       701  6.103951E-01
       702  4.441201E-01
       703  6.099462E-01
       704  6.342190E-01
       705  8.020800E-01
       706  6.298668E-01
       707  7.940519E-01
       708  3.405461E+00
       709  5.086425E+00
       710  3.415811E+00
       711  5.144816E+00
       712  2.874165E+01
       713  2.229260E+01
       714  2.873565E+01
       715  2.229109E+01
       716  3.331177E+00
       717  2.973303E+00
       718  3.331993E+00
       719  2.973574E+00
       720  3.328939E+00
       721  2.967161E+00
       722  3.327020E+00
       723  2.965803E+00
       724  1.967542E+01
       725  3.332372E+00
       726  2.973571E+00
       727  3.332399E+00
       728  2.973452E+00
       729  3.325946E+00
       730  2.965192E+00
       731  3.325470E+00
       732  2.964927E+00
       733  1.967119E+01
       734  1.656383E+01
       735  1.179633E+01
       736  1.656179E+01
       737  1.179514E+01
       738  1.982809E+00
       739  1.685824E+00
       740  1.987610E+00
       741  1.688090E+00
       742  1.974720E+00
       743  1.680722E+00
       744  1.971152E+00
       745  1.678639E+00
       746  1.034607E+01
       747  1.464930E+01
       748  1.034150E+01
       749  8.101119E+00
       750  5.573297E+00
       751  8.115644E+00
       752  5.570541E+00
       753  6.885723E+00
       754  4.349094E+00
       755  6.889278E+00
       756  4.337532E+00
       757  1.727650E+01
       758  1.776585E+00
       759  2.257694E+00
       760  1.825818E+00
       761  2.011814E+00
       762  3.538599E-01
       763  7.141703E-01
       764  3.594147E-01
       765  7.152756E-01
       766  2.873325E+01
       767  2.228821E+01
       768  2.873476E+01
       769  2.228307E+01
       770  3.332240E+00
       771  2.973346E+00
       772  3.331903E+00
       773  2.973221E+00
       774  3.325431E+00
       775  2.964848E+00
       776  3.325831E+00
       777  2.964967E+00
       778  1.967136E+01
       779  3.331207E+00
       780  2.972987E+00
       781  3.330049E+00
       782  2.972494E+00
       783  3.326839E+00
       784  2.965454E+00
       785  3.328722E+00
       786  2.966721E+00
       787  1.967478E+01
       788  1.656057E+01
       789  1.179178E+01
       790  1.655570E+01
       791  1.178556E+01
       792  1.987772E+00
       793  1.687957E+00
       794  1.983978E+00
       795  1.686171E+00
       796  1.970286E+00
       797  1.677591E+00
       798  1.972491E+00
       799  1.678374E+00
       800  1.033971E+01
       801  1.982122E+00
       802  1.685214E+00
       803  1.980183E+00
       804  1.684004E+00
       805  1.974695E+00
       806  1.679838E+00
       807  1.977270E+00
       808  1.681835E+00
       809  1.034356E+01
       810  8.108362E+00
       811  5.565065E+00
       812  8.079929E+00
       813  5.557029E+00
       814  6.890306E+00
       815  4.339183E+00
       816  6.887927E+00
       817  4.353461E+00
       818  1.732820E+01
       819  1.828264E+00
       820  2.007144E+00
       821  1.784932E+00
       822  2.246777E+00
       823  3.587228E-01
       824  7.140139E-01
       825  3.515730E-01
       826  7.108374E-01
       827  1.440381E+01
       828  2.096832E+01
       829  1.461535E+01
       830  2.125195E+01
       831  1.489830E+01
       832  2.171768E+01
       833  1.521780E+01
       834  2.213269E+01
       835  5.429556E+00
       836  8.046468E+00
       837  5.464659E+00
       838  7.942194E+00
       839  1.526732E+01
       840  2.182398E+01
       841  1.488114E+01
       842  2.168830E+01
       843  1.462181E+01
       844  2.126003E+01
       845  1.441960E+01
       846  2.098890E+01
       847  3.197840E+00
       848  2.792588E+00
       849  3.198980E+00
       850  2.792871E+00
       851  2.966065E+00
       852  2.687668E+00
       853  2.965665E+00
       854  2.687470E+00
       855  1.807971E+01
       856  3.199430E+00
       857  2.792956E+00
       858  3.199584E+00
       859  2.793009E+00
       860  2.965580E+00
       861  2.687321E+00
       862  2.965605E+00
       863  2.687280E+00
       864  1.808051E+01
       865  2.844058E+00
       866  2.529982E+00
       867  2.843431E+00
       868  2.529619E+00
       869  2.861537E+00
       870  2.519427E+00
       871  2.863085E+00
       872  2.519905E+00
       873  1.654124E+01
       874  2.843165E+00
       875  2.529610E+00
       876  2.843140E+00
       877  2.529697E+00
       878  2.863868E+00
       879  2.520185E+00
       880  2.864159E+00
       881  2.520284E+00
       882  1.654204E+01
       883  1.354370E+01
       884  9.763817E+00
       885  1.354563E+01
       886  9.759005E+00
       887  1.233500E+01
       888  8.732086E+00
       889  1.233438E+01
       890  8.730767E+00
       891  6.791940E+00
       892  4.764282E+00
       893  6.800877E+00
       894  4.757662E+00
       895  5.825169E+00
       896  3.742007E+00
       897  5.833071E+00
       898  3.734276E+00
       899  1.473160E+01
       900  7.737223E+00
       901  3.199591E+00
       902  2.793062E+00
       903  3.199449E+00
       904  2.793076E+00
       905  2.965666E+00
       906  2.687339E+00
       907  2.965764E+00
       908  2.687502E+00
       909  1.807973E+01
       910  3.198995E+00
       911  2.793019E+00
       912  3.197827E+00
       913  2.792731E+00
       914  2.965977E+00
       915  2.687745E+00
       916  2.966506E+00
       917  2.688015E+00
       918  1.807969E+01
       919  2.843219E+00
       920  2.529764E+00
       921  2.843398E+00
       922  2.529820E+00
       923  2.864225E+00
       924  2.520344E+00
       925  2.864072E+00
       926  2.520365E+00
       927  1.654342E+01
       928  2.843813E+00
       929  2.529980E+00
       930  2.844571E+00
       931  2.530492E+00
       932  2.863428E+00
       933  2.520217E+00
       934  2.862040E+00
       935  2.519886E+00
       936  1.654483E+01
       937  1.354457E+01
       938  9.760943E+00
       939  1.354446E+01
       940  9.769317E+00
       941  1.233544E+01
       942  8.730948E+00
       943  1.233743E+01
       944  8.732521E+00
       945  6.802148E+00
       946  4.759434E+00
       947  6.795796E+00
       948  4.769681E+00
       949  5.833165E+00
       950  3.734092E+00
       951  5.825473E+00
       952  3.741514E+00
       953  1.472678E+01
       954  7.745362E+00
       955  1.303573E+01
       956  1.994403E+01
       957  1.324463E+01
       958  2.047967E+01
       959  1.349245E+01
       960  2.111898E+01
       961  1.380121E+01
       962  2.158691E+01
       963  4.978513E+00
       964  7.885018E+00
       965  4.968288E+00
       966  7.917795E+00
       967  1.377241E+01
       968  2.166572E+01
       969  1.348698E+01
       970  2.110697E+01
       971  1.324045E+01
       972  2.046868E+01
       973  1.303425E+01
       974  1.993909E+01
       975  1.996193E+01
       976  1.547202E+01
       977  1.995843E+01
       978  1.547142E+01
       979  1.844572E+01
       980  1.423540E+01
       981  1.844788E+01
       982  1.423573E+01
       983  1.153742E+01
       984  8.282536E+00
       985  1.153597E+01
       986  8.276497E+00
       987  1.058713E+01
       988  7.487487E+00
       989  1.058694E+01
       990  7.486562E+00
       991  5.749001E+00
       992  4.038594E+00
       993  5.755096E+00
       994  4.027246E+00
       995  4.996666E+00
       996  3.221010E+00
       997  5.004157E+00
       998  3.214661E+00
       999  1.245258E+01
      1000  6.888290E+00
      1001  1.995915E+01
      1002  1.547189E+01
      1003  1.996411E+01
      1004  1.547364E+01
      1005  1.844827E+01
      1006  1.423607E+01
      1007  1.844693E+01
      1008  1.423637E+01
      1009  1.153628E+01
      1010  8.276932E+00
      1011  1.153859E+01
      1012  8.283710E+00
      1013  1.058717E+01
      1014  7.486670E+00
      1015  1.058778E+01
      1016  7.487826E+00
      1017  5.755315E+00
      1018  4.027314E+00
      1019  5.749702E+00
      1020  4.038844E+00
      1021  5.004230E+00
      1022  3.214700E+00
      1023  4.996870E+00
      1024  3.221088E+00
      1025  1.245536E+01
      1026  6.886676E+00
      1027  1.170904E+01
      1028  1.851347E+01
      1029  1.175424E+01
      1030  1.862144E+01
      1031  1.177183E+01
      1032  1.867743E+01
      1033  1.187822E+01
      1034  1.861790E+01
      1035  4.307372E+00
      1036  6.712059E+00
      1037  4.310041E+00
      1038  6.704840E+00
      1039  1.188648E+01
      1040  1.860087E+01
      1041  1.177341E+01
      1042  1.867908E+01
      1043  1.175310E+01
      1044  1.861844E+01
      1045  1.170536E+01
      1046  1.850602E+01
      1047  1.713201E+01
      1048  1.323594E+01
      1049  1.713167E+01
      1050  1.323576E+01
      1051  1.575684E+01
      1052  1.216310E+01
      1053  1.575614E+01
      1054  1.216196E+01
      1055  9.882489E+00
      1056  7.100267E+00
      1057  9.881402E+00
      1058  7.095010E+00
      1059  9.044089E+00
      1060  6.393266E+00
      1061  9.042034E+00
      1062  6.391380E+00
      1063  4.940447E+00
      1064  3.485185E+00
      1065  4.945058E+00
      1066  3.475278E+00
      1067  4.247037E+00
      1068  2.725546E+00
      1069  4.254696E+00
      1070  2.721580E+00
      1071  1.072911E+01
      1072  5.863198E+00
      1073  1.713189E+01
      1074  1.323594E+01
      1075  1.713267E+01
      1076  1.323648E+01
      1077  1.575626E+01
      1078  1.216206E+01
      1079  1.575721E+01
      1080  1.216341E+01
      1081  9.881533E+00
      1082  7.095120E+00
      1083  9.882894E+00
      1084  7.100582E+00
      1085  9.042114E+00
      1086  6.391438E+00
      1087  9.044328E+00
      1088  6.393440E+00
      1089  4.945134E+00
      1090  3.475376E+00
      1091  4.940674E+00
      1092  3.485468E+00
      1093  4.254734E+00
      1094  2.721577E+00
      1095  4.247155E+00
      1096  2.725544E+00
      1097  1.072906E+01
      1098  5.864396E+00
      1099  1.015612E+01
      1100  1.617096E+01
      1101  1.012126E+01
      1102  1.609228E+01
      1103  1.010254E+01
      1104  1.603308E+01
      1105  1.020545E+01
      1106  1.600717E+01
      1107  3.699896E+00
      1108  5.784876E+00
      1109  3.699291E+00
      1110  5.786442E+00
      1111  1.020357E+01
      1112  1.601017E+01
      1113  1.010176E+01
      1114  1.603131E+01
      1115  1.012059E+01
      1116  1.609061E+01
      1117  1.015516E+01
      1118  1.616882E+01
      1119  1.452511E+01
      1120  1.119861E+01
      1121  1.452637E+01
      1122  1.120063E+01
      1123  1.350199E+01
      1124  1.033587E+01
      1125  1.350125E+01
      1126  1.033247E+01
      1127  8.326627E+00
      1128  6.005932E+00
      1129  8.329574E+00
      1130  6.001941E+00
      1131  7.675412E+00
      1132  5.408555E+00
      1133  7.670252E+00
      1134  5.407382E+00
      1135  4.210621E+00
      1136  2.959019E+00
      1137  4.210791E+00
      1138  2.949032E+00
      1139  3.505541E+00
      1140  2.215541E+00
      1141  3.515641E+00
      1142  2.214421E+00
      1143  8.900241E+00
      1144  5.114798E+00
      1145  1.452647E+01
      1146  1.120072E+01
      1147  1.452540E+01
      1148  1.119887E+01
      1149  1.350133E+01
      1150  1.033253E+01
      1151  1.350223E+01
      1152  1.033608E+01
      1153  8.329650E+00
      1154  6.002013E+00
      1155  8.326858E+00
      1156  6.006148E+00
      1157  7.670308E+00
      1158  5.407422E+00
      1159  7.675581E+00
      1160  5.408678E+00
      1161  4.210859E+00
      1162  2.949081E+00
      1163  4.210828E+00
      1164  2.959166E+00
      1165  3.515670E+00
      1166  2.214434E+00
      1167  3.505630E+00
      1168  2.215577E+00
      1169  8.900822E+00
      1170  5.114992E+00
      1171  8.523006E+00
      1172  1.355748E+01
      1173  8.516216E+00
      1174  1.352470E+01
      1175  8.525611E+00
      1176  1.351938E+01
      1177  8.651413E+00
      1178  1.352871E+01
      1179  3.140716E+00
      1180  4.888649E+00
      1181  3.140874E+00
      1182  4.888254E+00
      1183  8.651853E+00
      1184  1.352753E+01
      1185  8.525426E+00
      1186  1.351880E+01
      1187  8.515806E+00
      1188  1.352376E+01
      1189  8.522575E+00
      1190  1.355653E+01
      1191  1.180659E+01
      1192  9.224032E+00
      1193  1.180690E+01
      1194  9.224340E+00
      1195  1.083029E+01
      1196  8.405876E+00
      1197  1.082719E+01
      1198  8.402311E+00
      1199  6.979859E+00
      1200  5.181413E+00
      1201  6.985557E+00
      1202  5.182247E+00
      1203  6.350029E+00
      1204  4.728374E+00
      1205  6.353544E+00
      1206  4.722772E+00
      1207  2.247711E+01
      1208  7.939194E+00
      1209  4.411054E+00
      1210  1.180696E+01
      1211  9.224394E+00
      1212  1.180676E+01
      1213  9.224194E+00
      1214  1.082723E+01
      1215  8.402341E+00
      1216  1.083040E+01
      1217  8.405966E+00
      1218  6.985604E+00
      1219  5.182286E+00
      1220  6.980001E+00
      1221  5.181526E+00
      1222  6.353565E+00
      1223  4.722783E+00
      1224  6.350091E+00
      1225  4.728403E+00
      1226  2.247741E+01
      1227  7.939350E+00
      1228  4.411263E+00
      1229  7.012069E+00
      1230  1.113126E+01
      1231  7.020493E+00
      1232  1.112469E+01
      1233  7.036459E+00
      1234  1.113650E+01
      1235  7.158783E+00
      1236  1.114433E+01
      1237  2.595386E+00
      1238  4.020849E+00
      1239  2.595356E+00
      1240  4.020910E+00
      1241  7.158693E+00
      1242  1.114435E+01
      1243  7.036373E+00
      1244  1.113623E+01
      1245  7.020373E+00
      1246  1.112436E+01
      1247  7.011867E+00
      1248  1.113080E+01
      1249  9.901537E+00
      1250  7.734390E+00
      1251  9.903557E+00
      1252  7.731755E+00
      1253  9.055787E+00
      1254  6.850848E+00
      1255  9.054126E+00
      1256  6.852618E+00
      1257  5.885079E+00
      1258  4.354256E+00
      1259  5.884561E+00
      1260  4.348226E+00
      1261  5.079284E+00
      1262  3.722098E+00
      1263  5.087926E+00
      1264  3.723965E+00
      1265  1.745675E+01
      1266  6.203046E+00
      1267  3.678921E+00
      1268  9.903591E+00
      1269  7.731787E+00
      1270  9.901639E+00
      1271  7.734485E+00
      1272  9.054150E+00
      1273  6.852638E+00
      1274  9.055861E+00
      1275  6.850907E+00
      1276  5.884589E+00
      1277  4.348248E+00
      1278  5.885165E+00
      1279  4.354321E+00
      1280  5.087941E+00
      1281  3.723973E+00
      1282  5.079328E+00
      1283  3.722121E+00
      1284  1.745692E+01
      1285  6.203159E+00
      1286  3.679005E+00
      1287  5.671526E+00
      1288  8.988964E+00
      1289  5.687006E+00
      1290  8.996203E+00
      1291  5.712865E+00
      1292  9.027208E+00
      1293  5.839183E+00
      1294  9.055093E+00
      1295  2.115759E+00
      1296  3.266298E+00
      1297  2.115771E+00
      1298  3.266275E+00
      1299  5.839226E+00
      1300  9.054993E+00
      1301  5.712838E+00
      1302  9.027093E+00
      1303  5.686945E+00
      1304  8.996033E+00
      1305  5.671445E+00
      1306  8.988766E+00
      1307  7.661110E+00
      1308  6.028854E+00
      1309  7.659103E+00
      1310  6.027320E+00
      1311  7.180082E+00
      1312  5.732746E+00
      1313  7.184322E+00
      1314  5.732664E+00
      1315  3.072066E+01
      1316  1.454632E+01
      1317  5.283023E+00
      1318  3.105069E+00
      1319  7.659116E+00
      1320  6.027332E+00
      1321  7.661149E+00
      1322  6.028890E+00
      1323  7.184330E+00
      1324  5.732670E+00
      1325  7.180108E+00
      1326  5.732764E+00
      1327  3.072077E+01
      1328  1.454640E+01
      1329  5.283075E+00
      1330  3.105122E+00
      1331  4.501932E+00
      1332  7.129644E+00
      1333  4.518844E+00
      1334  7.140339E+00
      1335  4.543461E+00
      1336  7.171290E+00
      1337  4.665923E+00
      1338  7.194816E+00
      1339  1.690580E+00
      1340  2.589884E+00
      1341  1.690580E+00
      1342  2.589884E+00
      1343  4.665928E+00
      1344  7.194788E+00
      1345  4.543449E+00
      1346  7.171234E+00
      1347  4.518821E+00
      1348  7.140265E+00
      1349  4.501896E+00
      1350  7.129553E+00
      1351  4.219363E+01
      1352  2.373670E+01
      1353  1.115375E+01
      1354  4.168569E+00
      1355  2.539750E+00
      1356  4.219371E+01
      1357  2.373677E+01
      1358  1.115379E+01
      1359  4.168597E+00
      1360  2.539777E+00
      1361  3.488109E+00
      1362  5.521479E+00
      1363  3.506508E+00
      1364  5.535720E+00
      1365  3.532634E+00
      1366  5.569313E+00
      1367  3.648945E+00
      1368  5.593498E+00
      1369  1.319970E+00
      1370  2.009094E+00
      1371  1.319971E+00
      1372  2.009092E+00
      1373  3.648954E+00
      1374  5.593480E+00
      1375  3.532629E+00
      1376  5.569286E+00
      1377  3.506497E+00
      1378  5.535683E+00
      1379  3.488093E+00
      1380  5.521436E+00
      1381  3.137744E+01
      1382  1.787182E+01
      1383  8.560327E+00
      1384  3.302012E+00
      1385  2.091254E+00
      1386  3.137748E+01
      1387  1.787185E+01
      1388  8.560350E+00
      1389  3.302028E+00
      1390  2.091271E+00
      1391  2.612146E+00
      1392  4.132246E+00
      1393  2.634633E+00
      1394  4.155822E+00
      1395  2.667798E+00
      1396  4.201992E+00
      1397  2.790274E+00
      1398  4.239577E+00
      1399  1.010138E+00
      1400  1.520133E+00
      1401  1.010138E+00
      1402  1.520132E+00
      1403  2.790279E+00
      1404  4.239568E+00
      1405  2.667796E+00
      1406  4.201978E+00
      1407  2.634628E+00
      1408  4.155804E+00
      1409  2.612138E+00
      1410  4.132225E+00
      1411  2.253485E+01
      1412  1.289765E+01
      1413  6.275504E+00
      1414  2.577112E+00
      1415  1.726256E+00
      1416  2.253487E+01
      1417  1.289767E+01
      1418  6.275516E+00
      1419  2.577121E+00
      1420  1.726266E+00
      1421  1.865358E+00
      1422  2.949515E+00
      1423  1.889462E+00
      1424  2.978260E+00
      1425  1.925015E+00
      1426  3.029257E+00
      1427  2.051190E+00
      1428  3.069162E+00
      1429  7.427632E-01
      1430  1.094574E+00
      1431  7.427637E-01
      1432  1.094574E+00
      1433  2.051193E+00
      1434  3.069157E+00
      1435  1.925015E+00
      1436  3.029249E+00
      1437  1.889460E+00
      1438  2.978251E+00
      1439  1.865354E+00
      1440  2.949505E+00
      1441  1.510086E+01
      1442  8.715165E+00
      1443  4.381058E+00
      1444  1.970865E+00
      1445  1.425927E+00
      1446  1.510087E+01
      1447  8.715173E+00
      1448  4.381064E+00
      1449  1.970870E+00
      1450  1.425933E+00
      1451  1.253299E+00
      1452  1.986866E+00
      1453  1.274737E+00
      1454  2.011303E+00
      1455  1.308974E+00
      1456  2.057833E+00
      1457  1.437213E+00
      1458  2.094041E+00
      1459  5.191981E-01
      1460  7.393105E-01
      1461  5.191983E-01
      1462  7.393102E-01
      1463  1.437215E+00
      1464  2.094038E+00
      1465  1.308974E+00
      1466  2.057829E+00
      1467  1.274736E+00
      1468  2.011298E+00
      1469  1.253297E+00
      1470  1.986861E+00
      1471  9.088509E+00
      1472  5.341040E+00
      1473  2.857824E+00
      1474  1.506488E+00
      1475  1.209922E+00
      1476  9.088513E+00
      1477  5.341044E+00
      1478  2.857827E+00
      1479  1.506491E+00
      1480  1.209926E+00
      1481  7.989704E-01
      1482  1.283231E+00
      1483  8.038406E-01
      1484  1.269784E+00
      1485  8.235652E-01
      1486  1.285526E+00
      1487  9.493319E-01
      1488  1.309663E+00
      1489  3.395051E-01
      1490  4.522063E-01
      1491  3.395053E-01
      1492  4.522061E-01
      1493  9.493334E-01
      1494  1.309662E+00
      1495  8.235653E-01
      1496  1.285524E+00
      1497  8.038400E-01
      1498  1.269781E+00
      1499  7.989691E-01
      1500  1.283228E+00
      1501  4.471915E+00
      1502  2.795366E+00
      1503  1.747329E+00
      1504  1.177826E+00
      1505  1.054050E+00
      1506  4.471916E+00
      1507  2.795368E+00
      1508  1.747331E+00
      1509  1.177827E+00
      1510  1.054052E+00
      1511  5.397325E-01
      1512  8.569021E-01
      1513  5.112431E-01
      1514  7.621268E-01
      1515  4.914874E-01
      1516  7.052339E-01
      1517  5.900585E-01
      1518  6.944558E-01
      1519  1.999376E-01
      1520  2.283593E-01
      1521  1.999377E-01
      1522  2.283592E-01
      1523  5.900595E-01
      1524  6.944551E-01
      1525  4.914877E-01
      1526  7.052329E-01
      1527  5.112430E-01
      1528  7.621256E-01
      1529  5.397316E-01
      1530  8.569005E-01
      1531  1.359080E+00
      1532  1.135541E+00
      1533  1.046798E+00
      1534  9.775868E-01
      1535  9.150969E-01
      1536  1.359080E+00
      1537  1.135542E+00
      1538  1.046799E+00
      1539  9.775879E-01
      1540  9.150983E-01
      1541  4.466829E-01
      1542  5.785459E-01
      1543  4.336124E-01
      1544  4.620213E-01
      1545  4.108450E-01
      1546  3.970742E-01
      1547  5.037311E-01
      1548  3.898944E-01
      1549  1.086943E-01
      1550  1.254557E-01
      1551  1.086943E-01
      1552  1.254557E-01
      1553  5.037318E-01
      1554  3.898941E-01
      1555  4.108454E-01
      1556  3.970738E-01
      1557  4.336126E-01
      1558  4.620209E-01
      1559  4.466826E-01
      1560  5.785453E-01
      1561  1.284919E-01
      1562  2.212904E-01
      1563  3.939350E-01
      1564  6.663982E-01
      1565  1.025075E+00
      1566  1.284921E-01
      1567  2.212908E-01
      1568  3.939356E-01
      1569  6.663989E-01
      1570  1.025076E+00
      1571  2.723443E-01
      1572  2.848141E-01
      1573  3.190231E-01
      1574  2.284330E-01
      1575  4.918028E-01
      1576  4.266218E-01
      1577  9.450208E-02
      1578  3.730426E-02
      1579  2.257493E-01
      1580  1.131990E-01
      1581  1.325054E-01
      1582  6.037363E-02
      1583  4.697850E-01
      1584  2.900791E-01
      1585  1.149923E+00
      1586  1.184936E-01
      1587  2.134650E-02
      1588  7.622259E-02
      1589  1.804613E-02
      1590  7.149721E-02
      1591  7.172203E-02
      1592  2.594881E-01
      1593  7.616777E-02
      1594  2.401025E-01
      1595  1.184936E-01
      1596  1.804613E-02
      1597  7.149720E-02
      1598  2.134649E-02
      1599  7.622257E-02
      1600  7.616777E-02
      1601  2.401025E-01
      1602  7.172202E-02
      1603  2.594880E-01
      1604  2.257494E-01
      1605  1.131990E-01
      1606  9.450218E-02
      1607  3.730428E-02
      1608  4.697851E-01
      1609  2.900792E-01
      1610  1.325055E-01
      1611  6.037365E-02
      1612  1.149923E+00
      1613  4.918032E-01
      1614  4.266218E-01
      1615  3.190235E-01
      1616  2.284332E-01
      1617  2.723445E-01
      1618  2.848142E-01
