
                        S T E P       1


                                INCREMENT     1


 displacements (vx,vy,vz) for set NALL and time  0.1000000E+01

         1  0.000000E+00  0.000000E+00  0.000000E+00
         2  0.000000E+00 -1.323489E-24  0.000000E+00
         3 -3.308722E-25  0.000000E+00  3.308722E-25
         4  0.000000E+00  0.000000E+00  6.088049E-23
         5  1.483912E-03  4.488490E-06 -1.561264E-03
         6  1.484103E-03  2.050964E-05  1.582009E-03
         7 -1.479197E-03  1.817784E-05 -1.561485E-03
         8 -1.479697E-03  2.036865E-06  1.582083E-03
         9  1.828551E-03  8.556978E-06 -2.167713E-03
        10  1.828852E-03  1.478491E-05  2.223155E-03
        11 -1.829820E-03  1.319353E-05 -2.167456E-03
        12 -1.830127E-03  1.458162E-05  2.222679E-03
        13  1.924479E-03  9.467665E-06 -2.310732E-03
        14  1.924560E-03  1.824816E-05  2.337724E-03
        15 -1.943663E-03  2.104824E-05 -2.310806E-03
        16 -1.943842E-03  1.187589E-05  2.337975E-03
        17  3.214695E-03 -1.046023E-05 -3.997108E-03
        18  3.213131E-03  5.270809E-05  4.008682E-03
        19 -3.230844E-03  5.619238E-05 -3.991941E-03
        20 -3.231590E-03 -2.983487E-06  4.006599E-03
        21  5.000000E-03  0.000000E+00 -6.000000E-03
        22  5.000000E-03  0.000000E+00  6.000000E-03
        23 -5.000000E-03  1.694066E-22 -6.000000E-03
        24 -5.000000E-03  2.371692E-21  6.000000E-03
        25  7.203217E-04 -2.728691E-05 -6.395689E-04
        26  6.077076E-04 -1.137278E-05  6.346901E-04
        27 -6.074932E-04 -1.576516E-05 -6.513619E-04
        28 -7.219847E-04 -1.891839E-05  6.456921E-04
        29  3.015554E-03 -3.122146E-05 -3.260449E-03
        30  2.333203E-03  1.214308E-05  2.994931E-03
        31 -2.231326E-03  1.314367E-05 -2.890053E-03
        32 -3.044698E-03 -1.778263E-05  3.171016E-03
        33  3.312577E-03 -1.461174E-05 -4.225835E-03
        34  3.409783E-03 -2.726003E-05 -5.065630E-03
        35  4.077624E-03 -6.827910E-06 -5.877279E-03
        36  2.473570E-03  2.585447E-05  4.690686E-03
        37  1.994416E-03  7.030419E-06  5.885217E-03
        38  2.862982E-03  2.211999E-05  6.608119E-03
        39 -2.626742E-03  2.541622E-05 -4.762883E-03
        40 -2.063048E-03  7.505555E-06 -5.885200E-03
        41 -2.790534E-03  2.235014E-05 -6.580807E-03
        42 -3.329657E-03 -1.160230E-05  4.352863E-03
        43 -3.410722E-03 -2.433598E-05  5.151449E-03
        44 -4.038832E-03 -6.614410E-06  5.870478E-03
        45  6.151006E-07 -7.793266E-07  2.813852E-07
        46  4.451186E-07  7.143484E-07 -2.095860E-07
        47  6.676970E-07  1.499959E-06 -4.449741E-07
        48 -2.626431E-07 -5.654822E-07  1.671035E-07
        49 -1.765559E-07 -2.246957E-07  6.389453E-08
        50 -2.461813E-07  3.384863E-07 -1.214465E-07
        51 -3.553544E-07  9.638189E-07  4.471844E-07
        52 -4.821097E-07  1.209977E-06  2.552973E-07
        53 -9.364582E-08  2.557364E-07  2.952494E-07
        54 -5.304739E-07  1.224894E-06 -5.092931E-07
        55 -7.026851E-07  1.691834E-06 -2.758134E-07
        56 -2.067142E-07  4.732171E-07 -2.935376E-07
        57  1.484804E-03  1.209746E-05  1.222368E-05
        58 -1.479199E-03  1.033820E-05  3.792378E-05
        59  7.525495E-06  1.172690E-05 -1.560876E-03
        60 -1.456968E-05  1.028729E-05  1.582117E-03
        61  3.215340E-03 -2.763552E-06 -2.022947E-03
        62  3.215320E-03 -4.184400E-06 -9.593538E-06
        63  3.215343E-03  5.627728E-06  2.012256E-03
        64 -3.230976E-03  4.624763E-05 -1.993273E-03
        65 -3.230661E-03  3.587098E-05  1.899686E-05
        66 -3.231143E-03  2.023687E-05  2.025887E-03
        67  1.604037E-03 -4.072102E-05 -3.995615E-03
        68  1.033538E-05 -5.190682E-05 -3.995510E-03
        69 -1.592580E-03 -2.504074E-05 -3.994937E-03
        70  1.589933E-03  1.604308E-06  4.006329E-03
        71 -1.148914E-05 -1.038533E-05  4.006307E-03
        72 -1.611864E-03 -4.950497E-06  4.006153E-03
        73  4.995035E-03 -1.414010E-04 -3.007992E-03
        74  4.997206E-03  1.584965E-05 -4.545591E-05
        75  4.994438E-03  1.706299E-04  2.938449E-03
        76 -5.008649E-03  1.979760E-04 -3.098540E-03
        77 -5.004547E-03  3.204288E-05 -4.847679E-05
        78 -5.007174E-03 -1.376122E-04  3.022246E-03
        79  2.467018E-03 -2.990587E-06 -5.997619E-03
        80 -9.549238E-05  7.544640E-05 -5.997836E-03
        81 -2.614494E-03  1.268404E-04 -5.995086E-03
        82  2.420122E-03  1.261006E-04  6.002921E-03
        83 -8.766533E-05  7.939482E-05  6.000846E-03
        84 -2.555822E-03  3.662757E-06  6.000458E-03
        85  2.236987E-05  5.929533E-05 -4.502207E-04
        86  3.598056E-04  2.953789E-04 -1.972998E-03
        87  9.265336E-04  6.087183E-04 -3.831175E-03
        88  1.101565E-03  7.614094E-04 -4.673833E-03
        89  6.647637E-04  6.290072E-04 -4.079997E-03
        90 -2.006911E-04  2.858185E-04 -2.604415E-03
        91 -9.533044E-04  4.327186E-05 -1.636026E-03
        92  1.608111E-04 -7.786635E-05 -5.798332E-04
        93  6.582190E-04 -3.414945E-04 -2.283117E-03
        94  1.244445E-03 -6.575961E-04 -4.163633E-03
        95  1.481938E-03 -7.882707E-04 -4.896646E-03
        96  1.265850E-03 -6.181244E-04 -4.128484E-03
        97  8.961813E-04 -2.446029E-04 -2.523445E-03
        98  9.821259E-04 -5.186403E-06 -1.576763E-03
        99 -1.737071E-04 -7.307497E-05  5.458641E-04
       100 -7.586662E-04 -3.348573E-04  2.229927E-03
       101 -1.461845E-03 -6.628537E-04  4.175072E-03
       102 -1.773627E-03 -8.129721E-04  5.005860E-03
       103 -1.554552E-03 -6.593816E-04  4.312419E-03
       104 -1.101691E-03 -2.857430E-04  2.704487E-03
       105 -1.065099E-03 -2.477157E-05  1.660363E-03
       106  1.656742E-05  6.523138E-05  4.922008E-04
       107 -2.615172E-04  3.051982E-04  2.044281E-03
       108 -7.297418E-04  6.097433E-04  3.854458E-03
       109 -8.306122E-04  7.496035E-04  4.632712E-03
       110 -3.943087E-04  6.098006E-04  4.006394E-03
       111  3.925059E-04  2.709862E-04  2.552027E-03
       112  1.031622E-03  3.841513E-05  1.629079E-03
       113 -3.118023E-04  9.719391E-05  5.376585E-05
       114 -1.803137E-03  5.255432E-04  3.011835E-04
       115 -3.856292E-03  1.082449E-03  7.310768E-04
       116 -4.586201E-03  1.271821E-03  1.043648E-03
       117 -3.296023E-03  9.817226E-04  1.103126E-03
       118 -7.183945E-04  4.409224E-04  1.023455E-03
       119  1.081237E-03  8.990232E-05  1.165823E-03
       120 -2.579392E-04 -8.084182E-05  1.412408E-05
       121 -1.575399E-03 -4.610976E-04  3.295675E-04
       122 -3.441800E-03 -9.681781E-04  8.334375E-04
       123 -4.131055E-03 -1.147790E-03  9.567513E-04
       124 -2.973965E-03 -8.886624E-04  4.850584E-04
       125 -6.067999E-04 -3.929635E-04 -3.925769E-04
       126  1.083059E-03 -6.395403E-05 -1.111590E-03
       127  2.587924E-04 -8.078312E-05 -5.475525E-05
       128  1.630453E-03 -4.753404E-04 -2.650879E-04
       129  3.573552E-03 -1.002474E-03 -5.369617E-04
       130  4.266419E-03 -1.182362E-03 -5.591678E-04
       131  3.035622E-03 -9.056675E-04 -1.946126E-04
       132  5.799417E-04 -3.906193E-04  4.641435E-04
       133 -1.113699E-03 -6.011683E-05  1.089941E-03
       134  2.800581E-04  8.753160E-05  1.862830E-05
       135  1.700618E-03  4.974072E-04 -3.194757E-04
       136  3.703507E-03  1.041689E-03 -1.003041E-03
       137  4.433598E-03  1.232118E-03 -1.434059E-03
       138  3.181856E-03  9.517816E-04 -1.381644E-03
       139  6.507019E-04  4.219645E-04 -1.061827E-03
       140 -1.101325E-03  8.078470E-05 -1.101597E-03
       141  1.086026E-03  7.073967E-05 -2.095953E-03
       142  4.248958E-04  1.471991E-04 -2.602313E-03
       143 -6.233731E-04  9.316620E-05 -2.430403E-03
       144 -1.050248E-03 -3.710146E-05 -2.041560E-03
       145 -3.660527E-04 -1.034236E-04 -2.496284E-03
       146  6.608145E-04 -5.903466E-05 -2.379797E-03
       147  1.022928E-03 -5.112421E-05  2.157410E-03
       148  2.380076E-04 -1.358813E-04  2.716612E-03
       149 -7.647661E-04 -7.754010E-05  2.529258E-03
       150 -1.049693E-03  7.271119E-05  2.148484E-03
       151 -2.804348E-04  1.489621E-04  2.654822E-03
       152  7.431346E-04  9.256397E-05  2.477025E-03
       153  1.353710E-03  5.883344E-05 -7.994920E-04
       154  1.215512E-03  1.107509E-04  1.828832E-04
       155  1.554159E-03  5.187412E-05  1.285698E-03
       156  1.344203E-03 -3.677286E-05  8.589949E-04
       157  1.213522E-03 -8.715064E-05 -1.120578E-04
       158  1.560736E-03 -2.670381E-05 -1.226239E-03
       159 -1.367379E-03 -2.982157E-05 -8.572295E-04
       160 -1.261500E-03 -7.308942E-05  1.064419E-04
       161 -1.578873E-03 -1.842124E-05  1.244564E-03
       162 -1.370766E-03  5.052471E-05  9.600757E-04
       163 -1.250009E-03  9.959856E-05  8.758924E-06
       164 -1.563988E-03  4.707900E-05 -1.171795E-03
       165  1.617316E-03  5.336102E-05 -2.674170E-03
       166  1.642527E-03  2.768810E-04 -4.120861E-03
       167  1.833280E-03  6.008222E-04 -6.045299E-03
       168  1.547952E-03  7.656954E-04 -6.955666E-03
       169  5.607687E-04  6.334303E-04 -6.366133E-03
       170 -8.962144E-04  2.829818E-04 -4.861789E-03
       171 -2.199251E-03  5.025906E-05 -3.938184E-03
       172 -1.541843E-03 -1.974481E-05 -2.666396E-03
       173 -7.741911E-04 -2.433789E-04 -4.111456E-03
       174  2.705328E-04 -5.731823E-04 -6.073143E-03
       175  1.064544E-03 -7.546649E-04 -7.072364E-03
       176  1.455556E-03 -6.492260E-04 -6.613096E-03
       177  1.673743E-03 -3.218587E-04 -5.211055E-03
       178  2.260341E-03 -7.235779E-05 -4.222382E-03
       179  1.477412E-03 -3.215127E-05  2.740841E-03
       180  6.250987E-04 -2.684514E-04  4.265841E-03
       181 -5.054366E-04 -6.068126E-04  6.271527E-03
       182 -1.344650E-03 -7.903443E-04  7.278113E-03
       183 -1.710183E-03 -6.770298E-04  6.777358E-03
       184 -1.841247E-03 -3.306025E-04  5.289334E-03
       185 -2.332219E-03 -6.187531E-05  4.214017E-03
       186 -1.575208E-03  5.554720E-05  2.706103E-03
       187 -1.455885E-03  2.774539E-04  4.144692E-03
       188 -1.464097E-03  5.958611E-04  6.040530E-03
       189 -1.046624E-03  7.580515E-04  6.939487E-03
       190 -4.383425E-05  6.316580E-04  6.380717E-03
       191  1.296409E-03  2.936936E-04  4.933257E-03
       192  2.389274E-03  6.229958E-05  4.018611E-03
       193  1.751636E-03  6.735243E-05 -1.600498E-03
       194  3.989620E-04  4.566515E-04 -6.906626E-04
       195 -1.680285E-03  1.021034E-03  4.018582E-04
       196 -2.466189E-03  1.224750E-03  1.339369E-03
       197 -1.210852E-03  9.430543E-04  1.975830E-03
       198  1.337749E-03  4.088388E-04  2.428982E-03
       199  3.022359E-03  8.102588E-05  3.085347E-03
       200  1.756797E-03 -3.799351E-05  1.619912E-03
       201  5.185627E-04 -3.953496E-04  1.160391E-03
       202 -1.382396E-03 -9.121538E-04  9.017001E-04
       203 -2.132626E-03 -1.107185E-03  3.037339E-04
       204 -1.026587E-03 -8.600705E-04 -8.129437E-04
       205  1.301157E-03 -3.730192E-04 -2.219227E-03
       206  2.921289E-03 -5.808168E-05 -3.302536E-03
       207 -1.797957E-03 -2.809033E-05 -1.655915E-03
       208 -5.487308E-04 -3.879309E-04 -1.131004E-03
       209  1.406746E-03 -9.186579E-04 -6.868638E-04
       210  2.162894E-03 -1.114500E-03 -3.711509E-05
       211  1.004756E-03 -8.547129E-04  9.349654E-04
       212 -1.381991E-03 -3.545194E-04  2.117923E-03
       213 -2.985651E-03 -4.201771E-05  3.164329E-03
       214 -1.792604E-03  6.329210E-05  1.686724E-03
       215 -5.115518E-04  4.335957E-04  6.964668E-04
       216  1.507587E-03  9.825098E-04 -6.087131E-04
       217  2.322935E-03  1.194362E-03 -1.616006E-03
       218  1.175075E-03  9.381128E-04 -2.108069E-03
       219 -1.264626E-03  4.279232E-04 -2.324016E-03
       220 -2.937888E-03  1.024988E-04 -2.931017E-03
       221  2.642174E-03  2.753104E-05 -4.322826E-03
       222  2.611387E-03  2.943365E-04 -6.041316E-03
       223  2.981030E-03  7.220556E-04 -8.566631E-03
       224  2.870748E-03  1.010755E-03 -1.012781E-02
       225  1.832765E-03  9.716371E-04 -9.984007E-03
       226 -1.159977E-04  6.227491E-04 -8.485936E-03
       227 -2.536433E-03  2.334841E-04 -6.917437E-03
       228 -2.575846E-03 -2.296479E-05 -4.593058E-03
       229 -1.733899E-03 -2.776079E-04 -6.230376E-03
       230 -7.905153E-04 -6.317646E-04 -8.330877E-03
       231 -7.281162E-05 -8.338112E-04 -9.436431E-03
       232  4.448184E-04 -7.414762E-04 -9.038123E-03
       233  1.163011E-03 -4.074524E-04 -7.605591E-03
       234  2.747151E-03 -1.104758E-04 -6.417529E-03
       235  2.400824E-03 -2.256500E-05  4.573015E-03
       236  1.395420E-03 -2.821098E-04  6.241831E-03
       237  3.227815E-04 -6.462747E-04  8.395837E-03
       238 -4.471568E-04 -8.563077E-04  9.540672E-03
       239 -9.101550E-04 -7.629499E-04  9.134353E-03
       240 -1.480743E-03 -4.163472E-04  7.644997E-03
       241 -2.881034E-03 -1.082367E-04  6.404737E-03
       242 -2.586766E-03  5.255024E-05  4.449710E-03
       243 -2.467187E-03  3.260844E-04  6.211800E-03
       244 -2.779223E-03  7.404704E-04  8.662609E-03
       245 -2.675529E-03  1.009883E-03  1.012460E-02
       246 -1.718605E-03  9.592475E-04  9.927933E-03
       247  1.218626E-04  6.126763E-04  8.441640E-03
       248  2.504806E-03  2.292751E-04  6.899735E-03
       249  2.981714E-03  6.418534E-05 -2.691615E-03
       250  1.504037E-03  4.879180E-04 -1.096115E-03
       251 -8.297046E-04  1.119677E-03  7.911362E-04
       252 -1.997424E-03  1.418001E-03  2.532445E-03
       253 -1.107754E-03  1.219767E-03  3.855741E-03
       254  1.378620E-03  6.981100E-04  4.737452E-03
       255  3.725865E-03  2.370591E-04  5.388536E-03
       256  2.838110E-03 -6.397605E-05  2.970243E-03
       257  1.194662E-03 -5.361059E-04  2.147841E-03
       258 -1.271592E-03 -1.204704E-03  1.462489E-03
       259 -2.472537E-03 -1.512756E-03  3.700537E-04
       260 -1.480461E-03 -1.292320E-03 -1.294433E-03
       261  1.215647E-03 -7.275212E-04 -3.273408E-03
       262  3.733538E-03 -2.336767E-04 -4.887856E-03
       263 -3.008630E-03 -1.578620E-05 -3.081863E-03
       264 -1.373848E-03 -4.854011E-04 -2.196867E-03
       265  1.270312E-03 -1.201245E-03 -1.253273E-03
       266  2.599255E-03 -1.540904E-03 -7.897294E-06
       267  1.594785E-03 -1.317270E-03  1.595870E-03
       268 -1.201682E-03 -7.307931E-04  3.373316E-03
       269 -3.753003E-03 -2.299925E-04  4.865627E-03
       270 -3.020261E-03  6.474922E-05  2.839893E-03
       271 -1.661908E-03  4.559585E-04  1.157072E-03
       272  5.423578E-04  1.053316E-03 -1.072459E-03
       273  1.700572E-03  1.349769E-03 -3.083555E-03
       274  9.346846E-04  1.180434E-03 -4.448648E-03
       275 -1.381303E-03  6.955955E-04 -5.157615E-03
       276 -3.650663E-03  2.497979E-04 -5.570097E-03

 forces (fx,fy,fz) for set RIGHT and time  0.1000000E+01

        21  1.007641E+03  7.653921E+02 -2.211901E+03
        22  3.731297E+02 -1.861419E+02  2.258360E+03
        23 -1.275361E+03  9.570608E+01  7.401655E+02
        24 -1.091732E+02  5.018284E+02 -8.002542E+02

 internal energy (element, energy) for set ALL and time  0.1000000E+01

         1  3.310454E-02
         2  3.419451E-02
         3  2.818722E-02
         4  2.234562E-02
         5  2.487027E-02
         6  2.858240E-02
         7  2.211063E-02
         8  2.396407E-02
         9  2.059032E-03
        10  2.717705E-03
        11  4.321078E-03
        12  9.733950E-03
        13  8.249332E-03
        14  7.676152E-03
        15  9.273517E-03
        16  7.211691E-03
        17  1.994534E-02
        18  9.970613E-03
        19  1.618740E-02
        20  1.351180E-02
        21  9.018848E-03
        22  1.570020E-02
        23  8.878483E-03
        24  1.319755E-02
        25  1.223048E-02
        26  5.691031E-03
        27  2.414785E-02
        28  2.155818E-02
        29  8.073309E-03
        30  9.001904E-03
        31  2.218092E-02
        32  1.969787E-02
        33  6.854452E-03
        34  3.237629E-03
        35  1.893046E-02
        36  2.586226E-02
        37  1.267707E-02
        38  6.994958E-03
        39  1.574842E-02
        40  1.886210E-02
        41  1.307564E-03
        42  1.010252E-04
        43  1.388276E-04
        44  1.775543E-03
        45  2.711119E-04
        46  2.116665E-05
        47  1.646417E-05
        48  2.128821E-04
        49  1.074458E-03
        50  8.769442E-05
        51  1.748881E-05
        52  2.341424E-04
        53  1.467532E-03
        54  1.219232E-04
        55  1.491933E-05
        56  1.871657E-04
        57  2.016367E-03
        58  2.165396E-03
        59  2.882574E-03
        60  1.691213E-03
        61  7.373160E-03
        62  7.416325E-03
        63  5.284048E-03
        64  6.308088E-03
        65  2.232647E-02
        66  2.365516E-02
        67  1.897216E-02
        68  1.675971E-02
        69  2.915477E-02
        70  3.005188E-02
        71  1.209899E-02
        72  1.145886E-02
        73  9.268665E-04
        74  2.016389E-04
        75  1.563213E-04
        76  1.100495E-03
        77  1.191793E-03
        78  3.009683E-04
        79  4.122178E-04
        80  1.668076E-03
        81  6.489488E-04
        82  4.538756E-04
        83  1.107171E-03
        84  2.681574E-03
        85  2.660505E-03
        86  7.307401E-04
        87  2.625229E-04
        88  1.549301E-03
        89  4.732968E-02
        90  9.037941E-03
        91  8.775868E-03
        92  5.447233E-02
        93  6.753299E-02
        94  8.971556E-03
        95  7.806585E-03
        96  4.488905E-02
        97  1.968203E-02
        98  1.123322E-02
        99  1.506367E-02
       100  4.588644E-02
       101  4.183490E-02
       102  1.359249E-02
       103  1.081665E-02
       104  1.729009E-02
       105  8.182296E-02
       106  7.450211E-02
       107  2.780229E-02
       108  7.607371E-02
       109  7.363304E-02
       110  2.265266E-02
       111  8.313891E-02
       112  4.359777E-02
       113  1.204254E-01
       114  7.402452E-02
       115  3.666145E-02
       116  9.412542E-02
       117  8.351388E-02
       118  2.270317E-02
       119  1.149691E-01
       120  3.868267E-02
       121  1.006868E-01
       122  7.297378E-02
       123  2.954197E-02
       124  8.264217E-02
       125  7.748599E-02
       126  2.102383E-02
       127  9.302968E-02
       128  5.597214E-02
       129  9.776893E-02
       130  7.026791E-02
       131  2.823424E-02
       132  7.902171E-02
       133  7.342365E-02
       134  1.954028E-02
       135  8.990448E-02
       136  4.959483E-02
       137  5.663344E-02
       138  8.333653E-02
       139  2.193740E-02
       140  8.443786E-02
       141  7.996205E-02
       142  1.926670E-02
       143  1.059720E-01
       144  6.046206E-02
       145  4.809227E-02
       146  8.311885E-02
       147  2.024515E-02
       148  8.063142E-02
       149  7.838727E-02
       150  2.023859E-02
       151  9.901185E-02
       152  6.337505E-02
       153  4.194891E-02
       154  7.861120E-02
       155  2.243509E-02
       156  7.986883E-02
       157  7.624281E-02
       158  2.101331E-02
       159  1.001170E-01
       160  4.997245E-02
       161  5.237245E-02
       162  9.720421E-02
       163  2.890661E-02
       164  9.869360E-02
       165  9.504628E-02
       166  2.776137E-02
       167  1.210551E-01
       168  6.207920E-02
       169  4.086509E-02
       170  3.483030E-02
       171  3.775314E-02
       172  4.475353E-02
       173  4.621437E-02
       174  3.668914E-02
       175  4.417364E-02
       176  4.347419E-02
       177  4.747453E-02
       178  3.678782E-02
       179  4.030842E-02
       180  5.549990E-02
       181  4.471499E-02
       182  3.260404E-02
       183  3.797117E-02
       184  4.731112E-02
       185  4.938931E-02
       186  3.517882E-02
       187  3.089584E-02
       188  4.048989E-02
       189  5.165059E-02
       190  3.553007E-02
       191  3.180171E-02
       192  4.133610E-02
       193  4.254340E-02
       194  3.416503E-02
       195  3.025919E-02
       196  3.558485E-02
       197  4.726945E-02
       198  4.336387E-02
       199  3.741854E-02
       200  4.377882E-02
       201  1.004160E-02
       202  1.658322E-02
       203  1.332005E-02
       204  1.174564E-02
       205  2.956402E-02
       206  2.608229E-02
       207  2.354798E-02
       208  3.032332E-02
       209  7.829277E-02
       210  9.176642E-02
       211  2.978442E-02
       212  8.364188E-02
       213  8.283742E-02
       214  2.612931E-02
       215  1.008308E-01
       216  4.954588E-02
       217  8.647087E-02
       218  9.972437E-02
       219  2.983418E-02
       220  8.442241E-02
       221  8.785274E-02
       222  2.742593E-02
       223  8.646633E-02
       224  3.004146E-02
       225  8.929217E-02
       226  8.725772E-02
       227  2.382789E-02
       228  7.708186E-02
       229  7.997916E-02
       230  2.315443E-02
       231  7.738199E-02
       232  4.962428E-02
       233  9.179304E-02
       234  9.149789E-02
       235  2.824430E-02
       236  8.384137E-02
       237  8.294789E-02
       238  2.328738E-02
       239  9.853046E-02
       240  5.204662E-02
       241  4.199187E-02
       242  9.630740E-02
       243  2.166609E-02
       244  8.630771E-02
       245  8.332099E-02
       246  2.028936E-02
       247  1.205905E-01
       248  6.692906E-02
       249  4.293212E-02
       250  9.140801E-02
       251  2.042332E-02
       252  8.114907E-02
       253  8.072852E-02
       254  2.110879E-02
       255  1.052171E-01
       256  6.485764E-02
       257  3.167436E-02
       258  8.736388E-02
       259  2.102867E-02
       260  7.826320E-02
       261  7.647893E-02
       262  2.082656E-02
       263  1.035169E-01
       264  5.133319E-02
       265  3.857048E-02
       266  1.080469E-01
       267  2.622226E-02
       268  9.516151E-02
       269  9.528218E-02
       270  2.857925E-02
       271  1.221144E-01
       272  6.255578E-02
       273  1.032950E-01
       274  1.439840E-01
       275  2.556815E-02
       276  9.000351E-02
       277  1.136677E-01
       278  4.541761E-02
       279  6.009160E-02
       280  3.948766E-02
       281  7.575993E-02
       282  9.425377E-02
       283  3.031410E-02
       284  8.743643E-02
       285  9.588979E-02
       286  3.825014E-02
       287  8.342545E-02
       288  4.467116E-02
       289  8.537957E-02
       290  8.987010E-02
       291  2.347868E-02
       292  7.880909E-02
       293  8.775473E-02
       294  3.396011E-02
       295  7.619479E-02
       296  5.797109E-02
       297  1.140262E-01
       298  1.352649E-01
       299  2.701295E-02
       300  9.390731E-02
       301  1.150769E-01
       302  4.421681E-02
       303  6.423423E-02
       304  4.282512E-02
       305  4.377959E-02
       306  1.055267E-01
       307  1.882270E-02
       308  7.884832E-02
       309  9.078507E-02
       310  3.209546E-02
       311  5.767962E-02
       312  6.163503E-02
       313  5.943161E-02
       314  1.249661E-01
       315  2.379967E-02
       316  1.031815E-01
       317  1.175518E-01
       318  4.165643E-02
       319  7.759105E-02
       320  8.832423E-02
       321  4.803650E-02
       322  1.414355E-01
       323  2.636310E-02
       324  1.050542E-01
       325  1.193488E-01
       326  4.192130E-02
       327  8.142758E-02
       328  7.623499E-02
       329  3.354161E-02
       330  1.119517E-01
       331  2.071483E-02
       332  8.025241E-02
       333  9.514831E-02
       334  3.770156E-02
       335  5.344904E-02
       336  5.106902E-02

 total internal energy for set ALL and time  0.1000000E+01

        1.570279E+01
