
                        S T E P       1


                                INCREMENT     1


 displacements (vx,vy,vz) for set NALL and time  0.1000000E+01

         1 -3.308722E-25  0.000000E+00 -1.654361E-25
         2  0.000000E+00  3.308722E-25  3.308722E-25
         3  0.000000E+00 -6.617445E-25  8.768114E-23
         4  0.000000E+00  0.000000E+00  1.737079E-22
         5  3.221084E-04 -4.454083E-06 -3.877632E-04
         6  3.224544E-04  4.948657E-06  3.819693E-04
         7 -3.379994E-04  1.220254E-07 -3.879685E-04
         8 -3.385380E-04  1.150022E-06  3.821677E-04
         9  5.779933E-04 -8.810733E-06 -8.075337E-04
        10  5.785198E-04  1.185423E-05  8.086988E-04
        11 -6.763141E-04  7.459859E-06 -8.074633E-04
        12 -6.764319E-04 -2.562207E-06  8.088784E-04
        13  1.093469E-03 -1.883645E-05 -1.628434E-03
        14  1.094119E-03  1.534826E-05  1.649089E-03
        15 -1.147938E-03  2.432366E-05 -1.626439E-03
        16 -1.149604E-03 -1.387036E-05  1.649832E-03
        17  2.835840E-03 -1.708711E-05 -3.715889E-03
        18  2.834707E-03  3.625494E-05  3.729275E-03
        19 -2.843226E-03  4.896484E-05 -3.709407E-03
        20 -2.845220E-03 -1.601888E-05  3.726281E-03
        21  5.000000E-03  0.000000E+00 -6.000000E-03
        22  5.000000E-03  0.000000E+00  6.000000E-03
        23 -5.000000E-03  4.404571E-21 -6.000000E-03
        24 -5.000000E-03 -5.929231E-22  6.000000E-03
        25  1.515835E-04 -9.711382E-06 -2.031430E-04
        26  1.466655E-04 -4.588785E-06  1.717201E-04
        27 -1.378329E-04 -4.385968E-06 -2.022124E-04
        28 -1.577793E-04 -4.474696E-06  1.804393E-04
        29  6.154388E-04 -1.399077E-05 -5.535444E-04
        30  4.737699E-04  4.070338E-06  5.505502E-04
        31 -4.710993E-04 -3.541980E-06 -5.450234E-04
        32 -5.438760E-04 -6.918534E-06  5.279533E-04
        33  8.757161E-04 -3.165824E-05 -1.307967E-03
        34  5.870157E-04  3.326039E-06  1.319054E-03
        35 -7.213388E-04  2.575878E-06 -1.176421E-03
        36 -1.068029E-03 -1.769229E-05  1.292207E-03
        37  2.377302E-03 -5.780458E-05 -2.614070E-03
        38  1.810719E-03 -2.243199E-06  2.361608E-03
        39 -1.782547E-03  3.820300E-06 -2.327280E-03
        40 -2.367902E-03 -4.094382E-05  2.635571E-03
        41  4.050016E-03 -4.133275E-05 -4.850925E-03
        42  2.630951E-03 -1.831514E-05  5.301624E-03
        43 -2.694947E-03 -1.229313E-05 -5.522003E-03
        44 -3.787439E-03 -3.963223E-05  4.947339E-03
        45 -7.421514E-07 -1.023149E-09 -5.142337E-07
        46 -9.480663E-07 -2.610898E-10 -6.564887E-07
        47  9.243414E-08 -1.515210E-08  1.042517E-07
        48 -5.297847E-08 -1.574638E-08 -5.262516E-08
        49  3.221299E-04 -5.060454E-07  4.413403E-05
        50 -3.388631E-04  3.667601E-06 -1.248982E-05
        51 -3.937475E-05 -2.888034E-06 -3.875429E-04
        52  7.986812E-06  1.364752E-06  3.822836E-04
        53  5.790303E-04  1.013106E-05 -4.536934E-04
        54  5.789046E-04  4.826580E-06 -5.787153E-06
        55  5.790799E-04 -2.207075E-06  4.451165E-04
        56 -6.766349E-04  8.862260E-06 -4.523938E-04
        57 -6.764511E-04  2.310134E-06  1.959566E-05
        58 -6.766242E-04 -4.105786E-06  4.823144E-04
        59  2.923085E-04 -1.319934E-06 -8.076728E-04
        60 -5.649225E-05 -2.675932E-06 -8.077202E-04
        61 -4.018239E-04 -3.206751E-06 -8.076784E-04
        62  2.823551E-04  3.091191E-07  8.081969E-04
        63 -7.671576E-05  6.829870E-06  8.083063E-04
        64 -4.215891E-04  1.279938E-05  8.081480E-04
        65  1.095814E-03  7.324785E-08  1.659177E-05
        66 -1.148614E-03  3.156921E-05 -5.053796E-06
        67 -4.193198E-05 -2.675164E-05 -1.627302E-03
        68 -2.637597E-05  1.050617E-05  1.648299E-03
        69  2.836443E-03 -1.168016E-05 -2.824477E-03
        70  2.836472E-03 -9.757532E-06 -1.906860E-03
        71  2.836533E-03 -9.775338E-06 -9.700853E-04
        72  2.836562E-03 -9.951440E-06 -2.185994E-05
        73  2.836590E-03 -8.082958E-06  9.301214E-04
        74  2.836444E-03 -1.636124E-06  1.878012E-03
        75  2.836008E-03  1.219326E-05  2.813673E-03
        76 -2.843417E-03  4.747870E-05 -2.781910E-03
        77 -2.843380E-03  4.666985E-05 -1.842933E-03
        78 -2.843395E-03  4.477056E-05 -8.972372E-04
        79 -2.843397E-03  4.026120E-05  4.963380E-05
        80 -2.843529E-03  3.218393E-05  9.917245E-04
        81 -2.843864E-03  2.011306E-05  1.922751E-03
        82 -2.844650E-03  3.913492E-06  2.836226E-03
        83  2.115907E-03 -2.292618E-05 -3.715362E-03
        84  1.414398E-03 -3.815790E-05 -3.714849E-03
        85  7.239621E-04 -5.622158E-05 -3.714369E-03
        86  3.657973E-05 -7.019589E-05 -3.714257E-03
        87 -6.557620E-04 -7.330693E-05 -3.714290E-03
        88 -1.361160E-03 -5.885535E-05 -3.713938E-03
        89 -2.087844E-03 -2.007203E-05 -3.712390E-03
        90  2.096692E-03 -1.069173E-05  3.726965E-03
        91  1.378128E-03 -3.441880E-05  3.726138E-03
        92  6.734964E-04 -4.058403E-05  3.726007E-03
        93 -2.319908E-05 -3.531408E-05  3.726104E-03
        94 -7.177374E-04 -2.451418E-05  3.726041E-03
        95 -1.415812E-03 -1.397311E-05  3.725833E-03
        96 -2.123187E-03 -9.379455E-06  3.725611E-03
        97  5.005161E-03  4.023652E-06  6.702609E-06
        98 -4.998930E-03  2.672015E-06 -3.129968E-05
        99 -7.217672E-05  5.212623E-05 -5.998381E-03
       100 -4.272743E-05  2.356619E-05  5.998193E-03
       101 -6.815401E-05 -8.465994E-06 -2.042934E-04
       102  2.927428E-05  1.229270E-07 -2.060720E-04
       103 -4.906234E-05  8.451631E-06  1.798632E-04
       104  1.005209E-04 -3.808364E-06  1.734116E-04
       105  1.501858E-04  5.842929E-06  1.269470E-04
       106  1.467306E-04 -3.891931E-06 -1.374836E-04
       107 -1.512214E-04  9.177902E-06  1.206831E-04
       108 -1.399044E-04 -4.245792E-06 -1.415408E-04
       109 -6.482594E-05 -1.827492E-05 -5.437391E-04
       110  4.951468E-05  1.207532E-05 -5.586337E-04
       111 -6.993808E-05  1.999248E-05  5.340753E-04
       112  7.857114E-05 -8.104072E-06  5.460923E-04
       113  5.318632E-04 -1.785622E-05  1.939366E-04
       114  5.412461E-04  1.881728E-05 -1.460420E-04
       115 -5.085738E-04  8.554708E-06  1.454154E-04
       116 -4.970228E-04 -2.512333E-06 -1.582668E-04
       117  3.278202E-04  3.891510E-05 -1.259684E-03
       118  2.808243E-04  1.413073E-04 -1.937783E-03
       119 -1.658207E-04  1.041771E-04 -1.868104E-03
       120 -5.508780E-04 -3.765679E-05 -1.254913E-03
       121 -3.353262E-04 -1.528966E-04 -2.000952E-03
       122  2.313626E-04 -1.322959E-04 -2.013520E-03
       123  2.316902E-04 -5.220707E-05  1.361928E-03
       124 -9.525589E-05 -1.732768E-04  2.141796E-03
       125 -5.075800E-04 -1.277575E-04  2.029726E-03
       126 -5.184667E-04  6.464168E-05  1.390583E-03
       127 -2.552268E-04  1.899336E-04  2.196965E-03
       128  2.829468E-04  1.434187E-04  2.086831E-03
       129  6.489984E-05  1.606030E-04 -4.637576E-04
       130 -9.197376E-05  2.222633E-04  2.245312E-04
       131  6.212731E-04  8.583142E-05  1.058398E-03
       132  6.606293E-05 -1.588018E-04  5.223834E-04
       133 -9.634401E-05 -2.233691E-04 -1.905413E-04
       134  6.242040E-04 -8.687919E-05 -1.072338E-03
       135 -3.496245E-04 -1.094657E-04 -6.098933E-04
       136 -2.568912E-04 -1.566523E-04 -4.628267E-07
       137 -8.398180E-04 -5.063224E-05  9.083431E-04
       138 -3.846920E-04  1.036541E-04  7.102543E-04
       139 -1.769859E-04  1.807297E-04  1.600340E-04
       140 -6.668595E-04  9.452575E-05 -7.859075E-04
       141  9.495331E-04  2.626460E-05 -2.016007E-03
       142  1.243442E-03  2.978778E-04 -3.775261E-03
       143  1.787977E-03  6.963580E-04 -6.143577E-03
       144  1.768568E-03  8.983227E-04 -7.259825E-03
       145  8.898008E-04  7.330059E-04 -6.522924E-03
       146 -5.767235E-04  3.007263E-04 -4.667965E-03
       147 -1.871439E-03  2.302803E-05 -3.568034E-03
       148 -9.480644E-04 -3.168098E-05 -2.100920E-03
       149 -2.783792E-04 -3.078984E-04 -3.887950E-03
       150  7.425772E-04 -7.129471E-04 -6.298780E-03
       151  1.441962E-03 -9.293658E-04 -7.493591E-03
       152  1.622146E-03 -7.866000E-04 -6.867644E-03
       153  1.572294E-03 -3.724314E-04 -5.093632E-03
       154  1.976725E-03 -7.056876E-05 -3.900158E-03
       155  7.955039E-04 -3.648609E-05  2.080314E-03
       156 -1.349547E-05 -3.232228E-04  3.933688E-03
       157 -1.167835E-03 -7.477704E-04  6.451510E-03
       158 -1.930502E-03 -9.814401E-04  7.733302E-03
       159 -2.061535E-03 -8.418356E-04  7.118230E-03
       160 -1.864775E-03 -4.090761E-04  5.260453E-03
       161 -2.102185E-03 -7.835538E-05  3.938991E-03
       162 -8.773263E-04  4.351954E-05  2.125111E-03
       163 -9.724479E-04  3.234794E-04  3.940714E-03
       164 -1.303043E-03  7.198457E-04  6.301157E-03
       165 -1.146712E-03  9.167920E-04  7.394824E-03
       166 -2.746535E-04  7.508664E-04  6.658800E-03
       167  1.035623E-03  3.227466E-04  4.824757E-03
       168  2.084854E-03  3.631737E-05  3.693706E-03
       169  8.773968E-04  5.407840E-05 -1.063528E-03
       170 -9.239687E-04  5.726983E-04 -2.577580E-04
       171 -3.704568E-03  1.327287E-03  7.646646E-04
       172 -4.780688E-03  1.605900E-03  1.581040E-03
       173 -3.143750E-03  1.238716E-03  2.018438E-03
       174  2.319805E-04  5.311167E-04  2.248417E-03
       175  2.507083E-03  8.817445E-05  2.794087E-03
       176  8.919717E-04 -5.336806E-05  1.122589E-03
       177 -7.512699E-04 -5.277690E-04  9.574624E-04
       178 -3.285932E-03 -1.216788E-03  1.077130E-03
       179 -4.297500E-03 -1.479619E-03  7.355286E-04
       180 -2.838922E-03 -1.153811E-03 -3.344998E-04
       181  2.550100E-04 -5.064717E-04 -1.850543E-03
       182  2.425054E-03 -8.443856E-05 -3.015717E-03
       183 -1.013550E-03 -2.412242E-05 -1.296838E-03
       184  6.608505E-04 -5.067632E-04 -1.102097E-03
       185  3.336595E-03 -1.232941E-03 -9.564486E-04
       186  4.399678E-03 -1.508010E-03 -4.744432E-04
       187  2.858007E-03 -1.162441E-03  4.941570E-04
       188 -3.635732E-04 -4.874127E-04  1.782068E-03
       189 -2.527741E-03 -6.581813E-05  2.894605E-03
       190 -9.106320E-04  6.524334E-05  1.233791E-03
       191  8.038393E-04  5.607610E-04  3.700540E-04
       192  3.460453E-03  1.282919E-03 -9.128330E-04
       193  4.518989E-03  1.558098E-03 -1.827065E-03
       194  2.989263E-03  1.216450E-03 -2.099571E-03
       195 -2.365354E-04  5.417818E-04 -2.053145E-03
       196 -2.446965E-03  1.119145E-04 -2.567883E-03
       197  2.335687E-03  4.394293E-05 -4.209513E-03
       198  2.409999E-03  3.622434E-04 -6.261857E-03
       199  2.870530E-03  8.412276E-04 -9.096537E-03
       200  2.737748E-03  1.128241E-03 -1.066001E-02
       201  1.566982E-03  1.016597E-03 -1.018060E-02
       202 -5.074285E-04  5.671752E-04 -8.249083E-03
       203 -2.840898E-03  1.561407E-04 -6.602833E-03
       204 -2.222144E-03 -5.645972E-05 -4.500140E-03
       205 -1.303548E-03 -3.620443E-04 -6.466846E-03
       206 -2.022411E-04 -7.742454E-04 -8.914500E-03
       207  6.040899E-04 -9.929510E-04 -1.011752E-02
       208  1.072018E-03 -8.539410E-04 -9.505834E-03
       209  1.617025E-03 -4.346627E-04 -7.706447E-03
       210  2.986754E-03 -9.000402E-05 -6.330427E-03
       211  2.079263E-03 -6.344396E-05  4.468000E-03
       212  1.011549E-03 -3.794375E-04  6.500686E-03
       213 -2.101269E-04 -8.122153E-04  9.062241E-03
       214 -1.056731E-03 -1.049269E-03  1.035851E-02
       215 -1.453591E-03 -9.141680E-04  9.761797E-03
       216 -1.842417E-03 -4.772481E-04  7.883211E-03
       217 -3.051299E-03 -1.065435E-04  6.391548E-03
       218 -2.229274E-03  5.795463E-05  4.309925E-03
       219 -2.179966E-03  3.797814E-04  6.388615E-03
       220 -2.561189E-03  8.409351E-04  9.124919E-03
       221 -2.426623E-03  1.101263E-03  1.055234E-02
       222 -1.344538E-03  9.699549E-04  9.983103E-03
       223  5.976687E-04  5.208621E-04  8.056030E-03
       224  2.860490E-03  1.286140E-04  6.492647E-03
       225  2.547872E-03  7.606508E-05 -2.610127E-03
       226  6.565719E-04  6.193029E-04 -1.165496E-03
       227 -2.284259E-03  1.416151E-03  6.247983E-04
       228 -3.613059E-03  1.757234E-03  2.252358E-03
       229 -2.226597E-03  1.447083E-03  3.437107E-03
       230  1.121323E-03  7.448551E-04  4.233873E-03
       231  3.920234E-03  1.963877E-04  5.017228E-03
       232  2.440304E-03 -8.815200E-05  2.891391E-03
       233  5.066414E-04 -6.444553E-04  2.329273E-03
       234 -2.400300E-03 -1.433185E-03  1.927916E-03
       235 -3.722074E-03 -1.773530E-03  9.796416E-04
       236 -2.365807E-03 -1.471309E-03 -7.428687E-04
       237  9.763856E-04 -7.713141E-04 -2.930219E-03
       238  3.858022E-03 -2.071361E-04 -4.737787E-03
       239 -2.585550E-03 -3.524938E-05 -3.034647E-03
       240 -6.170130E-04 -6.010801E-04 -2.385725E-03
       241  2.538892E-03 -1.455974E-03 -1.641228E-03
       242  4.033783E-03 -1.839053E-03 -4.801800E-04
       243  2.663829E-03 -1.533209E-03  1.180050E-03
       244 -8.203357E-04 -8.025513E-04  3.114866E-03
       245 -3.795064E-03 -2.194461E-04  4.752076E-03
       246 -2.538117E-03  8.226174E-05  2.743838E-03
       247 -7.352576E-04  6.021717E-04  1.135289E-03
       248  2.087105E-03  1.368023E-03 -1.120807E-03
       249  3.392343E-03  1.704199E-03 -3.073312E-03
       250  2.090985E-03  1.414474E-03 -4.249209E-03
       251 -1.136174E-03  7.390713E-04 -4.755171E-03
       252 -3.869595E-03  2.034692E-04 -5.218324E-03

 forces (fx,fy,fz) for set RIGHT and time  0.1000000E+01

        21  1.037831E+03  1.044988E+03 -1.606065E+03
        22  7.815272E+02 -1.267525E+03  1.151452E+03
        23 -1.107613E+03 -3.237745E+02 -2.557815E+02
        24 -7.323911E+02  7.267157E+02  7.144025E+02

 internal energy (element, energy) for set ALL and time  0.1000000E+01

         1  2.846395E-03
         2  3.880481E-03
         3  2.933237E-03
         4  4.790818E-03
         5  3.579794E-03
         6  4.963934E-03
         7  2.316954E-03
         8  2.040051E-03
         9  1.450550E-03
        10  1.404474E-03
        11  4.291918E-03
        12  6.066557E-04
        13  4.365357E-03
        14  2.661450E-03
        15  1.245194E-03
        16  1.481457E-03
        17  1.105315E-02
        18  1.009726E-02
        19  4.769681E-03
        20  4.366106E-03
        21  5.815103E-03
        22  7.815201E-03
        23  3.715766E-03
        24  6.629949E-03
        25  2.677646E-02
        26  2.393065E-02
        27  1.230916E-02
        28  1.203578E-02
        29  8.379885E-03
        30  1.248666E-02
        31  1.244729E-02
        32  1.968353E-02
        33  4.195266E-02
        34  4.063226E-02
        35  6.977245E-02
        36  5.531185E-02
        37  5.297476E-02
        38  9.396734E-02
        39  3.773461E-02
        40  6.080828E-02
        41  5.897632E-04
        42  7.131060E-04
        43  1.083925E-03
        44  1.034631E-03
        45  4.299459E-04
        46  7.348134E-04
        47  5.358426E-04
        48  6.977797E-04
        49  2.098986E-04
        50  1.416320E-03
        51  1.520280E-03
        52  4.793747E-04
        53  2.535619E-04
        54  1.044522E-03
        55  2.138490E-03
        56  7.808325E-04
        57  5.035398E-03
        58  7.284305E-04
        59  5.977696E-04
        60  4.494406E-03
        61  8.949517E-03
        62  1.052915E-03
        63  1.691400E-03
        64  1.071005E-02
        65  4.220472E-03
        66  5.339373E-04
        67  7.287650E-04
        68  4.906559E-03
        69  3.323492E-03
        70  2.640200E-04
        71  1.058569E-03
        72  5.511052E-03
        73  5.829270E-03
        74  4.422657E-03
        75  3.151657E-03
        76  2.425537E-03
        77  8.756437E-03
        78  4.526614E-03
        79  5.955042E-03
        80  6.649474E-03
        81  2.620676E-03
        82  1.277431E-03
        83  6.059784E-04
        84  2.446438E-04
        85  1.357377E-04
        86  2.838481E-04
        87  7.316449E-04
        88  1.634792E-03
        89  1.017548E-03
        90  4.881598E-04
        91  3.220501E-04
        92  3.485523E-04
        93  5.343199E-04
        94  8.730907E-04
        95  1.483763E-03
        96  2.915655E-03
        97  1.976790E-03
        98  6.545391E-04
        99  1.683140E-04
       100  2.141723E-04
       101  7.461641E-04
       102  1.758266E-03
       103  3.334844E-03
       104  5.246494E-03
       105  6.032321E-03
       106  3.610099E-03
       107  1.677031E-03
       108  5.554758E-04
       109  1.032809E-04
       110  2.997326E-04
       111  1.187994E-03
       112  3.220348E-03
       113  5.324952E-02
       114  5.127486E-02
       115  4.533704E-02
       116  4.259102E-02
       117  1.293664E-02
       118  2.115555E-02
       119  1.398935E-02
       120  1.478982E-02
       121  9.292865E-02
       122  6.107521E-02
       123  6.954445E-02
       124  7.205231E-02
       125  7.405479E-02
       126  7.421519E-02
       127  5.611295E-02
       128  7.662185E-02
       129  1.062053E-01
       130  6.423408E-02
       131  9.239696E-02
       132  6.904140E-02
       133  6.350164E-02
       134  1.156122E-01
       135  5.997827E-02
       136  1.047336E-01
       137  8.175381E-02
       138  6.007263E-02
       139  8.681115E-02
       140  6.814328E-02
       141  8.376033E-02
       142  8.036327E-02
       143  7.015500E-02
       144  8.133895E-02
       145  9.013284E-02
       146  8.379635E-02
       147  1.073894E-01
       148  7.407807E-02
       149  7.110860E-02
       150  1.042210E-01
       151  7.699994E-02
       152  1.089629E-01
       153  7.510842E-02
       154  6.262696E-02
       155  6.953978E-02
       156  7.868370E-02
       157  8.047339E-02
       158  5.896517E-02
       159  7.294955E-02
       160  5.505808E-02
       161  8.009181E-02
       162  5.425370E-02
       163  6.142266E-02
       164  7.908014E-02
       165  8.565823E-02
       166  5.719435E-02
       167  6.532422E-02
       168  7.854550E-02
       169  8.294240E-02
       170  6.122638E-02
       171  5.741115E-02
       172  7.751769E-02
       173  9.641508E-02
       174  6.647871E-02
       175  6.548484E-02
       176  8.707972E-02
       177  8.680713E-02
       178  7.320584E-02
       179  6.729831E-02
       180  7.985504E-02
       181  8.071977E-02
       182  7.433530E-02
       183  6.544013E-02
       184  7.464171E-02
       185  1.196259E-01
       186  1.460501E-01
       187  4.610128E-02
       188  1.285612E-01
       189  1.268605E-01
       190  4.023258E-02
       191  1.609129E-01
       192  7.970822E-02
       193  1.220566E-01
       194  1.524261E-01
       195  4.748969E-02
       196  1.332485E-01
       197  1.361327E-01
       198  4.177604E-02
       199  1.458627E-01
       200  4.919456E-02
       201  1.341607E-01
       202  1.479885E-01
       203  3.737383E-02
       204  1.221213E-01
       205  1.278928E-01
       206  3.724736E-02
       207  1.267119E-01
       208  8.057293E-02
       209  1.420607E-01
       210  1.416800E-01
       211  4.537365E-02
       212  1.331326E-01
       213  1.298067E-01
       214  3.597903E-02
       215  1.612848E-01
       216  8.535828E-02
       217  7.680160E-02
       218  1.723196E-01
       219  3.720229E-02
       220  1.514352E-01
       221  1.476955E-01
       222  3.657806E-02
       223  2.058217E-01
       224  1.151901E-01
       225  7.799876E-02
       226  1.638399E-01
       227  3.577653E-02
       228  1.433491E-01
       229  1.431591E-01
       230  3.775653E-02
       231  1.841063E-01
       232  1.142424E-01
       233  6.238760E-02
       234  1.683175E-01
       235  3.828200E-02
       236  1.441187E-01
       237  1.417988E-01
       238  3.843581E-02
       239  1.908122E-01
       240  9.565931E-02
       241  6.716003E-02
       242  1.839599E-01
       243  4.556924E-02
       244  1.656270E-01
       245  1.649821E-01
       246  4.933790E-02
       247  2.119981E-01
       248  1.084995E-01
       249  1.406956E-01
       250  1.816225E-01
       251  4.367861E-02
       252  1.393596E-01
       253  1.570610E-01
       254  5.292872E-02
       255  1.241227E-01
       256  7.044104E-02
       257  1.038295E-01
       258  1.250807E-01
       259  4.713302E-02
       260  1.307453E-01
       261  1.355145E-01
       262  4.780695E-02
       263  1.294768E-01
       264  7.589116E-02
       265  1.190806E-01
       266  1.232705E-01
       267  3.652497E-02
       268  1.194176E-01
       269  1.273196E-01
       270  4.375884E-02
       271  1.147342E-01
       272  9.463637E-02
       273  1.634714E-01
       274  1.739870E-01
       275  4.741884E-02
       276  1.478757E-01
       277  1.595351E-01
       278  4.914797E-02
       279  1.445607E-01
       280  8.001216E-02
       281  7.500058E-02
       282  1.754913E-01
       283  3.397763E-02
       284  1.427642E-01
       285  1.528909E-01
       286  4.559174E-02
       287  1.358705E-01
       288  1.260124E-01
       289  8.858566E-02
       290  1.852196E-01
       291  3.756743E-02
       292  1.584113E-01
       293  1.723248E-01
       294  5.488419E-02
       295  1.435935E-01
       296  1.523936E-01
       297  7.257355E-02
       298  2.083710E-01
       299  4.164691E-02
       300  1.623297E-01
       301  1.772806E-01
       302  5.749910E-02
       303  1.458112E-01
       304  1.287725E-01
       305  6.306538E-02
       306  1.906777E-01
       307  4.109119E-02
       308  1.559121E-01
       309  1.688143E-01
       310  5.641119E-02
       311  1.430987E-01
       312  1.178663E-01

 total internal energy for set ALL and time  0.1000000E+01

        2.033151E+01
