
                        S T E P       1


                                INCREMENT     1


 displacements (vx,vy,vz) for set NALL and time  0.1000000E+01

         1 -3.308722E-25  4.135903E-26  3.308722E-25
         2  0.000000E+00  0.000000E+00 -8.271806E-26
         3  3.308722E-25  0.000000E+00  2.531173E-23
         4  0.000000E+00 -1.757759E-25  2.986122E-23
         5  9.697754E-05 -1.828657E-06 -1.290645E-04
         6  9.706027E-05  8.027538E-06  1.157595E-04
         7 -1.082470E-04  8.450521E-06 -1.285852E-04
         8 -1.083959E-04  3.470603E-06  1.152621E-04
         9  2.395436E-04 -1.377729E-05 -5.219430E-04
        10  2.395214E-04  2.410519E-05  4.563788E-04
        11 -2.614482E-04  2.889595E-05 -5.225682E-04
        12 -2.617289E-04 -5.383622E-06  4.564663E-04
        13  1.812130E-03 -8.503917E-06 -2.225127E-03
        14  1.812724E-03  3.606366E-05  2.162124E-03
        15 -1.812645E-03  3.824778E-05 -2.225279E-03
        16 -1.812925E-03 -7.989692E-06  2.162670E-03
        17  3.196016E-03 -1.104867E-05 -3.836001E-03
        18  3.197067E-03  5.127080E-05  3.816708E-03
        19 -3.178490E-03  5.035103E-05 -3.836392E-03
        20 -3.178997E-03 -1.007078E-05  3.817155E-03
        21  5.000000E-03  0.000000E+00 -6.000000E-03
        22  5.000000E-03 -1.694066E-22  6.000000E-03
        23 -5.000000E-03  0.000000E+00 -6.000000E-03
        24 -5.000000E-03  2.541099E-21  6.000000E-03
        25  3.253086E-03 -1.905937E-05 -4.169291E-03
        26  3.322285E-03 -3.039013E-05 -5.007714E-03
        27  4.036850E-03 -7.390491E-06 -5.884603E-03
        28  2.547092E-03  2.903273E-05  4.420165E-03
        29  1.992917E-03  6.229893E-06  5.778953E-03
        30  2.837648E-03  2.314939E-05  6.622539E-03
        31 -2.479592E-03  2.856312E-05 -4.435108E-03
        32 -1.828559E-03  5.931383E-06 -5.730264E-03
        33 -2.639256E-03  2.303061E-05 -6.577793E-03
        34 -3.228791E-03 -1.884008E-05  4.158597E-03
        35 -3.267951E-03 -3.065087E-05  4.984011E-03
        36 -3.969755E-03 -9.198128E-06  5.829545E-03
        37  1.065067E-07 -5.203013E-08  1.612781E-08
        38  7.319254E-08 -1.105810E-07  3.637076E-08
        39  7.912615E-08 -1.329498E-07  4.413428E-08
        40  7.514937E-08 -1.302616E-07  4.353115E-08
        41  7.551615E-08 -9.452675E-08  3.190782E-08
        42  6.629516E-08 -3.487753E-08  1.228142E-08
        43  8.601818E-08  3.042092E-09  2.259250E-10
        44  9.942596E-08  9.411061E-08 -2.918739E-08
        45  6.011357E-08  2.466927E-07 -7.987279E-08
        46  6.063244E-08  3.555198E-07 -1.161060E-07
        47  5.369670E-08  3.903956E-07 -1.284348E-07
        48  4.985247E-08  3.266253E-07 -1.080618E-07
        49  3.952891E-08  1.907925E-07 -6.347401E-08
        50  3.816854E-08  5.392985E-08 -1.826812E-08
        51 -4.614757E-08  1.171299E-07  7.450215E-08
        52 -1.406049E-07  3.456113E-07  2.754672E-08
        53 -2.207265E-07  5.397459E-07  1.585768E-08
        54 -2.525010E-07  6.154396E-07  7.156171E-10
        55 -2.197130E-07  5.352078E-07 -1.442140E-08
        56 -1.391783E-07  3.398490E-07 -2.628761E-08
        57 -4.567109E-08  1.144007E-07 -7.258207E-08
        58 -2.563569E-08  6.491792E-08 -6.129456E-08
        59 -7.621131E-08  1.864355E-07 -3.044074E-08
        60 -1.183704E-07  2.884039E-07 -2.581490E-08
        61 -1.349644E-07  3.287150E-07 -1.720348E-08
        62 -1.170426E-07  2.857123E-07 -9.636768E-09
        63 -7.326541E-08  1.795543E-07 -1.676814E-09
        64 -2.344090E-08  5.864789E-08  1.728617E-08
        65  2.399141E-04  5.635128E-06 -1.309811E-05
        66 -2.609591E-04  1.104492E-05 -5.087423E-05
        67 -2.618213E-05  7.338842E-06 -5.229256E-04
        68  5.056952E-06  9.332123E-06  4.561808E-04
        69  1.814718E-03  1.360016E-05  7.583715E-06
        70 -1.810242E-03  1.513138E-05  1.261112E-05
        71 -3.322105E-05  1.450035E-05 -2.224716E-03
        72 -3.663585E-05  1.419696E-05  2.163171E-03
        73  4.995090E-03 -1.429645E-04 -3.017257E-03
        74  4.997234E-03  1.634057E-05 -5.744755E-05
        75  4.994432E-03  1.733823E-04  2.929660E-03
        76 -5.009215E-03  2.133607E-04 -3.104670E-03
        77 -5.004805E-03  4.003180E-05 -5.213012E-05
        78 -5.007490E-03 -1.389149E-04  3.022237E-03
        79  2.470374E-03 -1.028395E-05 -5.997228E-03
        80 -9.721002E-05  7.479742E-05 -5.997624E-03
        81 -2.620254E-03  1.327873E-04 -5.994760E-03
        82  2.413692E-03  1.330590E-04  6.003095E-03
        83 -9.391386E-05  8.138403E-05  6.000907E-03
        84 -2.558911E-03  3.294396E-08  6.000541E-03
        85  6.935504E-06  7.964928E-06 -7.080732E-05
        86  2.243659E-05  2.103048E-05 -1.577672E-04
        87 -1.553440E-05  1.390216E-05 -1.389670E-04
        88  1.131502E-05 -8.980380E-06 -8.834248E-05
        89 -3.022448E-05 -2.191293E-05 -1.810843E-04
        90 -2.327367E-05 -9.526045E-06 -1.449220E-04
        91 -9.386282E-06 -1.087036E-05  9.926734E-05
        92  3.008303E-06 -2.747036E-05  2.123142E-04
        93 -1.280409E-05 -1.160353E-05  1.593329E-04
        94  3.534655E-06  7.060776E-06  6.306625E-05
        95  5.585489E-06  1.761932E-05  1.351922E-04
        96  3.272252E-05  1.130521E-05  1.191588E-04
        97 -1.259718E-04  4.017500E-05  1.132565E-05
        98 -1.768249E-04  5.748034E-05  1.563465E-05
        99 -9.644586E-06  2.465972E-05  4.722031E-05
       100 -9.261763E-05 -2.976426E-05  9.308719E-06
       101 -1.294973E-04 -4.273498E-05  2.099391E-05
       102  4.033371E-06 -1.655665E-05 -2.648313E-05
       103  7.782349E-05 -2.513745E-05 -2.216332E-05
       104  1.051817E-04 -3.513160E-05 -4.005865E-05
       105 -1.787635E-05 -1.103132E-05  9.892837E-06
       106  1.248722E-04  4.030457E-05  7.139686E-06
       107  1.801910E-04  5.927663E-05  7.177188E-06
       108  1.046612E-05  2.661600E-05 -3.975611E-05
       109  2.749707E-04  3.738324E-05 -9.342642E-04
       110  7.379554E-04  2.642528E-04 -2.402388E-03
       111  1.462948E-03  5.846012E-04 -4.306311E-03
       112  1.738579E-03  7.405691E-04 -5.170215E-03
       113  1.269403E-03  5.975598E-04 -4.529611E-03
       114  2.132609E-04  2.405002E-04 -2.996541E-03
       115 -8.739082E-04  1.449833E-05 -2.100602E-03
       116 -2.054586E-04 -1.908512E-05 -9.358456E-04
       117  1.591163E-04 -2.527862E-04 -2.451881E-03
       118  7.113632E-04 -5.820519E-04 -4.418440E-03
       119  9.298247E-04 -7.313988E-04 -5.255948E-03
       120  7.270357E-04 -5.638357E-04 -4.506726E-03
       121  4.638186E-04 -1.832758E-04 -2.876288E-03
       122  8.559882E-04  3.469939E-05 -2.026027E-03
       123  1.372643E-04 -3.232793E-05  9.054988E-04
       124 -3.223448E-04 -2.755487E-04  2.479230E-03
       125 -9.871463E-04 -6.132762E-04  4.486229E-03
       126 -1.292886E-03 -7.740564E-04  5.377842E-03
       127 -1.105793E-03 -6.168824E-04  4.671841E-03
       128 -7.659804E-04 -2.328336E-04  3.022074E-03
       129 -1.005067E-03  1.276060E-05  2.046905E-03
       130 -2.449568E-04  4.729751E-05  8.885910E-04
       131 -6.158916E-04  2.809040E-04  2.403420E-03
       132 -1.245590E-03  6.036985E-04  4.328190E-03
       133 -1.458693E-03  7.533658E-04  5.164445E-03
       134 -9.949409E-04  5.981242E-04  4.470827E-03
       135 -1.653129E-05  2.317174E-04  2.900793E-03
       136  9.512461E-04  6.306282E-06  2.013867E-03
       137  5.161863E-05  4.900875E-05 -4.422531E-04
       138 -1.490880E-03  4.923247E-04 -1.369913E-04
       139 -3.929753E-03  1.153576E-03  3.983415E-04
       140 -4.999523E-03  1.428714E-03  8.247630E-04
       141 -3.797101E-03  1.159768E-03  1.002486E-03
       142 -1.029526E-03  5.794823E-04  1.067947E-03
       143  1.091883E-03  1.654844E-04  1.438968E-03
       144  5.357749E-05 -3.814676E-05  3.977657E-04
       145 -1.376076E-03 -4.502237E-04  6.671656E-04
       146 -3.624324E-03 -1.060794E-03  1.198564E-03
       147 -4.625155E-03 -1.319149E-03  1.311157E-03
       148 -3.524580E-03 -1.074056E-03  7.229296E-04
       149 -9.424657E-04 -5.336266E-04 -3.893444E-04
       150  1.086504E-03 -1.382328E-04 -1.424868E-03
       151 -9.593491E-05 -2.675445E-05 -5.358059E-04
       152  1.366393E-03 -4.474674E-04 -7.011384E-04
       153  3.707446E-03 -1.082219E-03 -9.491425E-04
       154  4.735738E-03 -1.346779E-03 -9.125913E-04
       155  3.575437E-03 -1.087261E-03 -4.149876E-04
       156  9.064953E-04 -5.278276E-04  4.602949E-04
       157 -1.125448E-03 -1.308692E-04  1.364259E-03
       158 -9.386148E-05  5.145582E-05  4.355754E-04
       159  1.351498E-03  4.688213E-04  1.957820E-05
       160  3.666798E-03  1.097676E-03 -7.939274E-04
       161  4.696232E-03  1.363633E-03 -1.347016E-03
       162  3.553066E-03  1.109115E-03 -1.400887E-03
       163  8.963593E-04  5.533969E-04 -1.204369E-03
       164 -1.127887E-03  1.588820E-04 -1.460300E-03
       165  1.825311E-03  7.475704E-05 -2.827827E-03
       166  1.935578E-03  2.826261E-04 -4.165550E-03
       167  1.970398E-03  5.503230E-04 -5.751927E-03
       168  1.510886E-03  6.825730E-04 -6.480097E-03
       169  4.508391E-04  5.754532E-04 -6.000343E-03
       170 -9.666739E-04  2.900349E-04 -4.772989E-03
       171 -2.203803E-03  8.359662E-05 -3.947770E-03
       172 -1.769425E-03 -4.031940E-05 -2.811582E-03
       173 -1.265762E-03 -2.497438E-04 -4.162216E-03
       174 -3.361727E-04 -5.243144E-04 -5.795785E-03
       175  5.135205E-04 -6.566821E-04 -6.530127E-03
       176  1.093996E-03 -5.397684E-04 -6.009401E-03
       177  1.536728E-03 -2.432602E-04 -4.737092E-03
       178  2.237378E-03 -3.726227E-05 -3.922539E-03
       179  1.742029E-03 -5.098291E-05  2.792161E-03
       180  1.178489E-03 -2.729316E-04  4.221245E-03
       181  1.830618E-04 -5.613882E-04  5.930013E-03
       182 -7.038016E-04 -7.060244E-04  6.725500E-03
       183 -1.266031E-03 -5.936102E-04  6.222524E-03
       184 -1.639763E-03 -2.860339E-04  4.899617E-03
       185 -2.262184E-03 -5.446941E-05  3.971900E-03
       186 -1.836440E-03  8.289336E-05  2.816802E-03
       187 -1.906780E-03  2.997218E-04  4.213388E-03
       188 -1.861877E-03  5.666274E-04  5.798586E-03
       189 -1.332132E-03  6.915227E-04  6.491043E-03
       190 -2.534098E-04  5.767929E-04  5.977806E-03
       191  1.121195E-03  2.888598E-04  4.741593E-03
       192  2.277759E-03  8.339452E-05  3.923761E-03
       193  1.953798E-03 -4.027990E-05 -1.815959E-03
       194  5.381462E-04  3.682049E-04 -1.043441E-03
       195 -1.983251E-03  1.052372E-03  1.265654E-04
       196 -3.131268E-03  1.347837E-03  1.221238E-03
       197 -1.916787E-03  1.076889E-03  1.985626E-03
       198  8.855434E-04  4.900807E-04  2.473581E-03
       199  2.847533E-03  1.084411E-04  3.050636E-03
       200  1.946946E-03  6.557920E-05  1.811599E-03
       201  6.230594E-04 -3.178027E-04  1.690308E-03
       202 -1.725678E-03 -9.562798E-04  1.690665E-03
       203 -2.807024E-03 -1.235713E-03  1.170778E-03
       204 -1.677623E-03 -9.849362E-04 -6.740131E-05
       205  9.654467E-04 -4.326014E-04 -1.720220E-03
       206  2.845110E-03 -6.772324E-05 -3.012318E-03
       207 -1.968703E-03  7.480513E-05 -1.941255E-03
       208 -6.225916E-04 -3.141664E-04 -1.704200E-03
       209  1.811250E-03 -9.745958E-04 -1.408153E-03
       210  2.917492E-03 -1.259437E-03 -7.481266E-04
       211  1.732007E-03 -9.949400E-04  3.694661E-04
       212 -9.870467E-04 -4.256697E-04  1.757492E-03
       213 -2.863818E-03 -6.057781E-05  2.937377E-03
       214 -1.973201E-03 -4.526833E-05  1.936252E-03
       215 -6.478101E-04  3.396069E-04  1.116732E-03
       216  1.776819E-03  9.986556E-04 -3.516466E-04
       217  2.911102E-03  1.291756E-03 -1.618232E-03
       218  1.763602E-03  1.037179E-03 -2.293407E-03
       219 -9.449531E-04  4.714306E-04 -2.535764E-03
       220 -2.845090E-03  1.025265E-04 -3.011297E-03
       221  2.640477E-03  4.664818E-05 -4.294097E-03
       222  2.656778E-03  3.373804E-04 -6.165518E-03
       223  3.097948E-03  7.899322E-04 -8.837119E-03
       224  3.037393E-03  1.089890E-03 -1.045991E-02
       225  2.003036E-03  1.040310E-03 -1.026852E-02
       226  1.261550E-05  6.635644E-04 -8.649862E-03
       227 -2.471809E-03  2.477285E-04 -6.973754E-03
       228 -2.535190E-03 -9.796527E-07 -4.273982E-03
       229 -1.648291E-03 -2.733281E-04 -6.029069E-03
       230 -6.198466E-04 -6.842956E-04 -8.467615E-03
       231  1.280619E-04 -9.327633E-04 -9.824742E-03
       232  5.921470E-04 -8.445912E-04 -9.453768E-03
       233  1.212006E-03 -4.720772E-04 -7.858515E-03
       234  2.745412E-03 -1.318138E-04 -6.498364E-03
       235  2.505644E-03 -1.024163E-05  4.304766E-03
       236  1.513318E-03 -2.943460E-04  6.134057E-03
       237  3.537723E-04 -7.124262E-04  8.607583E-03
       238 -4.897317E-04 -9.618607E-04  9.965935E-03
       239 -9.610345E-04 -8.658896E-04  9.553370E-03
       240 -1.489806E-03 -4.769378E-04  7.883321E-03
       241 -2.868862E-03 -1.259335E-04  6.471180E-03
       242 -2.558848E-03  4.978396E-05  4.296415E-03
       243 -2.485806E-03  3.424785E-04  6.183558E-03
       244 -2.871259E-03  7.902617E-04  8.831981E-03
       245 -2.812497E-03  1.083023E-03  1.042066E-02
       246 -1.847971E-03  1.030205E-03  1.021741E-02
       247  4.169484E-05  6.574395E-04  8.619198E-03
       248  2.475564E-03  2.451678E-04  6.961604E-03
       249  2.965419E-03  6.300667E-05 -2.670536E-03
       250  1.472157E-03  4.911912E-04 -1.164793E-03
       251 -8.915903E-04  1.131074E-03  7.045062E-04
       252 -2.077786E-03  1.434092E-03  2.472075E-03
       253 -1.182584E-03  1.234662E-03  3.838540E-03
       254  1.330204E-03  7.074820E-04  4.755990E-03
       255  3.706793E-03  2.406298E-04  5.413064E-03
       256  2.934491E-03 -3.313309E-05  2.673886E-03
       257  1.313046E-03 -4.993287E-04  1.802264E-03
       258 -1.238565E-03 -1.191104E-03  1.149917E-03
       259 -2.530633E-03 -1.522201E-03  1.268998E-04
       260 -1.576095E-03 -1.310705E-03 -1.463366E-03
       261  1.145316E-03 -7.408330E-04 -3.378689E-03
       262  3.709769E-03 -2.379813E-04 -4.939167E-03
       263 -2.944813E-03 -2.497428E-05 -2.760711E-03
       264 -1.288260E-03 -5.006869E-04 -1.781635E-03
       265  1.382390E-03 -1.223730E-03 -8.455065E-04
       266  2.719169E-03 -1.565417E-03  3.258474E-04
       267  1.696649E-03 -1.337699E-03  1.823453E-03
       268 -1.138629E-03 -7.430633E-04  3.493963E-03
       269 -3.728096E-03 -2.346749E-04  4.907716E-03
       270 -2.985186E-03  5.282743E-05  2.703563E-03
       271 -1.572777E-03  4.595402E-04  1.043725E-03
       272  7.555197E-04  1.090504E-03 -1.200849E-03
       273  1.999271E-03  1.408667E-03 -3.225177E-03
       274  1.225971E-03  1.237981E-03 -4.579736E-03
       275 -1.183930E-03  7.335491E-04 -5.251730E-03
       276 -3.566388E-03  2.655429E-04 -5.615941E-03

 forces (fx,fy,fz) for set RIGHT and time  0.1000000E+01

        21  1.054774E+03  1.476501E+03 -2.309453E+03
        22  3.626122E+02 -5.394356E+02  2.375103E+03
        23 -1.434896E+03 -7.962450E+01  6.676865E+02
        24  5.654315E+00  1.207021E+03 -7.432710E+02

 internal energy (element, energy) for set ALL and time  0.1000000E+01

         1  2.082586E-02
         2  2.201133E-02
         3  2.142747E-02
         4  1.980556E-02
         5  1.207548E-02
         6  1.409195E-02
         7  1.985913E-02
         8  1.246289E-02
         9  2.031486E-02
        10  2.062230E-02
        11  1.614361E-02
        12  1.115877E-02
        13  1.231717E-02
        14  2.150540E-02
        15  1.899530E-02
        16  1.575011E-02
        17  1.010362E-02
        18  7.328377E-03
        19  2.951859E-02
        20  2.839095E-02
        21  1.405789E-02
        22  1.111497E-02
        23  2.533698E-02
        24  2.297807E-02
        25  1.197433E-02
        26  5.225191E-03
        27  2.346836E-02
        28  3.038715E-02
        29  7.967124E-03
        30  8.355592E-03
        31  2.027833E-02
        32  2.587398E-02
        33  7.912642E-05
        34  5.774994E-06
        35  3.894249E-07
        36  4.121886E-08
        37  1.631092E-08
        38  2.572363E-07
        39  3.303788E-06
        40  4.693087E-05
        41  7.551521E-05
        42  5.701850E-06
        43  3.537370E-07
        44  7.821865E-08
        45  2.487526E-08
        46  7.094261E-08
        47  4.158716E-07
        48  6.636989E-06
        49  6.563243E-05
        50  5.696348E-06
        51  3.742412E-07
        52  3.207754E-07
        53  3.168609E-07
        54  3.614840E-07
        55  5.470958E-06
        56  6.273296E-05
        57  3.887244E-05
        58  3.174392E-06
        59  1.889938E-07
        60  1.064281E-07
        61  7.861378E-08
        62  6.042375E-08
        63  5.631929E-07
        64  5.427109E-06
        65  6.496500E-02
        66  7.028166E-02
        67  4.194409E-02
        68  4.379121E-02
        69  4.590047E-03
        70  6.597219E-03
        71  5.318242E-03
        72  3.633886E-03
        73  5.051001E-04
        74  3.505074E-04
        75  5.127810E-04
        76  7.924562E-04
        77  2.303075E-02
        78  2.573837E-02
        79  2.584845E-02
        80  2.279600E-02
        81  2.153111E-02
        82  2.615602E-02
        83  2.934382E-02
        84  2.289272E-02
        85  7.103501E-04
        86  8.307994E-04
        87  4.705014E-03
        88  4.192868E-03
        89  5.008329E-02
        90  9.937010E-03
        91  9.440405E-03
        92  5.694744E-02
        93  7.649499E-02
        94  1.023227E-02
        95  8.610595E-03
        96  4.868617E-02
        97  2.379238E-02
        98  1.234049E-02
        99  1.650659E-02
       100  5.188397E-02
       101  4.698575E-02
       102  1.463010E-02
       103  1.160409E-02
       104  1.988882E-02
       105  1.659247E-03
       106  1.225488E-03
       107  1.258375E-03
       108  1.802997E-03
       109  3.804935E-03
       110  2.019130E-03
       111  2.510726E-03
       112  2.845581E-03
       113  3.345057E-03
       114  2.229817E-03
       115  2.557127E-03
       116  3.830642E-03
       117  1.228289E-03
       118  8.960323E-04
       119  9.773690E-04
       120  1.216515E-03
       121  3.803055E-03
       122  2.698499E-03
       123  2.166606E-03
       124  2.815894E-03
       125  2.315721E-03
       126  1.738474E-03
       127  1.451193E-03
       128  1.930119E-03
       129  1.976219E-03
       130  1.575926E-03
       131  1.401303E-03
       132  1.562170E-03
       133  4.540647E-03
       134  3.476443E-03
       135  3.122268E-03
       136  3.735375E-03
       137  7.363955E-02
       138  9.580160E-02
       139  8.852502E-02
       140  7.508457E-02
       141  9.817396E-02
       142  8.969931E-02
       143  8.171731E-02
       144  1.095306E-01
       145  7.834312E-02
       146  8.805989E-02
       147  3.157081E-02
       148  8.592244E-02
       149  8.327015E-02
       150  2.737759E-02
       151  1.101518E-01
       152  5.470108E-02
       153  9.934718E-02
       154  1.086544E-01
       155  4.220944E-02
       156  1.088422E-01
       157  1.024127E-01
       158  3.239235E-02
       159  1.545770E-01
       160  4.673060E-02
       161  9.693363E-02
       162  9.153405E-02
       163  3.028777E-02
       164  9.155745E-02
       165  8.815072E-02
       166  2.514405E-02
       167  1.191616E-01
       168  6.589134E-02
       169  9.756818E-02
       170  9.400358E-02
       171  3.380236E-02
       172  9.520421E-02
       173  8.975000E-02
       174  2.529377E-02
       175  1.271882E-01
       176  6.850360E-02
       177  5.135694E-02
       178  1.245735E-01
       179  2.410113E-02
       180  1.023217E-01
       181  1.068391E-01
       182  2.932059E-02
       183  1.109661E-01
       184  6.978151E-02
       185  5.432349E-02
       186  1.214871E-01
       187  2.397621E-02
       188  1.000491E-01
       189  1.061287E-01
       190  3.042359E-02
       191  1.043067E-01
       192  7.527487E-02
       193  4.139653E-02
       194  1.182451E-01
       195  2.490426E-02
       196  9.810892E-02
       197  1.022361E-01
       198  3.026435E-02
       199  1.051887E-01
       200  5.815585E-02
       201  4.728892E-02
       202  1.359541E-01
       203  3.012592E-02
       204  1.130390E-01
       205  1.191525E-01
       206  3.814569E-02
       207  1.207818E-01
       208  6.737811E-02
       209  4.277549E-02
       210  4.532210E-02
       211  2.004550E-02
       212  5.385928E-02
       213  5.197181E-02
       214  1.616821E-02
       215  5.548470E-02
       216  2.645619E-02
       217  4.887277E-02
       218  5.804294E-02
       219  2.587465E-02
       220  6.572755E-02
       221  6.258985E-02
       222  1.838126E-02
       223  7.363517E-02
       224  2.443277E-02
       225  5.222045E-02
       226  5.162013E-02
       227  2.027154E-02
       228  5.902373E-02
       229  5.741752E-02
       230  1.563785E-02
       231  5.890383E-02
       232  3.903050E-02
       233  5.200165E-02
       234  4.439550E-02
       235  2.123076E-02
       236  5.771858E-02
       237  5.379706E-02
       238  1.446328E-02
       239  6.085431E-02
       240  3.315828E-02
       241  6.465137E-02
       242  1.640628E-01
       243  2.805444E-02
       244  1.122191E-01
       245  1.162271E-01
       246  2.999091E-02
       247  1.426522E-01
       248  8.497785E-02
       249  7.393166E-02
       250  1.650928E-01
       251  2.873911E-02
       252  1.130045E-01
       253  1.189305E-01
       254  3.286845E-02
       255  1.420030E-01
       256  8.966338E-02
       257  5.498533E-02
       258  1.584777E-01
       259  2.954108E-02
       260  1.096786E-01
       261  1.133118E-01
       262  3.174102E-02
       263  1.384431E-01
       264  7.295508E-02
       265  5.882195E-02
       266  1.848321E-01
       267  3.560067E-02
       268  1.263165E-01
       269  1.326695E-01
       270  4.012594E-02
       271  1.554328E-01
       272  8.892368E-02
       273  1.082464E-01
       274  1.519906E-01
       275  2.898355E-02
       276  1.022535E-01
       277  1.270888E-01
       278  4.997901E-02
       279  6.849500E-02
       280  4.479280E-02
       281  1.171664E-01
       282  1.488390E-01
       283  3.828198E-02
       284  1.134468E-01
       285  1.295177E-01
       286  5.197216E-02
       287  1.056836E-01
       288  5.911402E-02
       289  1.219415E-01
       290  1.290246E-01
       291  2.936597E-02
       292  1.017892E-01
       293  1.158863E-01
       294  4.398865E-02
       295  9.470012E-02
       296  7.504307E-02
       297  1.319734E-01
       298  1.584962E-01
       299  3.099223E-02
       300  1.094442E-01
       301  1.344674E-01
       302  5.131578E-02
       303  7.432829E-02
       304  5.024772E-02
       305  4.516542E-02
       306  1.100685E-01
       307  2.009196E-02
       308  8.087386E-02
       309  9.302650E-02
       310  3.315624E-02
       311  5.957241E-02
       312  6.368537E-02
       313  6.481584E-02
       314  1.415639E-01
       315  2.426066E-02
       316  1.074274E-01
       317  1.251633E-01
       318  4.535453E-02
       319  8.041692E-02
       320  9.360403E-02
       321  4.752076E-02
       322  1.412952E-01
       323  2.649889E-02
       324  1.077027E-01
       325  1.225376E-01
       326  4.339507E-02
       327  8.298329E-02
       328  7.745297E-02
       329  3.699956E-02
       330  1.255941E-01
       331  2.265338E-02
       332  8.779220E-02
       333  1.052106E-01
       334  4.217797E-02
       335  5.730807E-02
       336  5.554031E-02

 total internal energy for set ALL and time  0.1000000E+01

        1.693736E+01
