
                        S T E P       1


                                INCREMENT     1


 displacements (vx,vy,vz) for set NALL and time  0.1000000E+01

         1  0.000000E+00  0.000000E+00 -3.308722E-25
         2 -6.617445E-25 -6.617445E-25  1.323489E-24
         3  0.000000E+00  6.617445E-25  1.323489E-22
         4  6.617445E-25  0.000000E+00  2.560951E-22
         5  4.448568E-04 -8.971948E-06 -5.820355E-04
         6  4.452029E-04  1.097928E-05  5.661253E-04
         7 -4.337265E-04  8.328875E-06 -5.824205E-04
         8 -4.344685E-04 -3.983296E-06  5.666060E-04
         9  7.923755E-04 -1.448724E-05 -1.261168E-03
        10  7.926803E-04  2.061049E-05  1.249176E-03
        11 -8.508365E-04  1.996785E-05 -1.261404E-03
        12 -8.513544E-04 -1.156018E-05  1.248854E-03
        13  1.049973E-03 -5.589238E-06 -1.991469E-03
        14  1.050436E-03  2.106818E-05  1.926398E-03
        15 -1.155070E-03  3.033462E-05 -1.991834E-03
        16 -1.156130E-03 -9.679639E-06  1.926696E-03
        17  3.807054E-03  2.710270E-06 -4.719437E-03
        18  3.805716E-03  2.586024E-05  4.683834E-03
        19 -3.844765E-03  2.412983E-05 -4.717612E-03
        20 -3.844402E-03 -8.091788E-07  4.682970E-03
        21  5.000000E-03  0.000000E+00 -6.000000E-03
        22  5.000000E-03  8.470329E-23  6.000000E-03
        23 -5.000000E-03  5.759824E-21 -6.000000E-03
        24 -5.000000E-03 -2.879912E-21  6.000000E-03
        25  1.987962E-04 -1.532022E-05 -3.113004E-04
        26  1.932372E-04 -5.156956E-06  2.648730E-04
        27 -1.853760E-04 -2.440487E-06 -3.065383E-04
        28 -2.004207E-04 -9.261290E-06  2.740927E-04
        29  7.591861E-04 -2.285206E-05 -9.348844E-04
        30  5.567514E-04  9.258380E-06  8.955384E-04
        31 -4.785934E-04  1.377450E-06 -9.169623E-04
        32 -6.193675E-04 -1.664277E-05  8.930166E-04
        33  1.035771E-03 -2.269643E-05 -1.416911E-03
        34  7.047073E-04  1.157027E-05  1.485823E-03
        35 -1.013353E-03  1.401122E-05 -1.413331E-03
        36 -1.328256E-03 -2.118006E-05  1.485188E-03
        37  3.108603E-03 -5.194831E-05 -3.425052E-03
        38  2.440565E-03 -1.664342E-05  3.188476E-03
        39 -2.317041E-03 -1.710423E-05 -3.325717E-03
        40 -3.103455E-03 -4.060453E-05  3.288068E-03
        41  4.421187E-03 -1.518755E-05 -5.671113E-03
        42  2.815423E-03 -9.599409E-06  5.919358E-03
        43 -2.905002E-03 -1.058650E-05 -5.922232E-03
        44 -4.240534E-03 -1.700725E-05  5.657379E-03
        45 -1.185619E-06 -3.801712E-10 -8.210038E-07
        46 -1.418308E-06 -3.039866E-10 -9.820728E-07
        47  9.164706E-08 -2.378853E-08  1.059209E-07
        48 -7.254003E-08 -2.380537E-08 -7.140143E-08
        49  4.447482E-04 -1.418222E-06  6.641944E-05
        50 -4.346782E-04  4.374394E-06 -2.371373E-05
        51 -5.116150E-05 -2.361451E-06 -5.820787E-04
        52  2.410800E-05  2.042360E-06  5.665963E-04
        53  7.932392E-04  9.934973E-06 -3.038004E-05
        54 -8.498775E-04  3.911595E-06  2.020406E-05
        55 -1.300185E-05 -1.759699E-06 -1.261820E-03
        56 -5.161225E-05  3.093004E-06  1.248654E-03
        57  1.049955E-03 -6.929095E-06 -1.042254E-03
        58  1.050345E-03  1.397056E-05 -2.318456E-05
        59  1.050075E-03  3.138750E-05  9.910707E-04
        60 -1.154842E-03  1.625378E-05 -1.057795E-03
        61 -1.154982E-03  1.679366E-05 -4.123329E-05
        62 -1.155342E-03  1.104344E-05  9.809598E-04
        63  4.189438E-04  2.623905E-05 -1.992931E-03
        64 -5.891165E-05  7.219150E-06 -1.992759E-03
        65 -5.324635E-04 -9.743463E-06 -1.993201E-03
        66  4.290855E-04 -4.066809E-06  1.925319E-03
        67 -4.634916E-05  6.031736E-06  1.925582E-03
        68 -5.257263E-04  1.557878E-05  1.925386E-03
        69  3.809325E-03  3.985217E-05 -2.406311E-03
        70  3.808328E-03 -1.196784E-05 -2.852287E-05
        71  3.809384E-03 -5.260595E-05  2.355210E-03
        72 -3.842996E-03 -3.600665E-05 -2.354092E-03
        73 -3.843605E-03  5.502845E-06  9.092589E-06
        74 -3.843139E-03  4.854980E-05  2.359381E-03
        75  1.918133E-03  1.447780E-05 -4.719384E-03
        76  2.495970E-05 -1.265398E-05 -4.719075E-03
        77 -1.890370E-03 -2.635131E-05 -4.719171E-03
        78  1.905867E-03 -2.466890E-05  4.681379E-03
        79 -5.735199E-06 -8.295200E-06  4.681961E-03
        80 -1.924180E-03  1.823027E-05  4.681396E-03
        81  5.004734E-03  9.388635E-06 -3.352839E-05
        82 -4.999200E-03  9.840487E-06 -4.145548E-05
        83 -5.412596E-05  2.822909E-05 -5.999142E-03
        84 -5.079326E-05  2.980663E-05  5.997642E-03
        85 -8.431445E-05 -7.883532E-06 -3.095822E-04
        86  3.589506E-06 -2.152491E-06 -3.162893E-04
        87 -4.315337E-05  8.644225E-06  2.732953E-04
        88  1.203093E-04 -1.501039E-06  2.673117E-04
        89  2.000749E-04  1.308960E-05  1.948717E-04
        90  1.904474E-04 -1.083114E-05 -2.075638E-04
        91 -1.947998E-04  1.061401E-05  1.871943E-04
        92 -1.872215E-04 -4.534168E-06 -2.197244E-04
        93  6.787094E-05 -9.442891E-06 -9.153245E-04
        94  2.088596E-05  2.106389E-06 -9.475933E-04
        95  7.963446E-05  9.441346E-06  8.971734E-04
        96  5.371744E-06 -3.677748E-07  8.919700E-04
        97  6.431903E-04 -3.066278E-07  3.992551E-04
        98  6.556488E-04  4.526893E-06 -3.682010E-04
        99 -5.501119E-04 -9.900529E-06  3.189173E-04
       100 -5.361258E-04  2.140347E-05 -3.358803E-04
       101  8.868965E-04  9.175460E-05 -2.755846E-03
       102  1.256967E-03  4.858136E-04 -5.300474E-03
       103  1.893036E-03  1.038239E-03 -8.579551E-03
       104  1.774921E-03  1.318012E-03 -1.012230E-02
       105  5.638696E-04  1.094007E-03 -9.122103E-03
       106 -1.328116E-03  4.930532E-04 -6.540081E-03
       107 -2.849191E-03  6.764366E-05 -4.843982E-03
       108 -7.524400E-04 -6.159861E-05 -2.743103E-03
       109  2.530500E-04 -4.479010E-04 -5.241065E-03
       110  1.679140E-03 -9.921300E-04 -8.482548E-03
       111  2.600690E-03 -1.264414E-03 -9.992728E-03
       112  2.748313E-03 -1.039780E-03 -8.996924E-03
       113  2.522459E-03 -4.522564E-04 -6.478295E-03
       114  2.869352E-03 -4.501254E-05 -4.870025E-03
       115  6.872856E-04 -7.675404E-05  2.689646E-03
       116 -3.791854E-04 -4.798294E-04  5.292194E-03
       117 -1.923055E-03 -1.045433E-03  8.646757E-03
       118 -2.938426E-03 -1.339021E-03  1.026190E-02
       119 -3.089031E-03 -1.124655E-03  9.307409E-03
       120 -2.767314E-03 -5.215598E-04  6.715954E-03
       121 -2.982501E-03 -7.378396E-05  4.925940E-03
       122 -8.135247E-04  8.334320E-05  2.674219E-03
       123 -9.385344E-04  4.750715E-04  5.209243E-03
       124 -1.337931E-03  1.018313E-03  8.442815E-03
       125 -1.081549E-03  1.287677E-03  9.937008E-03
       126  1.008231E-04  1.061619E-03  8.933138E-03
       127  1.798799E-03  4.728112E-04  6.409107E-03
       128  3.039190E-03  6.175011E-05  4.780277E-03
       129  7.328599E-04  1.017610E-04 -1.543299E-03
       130 -1.909529E-03  8.624979E-04 -6.058553E-04
       131 -5.977240E-03  1.966849E-03  8.294917E-04
       132 -7.476002E-03  2.355934E-03  2.052788E-03
       133 -4.936166E-03  1.785715E-03  2.722471E-03
       134  1.433146E-04  7.209515E-04  3.013325E-03
       135  3.468412E-03  7.396993E-05  3.622740E-03
       136  7.508325E-04 -8.146597E-05  1.465647E-03
       137 -1.736728E-03 -7.998892E-04  1.535022E-03
       138 -5.573284E-03 -1.843243E-03  1.992454E-03
       139 -7.042883E-03 -2.226080E-03  1.681490E-03
       140 -4.714173E-03 -1.705450E-03  1.949861E-04
       141  8.173873E-05 -7.020047E-04 -2.020917E-03
       142  3.341115E-03 -6.870287E-05 -3.720317E-03
       143 -7.847687E-04 -9.112493E-05 -1.712966E-03
       144  1.784307E-03 -8.310621E-04 -1.637886E-03
       145  5.712074E-03 -1.897307E-03 -1.625583E-03
       146  7.151178E-03 -2.271010E-03 -1.091878E-03
       147  4.686702E-03 -1.717600E-03  1.920157E-04
       148 -2.347469E-04 -6.860305E-04  1.978761E-03
       149 -3.461643E-03 -5.756507E-05  3.530818E-03
       150 -7.903424E-04  1.112544E-04  1.550071E-03
       151  1.707482E-03  8.334099E-04  4.031376E-04
       152  5.535033E-03  1.874468E-03 -1.502111E-03
       153  6.953446E-03  2.244833E-03 -2.906458E-03
       154  4.544166E-03  1.705852E-03 -3.313334E-03
       155 -3.050559E-04  6.915179E-04 -3.116120E-03
       156 -3.489700E-03  7.272899E-05 -3.537245E-03
       157  2.206251E-03  1.197417E-04 -5.679620E-03
       158  1.381785E-03  4.111869E-04 -7.453699E-03
       159 -8.575434E-04  3.569438E-04 -7.353828E-03
       160 -2.036785E-03 -1.026853E-04 -5.737647E-03
       161 -9.207077E-04 -3.299824E-04 -7.136941E-03
       162  1.190194E-03 -2.654057E-04 -6.975365E-03
       163  1.860786E-03 -1.240754E-04  5.831616E-03
       164  6.775578E-04 -3.622150E-04  7.288615E-03
       165 -1.300876E-03 -2.725375E-04  7.000700E-03
       166 -2.122885E-03  1.275301E-04  5.723825E-03
       167 -1.362645E-03  4.083244E-04  7.441130E-03
       168  7.741839E-04  3.405729E-04  7.287035E-03
       169  2.793963E-03  3.244081E-04 -2.142360E-03
       170  2.032592E-03  5.522609E-04  9.969295E-04
       171  3.282935E-03  3.045487E-04  3.988104E-03
       172  2.494806E-03 -3.830387E-04  2.386721E-03
       173  1.754385E-03 -6.078545E-04 -6.187567E-04
       174  3.257971E-03 -3.066600E-04 -3.763556E-03
       175 -2.713623E-03 -3.326227E-04 -2.408973E-03
       176 -1.945441E-03 -5.651549E-04  5.477198E-04
       177 -3.247955E-03 -3.084667E-04  3.672040E-03
       178 -2.885797E-03  3.040390E-04  2.217204E-03
       179 -2.189773E-03  5.168941E-04 -1.027116E-03
       180 -3.313480E-03  2.960748E-04 -4.125670E-03

 forces (fx,fy,fz) for set RIGHT and time  0.1000000E+01

        21  1.561943E+03 -5.517704E+01 -1.636392E+03
        22  1.214661E+03  4.133504E+02  1.652208E+03
        23 -1.619900E+03  9.633199E+02 -8.808187E+02
        24 -1.136924E+03 -3.707860E+02  8.534022E+02

 internal energy (element, energy) for set ALL and time  0.1000000E+01

         1  6.607020E-03
         2  8.140931E-03
         3  6.776614E-03
         4  1.317678E-02
         5  1.032267E-02
         6  1.157616E-02
         7  5.273156E-03
         8  5.468013E-03
         9  1.134390E-03
        10  8.366141E-04
        11  1.245133E-02
        12  1.450696E-03
        13  1.003162E-02
        14  5.544797E-03
        15  1.354290E-03
        16  2.215497E-03
        17  3.285078E-03
        18  1.485317E-03
        19  1.308143E-03
        20  1.918420E-03
        21  1.341055E-03
        22  1.848564E-03
        23  1.481286E-03
        24  2.968934E-03
        25  3.756832E-02
        26  3.969038E-02
        27  1.816123E-02
        28  2.431415E-02
        29  2.304161E-02
        30  2.595154E-02
        31  3.395993E-02
        32  2.234378E-02
        33  3.976737E-02
        34  4.531343E-02
        35  6.208321E-02
        36  7.854838E-02
        37  5.230853E-02
        38  1.046051E-01
        39  3.373540E-02
        40  5.513131E-02
        41  1.613304E-03
        42  1.700146E-03
        43  2.416255E-03
        44  2.324762E-03
        45  1.169179E-03
        46  1.654679E-03
        47  1.241422E-03
        48  1.573852E-03
        49  9.509350E-04
        50  3.051164E-03
        51  3.480799E-03
        52  1.116694E-03
        53  3.217683E-03
        54  1.662476E-03
        55  2.640135E-03
        56  4.108981E-04
        57  3.508358E-02
        58  2.959887E-02
        59  2.775981E-02
        60  3.409226E-02
        61  4.880142E-03
        62  3.115179E-03
        63  3.268596E-03
        64  5.959391E-03
        65  4.563886E-03
        66  7.435565E-04
        67  1.065385E-03
        68  5.386751E-03
        69  5.037282E-03
        70  9.597875E-04
        71  8.764057E-04
        72  4.688562E-03
        73  1.712165E-02
        74  2.541395E-03
        75  2.060774E-03
        76  1.690179E-02
        77  2.302624E-02
        78  2.879467E-03
        79  3.555761E-03
        80  2.433804E-02
        81  6.068728E-03
        82  9.381645E-04
        83  1.207781E-03
        84  7.618949E-03
        85  7.066618E-03
        86  1.262768E-03
        87  1.565694E-03
        88  8.098234E-03
        89  3.878819E-03
        90  1.075827E-03
        91  1.784180E-03
        92  5.387596E-03
        93  6.221148E-03
        94  1.752424E-03
        95  1.488663E-03
        96  5.506821E-03
        97  5.434445E-02
        98  4.939054E-02
        99  4.362812E-02
       100  3.862774E-02
       101  1.825443E-02
       102  2.839808E-02
       103  2.662932E-02
       104  2.621454E-02
       105  1.828612E-01
       106  1.192981E-01
       107  1.500717E-01
       108  1.577959E-01
       109  1.486391E-01
       110  1.463401E-01
       111  1.122204E-01
       112  1.593844E-01
       113  2.246805E-01
       114  1.286618E-01
       115  1.921782E-01
       116  1.339451E-01
       117  1.183699E-01
       118  2.194734E-01
       119  1.158735E-01
       120  2.093174E-01
       121  1.687885E-01
       122  1.368845E-01
       123  1.601037E-01
       124  1.578031E-01
       125  1.527116E-01
       126  1.813932E-01
       127  1.359133E-01
       128  1.849268E-01
       129  1.805775E-01
       130  1.306287E-01
       131  2.069152E-01
       132  1.259189E-01
       133  1.285829E-01
       134  2.067924E-01
       135  1.425989E-01
       136  2.045047E-01
       137  2.833758E-01
       138  3.864772E-01
       139  3.160702E-01
       140  3.187602E-01
       141  3.107412E-01
       142  2.961530E-01
       143  2.827125E-01
       144  3.487911E-01
       145  2.185944E-01
       146  2.447734E-01
       147  8.542126E-02
       148  2.384399E-01
       149  2.369142E-01
       150  7.510355E-02
       151  2.636001E-01
       152  1.305982E-01
       153  2.337035E-01
       154  2.660284E-01
       155  9.488828E-02
       156  2.573024E-01
       157  2.537772E-01
       158  7.611288E-02
       159  2.976993E-01
       160  9.750969E-02
       161  2.446738E-01
       162  2.413914E-01
       163  7.213237E-02
       164  2.274908E-01
       165  2.295918E-01
       166  6.439584E-02
       167  2.420211E-01
       168  1.513827E-01
       169  2.610395E-01
       170  2.495625E-01
       171  8.425828E-02
       172  2.461674E-01
       173  2.409673E-01
       174  6.692903E-02
       175  2.818135E-01
       176  1.501450E-01
       177  1.623817E-01
       178  3.768515E-01
       179  8.654449E-02
       180  3.390567E-01
       181  3.245691E-01
       182  7.733923E-02
       183  4.802213E-01
       184  2.652694E-01
       185  1.775676E-01
       186  3.827465E-01
       187  8.649522E-02
       188  3.421559E-01
       189  3.367003E-01
       190  8.673517E-02
       191  4.623568E-01
       192  2.814079E-01
       193  1.307888E-01
       194  3.487255E-01
       195  8.812049E-02
       196  3.269555E-01
       197  3.134735E-01
       198  8.258985E-02
       199  4.494607E-01
       200  2.224814E-01
       201  1.418955E-01
       202  3.926584E-01
       203  1.040493E-01
       204  3.665654E-01
       205  3.547824E-01
       206  1.000635E-01
       207  4.988146E-01
       208  2.580191E-01
       209  1.975199E-01
       210  1.530089E-01
       211  1.968578E-01
       212  1.271962E-01
       213  1.627889E-01
       214  1.242190E-01
       215  1.761418E-01
       216  1.254519E-01
       217  1.654482E-01
       218  1.140791E-01
       219  1.601833E-01
       220  1.509292E-01
       221  2.164741E-01
       222  1.533139E-01
       223  2.014352E-01
       224  1.393249E-01
       225  1.849831E-01
       226  1.412681E-01
       227  1.257936E-01
       228  1.718836E-01
       229  2.133215E-01
       230  1.547305E-01
       231  1.510595E-01
       232  1.993681E-01
       233  1.990947E-01
       234  1.615471E-01
       235  1.582938E-01
       236  1.780924E-01
       237  1.602430E-01
       238  1.567234E-01
       239  1.321251E-01
       240  1.589647E-01

 total internal energy for set ALL and time  0.1000000E+01

        2.890203E+01
