
                        S T E P       1


                                INCREMENT     1


 displacements (vx,vy,vz) for set TIP_TOP and time  0.1000000E+01

      1751 -2.682350E-02 -2.779984E-03 -3.709666E+00
      1752 -2.566351E-02 -2.751377E-03 -3.703138E+00
      1755 -2.459055E-02 -2.647019E-03 -3.696750E+00
      1758 -2.358896E-02 -2.136158E-03 -3.690996E+00
      1760 -2.288812E-02 -8.489596E-04 -3.687394E+00
      1762 -2.283907E-02 -1.092141E-10 -3.687188E+00
      1764 -2.288812E-02  8.489594E-04 -3.687394E+00
      1767 -2.358896E-02  2.136158E-03 -3.690996E+00
      1770 -2.459055E-02  2.647019E-03 -3.696750E+00
      1773 -2.566351E-02  2.751377E-03 -3.703138E+00
      1776 -2.682350E-02  2.779984E-03 -3.709666E+00

 forces (fx,fy,fz) for set CLAMP and time  0.1000000E+01

         1  8.082399E+03  7.655876E+03  4.469466E+03
         4  1.482898E+04 -6.383948E-08  8.936069E+03
         5  9.850168E+03  1.183828E+04 -1.327304E+02
         8  1.746331E+04 -1.175055E-07 -2.122777E+02
         9  6.879925E+03  7.954784E+03 -4.801788E+01
        12  1.213151E+04 -9.451242E-08 -4.798718E+01
        13  4.403936E+03  4.769652E+03 -2.003302E+02
        16  7.795642E+03 -6.930687E-08 -3.410002E+02
        17  2.020206E+03  1.718543E+03 -3.473269E+02
        20  3.677590E+03 -4.023014E-08 -6.838964E+02
        21  1.907168E+03 -4.612294E+02 -2.526262E+03
        24  4.322479E+01 -4.240529E-09 -1.002782E+03
        26  8.082399E+03 -7.655876E+03  4.469466E+03
        28  9.850168E+03 -1.183828E+04 -1.327304E+02
        30  6.879925E+03 -7.954784E+03 -4.801788E+01
        32  4.403936E+03 -4.769652E+03 -2.003302E+02
        34  2.020206E+03 -1.718543E+03 -3.473269E+02
        36  1.907168E+03  4.612294E+02 -2.526262E+03
        37  9.442739E+01 -4.750470E+02 -1.921434E+03
        40  1.831030E+03 -1.816883E+01 -3.351827E+03
        41 -2.913828E+03 -2.157102E+03 -2.420376E+03
        44 -3.640948E+03 -8.461659E+02 -4.642787E+03
        45 -4.952527E+03 -1.873666E+03  2.822011E+03
        48 -9.675386E+03 -1.043060E+03  5.935878E+03
        50  2.797330E+03 -1.216495E+02 -3.203745E+03
        52 -3.469411E+03 -8.886212E+02 -4.812738E+03
        54 -1.100041E+04 -9.141524E+02  6.580073E+03
        56  3.463879E+03 -2.726987E+02 -3.523628E+03
        58 -3.977493E+03 -9.247077E+02 -4.930702E+03
        60 -1.263860E+04 -8.028193E+02  7.585459E+03
        62 -3.537067E+03 -5.482198E+02 -3.042023E+03
        64 -9.723978E+03 -3.812174E+02  5.941387E+03
        66 -2.125613E+03 -8.896173E-09 -1.466122E+03
        68 -5.416309E+03 -1.464558E-08  3.357306E+03
        70 -3.537067E+03  5.482198E+02 -3.042023E+03
        72 -9.723978E+03  3.812174E+02  5.941387E+03
        74  3.463879E+03  2.726987E+02 -3.523628E+03
        76 -3.977493E+03  9.247077E+02 -4.930702E+03
        78 -1.263860E+04  8.028193E+02  7.585459E+03
        80  2.797330E+03  1.216495E+02 -3.203745E+03
        82 -3.469411E+03  8.886212E+02 -4.812738E+03
        84 -1.100041E+04  9.141524E+02  6.580073E+03
        86  1.831030E+03  1.816883E+01 -3.351827E+03
        88 -3.640948E+03  8.461659E+02 -4.642787E+03
        90 -9.675386E+03  1.043060E+03  5.935878E+03
        92  9.442740E+01  4.750470E+02 -1.921434E+03
        94 -2.913828E+03  2.157102E+03 -2.420376E+03
        96 -4.952527E+03  1.873666E+03  2.822011E+03

 internal energy (element, energy) for set EALL and time  0.1000000E+01

         1  2.618872E+02
         2  1.301958E+02
         3  5.929098E+01
         4  1.989256E+01
         5  5.211818E+00
         6  2.618872E+02
         7  1.301958E+02
         8  5.929098E+01
         9  1.989256E+01
        10  5.211818E+00
        11  1.103351E+01
        12  3.470944E+01
        13  1.026805E+01
        14  3.493267E+01
        15  1.155228E+01
        16  3.971600E+01
        17  1.431041E+01
        18  4.707868E+01
        19  6.116742E+00
        20  1.878923E+01
        21  6.116742E+00
        22  1.878923E+01
        23  1.431041E+01
        24  4.707868E+01
        25  1.155228E+01
        26  3.971600E+01
        27  1.026805E+01
        28  3.493267E+01
        29  1.103351E+01
        30  3.470944E+01
        31  2.326094E+02
        32  1.408043E+02
        33  6.740171E+01
        34  2.462872E+01
        35  1.088588E+01
        36  2.326094E+02
        37  1.408043E+02
        38  6.740171E+01
        39  2.462872E+01
        40  1.088588E+01
        41  1.017972E+01
        42  2.705676E+01
        43  1.118830E+01
        44  2.873069E+01
        45  1.181333E+01
        46  2.917511E+01
        47  1.442445E+01
        48  3.022815E+01
        49  5.926394E+00
        50  1.103648E+01
        51  5.926394E+00
        52  1.103648E+01
        53  1.442445E+01
        54  3.022815E+01
        55  1.181333E+01
        56  2.917511E+01
        57  1.118830E+01
        58  2.873069E+01
        59  1.017972E+01
        60  2.705676E+01
        61  1.983813E+02
        62  1.151394E+02
        63  5.624910E+01
        64  2.075170E+01
        65  9.816556E+00
        66  1.983813E+02
        67  1.151394E+02
        68  5.624910E+01
        69  2.075170E+01
        70  9.816556E+00
        71  8.932015E+00
        72  2.135477E+01
        73  9.823489E+00
        74  2.227697E+01
        75  1.071231E+01
        76  2.284559E+01
        77  1.230502E+01
        78  2.317232E+01
        79  4.455969E+00
        80  8.219482E+00
        81  4.455969E+00
        82  8.219482E+00
        83  1.230502E+01
        84  2.317232E+01
        85  1.071231E+01
        86  2.284559E+01
        87  9.823489E+00
        88  2.227697E+01
        89  8.932015E+00
        90  2.135477E+01
        91  1.719066E+02
        92  9.793712E+01
        93  4.602792E+01
        94  1.643442E+01
        95  8.264491E+00
        96  1.719066E+02
        97  9.793712E+01
        98  4.602792E+01
        99  1.643442E+01
       100  8.264491E+00
       101  8.821879E+00
       102  1.767772E+01
       103  9.258348E+00
       104  1.792103E+01
       105  9.766971E+00
       106  1.828370E+01
       107  1.075628E+01
       108  1.842929E+01
       109  3.784594E+00
       110  6.460744E+00
       111  3.784594E+00
       112  6.460744E+00
       113  1.075628E+01
       114  1.842929E+01
       115  9.766971E+00
       116  1.828370E+01
       117  9.258348E+00
       118  1.792103E+01
       119  8.821879E+00
       120  1.767772E+01
       121  1.362270E+02
       122  7.693478E+01
       123  3.554569E+01
       124  1.236071E+01
       125  6.666882E+00
       126  1.362270E+02
       127  7.693478E+01
       128  3.554569E+01
       129  1.236071E+01
       130  6.666882E+00
       131  7.823964E+00
       132  1.418141E+01
       133  7.887743E+00
       134  1.411308E+01
       135  7.987852E+00
       136  1.418230E+01
       137  8.536957E+00
       138  1.413315E+01
       139  2.963438E+00
       140  4.926058E+00
       141  2.963438E+00
       142  4.926058E+00
       143  8.536957E+00
       144  1.413315E+01
       145  7.987852E+00
       146  1.418230E+01
       147  7.887743E+00
       148  1.411308E+01
       149  7.823964E+00
       150  1.418141E+01
       151  1.091290E+02
       152  6.120625E+01
       153  2.791669E+01
       154  9.574390E+00
       155  5.617244E+00
       156  1.091290E+02
       157  6.120625E+01
       158  2.791669E+01
       159  9.574390E+00
       160  5.617244E+00
       161  6.798379E+00
       162  1.139773E+01
       163  6.742403E+00
       164  1.126880E+01
       165  6.685854E+00
       166  1.121677E+01
       167  7.013275E+00
       168  1.107546E+01
       169  2.410582E+00
       170  3.838458E+00
       171  2.410582E+00
       172  3.838458E+00
       173  7.013275E+00
       174  1.107546E+01
       175  6.685854E+00
       176  1.121677E+01
       177  6.742403E+00
       178  1.126880E+01
       179  6.798379E+00
       180  1.139773E+01
       181  8.835601E+01
       182  4.921876E+01
       183  2.215315E+01
       184  7.483676E+00
       185  4.785252E+00
       186  8.835601E+01
       187  4.921876E+01
       188  2.215315E+01
       189  7.483676E+00
       190  4.785252E+00
       191  5.801808E+00
       192  9.210522E+00
       193  5.736927E+00
       194  9.110137E+00
       195  5.647623E+00
       196  9.043175E+00
       197  5.851729E+00
       198  8.894721E+00
       199  1.998241E+00
       200  3.076952E+00
       201  1.998241E+00
       202  3.076952E+00
       203  5.851729E+00
       204  8.894721E+00
       205  5.647623E+00
       206  9.043175E+00
       207  5.736927E+00
       208  9.110137E+00
       209  5.801808E+00
       210  9.210522E+00
       211  7.228739E+01
       212  3.997075E+01
       213  1.773534E+01
       214  5.885929E+00
       215  4.089504E+00
       216  7.228739E+01
       217  3.997075E+01
       218  1.773534E+01
       219  5.885929E+00
       220  4.089504E+00
       221  4.928026E+00
       222  7.521269E+00
       223  4.876583E+00
       224  7.458188E+00
       225  4.796097E+00
       226  7.408705E+00
       227  4.940664E+00
       228  7.286036E+00
       229  1.684817E+00
       230  2.525088E+00
       231  1.684817E+00
       232  2.525088E+00
       233  4.940664E+00
       234  7.286036E+00
       235  4.796097E+00
       236  7.408705E+00
       237  4.876583E+00
       238  7.458188E+00
       239  4.928026E+00
       240  7.521269E+00
       241  5.971543E+01
       242  3.277589E+01
       243  1.432983E+01
       244  4.663061E+00
       245  3.508867E+00
       246  5.971543E+01
       247  3.277589E+01
       248  1.432983E+01
       249  4.663061E+00
       250  3.508867E+00
       251  4.188329E+00
       252  6.213606E+00
       253  4.151914E+00
       254  6.177636E+00
       255  4.091332E+00
       256  6.148153E+00
       257  4.208585E+00
       258  6.057318E+00
       259  1.435950E+00
       260  2.107852E+00
       261  1.435950E+00
       262  2.107852E+00
       263  4.208585E+00
       264  6.057318E+00
       265  4.091332E+00
       266  6.148153E+00
       267  4.151914E+00
       268  6.177636E+00
       269  4.188329E+00
       270  6.213606E+00
       271  4.978867E+01
       272  2.713189E+01
       273  1.168916E+01
       274  3.725072E+00
       275  3.023334E+00
       276  4.978867E+01
       277  2.713189E+01
       278  1.168916E+01
       279  3.725072E+00
       280  3.023334E+00
       281  3.571733E+00
       282  5.189219E+00
       283  3.548751E+00
       284  5.170945E+00
       285  3.508408E+00
       286  5.157379E+00
       287  3.612564E+00
       288  5.095102E+00
       289  1.233773E+00
       290  1.782177E+00
       291  1.233773E+00
       292  1.782177E+00
       293  3.612564E+00
       294  5.095102E+00
       295  3.508408E+00
       296  5.157379E+00
       297  3.548751E+00
       298  5.170945E+00
       299  3.571733E+00
       300  5.189219E+00
       301  4.188320E+01
       302  2.266799E+01
       303  9.626744E+00
       304  3.001873E+00
       305  2.616560E+00
       306  4.188320E+01
       307  2.266799E+01
       308  9.626744E+00
       309  3.001873E+00
       310  2.616560E+00
       311  3.060544E+00
       312  4.375417E+00
       313  3.048746E+00
       314  4.369059E+00
       315  3.025563E+00
       316  4.367541E+00
       317  3.122307E+00
       318  4.328586E+00
       319  1.067193E+00
       320  1.522438E+00
       321  1.067193E+00
       322  1.522438E+00
       323  3.122307E+00
       324  4.328586E+00
       325  3.025563E+00
       326  4.367541E+00
       327  3.048746E+00
       328  4.369059E+00
       329  3.060544E+00
       330  4.375417E+00
       331  3.553496E+01
       332  1.910837E+01
       333  8.003487E+00
       334  2.440632E+00
       335  2.274313E+00
       336  3.553496E+01
       337  1.910837E+01
       338  8.003487E+00
       339  2.440632E+00
       340  2.274313E+00
       341  2.637025E+00
       342  3.721030E+00
       343  2.634055E+00
       344  3.723207E+00
       345  2.624297E+00
       346  3.730860E+00
       347  2.715718E+00
       348  3.710280E+00
       349  9.287453E-01
       350  1.312193E+00
       351  9.287453E-01
       352  1.312193E+00
       353  2.715718E+00
       354  3.710280E+00
       355  2.624297E+00
       356  3.730860E+00
       357  2.634055E+00
       358  3.723207E+00
       359  2.637025E+00
       360  3.721030E+00
       361  3.039603E+01
       362  1.624696E+01
       363  6.715906E+00
       364  2.001973E+00
       365  1.984799E+00
       366  3.039603E+01
       367  1.624696E+01
       368  6.715906E+00
       369  2.001973E+00
       370  1.984799E+00
       371  2.285381E+00
       372  3.189854E+00
       373  2.289058E+00
       374  3.198337E+00
       375  2.289320E+00
       376  3.212949E+00
       377  2.376106E+00
       378  3.206517E+00
       379  8.129162E-01
       380  1.140088E+00
       381  8.129162E-01
       382  1.140088E+00
       383  2.376106E+00
       384  3.206517E+00
       385  2.289320E+00
       386  3.212949E+00
       387  2.289058E+00
       388  3.198337E+00
       389  2.285381E+00
       390  3.189854E+00
       391  2.620375E+01
       392  1.392885E+01
       393  5.686794E+00
       394  1.656674E+00
       395  1.738423E+00
       396  2.620375E+01
       397  1.392885E+01
       398  5.686794E+00
       399  1.656674E+00
       400  1.738423E+00
       401  1.992302E+00
       402  2.755506E+00
       403  2.000759E+00
       404  2.768598E+00
       405  2.008237E+00
       406  2.788331E+00
       407  2.090568E+00
       408  2.792528E+00
       409  7.154459E-01
       410  9.978867E-01
       411  7.154459E-01
       412  9.978867E-01
       413  2.090568E+00
       414  2.792528E+00
       415  2.008237E+00
       416  2.788331E+00
       417  2.000759E+00
       418  2.768598E+00
       419  1.992302E+00
       420  2.755506E+00
       421  2.275833E+01
       422  1.203681E+01
       423  4.858267E+00
       424  1.383039E+00
       425  1.527482E+00
       426  2.275833E+01
       427  1.203681E+01
       428  4.858267E+00
       429  1.383039E+00
       430  1.527482E+00
       431  1.746883E+00
       432  2.398135E+00
       433  1.758597E+00
       434  2.414429E+00
       435  1.771087E+00
       436  2.437708E+00
       437  1.848962E+00
       438  2.449632E+00
       439  6.329685E-01
       440  8.794110E-01
       441  6.329685E-01
       442  8.794110E-01
       443  1.848962E+00
       444  2.449632E+00
       445  1.771087E+00
       446  2.437708E+00
       447  1.758597E+00
       448  2.414429E+00
       449  1.746883E+00
       450  2.398135E+00
       451  1.990648E+01
       452  1.048140E+01
       453  4.186642E+00
       454  1.164904E+00
       455  1.345817E+00
       456  1.990648E+01
       457  1.048140E+01
       458  4.186642E+00
       459  1.164904E+00
       460  1.345817E+00
       461  1.540309E+00
       462  2.102419E+00
       463  1.554073E+00
       464  2.120734E+00
       465  1.569868E+00
       466  2.146210E+00
       467  1.643221E+00
       468  2.163496E+00
       469  5.627909E-01
       470  7.799299E-01
       471  5.627909E-01
       472  7.799299E-01
       473  1.643221E+00
       474  2.163496E+00
       475  1.569868E+00
       476  2.146210E+00
       477  1.554073E+00
       478  2.120734E+00
       479  1.540309E+00
       480  2.102419E+00
       481  1.752951E+01
       482  9.193825E+00
       483  3.638698E+00
       484  9.901642E-01
       485  1.188503E+00
       486  1.752951E+01
       487  9.193825E+00
       488  3.638698E+00
       489  9.901642E-01
       490  1.188503E+00
       491  1.365494E+00
       492  1.856324E+00
       493  1.380355E+00
       494  1.875683E+00
       495  1.398135E+00
       496  1.902233E+00
       497  1.466876E+00
       498  1.922982E+00
       499  5.027393E-01
       500  6.957654E-01
       501  5.027393E-01
       502  6.957654E-01
       503  1.466876E+00
       504  1.922982E+00
       505  1.398135E+00
       506  1.902233E+00
       507  1.380355E+00
       508  1.875683E+00
       509  1.365494E+00
       510  1.856324E+00
       511  1.553465E+01
       512  8.120664E+00
       513  3.188949E+00
       514  8.496815E-01
       515  1.051593E+00
       516  1.553465E+01
       517  8.120664E+00
       518  3.188949E+00
       519  8.496815E-01
       520  1.051593E+00
       521  1.216731E+00
       522  1.650278E+00
       523  1.231928E+00
       524  1.669901E+00
       525  1.250663E+00
       526  1.696629E+00
       527  1.314706E+00
       528  1.719343E+00
       529  4.510455E-01
       530  6.240261E-01
       531  4.510455E-01
       532  6.240261E-01
       533  1.314706E+00
       534  1.719343E+00
       535  1.250663E+00
       536  1.696629E+00
       537  1.231928E+00
       538  1.669901E+00
       539  1.216731E+00
       540  1.650278E+00
       541  1.384851E+01
       542  7.220094E+00
       543  2.817676E+00
       544  7.364705E-01
       545  9.319044E-01
       546  1.384851E+01
       547  7.220094E+00
       548  2.817676E+00
       549  7.364705E-01
       550  9.319044E-01
       551  1.089382E+00
       552  1.476580E+00
       553  1.104320E+00
       554  1.495861E+00
       555  1.123200E+00
       556  1.522074E+00
       557  1.182463E+00
       558  1.545598E+00
       559  4.062584E-01
       560  5.624005E-01
       561  4.062584E-01
       562  5.624005E-01
       563  1.182463E+00
       564  1.545598E+00
       565  1.123200E+00
       566  1.522074E+00
       567  1.104320E+00
       568  1.495861E+00
       569  1.089382E+00
       570  1.476580E+00
       571  1.241265E+01
       572  6.459180E+00
       573  2.509507E+00
       574  6.451964E-01
       575  8.267541E-01
       576  1.241265E+01
       577  6.459180E+00
       578  2.509507E+00
       579  6.451964E-01
       580  8.267541E-01
       581  9.796061E-01
       582  1.329032E+00
       583  9.938786E-01
       584  1.347496E+00
       585  1.012342E+00
       586  1.372643E+00
       587  1.066735E+00
       588  1.396039E+00
       589  3.672056E-01
       590  5.089615E-01
       591  3.672056E-01
       592  5.089615E-01
       593  1.066735E+00
       594  1.396039E+00
       595  1.012342E+00
       596  1.372643E+00
       597  9.938786E-01
       598  1.347496E+00
       599  9.796061E-01
       600  1.329032E+00
       601  1.114975E+01
       602  5.794365E+00
       603  2.245660E+00
       604  5.699944E-01
       605  7.317300E-01
       606  1.114975E+01
       607  5.794365E+00
       608  2.245660E+00
       609  5.699944E-01
       610  7.317300E-01
       611  8.811168E-01
       612  1.199985E+00
       613  8.944447E-01
       614  1.217231E+00
       615  9.121092E-01
       616  1.240863E+00
       617  9.617216E-01
       618  1.263443E+00
       619  3.319541E-01
       620  4.612382E-01
       621  3.319541E-01
       622  4.612382E-01
       623  9.617216E-01
       624  1.263443E+00
       625  9.121092E-01
       626  1.240863E+00
       627  8.944447E-01
       628  1.217231E+00
       629  8.811168E-01
       630  1.199985E+00
       631  1.005112E+01
       632  5.220851E+00
       633  2.023081E+00
       634  5.097413E-01
       635  6.478754E-01
       636  1.005112E+01
       637  5.220851E+00
       638  2.023081E+00
       639  5.097413E-01
       640  6.478754E-01
       641  7.941860E-01
       642  1.087948E+00
       643  8.063871E-01
       644  1.103763E+00
       645  8.230223E-01
       646  1.125671E+00
       647  8.680309E-01
       648  1.147003E+00
       649  3.005932E-01
       650  4.190351E-01
       651  3.005932E-01
       652  4.190351E-01
       653  8.680309E-01
       654  1.147003E+00
       655  8.230223E-01
       656  1.125671E+00
       657  8.063871E-01
       658  1.103763E+00
       659  7.941860E-01
       660  1.087948E+00
       661  9.091848E+00
       662  4.724650E+00
       663  1.835332E+00
       664  4.623200E-01
       665  5.743631E-01
       666  9.091848E+00
       667  4.724650E+00
       668  1.835332E+00
       669  4.623200E-01
       670  5.743632E-01
       671  7.172680E-01
       672  9.900810E-01
       673  7.282212E-01
       674  1.004454E+00
       675  7.436769E-01
       676  1.024669E+00
       677  7.843958E-01
       678  1.044605E+00
       679  2.726535E-01
       680  3.817002E-01
       681  2.726535E-01
       682  3.817002E-01
       683  7.843958E-01
       684  1.044605E+00
       685  7.436769E-01
       686  1.024669E+00
       687  7.282212E-01
       688  1.004454E+00
       689  7.172680E-01
       690  9.900810E-01
       691  8.242203E+00
       692  4.289179E+00
       693  1.675148E+00
       694  4.255319E-01
       695  5.099501E-01
       696  8.242203E+00
       697  4.289179E+00
       698  1.675148E+00
       699  4.255319E-01
       700  5.099501E-01
       701  6.481320E-01
       702  9.031754E-01
       703  6.577839E-01
       704  9.162467E-01
       705  6.720216E-01
       706  9.349743E-01
       707  7.089141E-01
       708  9.535661E-01
       709  2.474837E-01
       710  3.483284E-01
       711  2.474837E-01
       712  3.483284E-01
       713  7.089141E-01
       714  9.535661E-01
       715  6.720216E-01
       716  9.349743E-01
       717  6.577839E-01
       718  9.162467E-01
       719  6.481320E-01
       720  9.031754E-01
       721  7.476552E+00
       722  3.900317E+00
       723  1.536457E+00
       724  3.977178E-01
       725  4.538451E-01
       726  7.476552E+00
       727  3.900317E+00
       728  1.536457E+00
       729  3.977178E-01
       730  4.538451E-01
       731  5.848366E-01
       732  8.244221E-01
       733  5.932085E-01
       734  8.364513E-01
       735  6.063063E-01
       736  8.540428E-01
       737  6.399511E-01
       738  8.714896E-01
       739  2.245271E-01
       740  3.180891E-01
       741  2.245271E-01
       742  3.180891E-01
       743  6.399511E-01
       744  8.714896E-01
       745  6.063063E-01
       746  8.540428E-01
       747  5.932085E-01
       748  8.364513E-01
       749  5.848366E-01
       750  8.244221E-01
       751  6.772050E+00
       752  3.545539E+00
       753  1.414018E+00
       754  3.776546E-01
       755  4.056737E-01
       756  6.772050E+00
       757  3.545539E+00
       758  1.414018E+00
       759  3.776546E-01
       760  4.056737E-01
       761  5.256049E-01
       762  7.513819E-01
       763  5.328069E-01
       764  7.627205E-01
       765  5.449745E-01
       766  7.796511E-01
       767  5.760873E-01
       768  7.962782E-01
       769  2.033128E-01
       770  2.902359E-01
       771  2.033128E-01
       772  2.902359E-01
       773  5.760873E-01
       774  7.962782E-01
       775  5.449745E-01
       776  7.796511E-01
       777  5.328069E-01
       778  7.627205E-01
       779  5.256049E-01
       780  7.513819E-01
       781  6.107282E+00
       782  3.213165E+00
       783  1.303136E+00
       784  3.645405E-01
       785  3.655695E-01
       786  6.107282E+00
       787  3.213165E+00
       788  1.303136E+00
       789  3.645405E-01
       790  3.655695E-01
       791  4.686699E-01
       792  6.821115E-01
       793  4.749648E-01
       794  6.931160E-01
       795  4.866221E-01
       796  7.099247E-01
       797  5.161612E-01
       798  7.261494E-01
       799  1.834558E-01
       800  2.641135E-01
       801  1.834558E-01
       802  2.641135E-01
       803  5.161612E-01
       804  7.261494E-01
       805  4.866221E-01
       806  7.099247E-01
       807  4.749648E-01
       808  6.931160E-01
       809  4.686699E-01
       810  6.821115E-01
       811  5.460779E+00
       812  2.891637E+00
       813  1.199444E+00
       814  3.580743E-01
       815  3.343709E-01
       816  5.460779E+00
       817  2.891637E+00
       818  1.199444E+00
       819  3.580743E-01
       820  3.343709E-01
       821  4.122076E-01
       822  6.154786E-01
       823  4.181235E-01
       824  6.262885E-01
       825  4.300389E-01
       826  6.434172E-01
       827  4.594286E-01
       828  6.597027E-01
       829  1.646666E-01
       830  2.391931E-01
       831  1.646666E-01
       832  2.391931E-01
       833  4.594286E-01
       834  6.597027E-01
       835  4.300389E-01
       836  6.434172E-01
       837  4.181235E-01
       838  6.262885E-01
       839  4.122076E-01
       840  6.154786E-01
       841  4.809504E+00
       842  2.568827E+00
       843  1.098707E+00
       844  3.586090E-01
       845  3.139482E-01
       846  4.809504E+00
       847  2.568827E+00
       848  1.098707E+00
       849  3.586090E-01
       850  3.139482E-01
       851  3.546325E-01
       852  5.517000E-01
       853  3.610305E-01
       854  5.617349E-01
       855  3.744192E-01
       856  5.791645E-01
       857  4.058505E-01
       858  5.959341E-01
       859  1.467617E-01
       860  2.150931E-01
       861  1.467617E-01
       862  2.150931E-01
       863  4.058505E-01
       864  5.959341E-01
       865  3.744192E-01
       866  5.791645E-01
       867  3.610305E-01
       868  5.617349E-01
       869  3.546325E-01
       870  5.517000E-01
       871  4.127989E+00
       872  2.231673E+00
       873  9.966939E-01
       874  3.672755E-01
       875  3.075871E-01
       876  4.127989E+00
       877  2.231673E+00
       878  9.966939E-01
       879  3.672755E-01
       880  3.075871E-01
       881  2.959796E-01
       882  4.931573E-01
       883  3.037551E-01
       884  5.000619E-01
       885  3.199755E-01
       886  5.164844E-01
       887  3.564471E-01
       888  5.338808E-01
       889  1.296693E-01
       890  1.914432E-01
       891  1.296693E-01
       892  1.914432E-01
       893  3.564471E-01
       894  5.338808E-01
       895  3.199755E-01
       896  5.164844E-01
       897  3.037551E-01
       898  5.000619E-01
       899  2.959796E-01
       900  4.931573E-01
       901  3.389959E+00
       902  1.867278E+00
       903  8.895942E-01
       904  3.859045E-01
       905  3.199369E-01
       906  3.389959E+00
       907  1.867278E+00
       908  8.895942E-01
       909  3.859045E-01
       910  3.199369E-01
       911  2.417402E-01
       912  4.456789E-01
       913  2.505953E-01
       914  4.432235E-01
       915  2.696360E-01
       916  4.542893E-01
       917  3.138347E-01
       918  4.713890E-01
       919  1.134188E-01
       920  1.673329E-01
       921  1.134188E-01
       922  1.673329E-01
       923  3.138347E-01
       924  4.713890E-01
       925  2.696360E-01
       926  4.542893E-01
       927  2.505953E-01
       928  4.432235E-01
       929  2.417402E-01
       930  4.456789E-01
       931  2.574890E+00
       932  1.467777E+00
       933  7.760787E-01
       934  4.161786E-01
       935  3.551544E-01
       936  2.574890E+00
       937  1.467777E+00
       938  7.760787E-01
       939  4.161786E-01
       940  3.551544E-01
       941  2.106486E-01
       942  4.203509E-01
       943  2.164166E-01
       944  3.954341E-01
       945  2.332774E-01
       946  3.912079E-01
       947  2.848931E-01
       948  4.049397E-01
       949  9.806770E-02
       950  1.412030E-01
       951  9.806770E-02
       952  1.412030E-01
       953  2.848931E-01
       954  4.049397E-01
       955  2.332774E-01
       956  3.912079E-01
       957  2.164166E-01
       958  3.954341E-01
       959  2.106486E-01
       960  4.203509E-01
       961  1.686472E+00
       962  1.042402E+00
       963  6.625493E-01
       964  4.569177E-01
       965  4.124790E-01
       966  1.686472E+00
       967  1.042402E+00
       968  6.625493E-01
       969  4.569177E-01
       970  4.124790E-01
       971  2.395813E-01
       972  4.300580E-01
       973  2.358449E-01
       974  3.659937E-01
       975  2.385644E-01
       976  3.330364E-01
       977  2.959764E-01
       978  3.397366E-01
       979  8.451371E-02
       980  1.163573E-01
       981  8.451371E-02
       982  1.163573E-01
       983  2.959764E-01
       984  3.397366E-01
       985  2.385644E-01
       986  3.330364E-01
       987  2.358449E-01
       988  3.659937E-01
       989  2.395813E-01
       990  4.300580E-01
       991  8.032189E-01
       992  6.270834E-01
       993  5.501653E-01
       994  4.955989E-01
       995  4.823850E-01
       996  8.032189E-01
       997  6.270834E-01
       998  5.501653E-01
       999  4.955989E-01
      1000  4.823850E-01
      1001  3.337616E-01
      1002  4.555853E-01
      1003  3.406579E-01
      1004  3.679480E-01
      1005  3.407469E-01
      1006  3.266267E-01
      1007  4.454958E-01
      1008  3.485356E-01
      1009  7.714727E-02
      1010  1.335604E-01
      1011  7.714727E-02
      1012  1.335604E-01
      1013  4.454958E-01
      1014  3.485356E-01
      1015  3.407469E-01
      1016  3.266267E-01
      1017  3.406579E-01
      1018  3.679480E-01
      1019  3.337616E-01
      1020  4.555853E-01
      1021  1.867315E-01
      1022  2.661913E-01
      1023  3.721777E-01
      1024  4.735848E-01
      1025  6.414983E-01
      1026  1.867315E-01
      1027  2.661913E-01
      1028  3.721777E-01
      1029  4.735848E-01
      1030  6.414983E-01
      1031  3.567108E-01
      1032  3.887984E-01
      1033  4.130127E-01
      1034  3.487782E-01
      1035  5.373095E-01
      1036  4.423582E-01
      1037  1.043698E+00
      1038  7.408516E-01
      1039  1.128565E-01
      1040  4.057544E-01
      1041  1.128565E-01
      1042  4.057544E-01
      1043  1.043698E+00
      1044  7.408516E-01
      1045  5.373095E-01
      1046  4.423582E-01
      1047  4.130127E-01
      1048  3.487782E-01
      1049  3.567108E-01
      1050  3.887984E-01
      1051  4.974251E-03
      1052  2.118488E-02
      1053  6.456603E-02
      1054  1.783652E-01
      1055  5.267768E-01
      1056  4.974251E-03
      1057  2.118488E-02
      1058  6.456603E-02
      1059  1.783652E-01
      1060  5.267768E-01
      1061  1.626699E-01
      1062  2.634031E-01
      1063  2.154074E-01
      1064  2.510792E-01
      1065  4.015496E-01
      1066  4.905726E-01
      1067  1.437194E+00
      1068  1.335359E+00
      1069  1.416391E-01
      1070  1.005782E+00
      1071  1.416391E-01
      1072  1.005782E+00
      1073  1.437194E+00
      1074  1.335359E+00
      1075  4.015496E-01
      1076  4.905726E-01
      1077  2.154074E-01
      1078  2.510792E-01
      1079  1.626699E-01
      1080  2.634031E-01
