
                        S T E P       1


                                INCREMENT     1


 displacements (vx,vy,vz) for set NALL and time  0.1000000E+01

         1  8.271806E-26  0.000000E+00  0.000000E+00
         2  3.308722E-25  0.000000E+00  0.000000E+00
         3  3.308722E-25  3.308722E-25  2.762783E-23
         4  0.000000E+00  0.000000E+00 -5.418033E-24
         5  7.361417E-05 -6.426396E-06 -1.133841E-04
         6  7.377277E-05  2.425913E-06  9.792841E-05
         7 -9.830387E-05  4.192443E-06 -1.142923E-04
         8 -9.876086E-05 -1.936378E-07  9.858040E-05
         9  3.506327E-03 -4.103012E-05 -3.799686E-03
        10  3.506913E-03  4.302746E-05  3.871144E-03
        11 -3.471957E-03  3.950362E-05 -3.799763E-03
        12 -3.473771E-03 -3.963897E-05  3.872352E-03
        13  3.970906E-03  5.566237E-06 -4.729412E-03
        14  3.972517E-03 -1.117671E-05  4.742458E-03
        15 -3.925251E-03  3.582929E-06 -4.735084E-03
        16 -3.926670E-03  2.880690E-06  4.748529E-03
        17  4.486242E-03 -8.310396E-06 -5.344981E-03
        18  4.487835E-03  8.344793E-06  5.328924E-03
        19 -4.406220E-03  9.255575E-06 -5.347611E-03
        20 -4.408247E-03 -9.889791E-06  5.331043E-03
        21  5.000000E-03 -2.117582E-23 -6.000000E-03
        22  5.000000E-03 -4.235165E-23  6.000000E-03
        23 -5.000000E-03  4.108110E-21 -6.000000E-03
        24 -5.000000E-03  2.583450E-21  6.000000E-03
        25  2.614006E-04 -1.706230E-05 -3.489916E-04
        26  7.491121E-04 -4.104945E-05 -9.372926E-04
        27  1.415303E-03 -6.140346E-05 -1.698299E-03
        28  2.120476E-03 -6.891574E-05 -2.448360E-03
        29  2.745015E-03 -6.398960E-05 -3.059275E-03
        30  3.205956E-03 -5.359638E-05 -3.480044E-03
        31  3.463189E-03 -4.514780E-05 -3.723020E-03
        32  1.989041E-04  3.455652E-08  1.594445E-04
        33  5.384814E-04 -6.695411E-06  3.576976E-04
        34  1.015590E-03 -1.655477E-05  7.669674E-04
        35  1.548451E-03 -2.161512E-05  1.409754E-03
        36  2.083391E-03 -1.329311E-05  2.226092E-03
        37  2.600719E-03  8.948333E-06  3.056085E-03
        38  3.091432E-03  3.451057E-05  3.670972E-03
        39 -2.238290E-04  2.391596E-06 -1.778364E-04
        40 -5.575189E-04 -5.435717E-06 -3.874222E-04
        41 -1.030302E-03 -1.585304E-05 -8.138935E-04
        42 -1.565032E-03 -2.111625E-05 -1.452498E-03
        43 -2.108011E-03 -1.337483E-05 -2.230766E-03
        44 -2.630618E-03  7.241023E-06 -3.003668E-03
        45 -3.112754E-03  3.042833E-05 -3.571324E-03
        46 -3.084581E-04 -1.112899E-05  3.381784E-04
        47 -8.440325E-04 -3.568228E-05  9.480278E-04
        48 -1.572542E-03 -5.690722E-05  1.745678E-03
        49 -2.336142E-03 -6.472106E-05  2.542087E-03
        50 -2.993843E-03 -5.921751E-05  3.197929E-03
        51 -3.434226E-03 -4.845353E-05  3.635243E-03
        52 -3.588300E-03 -4.062913E-05  3.840484E-03
        53  3.820622E-03 -3.531310E-05 -3.710300E-03
        54  4.035025E-03 -2.868979E-05 -3.557134E-03
        55  4.171767E-03 -2.635887E-05 -3.499506E-03
        56  4.257777E-03 -2.670844E-05 -3.621219E-03
        57  4.299513E-03 -2.314932E-05 -3.922257E-03
        58  4.278276E-03 -1.239744E-05 -4.308922E-03
        59  4.160958E-03  7.366598E-07 -4.614123E-03
        60  3.376332E-03  3.811603E-05  3.978257E-03
        61  3.199744E-03  2.226545E-05  4.339410E-03
        62  3.063693E-03  9.803775E-06  4.777825E-03
        63  3.052762E-03  5.846503E-06  5.080474E-03
        64  3.196702E-03  5.232843E-06  5.144577E-03
        65  3.454013E-03  7.439740E-07  5.011564E-03
        66  3.729931E-03 -8.088287E-06  4.832424E-03
        67 -3.295640E-03  3.043230E-05 -3.958364E-03
        68 -3.140846E-03  1.928851E-05 -4.244444E-03
        69 -3.047090E-03  1.180505E-05 -4.521607E-03
        70 -3.049572E-03  9.665094E-06 -4.733725E-03
        71 -3.162154E-03  1.053172E-05 -4.850127E-03
        72 -3.376003E-03  1.057455E-05 -4.862768E-03
        73 -3.659774E-03  7.885541E-06 -4.791970E-03
        74 -3.663658E-03 -3.328339E-05  3.777117E-03
        75 -3.836059E-03 -2.802403E-05  3.647980E-03
        76 -3.982490E-03 -2.663467E-05  3.618219E-03
        77 -4.102060E-03 -2.724845E-05  3.740424E-03
        78 -4.181107E-03 -2.428237E-05  4.005146E-03
        79 -4.193850E-03 -1.505250E-05  4.341465E-03
        80 -4.111178E-03 -3.036545E-06  4.629642E-03
        81  4.526939E-03 -4.339805E-06 -4.925293E-03
        82  4.909211E-03 -9.632132E-06 -5.223340E-03
        83  4.882570E-03 -7.749180E-06 -5.344270E-03
        84  3.608568E-03 -5.139939E-06  4.679817E-03
        85  3.617286E-03 -8.122810E-06  4.773271E-03
        86  3.984118E-03 -2.828232E-06  5.107092E-03
        87 -3.587402E-03 -9.025835E-07 -4.791077E-03
        88 -3.572099E-03 -2.257075E-06 -4.949688E-03
        89 -3.889478E-03  2.782097E-06 -5.175253E-03
        90 -4.524886E-03 -4.349508E-06  4.947182E-03
        91 -4.954308E-03 -1.047720E-05  5.232845E-03
        92 -4.859068E-03 -9.329826E-06  5.319729E-03
        93  4.600736E-07  5.005206E-09  3.205493E-07
        94  3.649709E-07  5.191751E-09  2.547814E-07
        95 -1.301449E-07  7.638673E-09 -1.427888E-07
        96 -1.972763E-07  7.502169E-09 -2.152530E-07
        97  3.506240E-03 -5.887265E-05 -1.787086E-03
        98  3.507220E-03 -2.401755E-06  8.637216E-06
        99  3.506308E-03  5.538041E-05  1.818877E-03
       100 -3.473258E-03  4.018556E-05 -1.735585E-03
       101 -3.472576E-03  1.614306E-05  9.190230E-05
       102 -3.473549E-03 -1.677888E-05  1.891053E-03
       103  1.742779E-03 -3.334592E-05 -3.799651E-03
       104  4.057826E-05 -1.105710E-05 -3.800330E-03
       105 -1.672951E-03  1.621316E-05 -3.799673E-03
       106  1.699343E-03  3.955741E-05  3.871102E-03
       107 -3.009752E-05  4.947440E-06  3.870626E-03
       108 -1.736002E-03 -3.173504E-05  3.871209E-03
       109  5.000904E-03  7.242195E-06  6.402523E-05
       110 -4.998794E-03  2.415463E-06 -5.736250E-05
       111  1.309428E-05  1.222970E-05 -5.999470E-03
       112  1.151199E-04 -3.097693E-06  6.000669E-03
       113  1.811891E-04  8.879968E-05 -9.069954E-04
       114  1.080948E-03  6.000776E-04 -4.212388E-03
       115  2.446214E-03  1.360944E-03 -8.725725E-03
       116  2.841185E-03  1.779674E-03 -1.102330E-02
       117  1.737105E-03  1.527536E-03 -9.912467E-03
       118 -3.952606E-04  7.494996E-04 -6.572456E-03
       119 -2.224124E-03  1.578919E-04 -4.210639E-03
       120 -1.571419E-05 -8.788704E-05 -9.239312E-04
       121  8.303057E-04 -5.983054E-04 -4.223956E-03
       122  2.191459E-03 -1.342239E-03 -8.653216E-03
       123  2.878742E-03 -1.734250E-03 -1.081955E-02
       124  2.592231E-03 -1.462060E-03 -9.622940E-03
       125  1.939286E-03 -6.913485E-04 -6.321359E-03
       126  2.260227E-03 -1.366787E-04 -4.128364E-03
       127 -1.186865E-04 -1.132052E-04  1.020432E-03
       128 -1.174242E-03 -6.530394E-04  4.502972E-03
       129 -2.773738E-03 -1.422393E-03  9.062829E-03
       130 -3.634335E-03 -1.839785E-03  1.135146E-02
       131 -3.362841E-03 -1.583764E-03  1.022004E-02
       132 -2.533152E-03 -7.974463E-04  6.842506E-03
       133 -2.533379E-03 -1.842634E-04  4.386869E-03
       134 -9.531617E-05  9.878687E-05  9.339673E-04
       135 -8.016590E-04  6.196669E-04  4.307643E-03
       136 -1.983828E-03  1.382550E-03  8.843634E-03
       137 -2.287374E-03  1.796519E-03  1.112530E-02
       138 -1.245153E-03  1.540812E-03  1.000631E-02
       139  6.984667E-04  7.662873E-04  6.689034E-03
       140  2.327936E-03  1.746108E-04  4.336324E-03
       141 -3.529926E-04  1.354790E-04 -3.501793E-06
       142 -3.599289E-03  1.069177E-03  6.631856E-04
       143 -8.614589E-03  2.429946E-03  1.886822E-03
       144 -1.060439E-02  2.944260E-03  2.841559E-03
       145 -7.741870E-03  2.302347E-03  3.131485E-03
       146 -1.698711E-03  1.035284E-03  2.962344E-03
       147  2.570641E-03  2.032581E-04  3.151937E-03
       148 -3.591086E-04 -1.419673E-04  7.015724E-06
       149 -3.480368E-03 -1.042500E-03  6.080960E-04
       150 -8.287596E-03 -2.349060E-03  1.751759E-03
       151 -1.023391E-02 -2.854186E-03  1.993185E-03
       152 -7.522098E-03 -2.248553E-03  7.954917E-04
       153 -1.685132E-03 -1.027049E-03 -1.343596E-03
       154  2.525603E-03 -2.076370E-04 -2.960596E-03
       155  2.792951E-04 -1.226513E-04 -1.671673E-04
       156  3.454480E-03 -1.037168E-03 -5.339323E-04
       157  8.426741E-03 -2.386535E-03 -1.066846E-03
       158  1.036779E-02 -2.888972E-03 -1.004558E-03
       159  7.454066E-03 -2.235457E-03 -2.839424E-05
       160  1.400925E-03 -9.667706E-04  1.587025E-03
       161 -2.734003E-03 -1.608143E-04  2.959081E-03
       162  2.609804E-04  1.219613E-04  1.257531E-04
       163  3.297441E-03  9.998250E-04 -7.626920E-04
       164  8.088160E-03  2.302211E-03 -2.548355E-03
       165  1.001094E-02  2.801959E-03 -3.716451E-03
       166  7.251709E-03  2.185749E-03 -3.674398E-03
       167  1.395646E-03  9.609295E-04 -2.901718E-03
       168 -2.675430E-03  1.686576E-04 -2.881856E-03
       169  5.613571E-04 -3.086664E-05 -4.279665E-03
       170 -5.158354E-04  2.954872E-05 -4.300252E-03
       171  5.937010E-04  4.037808E-05  4.257472E-03
       172 -3.489964E-04 -3.624809E-05  4.302221E-03
       173  3.893160E-03 -6.413893E-05  9.980752E-04
       174  3.841614E-03  5.188150E-05 -9.760295E-04
       175 -3.726692E-03  4.343731E-05  9.161607E-04
       176 -3.688200E-03 -2.872330E-05 -9.173807E-04
       177  5.617577E-04 -2.149516E-05 -5.019637E-03
       178 -4.764484E-04  1.139973E-05 -5.035742E-03
       179  5.317047E-04  1.910981E-06  4.994808E-03
       180 -4.429568E-04  2.533747E-07  5.027233E-03
       181  4.280194E-03  7.824329E-06  7.494545E-04
       182  4.218291E-03 -1.908457E-05 -8.191551E-04
       183 -4.146517E-03  2.138288E-05  7.786306E-04
       184 -4.178136E-03 -2.153596E-05 -7.323476E-04
       185  6.385159E-04 -4.294359E-05 -5.558415E-03
       186 -5.603802E-04  3.985397E-05 -5.551618E-03
       187  6.370869E-04  4.114040E-05  5.537108E-03
       188 -5.096081E-04 -4.304816E-05  5.538074E-03
       189  4.612101E-03  2.750978E-05  8.430702E-04
       190  4.611156E-03 -2.916424E-05 -8.181980E-04
       191 -4.529395E-03 -2.451779E-05  7.457597E-04
       192 -4.536004E-03  3.031729E-05 -7.800694E-04

 forces (fx,fy,fz) for set RIGHT and time  0.1000000E+01

        21  1.768301E+03  1.462388E+03 -1.757484E+03
        22  1.576308E+03 -1.502878E+03  1.557850E+03
        23 -1.828236E+03  2.025356E+02 -1.574889E+03
        24 -1.578108E+03 -8.589519E+01  1.743177E+03

 internal energy (element, energy) for set ALL and time  0.1000000E+01

         1  3.516756E-02
         2  3.423136E-02
         3  4.047664E-02
         4  3.606713E-02
         5  1.335782E-02
         6  9.754938E-03
         7  6.688074E-03
         8  6.627635E-03
         9  7.325548E-03
        10  7.614304E-03
        11  7.638003E-03
        12  6.505502E-03
        13  8.250196E-03
        14  9.448811E-03
        15  9.083231E-03
        16  8.380813E-03
        17  7.124846E-03
        18  7.348730E-03
        19  1.260884E-02
        20  1.610257E-02
        21  7.552234E-03
        22  8.723865E-03
        23  8.040541E-03
        24  6.900275E-03
        25  5.967847E-03
        26  6.234320E-03
        27  1.103558E-02
        28  2.453273E-02
        29  1.349672E-02
        30  9.215280E-03
        31  5.768960E-03
        32  5.634635E-03
        33  6.509870E-03
        34  7.520384E-03
        35  7.930773E-03
        36  7.741889E-03
        37  2.582962E-03
        38  3.223962E-04
        39  1.007321E-03
        40  1.424113E-03
        41  9.423700E-04
        42  1.920501E-04
        43  1.717508E-03
        44  4.179898E-03
        45  4.825174E-03
        46  2.677751E-03
        47  4.261629E-04
        48  1.848324E-03
        49  2.310916E-03
        50  9.903634E-04
        51  1.446276E-03
        52  7.907858E-03
        53  7.923900E-03
        54  2.673267E-04
        55  9.273772E-05
        56  2.458539E-04
        57  3.557452E-04
        58  3.597764E-04
        59  3.101252E-04
        60  5.003537E-03
        61  4.753971E-03
        62  4.046801E-04
        63  8.023541E-04
        64  9.495435E-04
        65  6.367724E-04
        66  1.932337E-04
        67  8.690863E-04
        68  2.266017E-03
        69  2.270109E-03
        70  3.290932E-04
        71  3.467498E-04
        72  4.289521E-04
        73  1.223594E-02
        74  1.768142E-03
        75  5.278175E-04
        76  5.485834E-03
        77  9.650901E-03
        78  6.733244E-04
        79  3.527941E-04
        80  4.086724E-03
        81  3.833615E-03
        82  7.316050E-04
        83  3.213939E-04
        84  2.061690E-04
        85  3.437776E-02
        86  3.167615E-02
        87  4.311152E-02
        88  3.074317E-02
        89  1.241125E-04
        90  4.798065E-04
        91  3.593497E-04
        92  6.716313E-05
        93  7.004827E-05
        94  2.806936E-04
        95  3.667329E-04
        96  5.514943E-05
        97  3.185021E-02
        98  4.377688E-02
        99  2.105631E-02
       100  2.357137E-02
       101  2.803278E-02
       102  3.202138E-03
       103  4.960281E-03
       104  3.136469E-02
       105  3.980085E-02
       106  6.649601E-03
       107  2.435434E-03
       108  2.646363E-02
       109  5.442066E-03
       110  7.346284E-04
       111  1.298640E-03
       112  9.929920E-03
       113  3.596741E-03
       114  9.424627E-04
       115  2.795281E-04
       116  3.543253E-03
       117  1.518640E-02
       118  1.145084E-02
       119  2.203795E-02
       120  2.104298E-02
       121  7.714489E-03
       122  1.181510E-02
       123  1.044808E-02
       124  1.389249E-02
       125  6.564735E-02
       126  9.265276E-02
       127  2.315118E-02
       128  1.311453E-02
       129  5.076283E-02
       130  4.333355E-02
       131  5.147199E-02
       132  1.967472E-02
       133  3.342352E-02
       134  3.498458E-02
       135  3.481463E-02
       136  3.399232E-02
       137  6.403691E-02
       138  6.934484E-02
       139  6.078028E-02
       140  6.668598E-02
       141  3.986619E-01
       142  4.972140E-01
       143  1.454019E-01
       144  4.198494E-01
       145  4.377765E-01
       146  1.441091E-01
       147  4.258567E-01
       148  2.157321E-01
       149  4.645021E-01
       150  5.219139E-01
       151  1.681576E-01
       152  4.601134E-01
       153  4.675280E-01
       154  1.471357E-01
       155  5.080976E-01
       156  1.671316E-01
       157  4.689237E-01
       158  4.467898E-01
       159  1.228604E-01
       160  3.966874E-01
       161  4.118237E-01
       162  1.206637E-01
       163  3.917862E-01
       164  2.521757E-01
       165  4.924243E-01
       166  5.152121E-01
       167  1.429921E-01
       168  4.425978E-01
       169  4.568953E-01
       170  1.321296E-01
       171  4.449435E-01
       172  2.624809E-01
       173  2.370359E-01
       174  5.483803E-01
       175  1.189205E-01
       176  4.790269E-01
       177  4.751074E-01
       178  1.187724E-01
       179  6.023876E-01
       180  3.623882E-01
       181  2.655279E-01
       182  5.757243E-01
       183  1.256088E-01
       184  5.059866E-01
       185  5.110371E-01
       186  1.365282E-01
       187  6.196976E-01
       188  4.048071E-01
       189  2.016197E-01
       190  5.618617E-01
       191  1.352647E-01
       192  5.025462E-01
       193  4.942507E-01
       194  1.363797E-01
       195  6.466940E-01
       196  3.300080E-01
       197  2.109299E-01
       198  6.147551E-01
       199  1.522130E-01
       200  5.423334E-01
       201  5.428456E-01
       202  1.621593E-01
       203  6.783116E-01
       204  3.588770E-01
       205  2.764427E-01
       206  2.585453E-01
       207  2.815458E-01
       208  2.778407E-01
       209  2.207924E-01
       210  2.925288E-01
       211  2.504516E-01
       212  2.927983E-01
       213  3.165510E-01
       214  2.384436E-01
       215  3.223175E-01
       216  2.729426E-01
       217  2.124236E-01
       218  3.444060E-01
       219  2.344394E-01
       220  3.325754E-01
       221  3.142021E-01
       222  1.371358E-01
       223  1.769704E-01
       224  1.341993E-01
       225  1.628747E-01
       226  2.127068E-01
       227  1.298874E-01
       228  1.895717E-01
       229  4.106314E-01
       230  1.660791E-01
       231  2.933922E-01
       232  1.325852E-01
       233  1.609811E-01
       234  4.157625E-01
       235  1.421867E-01
       236  3.421569E-01
       237  2.578726E-01
       238  2.025756E-01
       239  2.084585E-01
       240  1.966267E-01
       241  2.254818E-01
       242  2.131575E-01
       243  2.392113E-01
       244  2.101534E-01
       245  2.389392E-01
       246  1.568966E-01
       247  2.499645E-01
       248  1.523914E-01
       249  2.197603E-01
       250  2.731950E-01
       251  2.734227E-01
       252  2.263547E-01

 total internal energy for set ALL and time  0.1000000E+01

        3.677758E+01
