
                        S T E P       1


                                INCREMENT     1


 displacements (vx,vy,vz) for set TIP_TOP and time  0.1000000E+01

      1559  1.070181E-01 -2.785789E-03 -2.916574E+00
      1560  1.069793E-01 -2.740648E-03 -2.910490E+00
      1563  1.068391E-01 -2.612956E-03 -2.904523E+00
      1566  1.067943E-01 -2.086887E-03 -2.899120E+00
      1568  1.068450E-01 -8.166865E-04 -2.895678E+00
      1570  1.068428E-01 -7.870794E-12 -2.895451E+00
      1572  1.068450E-01  8.166865E-04 -2.895678E+00
      1575  1.067943E-01  2.086887E-03 -2.899120E+00
      1578  1.068391E-01  2.612956E-03 -2.904523E+00
      1581  1.069793E-01  2.740648E-03 -2.910490E+00
      1584  1.070181E-01  2.785789E-03 -2.916574E+00

 forces (fx,fy,fz) for set CLAMP and time  0.1000000E+01

         1  3.204007E+03  5.237134E+03  1.527526E+03
         4  5.711899E+03 -4.661911E-08  3.050146E+03
         5  5.212690E+03  8.797658E+03  4.391634E+02
         8  9.223192E+03 -7.801767E-08  8.804948E+02
         9  3.685764E+03  6.131405E+03 -4.754459E+01
        12  6.506374E+03 -6.330190E-08 -9.253997E+01
        13  1.928647E+03  3.139870E+03 -3.539148E+02
        16  3.405568E+03 -4.677911E-08 -7.047067E+02
        17  2.122246E+01 -8.623348E+01 -4.568880E+02
        20  3.631848E+01 -2.897913E-08 -9.112001E+02
        21 -1.200874E+03 -1.181514E+03 -1.347600E+03
        24 -1.585860E+03 -8.275980E-09 -4.948270E+02
        26  3.204007E+03 -5.237134E+03  1.527526E+03
        28  5.212690E+03 -8.797658E+03  4.391634E+02
        30  3.685764E+03 -6.131405E+03 -4.754459E+01
        32  1.928647E+03 -3.139870E+03 -3.539148E+02
        34  2.122246E+01  8.623348E+01 -4.568880E+02
        36 -1.200874E+03  1.181514E+03 -1.347600E+03
        37 -7.673831E+02 -5.652618E+02 -1.369823E+03
        40 -9.156404E+02 -1.090825E+02 -2.463144E+03
        41 -1.883120E+03 -1.235757E+03 -2.150456E+02
        44 -2.681922E+03 -2.471716E+02 -4.221940E+02
        45 -1.289191E+03 -6.724875E+02  1.533745E+03
        48 -2.113583E+03 -1.383419E+02  2.844994E+03
        50 -7.557211E+02 -1.023816E+02 -2.278075E+03
        52 -2.538103E+03 -2.227729E+02 -4.322911E+02
        54 -2.137994E+03 -1.205008E+02  2.712631E+03
        56 -6.969676E+02 -6.566716E+01 -2.216365E+03
        58 -2.506737E+03 -1.359444E+02 -4.346943E+02
        60 -2.172340E+03 -7.079053E+01  2.679196E+03
        62 -1.703969E+03 -4.220003E+01 -2.915298E+02
        64 -1.488900E+03 -2.046532E+01  1.821008E+03
        66 -9.040390E+02 -3.165598E-09 -1.559059E+02
        68 -7.932214E+02 -2.371338E-09  9.702335E+02
        70 -1.703969E+03  4.220003E+01 -2.915298E+02
        72 -1.488900E+03  2.046532E+01  1.821008E+03
        74 -6.969676E+02  6.566716E+01 -2.216365E+03
        76 -2.506737E+03  1.359444E+02 -4.346943E+02
        78 -2.172340E+03  7.079053E+01  2.679196E+03
        80 -7.557211E+02  1.023816E+02 -2.278075E+03
        82 -2.538103E+03  2.227729E+02 -4.322911E+02
        84 -2.137994E+03  1.205008E+02  2.712631E+03
        86 -9.156404E+02  1.090825E+02 -2.463144E+03
        88 -2.681922E+03  2.471716E+02 -4.221940E+02
        90 -2.113583E+03  1.383419E+02  2.844994E+03
        92 -7.673831E+02  5.652618E+02 -1.369823E+03
        94 -1.883120E+03  1.235757E+03 -2.150456E+02
        96 -1.289191E+03  6.724875E+02  1.533745E+03

 internal energy (element, energy) for set EALL and time  0.1000000E+01

         1  3.786847E+01
         2  2.073459E+01
         3  8.208671E+00
         4  1.397809E+00
         5  1.611084E+00
         6  3.786847E+01
         7  2.073459E+01
         8  8.208671E+00
         9  1.397809E+00
        10  1.611084E+00
        11  4.020890E+00
        12  5.320676E+00
        13  3.400578E+00
        14  4.686020E+00
        15  3.171412E+00
        16  4.476809E+00
        17  3.086767E+00
        18  4.386010E+00
        19  1.104082E+00
        20  1.584784E+00
        21  1.104082E+00
        22  1.584784E+00
        23  3.086767E+00
        24  4.386010E+00
        25  3.171412E+00
        26  4.476809E+00
        27  3.400578E+00
        28  4.686020E+00
        29  4.020890E+00
        30  5.320676E+00
        31  4.493462E+01
        32  2.624470E+01
        33  1.031082E+01
        34  1.748905E+00
        35  2.067983E+00
        36  4.493462E+01
        37  2.624470E+01
        38  1.031082E+01
        39  1.748905E+00
        40  2.067983E+00
        41  3.801648E+00
        42  5.258601E+00
        43  4.082646E+00
        44  5.583423E+00
        45  4.041394E+00
        46  5.531024E+00
        47  3.978949E+00
        48  5.471023E+00
        49  1.433040E+00
        50  1.980609E+00
        51  1.433040E+00
        52  1.980609E+00
        53  3.978949E+00
        54  5.471023E+00
        55  4.041394E+00
        56  5.531024E+00
        57  4.082646E+00
        58  5.583423E+00
        59  3.801648E+00
        60  5.258601E+00
        61  4.782879E+01
        62  2.582411E+01
        63  1.011808E+01
        64  1.741068E+00
        65  1.956870E+00
        66  4.782879E+01
        67  2.582411E+01
        68  1.011808E+01
        69  1.741068E+00
        70  1.956870E+00
        71  3.675591E+00
        72  5.291212E+00
        73  3.848820E+00
        74  5.488022E+00
        75  3.958003E+00
        76  5.618701E+00
        77  3.962444E+00
        78  5.637273E+00
        79  1.432374E+00
        80  2.044681E+00
        81  1.432374E+00
        82  2.044681E+00
        83  3.962444E+00
        84  5.637273E+00
        85  3.958003E+00
        86  5.618701E+00
        87  3.848820E+00
        88  5.488022E+00
        89  3.675591E+00
        90  5.291212E+00
        91  5.147846E+01
        92  2.686829E+01
        93  1.029766E+01
        94  1.805853E+00
        95  1.871534E+00
        96  5.147846E+01
        97  2.686829E+01
        98  1.029766E+01
        99  1.805853E+00
       100  1.871534E+00
       101  3.863974E+00
       102  5.636399E+00
       103  3.903360E+00
       104  5.674776E+00
       105  3.951454E+00
       106  5.719572E+00
       107  3.974712E+00
       108  5.734517E+00
       109  1.444183E+00
       110  2.082581E+00
       111  1.444183E+00
       112  2.082581E+00
       113  3.974712E+00
       114  5.734517E+00
       115  3.951454E+00
       116  5.719572E+00
       117  3.903360E+00
       118  5.674776E+00
       119  3.863974E+00
       120  5.636399E+00
       121  5.382903E+01
       122  2.799042E+01
       123  1.070036E+01
       124  1.921967E+00
       125  1.772638E+00
       126  5.382903E+01
       127  2.799042E+01
       128  1.070036E+01
       129  1.921967E+00
       130  1.772638E+00
       131  3.932584E+00
       132  5.849899E+00
       133  3.942752E+00
       134  5.850176E+00
       135  3.958695E+00
       136  5.857150E+00
       137  3.975311E+00
       138  5.866203E+00
       139  1.447173E+00
       140  2.133923E+00
       141  1.447173E+00
       142  2.133923E+00
       143  3.975311E+00
       144  5.866203E+00
       145  3.958695E+00
       146  5.857150E+00
       147  3.942752E+00
       148  5.850176E+00
       149  3.932584E+00
       150  5.849899E+00
       151  5.581281E+01
       152  2.915946E+01
       153  1.126824E+01
       154  2.107311E+00
       155  1.680659E+00
       156  5.581281E+01
       157  2.915946E+01
       158  1.126824E+01
       159  2.107311E+00
       160  1.680659E+00
       161  3.975471E+00
       162  6.031875E+00
       163  3.981060E+00
       164  6.032676E+00
       165  3.993702E+00
       166  6.043188E+00
       167  4.013732E+00
       168  6.061189E+00
       169  1.462919E+00
       170  2.206991E+00
       171  1.462919E+00
       172  2.206991E+00
       173  4.013732E+00
       174  6.061189E+00
       175  3.993702E+00
       176  6.043188E+00
       177  3.981060E+00
       178  6.032676E+00
       179  3.975471E+00
       180  6.031875E+00
       181  5.755262E+01
       182  3.028224E+01
       183  1.188484E+01
       184  2.330911E+00
       185  1.593808E+00
       186  5.755262E+01
       187  3.028224E+01
       188  1.188484E+01
       189  2.330911E+00
       190  1.593808E+00
       191  3.997669E+00
       192  6.206130E+00
       193  4.006947E+00
       194  6.216449E+00
       195  4.023435E+00
       196  6.236569E+00
       197  4.049082E+00
       198  6.264496E+00
       199  1.477184E+00
       200  2.282892E+00
       201  1.477184E+00
       202  2.282892E+00
       203  4.049082E+00
       204  6.264496E+00
       205  4.023435E+00
       206  6.236569E+00
       207  4.006947E+00
       208  6.216449E+00
       209  3.997669E+00
       210  6.206130E+00
       211  5.912684E+01
       212  3.134166E+01
       213  1.250543E+01
       214  2.575130E+00
       215  1.513294E+00
       216  5.912684E+01
       217  3.134166E+01
       218  1.250543E+01
       219  2.575130E+00
       220  1.513294E+00
       221  4.007989E+00
       222  6.378232E+00
       223  4.020500E+00
       224  6.394628E+00
       225  4.041348E+00
       226  6.422090E+00
       227  4.071268E+00
       228  6.457117E+00
       229  1.486066E+00
       230  2.354208E+00
       231  1.486066E+00
       232  2.354208E+00
       233  4.071268E+00
       234  6.457117E+00
       235  4.041348E+00
       236  6.422090E+00
       237  4.020500E+00
       238  6.394628E+00
       239  4.007989E+00
       240  6.378232E+00
       241  6.051103E+01
       242  3.231024E+01
       243  1.310481E+01
       244  2.831438E+00
       245  1.441316E+00
       246  6.051103E+01
       247  3.231024E+01
       248  1.310481E+01
       249  2.831438E+00
       250  1.441316E+00
       251  4.004559E+00
       252  6.541674E+00
       253  4.019130E+00
       254  6.561178E+00
       255  4.043265E+00
       256  6.593336E+00
       257  4.076569E+00
       258  6.633596E+00
       259  1.488497E+00
       260  2.419277E+00
       261  1.488497E+00
       262  2.419277E+00
       263  4.076569E+00
       264  6.633596E+00
       265  4.043265E+00
       266  6.593336E+00
       267  4.019130E+00
       268  6.561178E+00
       269  4.004559E+00
       270  6.541674E+00
       271  6.165521E+01
       272  3.315923E+01
       273  1.366759E+01
       274  3.095152E+00
       275  1.379845E+00
       276  6.165521E+01
       277  3.315923E+01
       278  1.366759E+01
       279  3.095152E+00
       280  1.379845E+00
       281  3.985380E+00
       282  6.689205E+00
       283  4.001435E+00
       284  6.710728E+00
       285  4.028273E+00
       286  6.746544E+00
       287  4.064695E+00
       288  6.791372E+00
       289  1.484487E+00
       290  2.477346E+00
       291  1.484487E+00
       292  2.477346E+00
       293  4.064695E+00
       294  6.791372E+00
       295  4.028273E+00
       296  6.746544E+00
       297  4.001435E+00
       298  6.710728E+00
       299  3.985380E+00
       300  6.689205E+00
       301  6.250201E+01
       302  3.385658E+01
       303  1.417846E+01
       304  3.361614E+00
       305  1.330500E+00
       306  6.250201E+01
       307  3.385658E+01
       308  1.417846E+01
       309  3.361614E+00
       310  1.330500E+00
       311  3.948863E+00
       312  6.814742E+00
       313  3.966265E+00
       314  6.838128E+00
       315  3.995640E+00
       316  6.877471E+00
       317  4.035313E+00
       318  6.926770E+00
       319  1.473932E+00
       320  2.527108E+00
       321  1.473932E+00
       322  2.527108E+00
       323  4.035313E+00
       324  6.926770E+00
       325  3.995640E+00
       326  6.877471E+00
       327  3.966265E+00
       328  6.838128E+00
       329  3.948863E+00
       330  6.814742E+00
       331  6.299305E+01
       332  3.436758E+01
       333  1.461992E+01
       334  3.624862E+00
       335  1.294327E+00
       336  6.299305E+01
       337  3.436758E+01
       338  1.461992E+01
       339  3.624862E+00
       340  1.294327E+00
       341  3.894060E+00
       342  6.912628E+00
       343  3.912781E+00
       344  6.937927E+00
       345  3.944655E+00
       346  6.980894E+00
       347  3.987859E+00
       348  7.034665E+00
       349  1.456608E+00
       350  2.566666E+00
       351  1.456608E+00
       352  2.566666E+00
       353  3.987859E+00
       354  7.034665E+00
       355  3.944655E+00
       356  6.980894E+00
       357  3.912781E+00
       358  6.937927E+00
       359  3.894060E+00
       360  6.912628E+00
       361  6.307008E+01
       362  3.465587E+01
       363  1.497245E+01
       364  3.877467E+00
       365  1.271708E+00
       366  6.307008E+01
       367  3.465587E+01
       368  1.497245E+01
       369  3.877467E+00
       370  1.271708E+00
       371  3.820338E+00
       372  6.977005E+00
       373  3.840324E+00
       374  7.004200E+00
       375  3.874635E+00
       376  7.050837E+00
       377  3.921706E+00
       378  7.108979E+00
       379  1.432259E+00
       380  2.593747E+00
       381  1.432259E+00
       382  2.593747E+00
       383  3.921706E+00
       384  7.108979E+00
       385  3.874635E+00
       386  7.050837E+00
       387  3.840324E+00
       388  7.004200E+00
       389  3.820338E+00
       390  6.977005E+00
       391  6.267660E+01
       392  3.468496E+01
       393  1.521535E+01
       394  4.110692E+00
       395  1.262273E+00
       396  6.267660E+01
       397  3.468496E+01
       398  1.521535E+01
       399  4.110692E+00
       400  1.262273E+00
       401  3.727242E+00
       402  7.001558E+00
       403  3.748388E+00
       404  7.030521E+00
       405  3.785004E+00
       406  7.080748E+00
       407  3.836320E+00
       408  7.143008E+00
       409  1.400673E+00
       410  2.605846E+00
       411  1.400673E+00
       412  2.605846E+00
       413  3.836320E+00
       414  7.143008E+00
       415  3.785004E+00
       416  7.080748E+00
       417  3.748388E+00
       418  7.030521E+00
       419  3.727242E+00
       420  7.001558E+00
       421  6.176087E+01
       422  3.442009E+01
       423  1.532773E+01
       424  4.314741E+00
       425  1.264796E+00
       426  6.176087E+01
       427  3.442009E+01
       428  1.532773E+01
       429  4.314741E+00
       430  1.264796E+00
       431  3.614421E+00
       432  6.979568E+00
       433  3.636587E+00
       434  7.010072E+00
       435  3.675305E+00
       436  7.063683E+00
       437  3.731299E+00
       438  7.129645E+00
       439  1.361701E+00
       440  2.600313E+00
       441  1.361701E+00
       442  2.600313E+00
       443  3.731299E+00
       444  7.129645E+00
       445  3.675305E+00
       446  7.063683E+00
       447  3.636587E+00
       448  7.010072E+00
       449  3.614421E+00
       450  6.979568E+00
       451  6.027971E+01
       452  3.383051E+01
       453  1.528962E+01
       454  4.479094E+00
       455  1.277113E+00
       456  6.027971E+01
       457  3.383051E+01
       458  1.528962E+01
       459  4.479094E+00
       460  1.277113E+00
       461  3.481602E+00
       462  6.904133E+00
       463  3.504622E+00
       464  6.935868E+00
       465  3.545179E+00
       466  6.992536E+00
       467  3.606345E+00
       468  7.061633E+00
       469  1.315253E+00
       470  2.574457E+00
       471  1.315253E+00
       472  2.574457E+00
       473  3.606345E+00
       474  7.061633E+00
       475  3.545179E+00
       476  6.992536E+00
       477  3.504622E+00
       478  6.935868E+00
       479  3.481602E+00
       480  6.904133E+00
       481  5.820281E+01
       482  3.289206E+01
       483  1.508333E+01
       484  4.593015E+00
       485  1.296108E+00
       486  5.820281E+01
       487  3.289206E+01
       488  1.508333E+01
       489  4.593015E+00
       490  1.296108E+00
       491  3.328554E+00
       492  6.768499E+00
       493  3.352252E+00
       494  6.801092E+00
       495  3.394341E+00
       496  6.860389E+00
       497  3.461243E+00
       498  6.931915E+00
       499  1.261294E+00
       500  2.525675E+00
       501  1.261294E+00
       502  2.525675E+00
       503  3.461243E+00
       504  6.931915E+00
       505  3.394341E+00
       506  6.860389E+00
       507  3.352252E+00
       508  6.801092E+00
       509  3.328554E+00
       510  6.768499E+00
       511  5.551710E+01
       512  3.159003E+01
       513  1.469503E+01
       514  4.646237E+00
       515  1.317805E+00
       516  5.551710E+01
       517  3.159003E+01
       518  1.469503E+01
       519  4.646237E+00
       520  1.317805E+00
       521  3.155082E+00
       522  6.566504E+00
       523  3.179293E+00
       524  6.599557E+00
       525  3.222584E+00
       526  6.660988E+00
       527  3.295853E+00
       528  6.734146E+00
       529  1.199840E+00
       530  2.451651E+00
       531  1.199840E+00
       532  2.451651E+00
       533  3.295853E+00
       534  6.734146E+00
       535  3.222584E+00
       536  6.660988E+00
       537  3.179293E+00
       538  6.599557E+00
       539  3.155082E+00
       540  6.566504E+00
       541  5.223110E+01
       542  2.992200E+01
       543  1.411652E+01
       544  4.629806E+00
       545  1.337572E+00
       546  5.223110E+01
       547  2.992200E+01
       548  1.411652E+01
       549  4.629806E+00
       550  1.337572E+00
       551  2.961053E+00
       552  6.293142E+00
       553  2.985648E+00
       554  6.326297E+00
       555  3.029826E+00
       556  6.389368E+00
       557  3.110158E+00
       558  6.463330E+00
       559  1.130981E+00
       560  2.350594E+00
       561  1.130981E+00
       562  2.350594E+00
       563  3.110158E+00
       564  6.463330E+00
       565  3.029826E+00
       566  6.389368E+00
       567  2.985648E+00
       568  6.326297E+00
       569  2.961053E+00
       570  6.293142E+00
       571  4.837847E+01
       572  2.790045E+01
       573  1.334688E+01
       574  4.537036E+00
       575  1.350467E+00
       576  4.837847E+01
       577  2.790045E+01
       578  1.334688E+01
       579  4.537036E+00
       580  1.350467E+00
       581  2.746488E+00
       582  5.945241E+00
       583  2.771411E+00
       584  5.978272E+00
       585  2.816225E+00
       586  6.042603E+00
       587  2.904375E+00
       588  6.116615E+00
       589  1.054914E+00
       590  2.221527E+00
       591  1.054914E+00
       592  2.221527E+00
       593  2.904375E+00
       594  6.116615E+00
       595  2.816225E+00
       596  6.042603E+00
       597  2.771411E+00
       598  5.978272E+00
       599  2.746488E+00
       600  5.945241E+00
       601  4.402053E+01
       602  2.555470E+01
       603  1.239395E+01
       604  4.364500E+00
       605  1.351712E+00
       606  4.402053E+01
       607  2.555470E+01
       608  1.239395E+01
       609  4.364500E+00
       610  1.351712E+00
       611  2.511746E+00
       612  5.522265E+00
       613  2.537053E+00
       614  5.555204E+00
       615  2.582385E+00
       616  5.620663E+00
       617  2.679159E+00
       618  5.694163E+00
       619  9.720163E-01
       620  2.064614E+00
       621  9.720163E-01
       622  2.064614E+00
       623  2.679159E+00
       624  5.694163E+00
       625  2.582385E+00
       626  5.620663E+00
       627  2.537053E+00
       628  5.555204E+00
       629  2.511746E+00
       630  5.522265E+00
       631  3.924678E+01
       632  2.293178E+01
       633  1.127539E+01
       634  4.112938E+00
       635  1.337272E+00
       636  3.924678E+01
       637  2.293178E+01
       638  1.127539E+01
       639  4.112938E+00
       640  1.337272E+00
       641  2.257862E+00
       642  5.027318E+00
       643  2.283744E+00
       644  5.060531E+00
       645  2.329663E+00
       646  5.127336E+00
       647  2.435912E+00
       648  5.200065E+00
       649  8.829470E-01
       650  1.881470E+00
       651  8.829470E-01
       652  1.881470E+00
       653  2.435912E+00
       654  5.200065E+00
       655  2.329663E+00
       656  5.127336E+00
       657  2.283744E+00
       658  5.060531E+00
       659  2.257862E+00
       660  5.027318E+00
       661  3.417303E+01
       662  2.009590E+01
       663  1.001890E+01
       664  3.787977E+00
       665  1.304522E+00
       666  3.417303E+01
       667  2.009590E+01
       668  1.001890E+01
       669  3.787977E+00
       670  1.304522E+00
       671  1.987114E+00
       672  4.468415E+00
       673  2.013852E+00
       674  4.502487E+00
       675  2.060596E+00
       676  4.571127E+00
       677  2.177172E+00
       678  4.643111E+00
       679  7.887675E-01
       680  1.675416E+00
       681  7.887675E-01
       682  1.675416E+00
       683  2.177172E+00
       684  4.643111E+00
       685  2.060596E+00
       686  4.571127E+00
       687  2.013852E+00
       688  4.502487E+00
       689  1.987114E+00
       690  4.468415E+00
       691  2.893652E+01
       692  1.712606E+01
       693  8.661710E+00
       694  3.400548E+00
       695  1.252936E+00
       696  2.893652E+01
       697  1.712606E+01
       698  8.661710E+00
       699  3.400548E+00
       700  1.252936E+00
       701  1.703910E+00
       702  3.860102E+00
       703  1.731662E+00
       704  3.895263E+00
       705  1.779441E+00
       706  3.965952E+00
       707  1.907067E+00
       708  4.037217E+00
       709  6.910546E-01
       710  1.451576E+00
       711  6.910546E-01
       712  1.451576E+00
       713  1.907067E+00
       714  4.037217E+00
       715  1.779441E+00
       716  3.965952E+00
       717  1.731662E+00
       718  3.895263E+00
       719  1.703910E+00
       720  3.860102E+00
       721  2.368810E+01
       722  1.411196E+01
       723  7.249076E+00
       724  2.966979E+00
       725  1.184757E+00
       726  2.368810E+01
       727  1.411196E+01
       728  7.249076E+00
       729  2.966979E+00
       730  1.184757E+00
       731  1.415929E+00
       732  3.225181E+00
       733  1.444290E+00
       734  3.259963E+00
       735  1.492789E+00
       736  3.331369E+00
       737  1.631773E+00
       738  3.401203E+00
       739  5.919495E-01
       740  1.216740E+00
       741  5.919495E-01
       742  1.216740E+00
       743  1.631773E+00
       744  3.401203E+00
       745  1.492789E+00
       746  3.331369E+00
       747  1.444290E+00
       748  3.259963E+00
       749  1.415929E+00
       750  3.225181E+00
       751  1.858278E+01
       752  1.114901E+01
       753  5.832215E+00
       754  2.508687E+00
       755  1.105466E+00
       756  1.858278E+01
       757  1.114901E+01
       758  5.832215E+00
       759  2.508687E+00
       760  1.105466E+00
       761  1.135237E+00
       762  2.595476E+00
       763  1.162603E+00
       764  2.624575E+00
       765  1.210201E+00
       766  2.691807E+00
       767  1.359982E+00
       768  2.757713E+00
       769  4.941352E-01
       770  9.789651E-01
       771  4.941352E-01
       772  9.789651E-01
       773  1.359982E+00
       774  2.757713E+00
       775  1.210201E+00
       776  2.691807E+00
       777  1.162603E+00
       778  2.624575E+00
       779  1.135237E+00
       780  2.595476E+00
       781  1.377329E+01
       782  8.334669E+00
       783  4.466233E+00
       784  2.051104E+00
       785  1.023608E+00
       786  1.377329E+01
       787  8.334669E+00
       788  4.466233E+00
       789  2.051104E+00
       790  1.023608E+00
       791  8.785756E-01
       792  2.009887E+00
       793  9.016207E-01
       794  2.021374E+00
       795  9.444990E-01
       796  2.073864E+00
       797  1.102954E+00
       798  2.130831E+00
       799  4.005890E-01
       800  7.468945E-01
       801  4.005890E-01
       802  7.468945E-01
       803  1.102954E+00
       804  2.130831E+00
       805  9.444990E-01
       806  2.073864E+00
       807  9.016207E-01
       808  2.021374E+00
       809  8.785756E-01
       810  2.009887E+00
       811  9.415591E+00
       812  5.769041E+00
       813  3.207695E+00
       814  1.621342E+00
       815  9.492124E-01
       816  9.415591E+00
       817  5.769041E+00
       818  3.207695E+00
       819  1.621342E+00
       820  9.492124E-01
       821  6.680447E-01
       822  1.507583E+00
       823  6.813423E-01
       824  1.480955E+00
       825  7.124103E-01
       826  1.501726E+00
       827  8.747015E-01
       828  1.543219E+00
       829  3.144367E-01
       830  5.289855E-01
       831  3.144367E-01
       832  5.289855E-01
       833  8.747015E-01
       834  1.543219E+00
       835  7.124103E-01
       836  1.501726E+00
       837  6.813423E-01
       838  1.480955E+00
       839  6.680447E-01
       840  1.507583E+00
       841  5.679258E+00
       842  3.561648E+00
       843  2.120166E+00
       844  1.247710E+00
       845  8.899890E-01
       846  5.679258E+00
       847  3.561648E+00
       848  2.120166E+00
       849  1.247710E+00
       850  8.899890E-01
       851  5.306322E-01
       852  1.115774E+00
       853  5.304934E-01
       854  1.027805E+00
       855  5.384297E-01
       856  9.970855E-01
       857  6.932603E-01
       858  1.016678E+00
       859  2.380522E-01
       860  3.347481E-01
       861  2.380522E-01
       862  3.347481E-01
       863  6.932603E-01
       864  1.016678E+00
       865  5.384297E-01
       866  9.970855E-01
       867  5.304934E-01
       868  1.027805E+00
       869  5.306322E-01
       870  1.115774E+00
       871  2.722946E+00
       872  1.843942E+00
       873  1.291702E+00
       874  9.584520E-01
       875  8.290806E-01
       876  2.722946E+00
       877  1.843942E+00
       878  1.291702E+00
       879  9.584520E-01
       880  8.290806E-01
       881  4.902032E-01
       882  8.201684E-01
       883  4.955411E-01
       884  6.895739E-01
       885  4.763767E-01
       886  6.132546E-01
       887  6.075684E-01
       888  6.103551E-01
       889  1.736308E-01
       890  1.913567E-01
       891  1.736308E-01
       892  1.913567E-01
       893  6.075684E-01
       894  6.103551E-01
       895  4.763767E-01
       896  6.132546E-01
       897  4.955411E-01
       898  6.895739E-01
       899  4.902032E-01
       900  8.201684E-01
       901  7.734768E-01
       902  7.174233E-01
       903  7.296398E-01
       904  7.478727E-01
       905  7.975521E-01
       906  7.734768E-01
       907  7.174233E-01
       908  7.296398E-01
       909  7.478727E-01
       910  7.975521E-01
       911  4.773061E-01
       912  5.405865E-01
       913  5.309745E-01
       914  4.515071E-01
       915  5.746823E-01
       916  4.408988E-01
       917  8.070038E-01
       918  5.394099E-01
       919  1.407835E-01
       920  2.273597E-01
       921  1.407835E-01
       922  2.273597E-01
       923  8.070038E-01
       924  5.394099E-01
       925  5.746823E-01
       926  4.408988E-01
       927  5.309745E-01
       928  4.515071E-01
       929  4.773061E-01
       930  5.405865E-01
       931  6.384682E-02
       932  1.182494E-01
       933  2.231039E-01
       934  3.939511E-01
       935  8.077215E-01
       936  6.384682E-02
       937  1.182494E-01
       938  2.231039E-01
       939  3.939511E-01
       940  8.077215E-01
       941  2.937886E-01
       942  3.219848E-01
       943  3.806498E-01
       944  2.835082E-01
       945  5.852463E-01
       946  5.288475E-01
       947  1.654408E+00
       948  1.522686E+00
       949  1.954769E-01
       950  1.129401E+00
       951  1.954769E-01
       952  1.129401E+00
       953  1.654408E+00
       954  1.522686E+00
       955  5.852463E-01
       956  5.288475E-01
       957  3.806498E-01
       958  2.835082E-01
       959  2.937886E-01
       960  3.219848E-01
