
                        S T E P       1


                                INCREMENT     1


 displacements (vx,vy,vz) for set NALL and time  0.1000000E+01

         1  0.000000E+00  6.617445E-25  3.308722E-25
         2  0.000000E+00  1.323489E-24  0.000000E+00
         3  0.000000E+00  0.000000E+00 -7.841672E-23
         4  0.000000E+00  0.000000E+00 -1.234153E-22
         5  7.422057E-04  6.578003E-07 -8.914928E-04
         6  7.428604E-04  3.786721E-06  9.060340E-04
         7 -7.563432E-04  1.784132E-07 -8.922433E-04
         8 -7.565163E-04  2.597556E-06  9.071816E-04
         9  1.077938E-03 -5.995445E-06 -1.385131E-03
        10  1.078170E-03  1.383320E-05  1.401966E-03
        11 -1.171083E-03  6.780910E-06 -1.385122E-03
        12 -1.171139E-03 -1.662944E-07  1.401867E-03
        13  1.706831E-03 -1.558844E-05 -2.321286E-03
        14  1.707572E-03  1.771492E-05  2.382714E-03
        15 -1.805859E-03  1.773710E-05 -2.319675E-03
        16 -1.807478E-03 -6.077315E-06  2.383812E-03
        17  3.958520E-03 -1.172778E-05 -4.690965E-03
        18  3.954095E-03  3.125699E-05  4.808772E-03
        19 -3.978853E-03  3.706150E-05 -4.688952E-03
        20 -3.978856E-03 -7.019617E-06  4.807500E-03
        21  5.000000E-03  2.541099E-22 -6.000000E-03
        22  5.000000E-03  0.000000E+00  6.000000E-03
        23 -5.000000E-03 -8.470329E-23 -6.000000E-03
        24 -5.000000E-03  2.286989E-21  6.000000E-03
        25  4.124242E-04 -1.610962E-05 -4.472156E-04
        26  3.244587E-04 -1.054486E-05  4.548841E-04
        27 -3.334172E-04 -1.347607E-05 -4.481665E-04
        28 -4.141244E-04 -1.030519E-05  4.511611E-04
        29  1.126621E-03 -1.149481E-05 -1.100455E-03
        30  8.761162E-04  1.852707E-06  1.069281E-03
        31 -8.559468E-04 -3.855382E-06 -1.103819E-03
        32 -1.052316E-03 -5.530732E-06  1.080073E-03
        33  1.528503E-03 -2.923039E-05 -1.974051E-03
        34  1.040666E-03  3.627698E-06  1.998412E-03
        35 -1.175694E-03 -1.992208E-06 -1.812712E-03
        36 -1.685172E-03 -1.553751E-05  1.958511E-03
        37  1.968577E-03 -1.755869E-05 -2.374388E-03
        38  2.449387E-03 -2.957935E-05 -2.661020E-03
        39  3.019160E-03 -4.069500E-05 -3.070896E-03
        40  3.553956E-03 -4.506387E-05 -3.490909E-03
        41  3.952926E-03 -4.229876E-05 -3.852907E-03
        42  4.151660E-03 -3.489773E-05 -4.153323E-03
        43  4.119756E-03 -2.490586E-05 -4.435049E-03
        44  1.733288E-03  1.481618E-05  2.443021E-03
        45  1.930441E-03  6.123670E-06  2.662879E-03
        46  2.278299E-03 -2.709192E-06  3.001973E-03
        47  2.722949E-03 -6.461059E-06  3.407997E-03
        48  3.199093E-03 -2.606239E-06  3.831027E-03
        49  3.629673E-03  7.509505E-06  4.223948E-03
        50  3.921954E-03  2.043855E-05  4.549000E-03
        51 -1.903870E-03  1.172713E-05 -2.443517E-03
        52 -2.168386E-03  3.877819E-06 -2.645703E-03
        53 -2.564502E-03 -2.859616E-06 -2.908339E-03
        54 -3.021837E-03 -5.702205E-06 -3.226240E-03
        55 -3.464120E-03 -2.292760E-06 -3.586892E-03
        56 -3.810500E-03  7.493705E-06 -3.965926E-03
        57 -3.970879E-03  2.268400E-05 -4.338915E-03
        58 -2.067723E-03 -9.344920E-06  2.483489E-03
        59 -2.552396E-03 -2.039154E-05  2.754905E-03
        60 -3.142946E-03 -3.097652E-05  3.161910E-03
        61 -3.721270E-03 -3.534723E-05  3.627850E-03
        62 -4.174595E-03 -3.130043E-05  4.077131E-03
        63 -4.403121E-03 -2.187859E-05  4.445641E-03
        64 -4.332482E-03 -1.226099E-05  4.686478E-03
        65  4.771032E-03 -2.428597E-05 -5.709705E-03
        66  2.879736E-03 -5.209425E-06  5.954621E-03
        67 -2.915737E-03 -1.398362E-06 -6.007362E-03
        68 -4.349777E-03 -1.907629E-05  5.611046E-03
        69  5.318388E-07 -2.559494E-07  1.044899E-07
        70  4.099238E-07  1.580054E-06 -4.954982E-07
        71  6.494692E-07  1.844815E-06 -5.575157E-07
        72 -2.141080E-07 -2.633513E-07  7.235003E-08
        73 -1.557335E-07  2.702854E-07 -9.730591E-08
        74 -2.347383E-07  5.331439E-07 -1.856856E-07
        75 -2.964515E-07  8.019762E-07  3.598773E-07
        76 -4.122495E-07  1.032937E-06  2.028768E-07
        77 -8.945664E-08  2.389683E-07  2.300940E-07
        78 -5.377620E-07  1.241619E-06 -5.172993E-07
        79 -7.114013E-07  1.712690E-06 -2.803992E-07
        80 -2.087189E-07  4.774125E-07 -2.988777E-07
        81  1.078947E-03  1.288448E-05 -7.262201E-04
        82  1.078749E-03  4.250100E-06  3.492551E-05
        83  1.078949E-03 -4.477890E-06  7.823607E-04
        84 -1.171388E-03  5.829659E-06 -7.451827E-04
        85 -1.171229E-03  2.099891E-06  1.853166E-05
        86 -1.171358E-03 -8.917302E-07  7.773499E-04
        87  5.427783E-04  1.339599E-06 -1.385247E-03
        88 -5.955910E-05 -2.934177E-07 -1.385266E-03
        89 -6.557266E-04 -1.500918E-06 -1.385193E-03
        90  5.665591E-04 -1.647639E-06  1.401266E-03
        91 -4.551510E-05  5.257738E-06  1.401385E-03
        92 -6.578385E-04  1.366200E-05  1.401164E-03
        93  1.708838E-03  1.267812E-05  1.701222E-05
        94 -1.807406E-03  3.434107E-05  2.822896E-05
        95 -4.670555E-05 -3.234599E-05 -2.320200E-03
        96 -5.765294E-05  1.463841E-05  2.381874E-03
        97  3.958260E-03 -9.387673E-05  8.873902E-05
        98 -3.980888E-03  7.052238E-06  8.772556E-05
        99  1.735353E-05 -9.547859E-06 -4.687927E-03
       100  6.443548E-06 -2.142024E-05  4.807207E-03
       101  4.997487E-03 -8.531780E-05 -3.011988E-03
       102  4.998634E-03  8.412915E-06 -2.178360E-05
       103  4.997108E-03  1.013243E-04  2.978513E-03
       104 -5.005921E-03  1.282431E-04 -3.096179E-03
       105 -5.003159E-03  1.724607E-05 -5.598723E-05
       106 -5.004994E-03 -9.473131E-05  3.010362E-03
       107  2.479883E-03 -1.106264E-05 -5.998041E-03
       108 -7.870533E-05  3.207841E-05 -5.998507E-03
       109 -2.599454E-03  6.317276E-05 -5.997043E-03
       110  2.465366E-03  5.892252E-05  6.001105E-03
       111 -4.741951E-05  2.804634E-05  6.000333E-03
       112 -2.537552E-03 -1.390636E-05  6.000404E-03
       113  3.980151E-06  7.496622E-05 -6.569602E-04
       114  5.959844E-05  2.225491E-04 -1.609227E-03
       115 -1.754881E-04  1.491426E-04 -1.395982E-03
       116  6.851409E-05 -8.988542E-05 -7.551300E-04
       117  4.541800E-05 -2.206166E-04 -1.613311E-03
       118  2.276042E-04 -1.243629E-04 -1.304976E-03
       119 -1.584498E-04 -8.347966E-05  7.184297E-04
       120 -3.311167E-04 -2.399300E-04  1.713211E-03
       121 -4.443896E-04 -1.547505E-04  1.442990E-03
       122  6.212674E-05  8.041585E-05  6.908824E-04
       123  1.474024E-04  2.209713E-04  1.605511E-03
       124  3.471191E-04  1.415838E-04  1.367834E-03
       125 -7.424692E-04  2.377962E-04  1.058498E-04
       126 -8.855209E-04  2.992710E-04  2.905286E-04
       127  2.302368E-04  7.819634E-05  5.785973E-04
       128 -6.384180E-04 -2.078760E-04  2.439942E-05
       129 -7.552829E-04 -2.643999E-04 -1.552762E-04
       130  2.596888E-04 -6.655741E-05 -5.563493E-04
       131  6.860653E-04 -2.215966E-04 -9.923365E-05
       132  7.811431E-04 -2.719562E-04  3.261215E-05
       133 -2.930358E-04 -6.089655E-05  4.726710E-04
       134  6.769758E-04  2.190477E-04 -2.645535E-06
       135  7.958865E-04  2.759299E-04 -1.323949E-04
       136 -2.558982E-04  7.009717E-05 -4.647966E-04
       137 -4.333807E-05 -1.637753E-05 -1.100033E-03
       138  3.601486E-05  1.305659E-05 -1.108385E-03
       139 -5.450728E-05  2.609984E-05  1.070429E-03
       140  1.164861E-04 -1.364330E-05  1.081992E-03
       141  9.905992E-04 -1.313815E-05  2.587259E-04
       142  1.001133E-03  2.078123E-05 -2.815745E-04
       143 -9.610217E-04  1.001748E-05  2.575342E-04
       144 -9.438464E-04 -1.785824E-07 -2.681516E-04
       145  6.393560E-04  5.109300E-05 -1.931105E-03
       146  4.056803E-04  1.776601E-04 -2.768963E-03
       147 -3.632656E-04  1.284968E-04 -2.667730E-03
       148 -8.268330E-04 -4.286713E-05 -1.893532E-03
       149 -3.176760E-04 -1.811462E-04 -2.789005E-03
       150  5.618852E-04 -1.575693E-04 -2.808394E-03
       151  5.342392E-04 -6.549702E-05  2.084214E-03
       152 -4.189916E-05 -2.143989E-04  3.042299E-03
       153 -7.778714E-04 -1.533001E-04  2.880835E-03
       154 -7.999274E-04  7.541935E-05  2.069144E-03
       155 -3.117373E-04  2.215969E-04  3.014855E-03
       156  5.178138E-04  1.668399E-04  2.888459E-03
       157  4.854759E-04  1.904077E-04 -6.842238E-04
       158  3.074391E-04  2.615347E-04  3.407697E-04
       159  1.150584E-03  1.004719E-04  1.490944E-03
       160  4.649687E-04 -1.901260E-04  8.631021E-04
       161  3.270636E-04 -2.524124E-04 -2.474573E-04
       162  1.214597E-03 -8.363744E-05 -1.532946E-03
       163 -7.487702E-04 -1.420517E-04 -8.471566E-04
       164 -6.383206E-04 -1.982445E-04  1.093476E-04
       165 -1.380901E-03 -6.112616E-05  1.350595E-03
       166 -7.971544E-04  1.339826E-04  9.571658E-04
       167 -5.627886E-04  2.223968E-04  7.570652E-05
       168 -1.196356E-03  1.085246E-04 -1.184473E-03
       169  1.418196E-03  3.321113E-05 -2.752125E-03
       170  1.602151E-03  3.541140E-04 -4.831862E-03
       171  2.037097E-03  8.330878E-04 -7.678026E-03
       172  1.789326E-03  1.081351E-03 -9.048174E-03
       173  5.428652E-04  8.908628E-04 -8.201482E-03
       174 -1.339839E-03  3.768316E-04 -5.995197E-03
       175 -2.912227E-03  3.495050E-05 -4.641905E-03
       176 -1.506054E-03 -4.740490E-05 -2.875642E-03
       177 -6.603049E-04 -3.760281E-04 -5.002286E-03
       178  5.861521E-04 -8.528675E-04 -7.842530E-03
       179  1.459133E-03 -1.098039E-03 -9.200448E-03
       180  1.755820E-03 -9.104898E-04 -8.371993E-03
       181  1.861903E-03 -4.019378E-04 -6.193428E-03
       182  2.627688E-03 -4.333828E-05 -4.774077E-03
       183  1.263037E-03 -4.589703E-05  2.909573E-03
       184  1.646128E-04 -3.898004E-04  5.132287E-03
       185 -1.390679E-03 -8.955703E-04  8.132140E-03
       186 -2.492554E-03 -1.170809E-03  9.643003E-03
       187 -2.826052E-03 -9.987508E-04  8.883066E-03
       188 -2.724349E-03 -4.769025E-04  6.642586E-03
       189 -3.071901E-03 -8.129183E-05  5.061207E-03
       190 -1.425430E-03  6.304188E-05  2.953685E-03
       191 -1.398756E-03  4.015286E-04  5.147761E-03
       192 -1.556320E-03  8.824845E-04  8.010583E-03
       193 -1.097023E-03  1.125903E-03  9.359772E-03
       194  1.902504E-04  9.328535E-04  8.505101E-03
       195  1.909186E-03  4.183620E-04  6.300636E-03
       196  3.163783E-03  5.914411E-05  4.878538E-03
       197  1.396544E-03  8.736288E-05 -1.507196E-03
       198 -8.737293E-04  7.409488E-04 -3.722583E-04
       199 -4.311829E-03  1.674364E-03  1.043891E-03
       200 -5.552365E-03  1.996721E-03  2.182258E-03
       201 -3.368063E-03  1.506142E-03  2.803048E-03
       202  9.488945E-04  6.011891E-04  3.105910E-03
       203  3.734876E-03  5.927095E-05  3.736837E-03
       204  1.466512E-03 -6.390169E-05  1.631396E-03
       205 -5.364831E-04 -6.416051E-04  1.375882E-03
       206 -3.685225E-03 -1.496783E-03  1.552918E-03
       207 -5.062384E-03 -1.852636E-03  1.221262E-03
       208 -3.461290E-03 -1.495670E-03 -3.916949E-06
       209  2.517224E-04 -7.186195E-04 -1.867129E-03
       210  3.163882E-03 -1.497803E-04 -3.502715E-03
       211 -1.649511E-03 -3.945908E-05 -1.764437E-03
       212  4.042460E-04 -6.317814E-04 -1.412356E-03
       213  3.674491E-03 -1.519545E-03 -1.171571E-03
       214  4.926109E-03 -1.844088E-03 -5.450639E-04
       215  2.947830E-03 -1.400335E-03  6.728206E-04
       216 -1.075793E-03 -5.572141E-04  2.291257E-03
       217 -3.703423E-03 -4.584904E-05  3.714006E-03
       218 -1.549970E-03  8.029159E-05  1.749867E-03
       219  4.840949E-04  6.683975E-04  5.411263E-04
       220  3.668848E-03  1.534008E-03 -1.209417E-03
       221  4.951106E-03  1.867153E-03 -2.511450E-03
       222  3.122468E-03  1.458654E-03 -2.987193E-03
       223 -7.908764E-04  6.401548E-04 -2.969979E-03
       224 -3.559535E-03  1.002108E-04 -3.469062E-03
       225  2.784767E-03  1.274681E-04 -5.775584E-03
       226  1.860433E-03  4.050014E-04 -7.454824E-03
       227 -7.365605E-04  3.423403E-04 -7.302784E-03
       228 -2.054850E-03 -1.535769E-04 -6.071845E-03
       229 -8.379585E-04 -3.702071E-04 -7.376777E-03
       230  1.240913E-03 -2.393713E-04 -6.888328E-03
       231  1.935356E-03 -1.039145E-04  5.837842E-03
       232  6.771131E-04 -3.099093E-04  7.098911E-03
       233 -1.328403E-03 -2.306541E-04  6.843699E-03
       234 -2.195851E-03  9.610041E-05  5.659926E-03
       235 -1.287819E-03  3.608164E-04  7.267811E-03
       236  8.678399E-04  3.161819E-04  7.195621E-03
       237  2.755509E-03  3.541420E-04 -1.967657E-03
       238  1.862911E-03  6.075375E-04  1.198466E-03
       239  3.373802E-03  2.949368E-04  4.004418E-03
       240  2.688134E-03 -3.602317E-04  2.449936E-03
       241  2.011927E-03 -5.638363E-04 -5.203178E-04
       242  3.399759E-03 -2.837512E-04 -3.646985E-03
       243 -2.651405E-03 -3.678933E-04 -2.461176E-03
       244 -1.887930E-03 -5.923832E-04  4.478253E-04
       245 -3.333392E-03 -2.982241E-04  3.599449E-03
       246 -3.092926E-03  2.719832E-04  2.137585E-03
       247 -2.355451E-03  4.903049E-04 -1.143897E-03
       248 -3.302589E-03  3.037647E-04 -4.163687E-03

 forces (fx,fy,fz) for set RIGHT and time  0.1000000E+01

        21  1.399912E+03  7.258506E+02 -1.570327E+03
        22  8.336865E+02 -7.103037E+02  1.647114E+03
        23 -1.485270E+03 -1.007551E+02 -6.272997E+02
        24 -7.767165E+02  3.705820E+02  5.476166E+02

 internal energy (element, energy) for set ALL and time  0.1000000E+01

         1  1.141367E-02
         2  1.023711E-02
         3  1.204543E-02
         4  7.417162E-03
         5  9.620201E-03
         6  9.935211E-03
         7  9.602440E-03
         8  8.531301E-03
         9  2.602164E-03
        10  1.811879E-03
        11  8.044451E-04
        12  5.665162E-04
        13  2.693351E-03
        14  3.277899E-03
        15  2.017514E-03
        16  2.057600E-03
        17  8.084478E-03
        18  6.386349E-03
        19  6.959124E-03
        20  5.499531E-03
        21  5.701224E-03
        22  1.074692E-02
        23  3.316872E-03
        24  8.231665E-03
        25  6.638167E-03
        26  3.699551E-03
        27  2.151355E-03
        28  2.028713E-03
        29  2.266786E-03
        30  2.438736E-03
        31  3.172809E-03
        32  9.186998E-03
        33  4.518656E-03
        34  3.826730E-03
        35  2.547907E-03
        36  2.031151E-03
        37  2.091696E-03
        38  2.782703E-03
        39  4.007605E-03
        40  6.041083E-03
        41  4.737212E-03
        42  3.375071E-03
        43  2.729900E-03
        44  2.587057E-03
        45  2.837187E-03
        46  3.483062E-03
        47  5.091943E-03
        48  5.085676E-03
        49  7.050988E-03
        50  3.681821E-03
        51  2.362356E-03
        52  2.015577E-03
        53  2.204412E-03
        54  2.941757E-03
        55  3.953492E-03
        56  3.171323E-03
        57  3.368725E-02
        58  4.970288E-02
        59  5.465510E-02
        60  7.238267E-02
        61  3.448580E-02
        62  8.541791E-02
        63  2.564025E-02
        64  4.648722E-02
        65  8.651690E-04
        66  6.662600E-05
        67  1.441396E-04
        68  1.824207E-03
        69  1.573315E-04
        70  1.214835E-05
        71  1.726104E-05
        72  2.205082E-04
        73  7.059616E-04
        74  5.785749E-05
        75  1.021336E-05
        76  1.356882E-04
        77  1.512604E-03
        78  1.256321E-04
        79  1.550625E-05
        80  1.948801E-04
        81  1.739486E-03
        82  1.517878E-03
        83  1.198756E-03
        84  1.553661E-03
        85  6.562660E-03
        86  6.706491E-04
        87  1.557070E-03
        88  8.796962E-03
        89  1.016833E-02
        90  1.295133E-03
        91  1.596093E-03
        92  1.092132E-02
        93  4.825851E-03
        94  5.763302E-04
        95  9.589572E-04
        96  6.129141E-03
        97  7.386692E-03
        98  9.730653E-04
        99  1.028280E-03
       100  7.482919E-03
       101  4.062701E-03
       102  3.320730E-03
       103  3.399333E-03
       104  3.938234E-03
       105  4.898832E-03
       106  4.555164E-03
       107  4.947029E-03
       108  6.303926E-03
       109  8.965334E-03
       110  7.801076E-03
       111  1.474246E-02
       112  1.373682E-02
       113  2.210551E-02
       114  2.019279E-02
       115  7.430408E-03
       116  4.468473E-03
       117  2.099703E-02
       118  3.731223E-03
       119  3.445430E-03
       120  2.265799E-02
       121  3.220095E-02
       122  4.267515E-03
       123  3.350642E-03
       124  2.098039E-02
       125  1.063725E-02
       126  4.418906E-03
       127  6.072056E-03
       128  1.875186E-02
       129  1.473770E-02
       130  4.897502E-03
       131  4.379333E-03
       132  9.437548E-03
       133  1.285219E-01
       134  9.815133E-02
       135  1.021657E-01
       136  1.207581E-01
       137  1.446545E-01
       138  9.448977E-02
       139  1.012775E-01
       140  1.121647E-01
       141  1.372227E-01
       142  8.666502E-02
       143  9.652156E-02
       144  1.339225E-01
       145  1.333686E-01
       146  9.243895E-02
       147  9.461316E-02
       148  1.193089E-01
       149  1.366904E-01
       150  9.666045E-02
       151  8.447103E-02
       152  1.124096E-01
       153  1.278173E-01
       154  9.878509E-02
       155  8.876211E-02
       156  1.180701E-01
       157  1.298999E-01
       158  1.088326E-01
       159  9.434930E-02
       160  1.152111E-01
       161  1.285455E-01
       162  1.128006E-01
       163  9.878710E-02
       164  1.184181E-01
       165  1.382986E-01
       166  9.051804E-02
       167  1.226808E-01
       168  9.915496E-02
       169  1.250033E-01
       170  1.200061E-01
       171  1.064623E-01
       172  1.075193E-01
       173  1.416743E-01
       174  1.141337E-01
       175  1.390612E-01
       176  1.041910E-01
       177  1.016822E-01
       178  1.429391E-01
       179  1.126805E-01
       180  1.436438E-01
       181  1.146342E-01
       182  9.419032E-02
       183  1.052624E-01
       184  1.171531E-01
       185  1.169729E-01
       186  8.577637E-02
       187  1.024923E-01
       188  7.973477E-02
       189  1.193073E-01
       190  8.082325E-02
       191  9.366789E-02
       192  1.191209E-01
       193  1.247905E-01
       194  8.358971E-02
       195  9.461386E-02
       196  1.145895E-01
       197  1.172095E-01
       198  8.530400E-02
       199  8.092482E-02
       200  1.088959E-01
       201  1.338517E-01
       202  9.374754E-02
       203  9.504731E-02
       204  1.240546E-01
       205  1.238490E-01
       206  1.025816E-01
       207  9.484890E-02
       208  1.140355E-01
       209  1.151537E-01
       210  1.039045E-01
       211  9.228154E-02
       212  1.068990E-01
       213  1.724360E-01
       214  2.143318E-01
       215  6.515414E-02
       216  1.830638E-01
       217  1.835400E-01
       218  5.795862E-02
       219  2.209090E-01
       220  8.970857E-02
       221  1.761561E-01
       222  2.166945E-01
       223  7.145853E-02
       224  1.954945E-01
       225  1.963057E-01
       226  6.223242E-02
       227  2.237255E-01
       228  1.022207E-01
       229  1.934954E-01
       230  2.089983E-01
       231  5.415747E-02
       232  1.755758E-01
       233  1.824051E-01
       234  5.248440E-02
       235  1.814158E-01
       236  1.155056E-01
       237  2.044269E-01
       238  2.074564E-01
       239  6.435506E-02
       240  1.911607E-01
       241  1.892103E-01
       242  5.334921E-02
       243  2.205014E-01
       244  1.171405E-01
       245  1.200323E-01
       246  2.645865E-01
       247  6.165301E-02
       248  2.445220E-01
       249  2.321396E-01
       250  5.507916E-02
       251  3.540983E-01
       252  1.930463E-01
       253  1.093333E-01
       254  2.425792E-01
       255  4.777363E-02
       256  2.011141E-01
       257  2.119280E-01
       258  6.246695E-02
       259  2.213255E-01
       260  2.039663E-01
       261  9.589942E-02
       262  2.564287E-01
       263  5.992090E-02
       264  2.237275E-01
       265  2.172613E-01
       266  5.831748E-02
       267  3.089664E-01
       268  1.540270E-01
       269  9.422859E-02
       270  2.687342E-01
       271  6.549359E-02
       272  2.378842E-01
       273  2.389261E-01
       274  7.334815E-02
       275  3.003379E-01
       276  2.101199E-01
       277  1.578113E-01
       278  1.177380E-01
       279  1.588054E-01
       280  1.094321E-01
       281  1.262998E-01
       282  8.139761E-02
       283  1.207979E-01
       284  1.101084E-01
       285  1.261477E-01
       286  8.891272E-02
       287  1.266819E-01
       288  1.175490E-01
       289  1.741819E-01
       290  1.223595E-01
       291  1.582715E-01
       292  1.048651E-01
       293  1.852050E-01
       294  1.183035E-01
       295  7.581297E-02
       296  1.067251E-01
       297  1.605827E-01
       298  1.172732E-01
       299  1.136039E-01
       300  1.546873E-01
       301  1.595278E-01
       302  1.300503E-01
       303  1.140585E-01
       304  1.274962E-01
       305  1.160535E-01
       306  1.109366E-01
       307  9.637183E-02
       308  1.083804E-01

 total internal energy for set ALL and time  0.1000000E+01

        2.441603E+01
