
                        S T E P       1


                                INCREMENT     1


 displacements (vx,vy,vz) for set TIP_TOP and time  0.1000000E+01

       887  7.631642E-02 -1.455558E-03 -1.759645E+00
       888  7.630983E-02 -1.419013E-03 -1.757424E+00
       891  7.624238E-02 -1.299182E-03 -1.755312E+00
       894  7.624345E-02 -9.593095E-04 -1.753480E+00
       896  7.628308E-02 -3.226469E-04 -1.752421E+00
       898  7.628780E-02  9.703399E-12 -1.752368E+00
       900  7.628308E-02  3.226469E-04 -1.752421E+00
       903  7.624345E-02  9.593095E-04 -1.753480E+00
       906  7.624238E-02  1.299182E-03 -1.755312E+00
       909  7.630983E-02  1.419013E-03 -1.757424E+00
       912  7.631642E-02  1.455558E-03 -1.759645E+00

 forces (fx,fy,fz) for set CLAMP and time  0.1000000E+01

         1  4.067348E+03  6.740947E+03  2.700810E+03
         4  7.556556E+03 -2.950735E-09  5.423604E+03
         5  5.491300E+03  1.076746E+04 -2.736735E+02
         8  1.002884E+04 -3.575808E-09 -4.992306E+02
         9  3.588018E+03  6.975727E+03 -4.604117E+02
        12  6.528366E+03  1.859191E-10 -8.838663E+02
        13  1.729968E+03  3.295301E+03 -6.073620E+02
        16  3.140887E+03  4.238147E-09 -1.181656E+03
        17 -1.533103E+02 -4.239644E+02 -6.682576E+02
        20 -2.904666E+02  8.259145E-09 -1.311356E+03
        21 -5.457440E+02 -1.537558E+03 -2.503691E+03
        24 -1.873644E+03  6.392906E-09 -8.124369E+02
        26  4.067348E+03 -6.740947E+03  2.700810E+03
        28  5.491300E+03 -1.076746E+04 -2.736735E+02
        30  3.588018E+03 -6.975727E+03 -4.604117E+02
        32  1.729968E+03 -3.295301E+03 -6.073620E+02
        34 -1.533103E+02  4.239644E+02 -6.682576E+02
        36 -5.457440E+02  1.537558E+03 -2.503691E+03
        37  2.879901E+01 -6.454289E+02 -2.202789E+03
        40  6.279806E+02 -1.583317E+02 -4.151836E+03
        41 -1.738472E+03 -1.453294E+03 -4.864053E+02
        44 -2.655710E+03 -3.351969E+02 -9.333053E+02
        45 -1.930008E+03 -8.086438E+02  2.604620E+03
        48 -3.617098E+03 -1.768927E+02  5.060376E+03
        50  8.051742E+02 -1.439060E+02 -4.038094E+03
        52 -2.610333E+03 -3.008094E+02 -9.480319E+02
        54 -3.764166E+03 -1.565540E+02  5.007896E+03
        56  8.762709E+02 -1.146121E+02 -4.089894E+03
        58 -2.662312E+03 -2.299411E+02 -9.496144E+02
        60 -3.900023E+03 -1.163899E+02  5.098496E+03
        62 -1.940562E+03 -1.036748E+02 -6.409438E+02
        64 -2.828821E+03 -4.976550E+01  3.699193E+03
        66 -1.152644E+03  2.180945E-09 -3.648219E+02
        68 -1.674493E+03  9.394026E-10  2.195604E+03
        70 -1.940562E+03  1.036748E+02 -6.409438E+02
        72 -2.828821E+03  4.976550E+01  3.699193E+03
        74  8.762709E+02  1.146121E+02 -4.089894E+03
        76 -2.662312E+03  2.299411E+02 -9.496144E+02
        78 -3.900023E+03  1.163899E+02  5.098496E+03
        80  8.051742E+02  1.439060E+02 -4.038094E+03
        82 -2.610333E+03  3.008094E+02 -9.480319E+02
        84 -3.764166E+03  1.565540E+02  5.007896E+03
        86  6.279806E+02  1.583317E+02 -4.151836E+03
        88 -2.655710E+03  3.351969E+02 -9.333053E+02
        90 -3.617098E+03  1.768927E+02  5.060376E+03
        92  2.879901E+01  6.454289E+02 -2.202789E+03
        94 -1.738472E+03  1.453294E+03 -4.864053E+02
        96 -1.930008E+03  8.086438E+02  2.604620E+03

 internal energy (element, energy) for set EALL and time  0.1000000E+01

         1  5.850643E+01
         2  2.907825E+01
         3  1.083752E+01
         4  2.251011E+00
         5  3.322621E+00
         6  5.850643E+01
         7  2.907825E+01
         8  1.083752E+01
         9  2.251011E+00
        10  3.322621E+00
        11  5.108768E+00
        12  7.135935E+00
        13  4.838909E+00
        14  6.886241E+00
        15  4.847869E+00
        16  6.957692E+00
        17  5.018884E+00
        18  7.181323E+00
        19  2.127029E+00
        20  3.039035E+00
        21  2.127029E+00
        22  3.039035E+00
        23  5.018884E+00
        24  7.181323E+00
        25  4.847869E+00
        26  6.957692E+00
        27  4.838909E+00
        28  6.886241E+00
        29  5.108768E+00
        30  7.135935E+00
        31  6.573076E+01
        32  3.569219E+01
        33  1.394840E+01
        34  3.254306E+00
        35  4.126281E+00
        36  6.573076E+01
        37  3.569219E+01
        38  1.394840E+01
        39  3.254306E+00
        40  4.126281E+00
        41  5.252780E+00
        42  7.368705E+00
        43  5.706735E+00
        44  7.908355E+00
        45  5.891067E+00
        46  8.123050E+00
        47  6.001486E+00
        48  8.241663E+00
        49  2.488332E+00
        50  3.412261E+00
        51  2.488332E+00
        52  3.412261E+00
        53  6.001486E+00
        54  8.241663E+00
        55  5.891067E+00
        56  8.123050E+00
        57  5.706735E+00
        58  7.908355E+00
        59  5.252780E+00
        60  7.368705E+00
        61  6.434610E+01
        62  3.338363E+01
        63  1.316368E+01
        64  3.148619E+00
        65  3.627276E+00
        66  6.434610E+01
        67  3.338363E+01
        68  1.316368E+01
        69  3.148619E+00
        70  3.627276E+00
        71  5.270443E+00
        72  7.532226E+00
        73  5.390108E+00
        74  7.667672E+00
        75  5.534100E+00
        76  7.836454E+00
        77  5.613635E+00
        78  7.924094E+00
        79  2.307372E+00
        80  3.258633E+00
        81  2.307372E+00
        82  3.258633E+00
        83  5.613635E+00
        84  7.924094E+00
        85  5.534100E+00
        86  7.836454E+00
        87  5.390108E+00
        88  7.667672E+00
        89  5.270443E+00
        90  7.532226E+00
        91  6.402906E+01
        92  3.357006E+01
        93  1.331592E+01
        94  3.289465E+00
        95  3.395510E+00
        96  6.402906E+01
        97  3.357006E+01
        98  1.331592E+01
        99  3.289465E+00
       100  3.395510E+00
       101  5.369051E+00
       102  7.707863E+00
       103  5.367340E+00
       104  7.699527E+00
       105  5.388169E+00
       106  7.715029E+00
       107  5.427980E+00
       108  7.741812E+00
       109  2.220049E+00
       110  3.164771E+00
       111  2.220049E+00
       112  3.164771E+00
       113  5.427980E+00
       114  7.741812E+00
       115  5.388169E+00
       116  7.715029E+00
       117  5.367340E+00
       118  7.699527E+00
       119  5.369051E+00
       120  7.707863E+00
       121  6.263791E+01
       122  3.317791E+01
       123  1.346630E+01
       124  3.481183E+00
       125  3.210219E+00
       126  6.263791E+01
       127  3.317791E+01
       128  1.346630E+01
       129  3.481183E+00
       130  3.210219E+00
       131  5.230826E+00
       132  7.612074E+00
       133  5.234537E+00
       134  7.610417E+00
       135  5.247819E+00
       136  7.621903E+00
       137  5.277788E+00
       138  7.643796E+00
       139  2.143295E+00
       140  3.106423E+00
       141  2.143295E+00
       142  3.106423E+00
       143  5.277788E+00
       144  7.643796E+00
       145  5.247819E+00
       146  7.621903E+00
       147  5.234537E+00
       148  7.610417E+00
       149  5.230826E+00
       150  7.612074E+00
       151  6.100203E+01
       152  3.260463E+01
       153  1.350378E+01
       154  3.661924E+00
       155  3.056095E+00
       156  6.100203E+01
       157  3.260463E+01
       158  1.350378E+01
       159  3.661924E+00
       160  3.056095E+00
       161  5.065438E+00
       162  7.468651E+00
       163  5.075070E+00
       164  7.478670E+00
       165  5.093575E+00
       166  7.500604E+00
       167  5.126939E+00
       168  7.524374E+00
       169  2.068063E+00
       170  3.037696E+00
       171  2.068063E+00
       172  3.037696E+00
       173  5.126939E+00
       174  7.524374E+00
       175  5.093575E+00
       176  7.500604E+00
       177  5.075070E+00
       178  7.478670E+00
       179  5.065438E+00
       180  7.468651E+00
       181  5.885289E+01
       182  3.175299E+01
       183  1.342531E+01
       184  3.818504E+00
       185  2.903651E+00
       186  5.885289E+01
       187  3.175299E+01
       188  1.342531E+01
       189  3.818504E+00
       190  2.903651E+00
       191  4.869763E+00
       192  7.287022E+00
       193  4.880888E+00
       194  7.299720E+00
       195  4.900722E+00
       196  7.324326E+00
       197  4.937392E+00
       198  7.349058E+00
       199  1.977838E+00
       200  2.947065E+00
       201  1.977838E+00
       202  2.947065E+00
       203  4.937392E+00
       204  7.349058E+00
       205  4.900722E+00
       206  7.324326E+00
       207  4.880888E+00
       208  7.299720E+00
       209  4.869763E+00
       210  7.287022E+00
       211  5.613266E+01
       212  3.058107E+01
       213  1.320840E+01
       214  3.947303E+00
       215  2.758641E+00
       216  5.613266E+01
       217  3.058107E+01
       218  1.320840E+01
       219  3.947303E+00
       220  2.758641E+00
       221  4.642274E+00
       222  7.052455E+00
       223  4.652928E+00
       224  7.064089E+00
       225  4.673213E+00
       226  7.089238E+00
       227  4.713670E+00
       228  7.113700E+00
       229  1.874012E+00
       230  2.831533E+00
       231  1.874012E+00
       232  2.831533E+00
       233  4.713670E+00
       234  7.113700E+00
       235  4.673213E+00
       236  7.089238E+00
       237  4.652928E+00
       238  7.064089E+00
       239  4.642274E+00
       240  7.052455E+00
       241  5.276609E+01
       242  2.904231E+01
       243  1.282669E+01
       244  4.035969E+00
       245  2.621120E+00
       246  5.276609E+01
       247  2.904231E+01
       248  1.282669E+01
       249  4.035969E+00
       250  2.621120E+00
       251  4.376102E+00
       252  6.749590E+00
       253  4.386397E+00
       254  6.759881E+00
       255  4.406865E+00
       256  6.784900E+00
       257  4.451816E+00
       258  6.808325E+00
       259  1.755393E+00
       260  2.687859E+00
       261  1.755393E+00
       262  2.687859E+00
       263  4.451816E+00
       264  6.808325E+00
       265  4.406865E+00
       266  6.784900E+00
       267  4.386397E+00
       268  6.759881E+00
       269  4.376102E+00
       270  6.749590E+00
       271  4.869294E+01
       272  2.709114E+01
       273  1.224980E+01
       274  4.068985E+00
       275  2.489543E+00
       276  4.869294E+01
       277  2.709114E+01
       278  1.224980E+01
       279  4.068985E+00
       280  2.489543E+00
       281  4.067102E+00
       282  6.365240E+00
       283  4.077081E+00
       284  6.374018E+00
       285  4.097736E+00
       286  6.398845E+00
       287  4.148388E+00
       288  6.420941E+00
       289  1.621159E+00
       290  2.512056E+00
       291  1.621159E+00
       292  2.512056E+00
       293  4.148388E+00
       294  6.420941E+00
       295  4.097736E+00
       296  6.398845E+00
       297  4.077081E+00
       298  6.374018E+00
       299  4.067102E+00
       300  6.365240E+00
       301  4.386437E+01
       302  2.468716E+01
       303  1.144719E+01
       304  4.028112E+00
       305  2.360718E+00
       306  4.386437E+01
       307  2.468716E+01
       308  1.144719E+01
       309  4.028112E+00
       310  2.360718E+00
       311  3.710516E+00
       312  5.886008E+00
       313  3.720347E+00
       314  5.893322E+00
       315  3.741209E+00
       316  5.918050E+00
       317  3.799210E+00
       318  5.938653E+00
       319  1.470398E+00
       320  2.300096E+00
       321  1.470398E+00
       322  2.300096E+00
       323  3.799210E+00
       324  5.938653E+00
       325  3.741209E+00
       326  5.918050E+00
       327  3.720347E+00
       328  5.893322E+00
       329  3.710516E+00
       330  5.886008E+00
       331  3.826465E+01
       332  2.180572E+01
       333  1.039246E+01
       334  3.893338E+00
       335  2.229532E+00
       336  3.826465E+01
       337  2.180572E+01
       338  1.039246E+01
       339  3.893338E+00
       340  2.229532E+00
       341  3.301083E+00
       342  5.297746E+00
       343  3.311187E+00
       344  5.304144E+00
       345  3.332499E+00
       346  5.329318E+00
       347  3.400200E+00
       348  5.348534E+00
       349  1.302513E+00
       350  2.048334E+00
       351  1.302513E+00
       352  2.048334E+00
       353  3.400200E+00
       354  5.348534E+00
       355  3.332499E+00
       356  5.329318E+00
       357  3.311187E+00
       358  5.304144E+00
       359  3.301083E+00
       360  5.297746E+00
       361  3.193840E+01
       362  1.845353E+01
       363  9.070805E+00
       364  3.645298E+00
       365  2.089249E+00
       366  3.193840E+01
       367  1.845353E+01
       368  9.070805E+00
       369  3.645298E+00
       370  2.089249E+00
       371  2.832692E+00
       372  4.586845E+00
       373  2.843995E+00
       374  4.593797E+00
       375  2.866742E+00
       376  4.621307E+00
       377  2.947907E+00
       378  4.640406E+00
       379  1.117561E+00
       380  1.754799E+00
       381  1.117561E+00
       382  1.754799E+00
       383  2.947907E+00
       384  4.640406E+00
       385  2.866742E+00
       386  4.621307E+00
       387  2.843995E+00
       388  4.593797E+00
       389  2.832692E+00
       390  4.586845E+00
       391  2.501759E+01
       392  1.468823E+01
       393  7.492282E+00
       394  3.271867E+00
       395  1.933841E+00
       396  2.501759E+01
       397  1.468823E+01
       398  7.492282E+00
       399  3.271867E+00
       400  1.933841E+00
       401  2.301720E+00
       402  3.746558E+00
       403  2.316562E+00
       404  3.758399E+00
       405  2.343225E+00
       406  3.792451E+00
       407  2.443349E+00
       408  3.813483E+00
       409  9.176885E-01
       410  1.421328E+00
       411  9.176885E-01
       412  1.421328E+00
       413  2.443349E+00
       414  3.813483E+00
       415  2.343225E+00
       416  3.792451E+00
       417  2.316562E+00
       418  3.758399E+00
       419  2.301720E+00
       420  3.746558E+00
       421  1.776482E+01
       422  1.063724E+01
       423  5.695530E+00
       424  2.775273E+00
       425  1.766656E+00
       426  1.776482E+01
       427  1.063724E+01
       428  5.695530E+00
       429  2.775273E+00
       430  1.766656E+00
       431  1.722512E+00
       432  2.807294E+00
       433  1.739126E+00
       434  2.820979E+00
       435  1.767916E+00
       436  2.858535E+00
       437  1.891953E+00
       438  2.879941E+00
       439  7.064915E-01
       440  1.054558E+00
       441  7.064915E-01
       442  1.054558E+00
       443  1.891953E+00
       444  2.879941E+00
       445  1.767916E+00
       446  2.858535E+00
       447  1.739126E+00
       448  2.820979E+00
       449  1.722512E+00
       450  2.807294E+00
       451  1.061274E+01
       452  6.549699E+00
       453  3.816234E+00
       454  2.206003E+00
       455  1.611070E+00
       456  1.061274E+01
       457  6.549699E+00
       458  3.816234E+00
       459  2.206003E+00
       460  1.611070E+00
       461  1.182102E+00
       462  1.900980E+00
       463  1.172260E+00
       464  1.867776E+00
       465  1.173065E+00
       466  1.861119E+00
       467  1.315544E+00
       468  1.860269E+00
       469  4.919036E-01
       470  6.629903E-01
       471  4.919036E-01
       472  6.629903E-01
       473  1.315544E+00
       474  1.860269E+00
       475  1.173065E+00
       476  1.861119E+00
       477  1.172260E+00
       478  1.867776E+00
       479  1.182102E+00
       480  1.900980E+00
       481  4.144556E+00
       482  2.922413E+00
       483  2.170838E+00
       484  1.712931E+00
       485  1.479476E+00
       486  4.144556E+00
       487  2.922413E+00
       488  2.170838E+00
       489  1.712931E+00
       490  1.479476E+00
       491  7.550409E-01
       492  1.119131E+00
       493  7.245221E-01
       494  1.023133E+00
       495  6.745328E-01
       496  9.451460E-01
       497  8.065797E-01
       498  9.032130E-01
       499  2.916901E-01
       500  3.079332E-01
       501  2.916901E-01
       502  3.079332E-01
       503  8.065797E-01
       504  9.032130E-01
       505  6.745328E-01
       506  9.451460E-01
       507  7.245221E-01
       508  1.023133E+00
       509  7.550409E-01
       510  1.119131E+00
       511  5.381940E-01
       512  5.987656E-01
       513  7.692982E-01
       514  1.020068E+00
       515  1.272504E+00
       516  5.381940E-01
       517  5.987656E-01
       518  7.692982E-01
       519  1.020068E+00
       520  1.272504E+00
       521  3.317534E-01
       522  3.909572E-01
       523  3.430615E-01
       524  3.010592E-01
       525  4.208825E-01
       526  4.153296E-01
       527  9.828604E-01
       528  8.112855E-01
       529  1.712116E-01
       530  4.312867E-01
       531  1.712116E-01
       532  4.312867E-01
       533  9.828604E-01
       534  8.112855E-01
       535  4.208825E-01
       536  4.153296E-01
       537  3.430615E-01
       538  3.010592E-01
       539  3.317534E-01
       540  3.909572E-01
