
                        S T E P       1


                                INCREMENT     1


 displacements (vx,vy,vz) for set TIP_TOP and time  0.1000000E+01

       887  1.308588E-01  3.346151E-01 -3.113884E+00
       888  1.234273E-01  3.347228E-01 -3.006880E+00
       891  1.159011E-01  3.348823E-01 -2.900585E+00
       894  1.085029E-01  3.352866E-01 -2.795299E+00
       896  1.012908E-01  3.369525E-01 -2.693182E+00
       898  9.940634E-02  3.375720E-01 -2.667989E+00
       900  9.753205E-02  3.381718E-01 -2.643295E+00
       903  9.498605E-02  3.388314E-01 -2.610203E+00
       906  9.250433E-02  3.392479E-01 -2.577835E+00
       909  9.009154E-02  3.394299E-01 -2.545846E+00
       912  8.750157E-02  3.396994E-01 -2.514453E+00
      1698  1.271927E-01  3.346454E-01 -3.060438E+00
      1730  1.047906E-01  3.359690E-01 -2.743646E+00
      1754  8.875261E-02  3.396066E-01 -2.530148E+00

 forces (fx,fy,fz) for set CLAMP and time  0.1000000E+01

         1  1.113415E+03  3.043944E+03  9.836503E+02
         4  2.699657E+03  8.361637E+01  2.092374E+03
         5  1.748635E+03  1.127528E+04  1.323798E+03
         8  7.506729E+03  7.786838E+02  3.559711E+03
         9  7.636052E+02  1.179456E+04 -6.910185E+02
        12  7.337698E+03  1.264798E+03 -1.450992E+03
        13 -9.904294E+02  5.208913E+03 -7.548008E+02
        16  3.456808E+03  1.056266E+03 -1.585811E+03
        17 -2.621595E+03 -1.242907E+03 -7.934141E+02
        20 -3.393661E+02  8.486546E+02 -1.680927E+03
        21 -1.721141E+03 -2.773437E+03 -2.491085E+03
        24 -2.145433E+03  4.094176E+02 -1.092469E+03
        26  2.051773E+03 -3.416522E+03  1.117282E+03
        28  6.685296E+03 -1.225853E+04  1.907410E+03
        30  7.473118E+03 -1.320770E+04 -7.590785E+02
        32  4.884239E+03 -6.435721E+03 -8.314476E+02
        34  2.250582E+03  2.315957E+02 -8.837391E+02
        36  1.318114E+03  2.584212E+03 -4.522627E+03
        37 -4.527354E+02 -1.789483E+03 -2.814160E+03
        40  7.456947E+02  1.293748E+02 -5.237945E+03
        41 -3.259025E+03 -4.053896E+03 -4.940419E+02
        44 -3.137035E+03  2.666336E+02 -1.106020E+03
        45 -3.001328E+03 -2.265145E+03  3.411269E+03
        48 -4.258317E+03  1.397449E+02  6.283994E+03
        50  9.058052E+02  8.257084E+01 -4.667648E+03
        52 -2.840417E+03  1.933415E+02 -1.057742E+03
        54 -4.101188E+03  1.145114E+02  5.706076E+03
        56  9.854359E+02  4.593873E+01 -4.216452E+03
        58 -2.604837E+03  1.628594E+02 -9.990670E+02
        60 -3.926923E+03  1.131440E+02  5.230433E+03
        62 -2.041155E+03  1.146128E+02 -7.338957E+02
        64 -3.140068E+03  8.226621E+01  4.022715E+03
        66 -1.518884E+03  1.673894E+02 -5.547351E+02
        68 -2.394535E+03  9.364296E+01  2.969312E+03
        70 -3.394948E+03  4.613452E+02 -1.383956E+03
        72 -5.598575E+03  2.562803E+02  6.599949E+03
        74  2.858576E+03  3.638305E+02 -6.165242E+03
        76 -4.195255E+03  8.256328E+02 -2.083446E+03
        78 -7.617774E+03  4.611315E+02  8.374501E+03
        80  2.738255E+03  3.737195E+02 -3.836757E+03
        82 -2.697254E+03  8.613261E+02 -1.823694E+03
        84 -5.813138E+03  4.861895E+02  5.652092E+03
        86  2.429427E+03  3.690836E+02 -1.760733E+03
        88 -1.337847E+03  8.575687E+02 -1.546088E+03
        90 -3.959422E+03  4.872701E+02  3.135392E+03
        92  1.058862E+03  1.321335E+02 -2.696744E+02
        94 -2.473367E+02  5.025462E+02 -7.302613E+02
        96 -1.338439E+03  3.696128E+02  7.648429E+02
       913  9.395963E+02  5.302682E+03  2.447910E+02
       914  2.604820E+03  1.011336E+02  2.013446E+03
       915  3.273151E+03  7.767096E+01  5.057537E+02
       916  7.066854E+02  9.244776E+01 -1.428476E+03
       917  3.381294E+03  4.081744E+01  5.300573E+02
       932  2.798697E+03  7.117534E+01  2.176053E+03
       933  3.488619E+03  9.660859E+00  5.414521E+02
       934  8.205237E+02  8.014788E+00 -1.373555E+03
       935  3.283912E+03 -6.143475E+03  2.726040E+02

 internal energy (element, energy) for set EALL and time  0.1000000E+01

         1  1.840887E+01
         2  1.416257E+01
         3  1.971892E+01
         4  1.499626E+01
         5  1.769747E+01
         6  1.324941E+01
         7  1.875770E+01
         8  1.403439E+01
         9  6.586245E+01
        10  2.441529E+01
        11  6.218680E+00
        12  9.598679E+00
        13  2.110546E+01
        14  1.592473E+01
        15  2.262932E+01
        16  1.696051E+01
        17  1.977545E+01
        18  1.487033E+01
        19  2.074483E+01
        20  1.568677E+01
        21  7.678481E+01
        22  2.993166E+01
        23  7.633800E+00
        24  8.271084E+00
        25  1.977055E+01
        26  2.715425E+01
        27  1.646135E+01
        28  2.301958E+01
        29  1.387041E+01
        30  1.967378E+01
        31  1.171153E+01
        32  1.684033E+01
        33  6.474087E+00
        34  9.451545E+00
        35  5.739500E+00
        36  8.463506E+00
        37  1.675777E+01
        38  2.546529E+01
        39  8.984068E+00
        40  1.439555E+01
        41  4.265093E+00
        42  7.131506E+00
        43  1.970613E+00
        44  2.994596E+00
        45  1.743445E+01
        46  1.377719E+01
        47  1.830195E+01
        48  1.438702E+01
        49  1.756374E+01
        50  1.359821E+01
        51  1.857811E+01
        52  1.437108E+01
        53  7.151158E+01
        54  2.957053E+01
        55  8.452090E+00
        56  1.084491E+01
        57  1.922763E+01
        58  1.506371E+01
        59  2.024012E+01
        60  1.581432E+01
        61  1.965165E+01
        62  1.518983E+01
        63  2.076118E+01
        64  1.604061E+01
        65  7.950033E+01
        66  3.320320E+01
        67  8.956796E+00
        68  9.163891E+00
        69  1.890122E+01
        70  2.592432E+01
        71  1.716650E+01
        72  2.360554E+01
        73  1.512910E+01
        74  2.085073E+01
        75  1.312541E+01
        76  1.810202E+01
        77  6.746551E+00
        78  9.440744E+00
        79  6.044292E+00
        80  8.584455E+00
        81  1.787497E+01
        82  2.593091E+01
        83  1.070629E+01
        84  1.601650E+01
        85  5.836609E+00
        86  8.811925E+00
        87  3.432144E+00
        88  4.419293E+00
        89  1.243513E+02
        90  6.530594E+01
        91  2.640473E+01
        92  7.630451E+00
        93  8.444500E+00
        94  1.309505E+02
        95  6.996698E+01
        96  2.859911E+01
        97  7.746621E+00
        98  6.987951E+00
        99  1.697864E+01
       100  2.358873E+01
       101  1.478247E+01
       102  2.076252E+01
       103  1.287314E+01
       104  1.823256E+01
       105  1.120920E+01
       106  1.591210E+01
       107  5.351118E+00
       108  7.806050E+00
       109  4.851955E+00
       110  7.203916E+00
       111  1.453993E+01
       112  2.180720E+01
       113  9.729739E+00
       114  1.484614E+01
       115  6.210852E+00
       116  9.418973E+00
       117  4.039767E+00
       118  5.702959E+00
       119  1.137737E+02
       120  6.069482E+01
       121  2.547015E+01
       122  7.590798E+00
       123  7.323201E+00
       124  1.689310E+01
       125  1.284635E+01
       126  1.729254E+01
       127  1.309094E+01
       128  1.651859E+01
       129  1.252340E+01
       130  1.685345E+01
       131  1.289914E+01
       132  6.359959E+01
       133  2.662146E+01
       134  7.347740E+00
       135  5.873174E+00
       136  1.531882E+01
       137  2.151440E+01
       138  1.352332E+01
       139  1.906777E+01
       140  1.178056E+01
       141  1.670715E+01
       142  1.033365E+01
       143  1.457605E+01
       144  4.555237E+00
       145  6.716175E+00
       146  4.146433E+00
       147  6.258599E+00
       148  1.239908E+01
       149  1.873159E+01
       150  8.959726E+00
       151  1.375320E+01
       152  6.377124E+00
       153  9.792558E+00
       154  4.574441E+00
       155  6.834035E+00
       156  1.039824E+02
       157  5.645146E+01
       158  2.426558E+01
       159  7.573105E+00
       160  6.474870E+00
       161  1.074600E+02
       162  5.823013E+01
       163  2.471939E+01
       164  7.038515E+00
       165  4.999261E+00
       166  1.330454E+01
       167  1.904260E+01
       168  1.189708E+01
       169  1.702648E+01
       170  1.051730E+01
       171  1.508641E+01
       172  9.432362E+00
       173  1.332420E+01
       174  3.887218E+00
       175  5.840813E+00
       176  3.563902E+00
       177  5.515914E+00
       178  1.065055E+01
       179  1.631790E+01
       180  8.273957E+00
       181  1.279542E+01
       182  6.417155E+00
       183  9.923339E+00
       184  4.955300E+00
       185  7.620738E+00
       186  9.438836E+01
       187  5.183641E+01
       188  2.288440E+01
       189  7.484307E+00
       190  5.833635E+00
       191  9.628665E+01
       192  5.261522E+01
       193  2.276527E+01
       194  6.693674E+00
       195  4.311118E+00
       196  1.139453E+01
       197  1.663938E+01
       198  1.037502E+01
       199  1.504322E+01
       200  9.323500E+00
       201  1.348306E+01
       202  8.587943E+00
       203  1.208600E+01
       204  3.327868E+00
       205  5.075495E+00
       206  3.076100E+00
       207  4.863553E+00
       208  9.168431E+00
       209  1.421341E+01
       210  7.624834E+00
       211  1.185766E+01
       212  6.358015E+00
       213  9.880050E+00
       214  5.233763E+00
       215  8.192073E+00
       216  8.465637E+01
       217  4.704765E+01
       218  2.135434E+01
       219  7.320979E+00
       220  5.333860E+00
       221  8.543257E+01
       222  4.700880E+01
       223  2.074422E+01
       224  6.304822E+00
       225  3.749722E+00
       226  9.583526E+00
       227  1.430122E+01
       228  8.939868E+00
       229  1.312029E+01
       230  8.217647E+00
       231  1.195018E+01
       232  7.817251E+00
       233  1.091407E+01
       234  2.856044E+00
       235  4.417773E+00
       236  2.660499E+00
       237  4.298007E+00
       238  7.875090E+00
       239  1.236494E+01
       240  6.964951E+00
       241  1.091289E+01
       242  6.198097E+00
       243  9.687184E+00
       244  5.425073E+00
       245  8.572820E+00
       246  7.520236E+01
       247  4.262219E+01
       248  1.964811E+01
       249  7.030299E+00
       250  4.927974E+00
       251  7.507103E+01
       252  4.205568E+01
       253  1.869781E+01
       254  5.839926E+00
       255  3.282326E+00
       256  7.924791E+00
       257  1.204929E+01
       258  7.634202E+00
       259  1.129324E+01
       260  7.208911E+00
       261  1.048263E+01
       262  7.122888E+00
       263  9.807868E+00
       264  2.463508E+00
       265  3.857436E+00
       266  2.313152E+00
       267  3.815007E+00
       268  6.767699E+00
       269  1.077095E+01
       270  6.326337E+00
       271  9.995425E+00
       272  5.955163E+00
       273  9.354892E+00
       274  5.510281E+00
       275  8.735644E+00
       276  9.777020E+00
       277  7.616244E+00
       278  9.632087E+00
       279  7.401123E+00
       280  8.573356E+00
       281  6.767324E+00
       282  8.592552E+00
       283  6.776291E+00
       284  3.727665E+01
       285  1.767812E+01
       286  6.649434E+00
       287  4.604210E+00
       288  9.481726E+00
       289  7.245696E+00
       290  9.386918E+00
       291  7.152311E+00
       292  8.623073E+00
       293  6.859199E+00
       294  8.676078E+00
       295  7.012289E+00
       296  3.621528E+01
       297  1.642023E+01
       298  5.290834E+00
       299  2.879136E+00
       300  6.444489E+00
       301  9.920658E+00
       302  6.400524E+00
       303  9.432874E+00
       304  6.264946E+00
       305  9.042871E+00
       306  6.483289E+00
       307  8.762926E+00
       308  2.133289E+00
       309  3.371771E+00
       310  2.015890E+00
       311  3.391038E+00
       312  5.784271E+00
       313  9.345572E+00
       314  5.677342E+00
       315  9.051590E+00
       316  5.620751E+00
       317  8.869286E+00
       318  5.446886E+00
       319  8.626795E+00
       320  8.383574E+00
       321  6.725170E+00
       322  8.237667E+00
       323  6.457843E+00
       324  7.345542E+00
       325  5.791021E+00
       326  7.340189E+00
       327  5.786407E+00
       328  3.241701E+01
       329  1.568848E+01
       330  6.189969E+00
       331  4.321002E+00
       332  8.121995E+00
       333  6.258561E+00
       334  8.011265E+00
       335  6.129552E+00
       336  7.336107E+00
       337  5.849323E+00
       338  7.357334E+00
       339  5.978937E+00
       340  3.110646E+01
       341  1.420921E+01
       342  4.713687E+00
       343  2.523054E+00
       344  4.924261E+00
       345  7.519135E+00
       346  5.287302E+00
       347  7.801248E+00
       348  5.436624E+00
       349  7.803473E+00
       350  5.888929E+00
       351  7.793724E+00
       352  1.847129E+00
       353  2.943413E+00
       354  1.752435E+00
       355  3.009552E+00
       356  4.892886E+00
       357  8.038240E+00
       358  4.987566E+00
       359  8.023197E+00
       360  5.119068E+00
       361  8.093190E+00
       362  5.203965E+00
       363  8.213241E+00
       364  7.077257E+00
       365  5.724055E+00
       366  6.919668E+00
       367  5.447899E+00
       368  6.096079E+00
       369  4.826936E+00
       370  6.075197E+00
       371  4.804018E+00
       372  2.744129E+01
       373  1.360120E+01
       374  5.663418E+00
       375  4.077300E+00
       376  6.794950E+00
       377  5.241824E+00
       378  6.673580E+00
       379  5.106501E+00
       380  6.053472E+00
       381  4.846115E+00
       382  6.054154E+00
       383  4.953750E+00
       384  2.594256E+01
       385  1.198581E+01
       386  4.090840E+00
       387  2.192308E+00
       388  3.264784E-01
       389  4.600981E-01
       390  4.836220E-01
       391  5.610203E-01
       392  2.843507E-01
       393  3.160562E-01
       394  5.650267E-01
       395  5.455398E-01
       396  6.505080E-01
       397  9.068350E-01
       398  7.413881E-01
       399  1.018212E+00
       400  4.448980E-01
       401  6.592891E-01
       402  6.746362E-01
       403  9.557800E-01
       404  4.632441E+00
       405  6.775524E+00
       406  4.789744E+00
       407  6.744271E+00
       408  5.375583E+00
       409  6.890242E+00
       410  1.595678E+00
       411  2.559856E+00
       412  1.514969E+00
       413  2.663170E+00
       414  4.097424E+00
       415  6.865569E+00
       416  4.339968E+00
       417  7.064761E+00
       418  4.609552E+00
       419  7.299466E+00
       420  4.669084E+00
       421  7.240490E+00
       422  5.810144E+00
       423  4.727746E+00
       424  5.647321E+00
       425  4.453029E+00
       426  4.881901E+00
       427  3.889908E+00
       428  4.851421E+00
       429  3.852211E+00
       430  2.253751E+01
       431  1.147228E+01
       432  5.087214E+00
       433  3.849726E+00
       434  5.516868E+00
       435  4.248457E+00
       436  5.389672E+00
       437  4.114061E+00
       438  4.818649E+00
       439  3.877525E+00
       440  4.805016E+00
       441  3.966981E+00
       442  2.091765E+01
       443  9.751476E+00
       444  3.431896E+00
       445  1.868887E+00
       446  1.825172E-01
       447  2.803900E-01
       448  4.006170E-01
       449  4.164369E-01
       450  2.237227E-01
       451  2.211639E-01
       452  4.483678E-01
       453  3.977866E-01
       454  4.098699E-01
       455  5.752414E-01
       456  5.394474E-01
       457  7.677375E-01
       458  3.163006E-01
       459  5.025276E-01
       460  4.899658E-01
       461  7.290734E-01
       462  3.901811E+00
       463  5.487929E+00
       464  4.161045E+00
       465  5.653531E+00
       466  4.863287E+00
       467  5.968947E+00
       468  1.362408E+00
       469  2.202194E+00
       470  1.289870E+00
       471  2.332880E+00
       472  3.353745E+00
       473  5.774181E+00
       474  3.679333E+00
       475  6.102140E+00
       476  4.100389E+00
       477  6.602149E+00
       478  4.995757E-01
       479  5.760844E-01
       480  3.722355E-01
       481  4.817811E-01
       482  4.773840E-01
       483  5.513795E-01
       484  3.473915E-01
       485  4.932358E-01
       486  7.494342E-01
       487  1.018413E+00
       488  6.861870E-01
       489  9.736198E-01
       490  6.953347E-01
       491  9.059329E-01
       492  6.302854E-01
       493  7.572955E-01
       494  4.580415E+00
       495  3.754800E+00
       496  4.419423E+00
       497  3.488634E+00
       498  3.715958E+00
       499  2.987872E+00
       500  3.678914E+00
       501  2.937249E+00
       502  1.775309E+01
       503  9.353083E+00
       504  4.480651E+00
       505  3.613557E+00
       506  4.289807E+00
       507  3.291907E+00
       508  4.163540E+00
       509  3.164211E+00
       510  3.638510E+00
       511  2.947293E+00
       512  3.613486E+00
       513  3.019186E+00
       514  1.606339E+01
       515  7.560769E+00
       516  2.756761E+00
       517  1.542919E+00
       518  1.259170E-01
       519  1.868217E-01
       520  3.093809E-01
       521  2.959321E-01
       522  1.836665E-01
       523  1.503828E-01
       524  3.776688E-01
       525  2.964303E-01
       526  2.757520E-01
       527  3.948149E-01
       528  3.843916E-01
       529  5.728455E-01
       530  2.090100E-01
       531  3.536539E-01
       532  3.517045E-01
       533  5.481215E-01
       534  3.153004E+00
       535  4.207483E+00
       536  3.486365E+00
       537  4.510767E+00
       538  4.295980E+00
       539  4.977075E+00
       540  1.133318E+00
       541  1.841594E+00
       542  1.063801E+00
       543  1.988154E+00
       544  2.621750E+00
       545  4.669375E+00
       546  2.945610E+00
       547  4.993429E+00
       548  3.295601E+00
       549  5.354364E+00
       550  4.432076E-01
       551  4.852906E-01
       552  3.086143E-01
       553  3.969991E-01
       554  3.878854E-01
       555  4.462348E-01
       556  2.835688E-01
       557  4.048114E-01
       558  6.275095E-01
       559  8.720214E-01
       560  5.458977E-01
       561  7.599409E-01
       562  5.624410E-01
       563  7.342157E-01
       564  5.229273E-01
       565  6.363260E-01
       566  3.404607E+00
       567  2.819453E+00
       568  3.251963E+00
       569  2.570304E+00
       570  2.631965E+00
       571  2.145572E+00
       572  2.588357E+00
       573  2.083016E+00
       574  1.318392E+01
       575  7.274038E+00
       576  3.837541E+00
       577  3.355100E+00
       578  3.129013E+00
       579  2.388190E+00
       580  3.009637E+00
       581  2.272604E+00
       582  2.540725E+00
       583  2.076979E+00
       584  2.503685E+00
       585  2.127951E+00
       586  1.148149E+01
       587  5.468562E+00
       588  2.088468E+00
       589  1.214173E+00
       590  9.504548E-02
       591  1.251761E-01
       592  2.524820E-01
       593  2.143913E-01
       594  1.619035E-01
       595  1.073330E-01
       596  3.261569E-01
       597  2.221960E-01
       598  1.839041E-01
       599  2.730982E-01
       600  2.762186E-01
       601  4.362690E-01
       602  1.396782E-01
       603  2.537712E-01
       604  2.506259E-01
       605  4.159071E-01
       606  2.544442E+00
       607  3.192039E+00
       608  2.844216E+00
       609  3.466740E+00
       610  3.673923E+00
       611  3.937483E+00
       612  9.050870E-01
       613  1.468956E+00
       614  8.288679E-01
       615  1.618580E+00
       616  1.915267E+00
       617  3.582697E+00
       618  2.187681E+00
       619  3.822950E+00
       620  2.492445E+00
       621  4.105904E+00
       622  3.388750E-01
       623  3.688345E-01
       624  2.413473E-01
       625  3.093829E-01
       626  3.020645E-01
       627  3.393847E-01
       628  2.234247E-01
       629  3.187276E-01
       630  4.796336E-01
       631  6.722563E-01
       632  4.223784E-01
       633  5.841593E-01
       634  4.262483E-01
       635  5.614052E-01
       636  4.058321E-01
       637  4.831216E-01
       638  2.321000E+00
       639  1.948694E+00
       640  2.182264E+00
       641  1.728761E+00
       642  1.669852E+00
       643  1.395432E+00
       644  1.621668E+00
       645  1.324076E+00
       646  8.995104E+00
       647  5.307178E+00
       648  3.196213E+00
       649  7.199479E-01
       650  8.538869E-01
       651  4.240520E-01
       652  4.737082E-01
       653  1.359715E-01
       654  2.765863E-01
       655  5.259295E-02
       656  1.080752E-01
       657  2.070733E+00
       658  1.569099E+00
       659  1.963149E+00
       660  1.469642E+00
       661  1.568983E+00
       662  1.301324E+00
       663  1.521376E+00
       664  1.326850E+00
       665  7.343211E+00
       666  3.564078E+00
       667  1.459323E+00
       668  8.958543E-01
       669  8.307659E-02
       670  8.876507E-02
       671  2.174096E-01
       672  1.578635E-01
       673  1.578177E-01
       674  8.627113E-02
       675  2.984611E-01
       676  1.732779E-01
       677  1.250483E-01
       678  1.935962E-01
       679  1.991226E-01
       680  3.397328E-01
       681  1.017033E-01
       682  1.999924E-01
       683  1.840716E-01
       684  3.347805E-01
       685  2.063641E+00
       686  2.399770E+00
       687  2.256053E+00
       688  2.523689E+00
       689  3.021034E+00
       690  2.877340E+00
       691  6.872454E-01
       692  1.091499E+00
       693  5.950914E-01
       694  1.236010E+00
       695  1.274756E+00
       696  2.563470E+00
       697  1.483200E+00
       698  2.727650E+00
       699  1.717793E+00
       700  2.915443E+00
       701  2.429502E-01
       702  2.555593E-01
       703  1.689603E-01
       704  2.159343E-01
       705  2.138687E-01
       706  2.338816E-01
       707  1.558153E-01
       708  2.264523E-01
       709  3.373021E-01
       710  4.889012E-01
       711  2.978840E-01
       712  4.187947E-01
       713  2.947009E-01
       714  3.962862E-01
       715  2.860336E-01
       716  3.333214E-01
       717  1.373326E+00
       718  1.176183E+00
       719  1.256378E+00
       720  1.000907E+00
       721  8.517275E-01
       722  7.614243E-01
       723  8.117659E-01
       724  6.912347E-01
       725  5.379898E+00
       726  3.580201E+00
       727  2.582027E+00
       728  5.536644E-01
       729  7.792596E-01
       730  3.367731E-01
       731  4.017238E-01
       732  1.629562E-01
       733  3.102111E-01
       734  6.606947E-02
       735  1.186774E-01
       736  1.163318E+00
       737  8.741359E-01
       738  1.074829E+00
       739  7.959417E-01
       740  7.671435E-01
       741  6.585003E-01
       742  7.232305E-01
       743  6.626046E-01
       744  3.889353E+00
       745  1.983094E+00
       746  9.434670E-01
       747  6.254625E-01
       748  9.184701E-02
       749  7.576131E-02
       750  2.165731E-01
       751  1.267491E-01
       752  1.798854E-01
       753  8.500826E-02
       754  3.103629E-01
       755  1.497767E-01
       756  9.728238E-02
       757  1.579025E-01
       758  1.532704E-01
       759  2.949614E-01
       760  9.083464E-02
       761  1.940977E-01
       762  1.493673E-01
       763  3.131375E-01
       764  1.782140E+00
       765  1.881759E+00
       766  1.754521E+00
       767  1.706847E+00
       768  2.360164E+00
       769  1.828527E+00
       770  4.793272E-01
       771  7.247261E-01
       772  3.768850E-01
       773  8.489809E-01
       774  7.120745E-01
       775  1.695391E-01
       776  2.736697E-01
       777  1.794944E-01
       778  3.028894E-01
       779  1.261782E-01
       780  2.177465E-01
       781  1.372788E-01
       782  2.302047E-01
       783  8.650182E-01
       784  1.755583E+00
       785  1.039462E+00
       786  1.863964E+00
       787  1.563960E-01
       788  1.549729E-01
       789  9.876476E-02
       790  1.259178E-01
       791  1.359444E-01
       792  1.479280E-01
       793  9.531207E-02
       794  1.454957E-01
       795  2.100092E-01
       796  3.215506E-01
       797  1.789081E-01
       798  2.609756E-01
       799  1.887901E-01
       800  2.604611E-01
       801  1.852577E-01
       802  2.149152E-01
       803  5.964389E-01
       804  5.403614E-01
       805  5.171445E-01
       806  4.224513E-01
       807  2.447294E-01
       808  2.854776E-01
       809  2.272860E-01
       810  2.291881E-01
       811  2.567776E+00
       812  2.235149E+00
       813  2.033636E+00
       814  4.225330E-01
       815  6.000549E-01
       816  2.537603E-01
       817  3.037417E-01
       818  1.766016E-01
       819  3.203663E-01
       820  8.355856E-02
       821  1.372431E-01
       822  4.566530E-01
       823  3.403025E-01
       824  4.013935E-01
       825  2.930759E-01
       826  2.067568E-01
       827  2.002821E-01
       828  1.848855E-01
       829  1.982498E-01
       830  1.387938E+00
       831  8.923503E-01
       832  6.325003E-01
       833  4.863289E-01
       834  1.230511E-01
       835  8.207848E-02
       836  2.621557E-01
       837  1.128904E-01
       838  1.963827E-01
       839  8.297112E-02
       840  3.145039E-01
       841  1.119662E-01
       842  9.243583E-02
       843  1.555724E-01
       844  1.245035E-01
       845  2.960742E-01
       846  8.067324E-02
       847  1.863320E-01
       848  1.025424E-01
       849  2.887590E-01
       850  1.747973E+00
       851  1.592343E+00
       852  1.648116E+00
       853  1.239919E+00
       854  2.082276E+00
       855  1.124553E+00
       856  3.026148E-01
       857  4.357802E-01
       858  2.092181E-01
       859  4.810065E-01
       860  3.302631E-01
       861  8.774700E-02
       862  1.558553E-01
       863  9.128495E-02
       864  1.535305E-01
       865  6.272315E-02
       866  1.111919E-01
       867  7.429916E-02
       868  1.313561E-01
       869  4.298282E-01
       870  9.296199E-01
       871  5.915923E-01
       872  1.077014E+00
       873  9.245644E-02
       874  9.098170E-02
       875  4.679238E-02
       876  5.850698E-02
       877  8.966766E-02
       878  9.786609E-02
       879  4.988129E-02
       880  7.577651E-02
       881  1.221520E-01
       882  1.850435E-01
       883  8.864209E-02
       884  1.398275E-01
       885  1.218924E-01
       886  1.643111E-01
       887  9.569223E-02
       888  1.088708E-01
       889  1.137113E-01
       890  1.320229E-01
       891  8.508587E-02
       892  8.161703E-02
       893  1.827536E-02
       894  5.762363E-02
       895  1.512561E-02
       896  2.988752E-02
       897  7.245995E-01
       898  9.968940E-01
       899  1.252753E+00
       900  2.501357E-01
       901  3.816601E-01
       902  1.466069E-01
       903  1.767341E-01
       904  2.060726E-01
       905  4.193902E-01
       906  1.305654E-01
       907  1.717816E-01
       908  6.633599E-02
       909  5.221268E-02
       910  5.190551E-02
       911  4.230803E-02
       912  1.284899E-02
       913  1.723586E-02
       914  1.100642E-02
       915  1.927518E-02
       916  1.806605E-01
       917  1.983448E-01
       918  2.806024E-01
       919  6.782647E-02
       920  7.634049E-02
       921  2.565372E-02
       922  5.233212E-02
       923  7.017952E-02
       924  1.170881E-01
       925  2.638227E-02
       926  1.809765E-01
       927  1.540712E-01
       928  8.039573E-02
       929  2.829645E-01
       930  7.337144E-02
       931  1.672424E-01
       932  8.253053E-02
       933  2.946640E-01
       934  6.529271E-02
       935  8.233724E-02
       936  1.616707E-01
       937  7.630914E-02
       938  2.909961E-01
       939  8.778603E-02
       940  1.822851E-01
       941  6.154473E-02
       942  2.851104E-01
       943  1.402141E+00
       944  1.238954E+00
       945  1.675815E+00
       946  1.204207E+00
       947  3.903782E-01
       948  1.147266E-01
       949  5.825019E-01
       950  1.731699E-01
       951  5.213456E-01
       952  1.838395E-01
       953  9.989889E-01
       954  3.276131E-01
       955  7.102128E-02
       956  2.468164E-01
       957  1.024888E-01
       958  3.467797E-01
       959  1.733920E-01
       960  5.024254E-01
       961  3.017075E-01
       962  8.736716E-01
       963  3.163190E-01
       964  1.085180E+00
       965  2.276788E-01
       966  9.385044E-01
       967  8.845010E-01
       968  9.415732E-01
       969  3.800441E-01
       970  5.065458E-01
       971  2.883292E-01
       972  3.449214E-01
       973  6.952598E-02
       974  6.095116E-02
       975  4.315791E-02
       976  4.429321E-02
       977  3.594424E-02
       978  3.034465E-02
       979  7.360952E-03
       980  1.637464E-02
       981  6.767671E-02
       982  8.966411E-02
       983  5.426176E-02
       984  7.613061E-02
       985  3.641972E-02
       986  5.788252E-02
       987  3.051683E-02
       988  4.313222E-02
