
                        S T E P       1


                                INCREMENT     1


 displacements (vx,vy,vz) for set NALL and time  0.1000000E+01

         1  0.000000E+00  0.000000E+00  1.323489E-24
         2  0.000000E+00  0.000000E+00  0.000000E+00
         3  0.000000E+00  2.646978E-24  3.401367E-22
         4  0.000000E+00  0.000000E+00  7.411538E-22
         5  1.109032E-03 -9.964879E-06 -1.306331E-03
         6  1.111434E-03 -6.662743E-07  1.238566E-03
         7 -1.016856E-03  5.949092E-06 -1.307856E-03
         8 -1.018829E-03  9.021858E-07  1.241624E-03
         9  2.108326E-03 -6.049991E-06 -2.538618E-03
        10  2.109947E-03  1.090931E-07  2.432826E-03
        11 -2.027371E-03 -1.172680E-07 -2.541383E-03
        12 -2.028562E-03  5.968569E-07  2.435804E-03
        13  3.071101E-03 -8.099922E-06 -3.715115E-03
        14  3.075110E-03  4.279780E-06  3.608185E-03
        15 -3.034865E-03 -6.084237E-06 -3.725210E-03
        16 -3.039248E-03 -2.680470E-06  3.617714E-03
        17  4.081857E-03 -5.974679E-06 -5.009027E-03
        18  4.083530E-03  2.916599E-07  4.937547E-03
        19 -4.091226E-03 -9.425581E-06 -5.012452E-03
        20 -4.090388E-03 -8.011247E-06  4.936870E-03
        21  5.000000E-03  4.235165E-23 -6.000000E-03
        22  5.000000E-03  8.470329E-23  6.000000E-03
        23 -5.000000E-03 -4.573978E-21 -6.000000E-03
        24 -5.000000E-03  3.663417E-21  6.000000E-03
        25  4.428766E-04 -2.970272E-05 -6.930145E-04
        26  4.197368E-04 -2.724807E-05  6.125211E-04
        27 -4.374518E-04 -8.903597E-06 -6.770581E-04
        28 -5.231231E-04 -1.687117E-05  5.987096E-04
        29  1.970066E-03 -2.535385E-05 -1.862764E-03
        30  1.435602E-03 -1.554483E-05  1.857721E-03
        31 -1.306266E-03 -1.788539E-05 -1.897776E-03
        32 -1.703163E-03 -1.574918E-05  1.838286E-03
        33  2.962554E-03 -2.859879E-05 -3.130598E-03
        34  2.320300E-03 -1.377878E-05  3.013937E-03
        35 -2.230082E-03 -2.290239E-05 -3.151246E-03
        36 -2.844078E-03 -1.396867E-05  3.023385E-03
        37  4.121683E-03 -3.086718E-05 -4.415902E-03
        38  3.096405E-03 -9.204145E-06  4.233388E-03
        39 -3.133804E-03 -3.525837E-05 -4.478208E-03
        40 -4.096382E-03 -2.166451E-05  4.396623E-03
        41  4.867366E-03 -1.837825E-05 -5.123397E-03
        42  3.705806E-03 -1.542929E-05  5.155048E-03
        43 -3.705651E-03 -1.877674E-05 -5.131804E-03
        44 -4.878945E-03 -1.942160E-05  5.170661E-03
        45 -3.542646E-06  9.186202E-09 -2.449000E-06
        46 -3.877447E-06  3.217611E-09 -2.683207E-06
        47 -8.626520E-08 -7.029016E-08 -7.266531E-08
        48 -3.214739E-07 -6.524479E-08 -3.281700E-07
        49  1.108224E-03 -8.285973E-06  1.222155E-04
        50 -1.021473E-03  1.797640E-05 -4.515997E-05
        51 -5.695556E-05 -8.938401E-06 -1.305505E-03
        52  8.055255E-05  4.808229E-06  1.241451E-03
        53  2.106322E-03  9.893729E-06  2.186535E-06
        54 -2.031578E-03  1.387723E-05  6.510665E-05
        55  3.437950E-05 -2.997856E-06 -2.538851E-03
        56 -1.930402E-05  8.891426E-06  2.435141E-03
        57  4.082479E-03  6.589717E-06 -3.840363E-03
        58  4.082805E-03  1.347596E-05 -2.586993E-03
        59  4.082906E-03  1.529139E-05 -1.279222E-03
        60  4.082942E-03  1.314564E-05  5.010528E-05
        61  4.083037E-03  8.571097E-06  1.368591E-03
        62  4.083232E-03  3.453740E-06  2.643949E-03
        63  4.083400E-03 -4.995975E-08  3.843503E-03
        64 -4.090982E-03 -1.689078E-05 -3.903999E-03
        65 -4.090779E-03 -1.976071E-05 -2.702923E-03
        66 -4.090763E-03 -1.883940E-05 -1.434826E-03
        67 -4.090741E-03 -1.534858E-05 -1.277405E-04
        68 -4.090650E-03 -1.065327E-05  1.190688E-03
        69 -4.090482E-03 -6.440984E-06  2.492722E-03
        70 -4.090396E-03 -4.821293E-06  3.750178E-03
        71  3.113541E-03 -8.625413E-06 -5.009092E-03
        72  2.086004E-03 -2.379766E-06 -5.009540E-03
        73  1.020408E-03  7.708156E-06 -5.010001E-03
        74 -6.048665E-05  1.703182E-05 -5.010287E-03
        75 -1.134260E-03  2.198953E-05 -5.010439E-03
        76 -2.178586E-03  2.006248E-05 -5.010696E-03
        77 -3.171001E-03  9.768068E-06 -5.011269E-03
        78  3.178140E-03 -5.218359E-06  4.937456E-03
        79  2.195241E-03 -1.145863E-05  4.937285E-03
        80  1.156160E-03 -1.782666E-05  4.937214E-03
        81  8.419414E-05 -2.345916E-05  4.937252E-03
        82 -9.980997E-04 -2.715917E-05  4.937375E-03
        83 -2.068738E-03 -2.728998E-05  4.937475E-03
        84 -3.106070E-03 -2.167124E-05  4.937325E-03
        85  5.003914E-03  1.452913E-05  1.402432E-04
        86 -4.995494E-03 -5.115367E-06 -1.308853E-04
        87 -1.172271E-04  2.092885E-05 -5.998879E-03
        88  1.091160E-04 -3.117024E-05  6.001388E-03
        89 -1.465190E-04 -3.168495E-05 -6.838298E-04
        90 -5.400511E-05  8.600452E-07 -7.060661E-04
        91 -8.242657E-05  2.497508E-05  5.965526E-04
        92  2.082943E-04 -7.952601E-06  6.164524E-04
        93  4.451743E-04  3.782836E-05  4.013982E-04
        94  4.390123E-04 -3.214450E-05 -4.251558E-04
        95 -5.038876E-04  4.501657E-05  3.591963E-04
        96 -4.515522E-04 -2.400442E-05 -4.132437E-04
        97  1.531861E-04 -4.433073E-05 -1.883972E-03
        98 -1.363581E-04  3.707639E-05 -1.896168E-03
        99  1.151653E-04  8.256416E-06  1.815286E-03
       100  6.930845E-05  2.930283E-06  1.884743E-03
       101  1.650598E-03 -1.136311E-05  7.485116E-04
       102  1.706105E-03  7.606413E-07 -5.376554E-04
       103 -1.559053E-03  5.639403E-05  5.661799E-04
       104 -1.441099E-03 -2.415869E-05 -5.339433E-04
       105  1.187646E-04 -3.338385E-05 -3.166154E-03
       106 -1.886598E-04  1.831745E-05 -3.131438E-03
       107  2.709964E-04  1.092494E-05  2.977606E-03
       108 -5.788114E-05  1.054494E-05  3.064135E-03
       109  2.631519E-03  3.103719E-06  7.080019E-04
       110  2.661956E-03  5.300205E-06 -7.916176E-04
       111 -2.555000E-03  5.052897E-05  6.764655E-04
       112 -2.517567E-03 -5.119403E-05 -6.349049E-04
       113  4.692553E-05 -1.131632E-05 -4.502878E-03
       114 -1.267818E-04  5.159136E-06 -4.406419E-03
       115  1.875255E-04 -1.298950E-05  4.355524E-03
       116 -3.623612E-05 -1.070070E-05  4.285309E-03
       117  3.593723E-03 -4.973115E-06  9.385878E-04
       118  3.620599E-03  7.778283E-06 -1.086534E-03
       119 -3.578052E-03  4.585049E-05  1.017040E-03
       120 -3.618519E-03 -5.322799E-05 -1.139364E-03

 forces (fx,fy,fz) for set RIGHT and time  0.1000000E+01

        21  3.795579E+03  7.452807E+02 -2.744560E+03
        22  3.132593E+03 -1.889186E+03  1.798517E+03
        23 -3.473815E+03  2.250980E+03 -2.969282E+03
        24 -3.456353E+03 -1.818473E+03  3.876280E+03

 internal energy (element, energy) for set ALL and time  0.1000000E+01

         1  3.750139E-02
         2  5.670599E-02
         3  5.453530E-02
         4  1.366955E-01
         5  5.911220E-02
         6  1.244720E-01
         7  3.355821E-02
         8  3.385691E-02
         9  2.699275E-03
        10  1.538763E-02
        11  1.254393E-01
        12  9.321060E-02
        13  1.111478E-01
        14  9.652807E-02
        15  1.279397E-02
        16  1.712067E-02
        17  1.857732E-02
        18  1.261126E-02
        19  8.939081E-02
        20  7.375295E-02
        21  9.340520E-02
        22  8.014070E-02
        23  2.138164E-02
        24  1.739918E-02
        25  1.233241E-02
        26  1.031419E-02
        27  7.532834E-02
        28  1.720658E-02
        29  7.804350E-02
        30  1.725894E-02
        31  1.071195E-02
        32  6.829984E-03
        33  7.199423E-03
        34  2.750280E-02
        35  1.282264E-02
        36  1.940371E-02
        37  7.024306E-03
        38  1.606967E-02
        39  4.406188E-03
        40  1.425920E-02
        41  1.736191E-02
        42  1.253282E-02
        43  1.686925E-02
        44  1.859149E-02
        45  1.270965E-02
        46  1.169533E-02
        47  8.603361E-03
        48  1.277819E-02
        49  3.036262E-02
        50  2.883853E-02
        51  3.293791E-02
        52  1.090934E-02
        53  3.904701E-02
        54  3.323295E-02
        55  2.230330E-02
        56  5.699855E-03
        57  1.330793E-02
        58  2.083081E-02
        59  2.866631E-02
        60  1.072103E-02
        61  1.585000E-02
        62  3.057648E-02
        63  1.489483E-02
        64  7.650598E-03
        65  2.966180E-02
        66  4.451852E-02
        67  6.189635E-02
        68  5.332520E-02
        69  2.136071E-02
        70  1.074720E-02
        71  2.977384E-03
        72  1.047266E-04
        73  1.774046E-03
        74  7.921474E-03
        75  1.904463E-02
        76  3.212974E-02
        77  2.637779E-02
        78  1.577714E-02
        79  6.703527E-03
        80  1.627754E-03
        81  1.149220E-04
        82  2.230653E-03
        83  8.275317E-03
        84  1.668702E-02
        85  1.356637E-02
        86  6.994530E-03
        87  2.158177E-03
        88  2.112265E-04
        89  9.668386E-04
        90  4.428964E-03
        91  1.079884E-02
        92  1.862893E-02
        93  2.307086E-02
        94  1.369122E-02
        95  5.784416E-03
        96  1.358228E-03
        97  7.920505E-05
        98  1.893810E-03
        99  6.947825E-03
       100  1.398165E-02
       101  1.015633E-01
       102  1.729290E-01
       103  1.446152E-01
       104  8.517542E-02
       105  1.164268E-01
       106  1.711283E-01
       107  1.158986E-01
       108  7.226923E-02
       109  1.112173E+00
       110  6.651422E-01
       111  8.519899E-01
       112  8.928833E-01
       113  7.892500E-01
       114  7.535182E-01
       115  6.514941E-01
       116  9.459195E-01
       117  1.319047E+00
       118  6.367256E-01
       119  1.160051E+00
       120  7.486627E-01
       121  6.466428E-01
       122  1.286129E+00
       123  5.784964E-01
       124  1.166988E+00
       125  9.049088E-01
       126  6.153142E-01
       127  8.900909E-01
       128  5.875261E-01
       129  6.141722E-01
       130  9.142863E-01
       131  5.906618E-01
       132  8.501495E-01
       133  1.022178E+00
       134  6.064404E-01
       135  1.375876E+00
       136  6.059116E-01
       137  5.770640E-01
       138  1.253213E+00
       139  5.290395E-01
       140  1.155563E+00
       141  9.074450E-01
       142  5.491393E-01
       143  7.116529E-01
       144  5.796707E-01
       145  5.777300E-01
       146  9.036651E-01
       147  5.211630E-01
       148  8.980101E-01
       149  1.180922E+00
       150  5.594399E-01
       151  1.047547E+00
       152  5.604584E-01
       153  5.567790E-01
       154  1.275445E+00
       155  5.550671E-01
       156  1.314850E+00
       157  9.456007E-01
       158  6.973428E-01
       159  8.079980E-01
       160  7.999969E-01
       161  6.433800E-01
       162  9.857484E-01
       163  7.463961E-01
       164  9.462481E-01
       165  1.041440E+00
       166  6.121513E-01
       167  1.028620E+00
       168  6.482145E-01
       169  6.106763E-01
       170  1.384728E+00
       171  6.167872E-01
       172  1.048320E+00
       173  1.088216E+00
       174  1.757474E+00
       175  1.313745E+00
       176  1.503763E+00
       177  1.499763E+00
       178  1.514746E+00
       179  1.409983E+00
       180  1.485001E+00

 total internal energy for set ALL and time  0.1000000E+01

        6.881177E+01
