
                        S T E P       1


                                INCREMENT     1


 displacements (vx,vy,vz) for set NALL and time  0.1000000E+01

         1  0.000000E+00 -1.240771E-24 -1.323489E-24
         2  0.000000E+00  1.323489E-24 -6.617445E-25
         3  1.323489E-24 -1.323489E-24 -1.323489E-24
         4 -6.617445E-25 -1.240771E-24  2.762783E-22
         5  4.756548E-04 -1.450813E-05 -5.137511E-04
         6  4.755529E-04  1.616849E-05  4.848506E-04
         7 -4.373831E-04  7.618965E-06 -5.128826E-04
         8 -4.376195E-04 -2.449864E-06  4.840184E-04
         9  6.833146E-04 -2.418929E-05 -1.198827E-03
        10  6.837118E-04  2.389710E-05  1.131378E-03
        11 -7.422017E-04  2.532818E-05 -1.199464E-03
        12 -7.427138E-04 -1.213640E-05  1.131651E-03
        13  2.732001E-03 -2.091090E-05 -3.137903E-03
        14  2.732396E-03  2.823383E-05  3.074007E-03
        15 -2.723216E-03  2.910401E-05 -3.138361E-03
        16 -2.723741E-03 -1.238117E-05  3.074387E-03
        17  4.645721E-03 -8.731118E-06 -5.487543E-03
        18  4.645969E-03  1.370258E-05  5.471436E-03
        19 -4.599035E-03  2.002635E-06 -5.487815E-03
        20 -4.599447E-03 -8.757320E-06  5.472011E-03
        21  5.000000E-03  0.000000E+00 -6.000000E-03
        22  5.000000E-03 -2.117582E-23  6.000000E-03
        23 -5.000000E-03 -6.013934E-21 -6.000000E-03
        24 -5.000000E-03 -2.032879E-21  6.000000E-03
        25  3.880692E-03 -4.321672E-05 -3.694365E-03
        26  4.479750E-03 -4.915318E-05 -4.144164E-03
        27  4.753704E-03 -3.245507E-05 -4.987879E-03
        28  3.392945E-03 -4.098369E-06  3.825872E-03
        29  3.789232E-03 -1.329464E-05  4.464078E-03
        30  4.098659E-03  9.074384E-07  5.142390E-03
        31 -3.318475E-03 -6.583970E-06 -3.961213E-03
        32 -3.713390E-03 -1.820517E-05 -4.681747E-03
        33 -4.060753E-03 -7.501844E-06 -5.255179E-03
        34 -3.956869E-03 -3.616082E-05  3.737729E-03
        35 -4.737893E-03 -4.412192E-05  4.275230E-03
        36 -4.895169E-03 -2.702276E-05  5.039406E-03
        37  4.983076E-03 -6.183418E-06 -5.455774E-03
        38  5.205231E-03 -4.890560E-06 -5.429876E-03
        39  5.321320E-03 -5.689198E-06 -5.479207E-03
        40  5.354966E-03 -6.580848E-06 -5.622788E-03
        41  5.326770E-03 -4.210606E-06 -5.831681E-03
        42  5.252461E-03  1.149635E-06 -6.023616E-03
        43  5.146187E-03  4.123398E-06 -6.079394E-03
        44  4.444083E-03  1.310898E-05  5.487958E-03
        45  4.244627E-03  9.268155E-06  5.584539E-03
        46  4.089487E-03  5.132827E-06  5.744718E-03
        47  4.023987E-03  3.480216E-06  5.926564E-03
        48  4.080793E-03  4.930795E-06  6.083792E-03
        49  4.274963E-03  7.222888E-06  6.170717E-03
        50  4.606487E-03  5.949416E-06  6.138689E-03
        51 -4.387798E-03  3.031740E-07 -5.510654E-03
        52 -4.201475E-03 -1.631988E-06 -5.570259E-03
        53 -4.070057E-03 -3.529747E-06 -5.649600E-03
        54 -4.022999E-03 -4.311568E-06 -5.759125E-03
        55 -4.083230E-03 -2.914951E-06 -5.889853E-03
        56 -4.265016E-03  4.018935E-07 -6.008567E-03
        57 -4.579621E-03  2.475568E-06 -6.057647E-03
        58 -4.903860E-03 -6.411477E-06  5.445891E-03
        59 -5.131667E-03 -6.244773E-06  5.440636E-03
        60 -5.269181E-03 -7.524681E-06  5.500186E-03
        61 -5.321878E-03 -8.475717E-06  5.624584E-03
        62 -5.300553E-03 -6.761660E-06  5.788021E-03
        63 -5.224258E-03 -2.612105E-06  5.941094E-03
        64 -5.117850E-03  7.547147E-07  6.017402E-03
        65  7.742500E-07 -1.107806E-07  6.514588E-08
        66  6.124665E-07  2.903243E-06 -9.182621E-07
        67  9.907047E-07  3.028967E-06 -9.198840E-07
        68  9.333822E-07  3.220474E-06 -9.851949E-07
        69  5.551230E-07  3.576782E-06 -1.142373E-06
        70  6.662621E-07  3.729519E-07 -9.948619E-08
        71 -1.226256E-06  3.121452E-06  2.484254E-07
        72 -2.651031E-06  6.485693E-06 -1.112689E-07
        73 -1.436241E-06  3.398943E-06 -5.737240E-07
        74 -1.391663E-06  3.286636E-06 -6.223169E-07
        75 -2.507018E-06  6.127281E-06 -1.602222E-07
        76 -1.133224E-06  2.872810E-06  1.546876E-07
        77  4.774489E-04  5.934788E-08  2.005980E-05
        78 -4.359896E-04  3.673783E-06 -9.801240E-05
        79 -1.430608E-05 -2.889794E-06 -5.133197E-04
        80  8.365029E-05  6.984919E-06  4.845189E-04
        81  6.840313E-04 -3.571886E-06 -6.816276E-04
        82  6.842592E-04  2.212830E-06 -5.010330E-05
        83  6.841972E-04  5.875715E-06  5.896888E-04
        84 -7.420210E-04  1.518563E-05 -6.492769E-04
        85 -7.419579E-04  9.046281E-06  5.402743E-05
        86 -7.422495E-04  1.906718E-07  7.138896E-04
        87  3.230580E-04 -9.469618E-06 -1.199716E-03
        88 -3.278626E-05  5.241215E-07 -1.199963E-03
        89 -3.866750E-04  1.001079E-05 -1.199883E-03
        90  2.829512E-04  1.162455E-05  1.131034E-03
        91 -1.205189E-04  6.074354E-06  1.130910E-03
        92 -4.778842E-04  8.061956E-07  1.130989E-03
        93  2.736077E-03  2.469369E-06  3.274230E-05
        94 -2.720809E-03  8.840141E-06  1.340861E-05
        95 -5.049433E-05  4.780988E-06 -3.136959E-03
        96 -3.666128E-05  6.442982E-06  3.074966E-03
        97  4.647272E-03 -3.861452E-06  5.978638E-06
        98 -4.599978E-03 -2.439518E-06  5.698745E-06
        99  6.654465E-06 -4.415249E-06 -5.487061E-03
       100  3.522539E-06  3.428482E-06  5.470764E-03
       101  4.998860E-03 -2.229089E-05 -3.059264E-03
       102  4.999344E-03 -3.061783E-06 -3.033377E-05
       103  4.998921E-03  1.726952E-05  3.013874E-03
       104 -5.001428E-03  2.943299E-05 -2.983552E-03
       105 -5.000844E-03 -1.699176E-06  4.885027E-05
       106 -5.001506E-03 -3.247825E-05  3.056881E-03
       107  2.557256E-03 -1.915903E-05 -5.999375E-03
       108  4.806531E-05 -1.369622E-06 -5.999600E-03
       109 -2.485840E-03  1.758046E-05 -5.999179E-03
       110  2.512916E-03  3.246375E-05  6.001234E-03
       111 -1.565835E-05  1.629892E-05  6.000461E-03
       112 -2.537601E-03 -4.387255E-06  6.000391E-03
       113  6.031958E-05  4.021291E-05 -3.655486E-04
       114  2.392329E-04  9.970663E-05 -7.760585E-04
       115  9.642692E-05  4.592243E-05 -6.054255E-04
       116  4.100722E-05 -3.052357E-05 -3.176417E-04
       117 -1.650486E-04 -7.334199E-05 -6.364723E-04
       118 -1.220160E-04 -2.880202E-05 -5.130782E-04
       119  2.407982E-05 -4.430796E-05  3.863368E-04
       120  2.024722E-04 -1.048330E-04  7.966871E-04
       121  1.220701E-04 -4.437284E-05  5.918274E-04
       122 -5.377547E-06  3.518241E-05  3.206687E-04
       123 -9.082930E-05  8.284697E-05  6.577263E-04
       124  2.872893E-05  3.752736E-05  5.189381E-04
       125 -5.160809E-04  1.643044E-04  2.711159E-05
       126 -7.354600E-04  2.375371E-04 -3.791793E-05
       127 -3.703809E-05  9.955371E-05  7.890900E-05
       128 -4.770758E-04 -1.527593E-04  5.274582E-05
       129 -6.979090E-04 -2.271997E-04  1.478291E-04
       130 -3.953306E-05 -9.816186E-05 -3.857911E-05
       131  3.725593E-04 -1.201661E-04 -1.197052E-04
       132  5.455761E-04 -1.787502E-04 -2.721678E-04
       133  4.994447E-06 -7.382901E-05 -7.044668E-05
       134  3.886638E-04  1.256678E-04  4.977365E-05
       135  5.637317E-04  1.856923E-04  1.191180E-04
       136  8.831123E-06  7.860404E-05 -5.977644E-05
       137  1.008390E-04  1.283124E-05 -9.401613E-04
       138 -1.048386E-04 -9.714760E-06 -9.385737E-04
       139 -9.844877E-06 -6.645796E-06  8.821625E-04
       140 -2.898161E-05  1.720859E-05  8.840074E-04
       141  7.655385E-04 -4.128762E-05  1.931681E-04
       142  7.633762E-04  4.064347E-05 -2.142042E-04
       143 -7.159652E-04  3.803413E-05  1.933002E-04
       144 -7.178226E-04 -3.011093E-05 -2.823458E-04
       145  5.750290E-04  2.901222E-05 -1.637640E-03
       146  1.004040E-03  2.896231E-04 -3.326475E-03
       147  1.791355E-03  6.641960E-04 -5.553427E-03
       148  2.062621E-03  8.469902E-04 -6.566572E-03
       149  1.437996E-03  6.782860E-04 -5.811153E-03
       150  7.620400E-05  2.586953E-04 -4.009902E-03
       151 -1.388485E-03 -3.517044E-06 -2.971908E-03
       152 -5.535136E-04 -2.413553E-05 -1.635701E-03
       153 -4.482671E-05 -2.866485E-04 -3.339799E-03
       154  6.367075E-04 -6.618272E-04 -5.581014E-03
       155  9.323319E-04 -8.336033E-04 -6.544060E-03
       156  7.779615E-04 -6.443429E-04 -5.698688E-03
       157  6.232961E-04 -2.123771E-04 -3.848364E-03
       158  1.318465E-03  3.374217E-05 -2.889707E-03
       159  4.015912E-04 -3.401010E-05  1.603448E-03
       160 -2.493342E-04 -3.078735E-04  3.376780E-03
       161 -1.085370E-03 -6.968998E-04  5.688912E-03
       162 -1.491192E-03 -8.860917E-04  6.737064E-03
       163 -1.344642E-03 -7.101865E-04  5.948552E-03
       164 -1.070739E-03 -2.715357E-04  4.064713E-03
       165 -1.541010E-03  1.171957E-05  2.940328E-03
       166 -6.598547E-04  4.686465E-05  1.616973E-03
       167 -1.032767E-03  3.171820E-04  3.371784E-03
       168 -1.714738E-03  6.924893E-04  5.609759E-03
       169 -1.893770E-03  8.659698E-04  6.579662E-03
       170 -1.244129E-03  6.835627E-04  5.764355E-03
       171  6.544488E-05  2.549097E-04  3.927664E-03
       172  1.438437E-03 -8.136820E-06  2.892458E-03
       173  3.655693E-04  7.801842E-05 -9.354475E-04
       174 -1.601773E-03  6.429940E-04 -4.052399E-04
       175 -4.629749E-03  1.463835E-03  3.893003E-04
       176 -5.941803E-03  1.801283E-03  1.033784E-03
       177 -4.431978E-03  1.463335E-03  1.360121E-03
       178 -9.672405E-04  7.366804E-04  1.539499E-03
       179  1.736454E-03  2.085265E-04  2.091688E-03
       180  3.661713E-04 -7.857384E-05  8.567218E-04
       181 -1.512930E-03 -6.197199E-04  1.025575E-03
       182 -4.395502E-03 -1.402403E-03  1.570048E-03
       183 -5.668945E-03 -1.731063E-03  1.619499E-03
       184 -4.253641E-03 -1.415700E-03  8.044213E-04
       185 -9.335005E-04 -7.206224E-04 -6.659659E-04
       186  1.716967E-03 -2.037293E-04 -2.046018E-03
       187 -4.884147E-04 -5.760141E-05 -1.033613E-03
       188  1.347799E-03 -5.857182E-04 -1.068166E-03
       189  4.235706E-03 -1.368664E-03 -1.229179E-03
       190  5.492135E-03 -1.691961E-03 -1.064171E-03
       191  4.044500E-03 -1.368012E-03 -3.516602E-04
       192  7.293716E-04 -6.730098E-04  8.123764E-04
       193 -1.818070E-03 -1.751149E-04  2.006651E-03
       194 -4.967546E-04  6.888083E-05  1.056173E-03
       195  1.293475E-03  5.856840E-04  4.658011E-04
       196  4.126977E-03  1.355181E-03 -6.555470E-04
       197  5.381670E-03  1.679309E-03 -1.489627E-03
       198  3.976411E-03  1.366303E-03 -1.726501E-03
       199  7.074183E-04  6.824001E-04 -1.649379E-03
       200 -1.818299E-03  1.897288E-04 -2.096277E-03
       201  2.781785E-03  9.557345E-05 -3.998428E-03
       202  3.062130E-03  4.348025E-04 -6.185325E-03
       203  3.296707E-03  8.916260E-04 -8.893406E-03
       204  2.728421E-03  1.123520E-03 -1.016944E-02
       205  1.140200E-03  9.446095E-04 -9.370059E-03
       206 -1.083796E-03  4.522994E-04 -7.253113E-03
       207 -3.050075E-03  8.178428E-05 -5.770104E-03
       208 -2.635457E-03 -8.201081E-05 -3.979491E-03
       209 -1.881116E-03 -4.099547E-04 -6.093995E-03
       210 -5.417891E-04 -8.448826E-04 -8.681673E-03
       211  6.293155E-04 -1.056743E-03 -9.856173E-03
       212  1.380986E-03 -8.740181E-04 -9.042907E-03
       213  1.970512E-03 -4.031181E-04 -7.022259E-03
       214  3.071495E-03 -6.782058E-05 -5.693562E-03
       215  2.638760E-03 -9.356680E-05  3.965190E-03
       216  1.801990E-03 -4.348794E-04  6.162251E-03
       217  3.306556E-04 -8.843252E-04  8.824879E-03
       218 -9.526751E-04 -1.112418E-03  1.007852E-02
       219 -1.732368E-03 -9.407400E-04  9.311333E-03
       220 -2.240990E-03 -4.620962E-04  7.252649E-03
       221 -3.178668E-03 -9.450968E-05  5.778755E-03
       222 -2.727481E-03  1.108823E-04  3.983366E-03
       223 -2.901889E-03  4.572999E-04  6.219487E-03
       224 -3.008073E-03  9.079211E-04  8.897065E-03
       225 -2.358148E-03  1.127611E-03  1.011355E-02
       226 -7.875278E-04  9.414362E-04  9.283949E-03
       227  1.327159E-03  4.535443E-04  7.189843E-03
       228  3.159624E-03  9.131127E-05  5.746574E-03
       229  3.001539E-03 -8.731754E-05 -2.465786E-03
       230  1.273929E-03  4.115052E-04 -1.342347E-03
       231 -1.906706E-03  1.274439E-03  2.733037E-04
       232 -3.405154E-03  1.659602E-03  1.785308E-03
       233 -1.944330E-03  1.334106E-03  2.871637E-03
       234  1.547905E-03  6.028446E-04  3.597558E-03
       235  4.078348E-03  1.102984E-04  4.419271E-03
       236  2.979740E-03  8.771472E-05  2.481620E-03
       237  1.296735E-03 -3.999835E-04  2.195971E-03
       238 -1.777862E-03 -1.235547E-03  2.085604E-03
       239 -3.252174E-03 -1.615827E-03  1.319359E-03
       240 -1.865594E-03 -1.308508E-03 -3.636100E-04
       241  1.528492E-03 -5.992739E-04 -2.578526E-03
       242  4.040626E-03 -1.111173E-04 -4.336175E-03
       243 -2.962099E-03  8.724274E-05 -2.637588E-03
       244 -1.250876E-03 -4.074915E-04 -2.196657E-03
       245  1.891962E-03 -1.260165E-03 -1.684061E-03
       246  3.352726E-03 -1.635947E-03 -7.149373E-04
       247  1.869025E-03 -1.305144E-03  8.261812E-04
       248 -1.617531E-03 -5.751894E-04  2.697318E-03
       249 -4.091669E-03 -9.341382E-05  4.285627E-03
       250 -2.991048E-03 -7.891329E-05  2.623232E-03
       251 -1.450651E-03  3.689134E-04  1.455526E-03
       252  1.456578E-03  1.159112E-03 -4.954457E-04
       253  2.842623E-03  1.517043E-03 -2.201495E-03
       254  1.491937E-03  1.217584E-03 -3.188559E-03
       255 -1.760359E-03  5.382755E-04 -3.641686E-03
       256 -4.100399E-03  8.348117E-05 -4.357118E-03
       257  8.783010E-04  8.454437E-06 -5.851909E-03
       258 -7.272082E-04 -1.251816E-05 -5.857544E-03
       259  8.341731E-04  9.803505E-06  5.763245E-03
       260 -7.369629E-04  1.827160E-05  5.893782E-03
       261  4.832802E-03 -8.473847E-06  1.124524E-03
       262  4.792295E-03  1.956276E-06 -1.097785E-03
       263 -4.693457E-03 -1.624471E-05  9.775070E-04
       264 -4.700299E-03  1.212620E-05 -9.824348E-04

 forces (fx,fy,fz) for set RIGHT and time  0.1000000E+01

        21  1.024990E+03  6.062180E+01 -1.034316E+03
        22  1.119807E+03  2.494517E+02  1.360540E+03
        23 -1.050098E+03  5.253637E+02 -8.562378E+02
        24 -1.062899E+03  6.510503E+01  5.063550E+02

 internal energy (element, energy) for set ALL and time  0.1000000E+01

         1  2.547413E-02
         2  4.252585E-02
         3  4.602412E-02
         4  2.361868E-02
         5  6.628307E-03
         6  8.429432E-03
         7  1.435492E-02
         8  6.438614E-03
         9  3.019477E-02
        10  2.137369E-02
        11  2.299819E-02
        12  2.536460E-02
        13  6.511589E-03
        14  5.374538E-03
        15  5.560480E-03
        16  9.766860E-03
        17  6.884059E-03
        18  7.243897E-03
        19  6.835083E-03
        20  6.564645E-03
        21  5.898012E-03
        22  4.670493E-03
        23  3.944101E-03
        24  8.285053E-03
        25  1.081991E-02
        26  9.555905E-03
        27  9.143660E-03
        28  7.882346E-03
        29  9.923630E-04
        30  2.971863E-04
        31  3.839519E-04
        32  3.002465E-04
        33  1.355422E-04
        34  3.836362E-04
        35  1.935337E-03
        36  1.307580E-03
        37  3.122151E-04
        38  2.897464E-04
        39  1.047517E-04
        40  4.042629E-05
        41  1.102256E-04
        42  3.149214E-04
        43  7.254951E-04
        44  8.334421E-04
        45  1.663600E-03
        46  1.407176E-04
        47  7.271085E-05
        48  8.158507E-05
        49  5.331769E-05
        50  9.836621E-05
        51  4.848200E-04
        52  6.224879E-04
        53  1.511445E-03
        54  2.817328E-04
        55  2.146022E-04
        56  1.245389E-04
        57  6.568216E-05
        58  1.864814E-04
        59  7.399329E-04
        60  5.087020E-04
        61  1.735935E-03
        62  1.338490E-04
        63  3.468365E-04
        64  4.370922E-03
        65  4.087176E-03
        66  3.269623E-04
        67  8.888513E-05
        68  1.142054E-03
        69  1.389398E-03
        70  1.712542E-04
        71  3.360857E-04
        72  3.359146E-03
        73  3.589996E-03
        74  3.486099E-04
        75  1.242896E-04
        76  9.079999E-04
        77  6.222390E-03
        78  5.205820E-03
        79  8.537248E-03
        80  1.929769E-02
        81  3.681647E-03
        82  3.185688E-03
        83  5.956225E-03
        84  1.495736E-02
        85  7.482313E-03
        86  1.196952E-03
        87  7.242604E-04
        88  6.164816E-03
        89  1.816335E-02
        90  1.341637E-03
        91  6.573283E-03
        92  3.278372E-02
        93  1.635398E-04
        94  4.359211E-05
        95  3.995480E-05
        96  1.486805E-04
        97  3.775011E-04
        98  2.557585E-04
        99  1.873165E-03
       100  4.786097E-03
       101  5.330037E-02
       102  5.640622E-02
       103  4.777667E-02
       104  4.150809E-02
       105  3.582173E-02
       106  4.919907E-02
       107  4.221288E-02
       108  3.627229E-02
       109  8.027580E-03
       110  5.571155E-03
       111  4.853730E-03
       112  3.310197E-03
       113  3.277191E-03
       114  2.979840E-03
       115  8.713144E-04
       116  1.721135E-03
       117  6.928936E-03
       118  1.420194E-03
       119  5.648044E-04
       120  4.645962E-03
       121  1.813494E-03
       122  3.290819E-04
       123  6.506595E-04
       124  2.865590E-03
       125  3.205346E-03
       126  9.757359E-04
       127  4.141076E-04
       128  1.767669E-03
       129  6.358775E-03
       130  1.001243E-03
       131  1.097005E-03
       132  5.066959E-03
       133  4.507037E-02
       134  3.686725E-02
       135  3.894540E-02
       136  5.335162E-02
       137  6.110480E-02
       138  2.969879E-02
       139  3.931516E-02
       140  4.189733E-02
       141  4.772060E-02
       142  3.030475E-02
       143  3.635381E-02
       144  5.322316E-02
       145  3.446869E-02
       146  2.528758E-02
       147  2.901947E-02
       148  3.622631E-02
       149  6.314727E-02
       150  4.286889E-02
       151  3.542828E-02
       152  4.485227E-02
       153  5.887021E-02
       154  4.487806E-02
       155  3.506239E-02
       156  4.597576E-02
       157  4.578489E-02
       158  3.591496E-02
       159  3.235982E-02
       160  3.373988E-02
       161  4.768193E-02
       162  3.647720E-02
       163  3.397366E-02
       164  3.712932E-02
       165  1.048845E-01
       166  1.092337E-01
       167  1.547283E-01
       168  1.063064E-01
       169  1.201020E-01
       170  1.391996E-01
       171  1.159115E-01
       172  1.232397E-01
       173  1.478225E-01
       174  1.240716E-01
       175  1.632898E-01
       176  1.251866E-01
       177  1.312985E-01
       178  1.641181E-01
       179  1.274075E-01
       180  1.844276E-01
       181  1.070490E-01
       182  1.264018E-01
       183  4.388318E-02
       184  1.193153E-01
       185  1.161412E-01
       186  3.909872E-02
       187  1.576199E-01
       188  7.392562E-02
       189  1.262841E-01
       190  1.461370E-01
       191  5.497256E-02
       192  1.417703E-01
       193  1.344631E-01
       194  4.390804E-02
       195  2.058806E-01
       196  6.171459E-02
       197  1.279513E-01
       198  1.262879E-01
       199  3.917988E-02
       200  1.203327E-01
       201  1.176837E-01
       202  3.465101E-02
       203  1.583748E-01
       204  8.966821E-02
       205  1.341077E-01
       206  1.297040E-01
       207  4.580065E-02
       208  1.298409E-01
       209  1.225363E-01
       210  3.528780E-02
       211  1.760676E-01
       212  9.463620E-02
       213  7.891938E-02
       214  1.838418E-01
       215  3.717206E-02
       216  1.574850E-01
       217  1.642166E-01
       218  4.564140E-02
       219  1.649680E-01
       220  1.036723E-01
       221  8.751136E-02
       222  1.907602E-01
       223  3.906750E-02
       224  1.632377E-01
       225  1.729894E-01
       226  4.987935E-02
       227  1.643377E-01
       228  1.193329E-01
       229  6.316322E-02
       230  1.756921E-01
       231  3.788570E-02
       232  1.495079E-01
       233  1.554399E-01
       234  4.604588E-02
       235  1.573533E-01
       236  8.701906E-02
       237  6.808959E-02
       238  2.010524E-01
       239  4.673132E-02
       240  1.707784E-01
       241  1.799258E-01
       242  5.883663E-02
       243  1.772177E-01
       244  9.754735E-02
       245  1.272135E-01
       246  1.457831E-01
       247  5.503796E-02
       248  1.555940E-01
       249  1.545127E-01
       250  4.783398E-02
       251  1.560340E-01
       252  7.932237E-02
       253  1.291222E-01
       254  1.488562E-01
       255  6.283023E-02
       256  1.631947E-01
       257  1.575810E-01
       258  4.680537E-02
       259  1.767855E-01
       260  5.924412E-02
       261  1.315766E-01
       262  1.296305E-01
       263  4.803160E-02
       264  1.419378E-01
       265  1.400787E-01
       266  3.879214E-02
       267  1.380092E-01
       268  8.817049E-02
       269  1.515408E-01
       270  1.437431E-01
       271  5.688248E-02
       272  1.636777E-01
       273  1.582006E-01
       274  4.332268E-02
       275  1.667747E-01
       276  9.263280E-02
       277  1.044498E-01
       278  2.680743E-01
       279  4.301715E-02
       280  1.739912E-01
       281  1.843961E-01
       282  4.909510E-02
       283  2.111695E-01
       284  1.322487E-01
       285  1.265491E-01
       286  2.884923E-01
       287  4.711056E-02
       288  1.867385E-01
       289  2.013983E-01
       290  5.773649E-02
       291  2.213174E-01
       292  1.469215E-01
       293  9.095303E-02
       294  2.674894E-01
       295  4.878657E-02
       296  1.802708E-01
       297  1.888288E-01
       298  5.449252E-02
       299  2.190957E-01
       300  1.181849E-01
       301  8.346270E-02
       302  2.749766E-01
       303  5.197835E-02
       304  1.818326E-01
       305  1.938098E-01
       306  6.087040E-02
       307  2.164762E-01
       308  1.240066E-01
       309  1.085776E-01
       310  9.956867E-02
       311  1.206961E-01
       312  1.109653E-01
       313  1.102019E-01
       314  1.079329E-01
       315  1.102146E-01
       316  1.023415E-01
       317  1.243158E-01
       318  1.019497E-01
       319  1.240206E-01
       320  1.040313E-01
       321  9.273322E-02
       322  1.175770E-01
       323  1.122144E-01
       324  1.347749E-01

 total internal energy for set ALL and time  0.1000000E+01

        2.191683E+01
