
                        S T E P       1


                                INCREMENT     1


 displacements (vx,vy,vz) for set NALL and time  0.1000000E+01

         1 -6.617445E-25 -6.617445E-25 -6.617445E-25
         2  0.000000E+00  0.000000E+00 -6.617445E-25
         3  0.000000E+00  0.000000E+00 -9.347141E-23
         4  0.000000E+00  0.000000E+00 -5.145063E-23
         5  9.556136E-04 -2.370578E-06 -1.095023E-03
         6  9.559548E-04  2.517524E-06  1.116851E-03
         7 -8.917534E-04  7.591854E-06 -1.095057E-03
         8 -8.923917E-04 -1.608776E-06  1.117593E-03
         9  1.386957E-03 -7.685963E-06 -1.742480E-03
        10  1.387607E-03  1.000088E-05  1.700815E-03
        11 -1.330994E-03  1.267184E-05 -1.742871E-03
        12 -1.331575E-03 -2.590604E-06  1.701040E-03
        13  1.729337E-03 -1.286472E-05 -2.430781E-03
        14  1.730433E-03  2.022059E-05  2.337931E-03
        15 -1.753846E-03  2.305015E-05 -2.430415E-03
        16 -1.754636E-03 -5.611276E-06  2.337963E-03
        17  4.554969E-03 -1.089265E-05 -5.317648E-03
        18  4.555061E-03  1.843149E-05  5.311091E-03
        19 -4.484237E-03  1.021048E-05 -5.317976E-03
        20 -4.484578E-03 -1.087359E-05  5.311348E-03
        21  5.000000E-03  0.000000E+00 -6.000000E-03
        22  5.000000E-03  0.000000E+00  6.000000E-03
        23 -5.000000E-03  6.416275E-21 -6.000000E-03
        24 -5.000000E-03 -2.371692E-21  6.000000E-03
        25  3.944247E-04 -2.194571E-05 -5.531514E-04
        26  2.723770E-04 -1.429312E-05  6.088454E-04
        27 -3.461076E-04 -1.269289E-05 -5.419662E-04
        28 -4.774089E-04 -1.500918E-05  6.035525E-04
        29  1.501606E-03 -1.535095E-05 -1.404293E-03
        30  1.099635E-03 -3.934378E-06  1.348682E-03
        31 -9.545534E-04  2.462107E-07 -1.420983E-03
        32 -1.270599E-03 -9.041655E-06  1.370356E-03
        33  1.926322E-03 -2.425873E-05 -2.041435E-03
        34  1.439586E-03  9.088682E-06  1.911079E-03
        35 -1.299603E-03  7.892690E-06 -1.988557E-03
        36 -1.710864E-03 -1.333017E-05  1.908093E-03
        37  3.383173E-03 -6.560552E-05 -3.941024E-03
        38  2.478516E-03 -2.269868E-05  3.939346E-03
        39 -2.662827E-03 -3.113281E-05 -3.976377E-03
        40 -3.570098E-03 -4.338327E-05  3.970025E-03
        41  5.542605E-03 -1.441800E-05 -5.725452E-03
        42  4.065198E-03 -1.375472E-06  5.811080E-03
        43 -3.917472E-03 -7.251749E-06 -5.749856E-03
        44 -5.262139E-03 -1.383614E-05  5.649318E-03
        45  1.585624E-06  8.110629E-09  1.101067E-06
        46 -5.338168E-07  6.163006E-10 -3.693331E-07
        47  6.071377E-07  6.300059E-09  6.538901E-07
        48 -8.869686E-07  1.297617E-08 -9.617393E-07
        49  9.565157E-04  8.497204E-07  1.966826E-05
        50 -8.928985E-04  1.437768E-05  3.405077E-05
        51  3.074241E-05 -2.695257E-06 -1.094774E-03
        52  1.375210E-05  3.917170E-06  1.116622E-03
        53  1.387120E-03  6.346566E-06 -2.194306E-06
        54 -1.331737E-03  8.482703E-06  4.685171E-06
        55  9.198452E-06  1.709657E-06 -1.742599E-03
        56  3.006778E-06  1.669846E-06  1.700922E-03
        57  1.730864E-03  1.056850E-05 -1.348226E-05
        58 -1.754469E-03  1.029128E-05 -4.837719E-05
        59 -4.645290E-05 -5.238990E-06 -2.429869E-03
        60 -1.527709E-05  5.121863E-06  2.337498E-03
        61  4.556461E-03  6.566846E-07 -2.318461E-05
        62 -4.485244E-03  3.078082E-06  4.032035E-05
        63  3.151409E-05 -4.848072E-06 -5.317586E-03
        64 -2.562836E-05 -3.417873E-06  5.309892E-03
        65  5.000130E-03 -2.289362E-06 -1.710430E-05
        66 -4.999630E-03 -5.244465E-06  5.642582E-05
        67  5.136351E-05  2.691786E-06 -6.000098E-03
        68 -8.180708E-06  2.323890E-05  5.999666E-03
        69  4.782601E-05  8.825397E-05 -7.769245E-04
        70  2.805297E-04  2.644731E-04 -1.914239E-03
        71  2.266387E-05  1.808127E-04 -1.678513E-03
        72  8.085966E-06 -1.093542E-04 -9.211556E-04
        73 -3.118987E-04 -2.662077E-04 -1.951658E-03
        74 -1.057850E-04 -1.503658E-04 -1.582409E-03
        75 -1.739796E-04 -9.927581E-05  8.562263E-04
        76 -2.589406E-04 -2.999636E-04  2.116361E-03
        77 -3.590779E-04 -2.081512E-04  1.834997E-03
        78  1.074304E-05  1.020875E-04  8.660381E-04
        79 -1.522496E-04  2.867410E-04  2.052945E-03
        80  7.576684E-05  1.919789E-04  1.768793E-03
        81 -9.159980E-04  2.924538E-04  1.255462E-04
        82 -1.224713E-03  4.015880E-04  3.417801E-04
        83  1.007778E-04  1.389519E-04  6.979594E-04
        84 -8.075409E-04 -2.618950E-04  2.985511E-05
        85 -1.101997E-03 -3.704285E-04 -1.086819E-04
        86  1.162695E-04 -1.333663E-04 -5.693941E-04
        87  8.213567E-04 -2.652024E-04 -1.201101E-04
        88  9.616040E-04 -3.324438E-04  4.705423E-05
        89 -3.071359E-04 -8.349084E-05  5.899353E-04
        90  8.207732E-04  2.652168E-04  1.889829E-05
        91  1.006479E-03  3.448098E-04 -6.590163E-05
        92 -2.376919E-04  1.017433E-04 -4.635158E-04
        93  2.240427E-04 -1.040190E-05 -1.410869E-03
        94 -1.003471E-04  1.081155E-05 -1.426392E-03
        95  2.065224E-04  1.771481E-05  1.357293E-03
        96 -4.120667E-05 -1.162011E-05  1.361177E-03
        97  1.282115E-03 -2.487394E-05  4.515853E-04
        98  1.309914E-03  3.195408E-05 -4.894677E-04
        99 -1.148824E-03  2.461272E-05  4.391721E-04
       100 -1.089299E-03 -3.028085E-06 -4.412305E-04
       101  1.524352E-04 -2.703503E-05 -1.991228E-03
       102 -5.677522E-05  2.083006E-05 -2.045248E-03
       103  1.648936E-04  3.245080E-05  1.917683E-03
       104 -1.361683E-05 -2.188998E-05  1.903033E-03
       105  1.650182E-03 -1.687668E-05  3.673202E-04
       106  1.692862E-03  2.875093E-05 -4.580304E-04
       107 -1.512562E-03  9.286452E-06  3.380714E-04
       108 -1.486296E-03  1.149338E-05 -3.807470E-04
       109  1.389808E-03  7.190969E-05 -3.117703E-03
       110  1.701752E-03  4.849637E-04 -5.785502E-03
       111  2.413627E-03  1.087715E-03 -9.360511E-03
       112  2.359168E-03  1.414546E-03 -1.115456E-02
       113  1.096796E-03  1.208255E-03 -1.024289E-02
       114 -1.023255E-03  5.852602E-04 -7.567507E-03
       115 -2.963620E-03  1.106342E-04 -5.670888E-03
       116 -1.436167E-03 -5.652745E-05 -3.108376E-03
       117 -4.720385E-04 -4.554081E-04 -5.689031E-03
       118  9.676361E-04 -1.037271E-03 -9.153590E-03
       119  1.944104E-03 -1.342529E-03 -1.084141E-02
       120  2.210348E-03 -1.126230E-03 -9.889629E-03
       121  2.226763E-03 -5.194039E-04 -7.290047E-03
       122  3.025621E-03 -8.515262E-05 -5.573374E-03
       123  1.208441E-03 -7.681909E-05  3.101807E-03
       124  2.367127E-05 -4.987291E-04  5.825129E-03
       125 -1.587188E-03 -1.104378E-03  9.414907E-03
       126 -2.637707E-03 -1.434304E-03  1.122393E-02
       127 -2.834989E-03 -1.233339E-03  1.033626E-02
       128 -2.646064E-03 -6.131287E-04  7.672360E-03
       129 -3.174225E-03 -1.277626E-04  5.728271E-03
       130 -1.486152E-03  9.161872E-05  3.118797E-03
       131 -1.735758E-03  5.162937E-04  5.866851E-03
       132 -2.294587E-03  1.116120E-03  9.433117E-03
       133 -2.100073E-03  1.430043E-03  1.116647E-02
       134 -7.947325E-04  1.211388E-03  1.020266E-02
       135  1.256818E-03  5.865660E-04  7.524660E-03
       136  3.079008E-03  1.162657E-04  5.653934E-03
       137  1.273348E-03  1.337803E-04 -1.775718E-03
       138 -1.388224E-03  8.990465E-04 -6.507656E-04
       139 -5.376430E-03  1.981111E-03  9.519104E-04
       140 -6.904530E-03  2.376595E-03  2.345062E-03
       141 -4.543660E-03  1.846678E-03  3.185758E-03
       142  3.474028E-04  8.209602E-04  3.617421E-03
       143  3.793974E-03  1.490204E-04  4.276182E-03
       144  1.283096E-03 -1.246423E-04  1.799876E-03
       145 -1.299561E-03 -8.693181E-04  1.744804E-03
       146 -5.162057E-03 -1.919141E-03  2.022033E-03
       147 -6.672291E-03 -2.311654E-03  1.530472E-03
       148 -4.412177E-03 -1.806375E-03 -1.052131E-04
       149  3.518291E-04 -8.091706E-04 -2.432863E-03
       150  3.765341E-03 -1.449272E-04 -4.229192E-03
       151 -1.484689E-03 -6.896377E-05 -1.997409E-03
       152  1.062351E-03 -8.028329E-04 -1.736753E-03
       153  5.084644E-03 -1.894257E-03 -1.512536E-03
       154  6.686132E-03 -2.308437E-03 -7.724040E-04
       155  4.378579E-03 -1.791091E-03  6.844277E-04
       156 -4.763720E-04 -7.735600E-04  2.587105E-03
       157 -3.830243E-03 -1.197556E-04  4.180044E-03
       158 -1.500024E-03  8.222789E-05  1.888195E-03
       159  8.834757E-04  7.715962E-04  6.336747E-04
       160  4.668809E-03  1.800634E-03 -1.439431E-03
       161  6.197487E-03  2.197870E-03 -3.070047E-03
       162  4.025990E-03  1.712990E-03 -3.725454E-03
       163 -5.988951E-04  7.456633E-04 -3.729364E-03
       164 -3.828460E-03  1.172229E-04 -4.203043E-03
       165  8.729552E-04 -5.237310E-07 -5.742394E-03
       166 -6.646163E-04 -1.525300E-06 -5.751551E-03
       167  8.275099E-04  1.435492E-05  5.681750E-03
       168 -6.644153E-04  6.959463E-06  5.775220E-03
       169  4.814650E-03 -1.535345E-05  1.163080E-03
       170  4.793255E-03  1.550481E-05 -1.125635E-03
       171 -4.613246E-03 -1.505503E-05  1.002055E-03
       172 -4.620341E-03  1.394556E-05 -9.881042E-04

 forces (fx,fy,fz) for set RIGHT and time  0.1000000E+01

        21  1.450249E+03  7.071070E+02 -1.386123E+03
        22  1.368774E+03 -6.164844E+02  1.805242E+03
        23 -1.350696E+03  1.456035E+02 -1.166059E+03
        24 -1.492984E+03  6.083155E+01  7.263208E+02

 internal energy (element, energy) for set ALL and time  0.1000000E+01

         1  1.703454E-02
         2  1.997399E-02
         3  1.698332E-02
         4  1.407664E-02
         5  1.390521E-02
         6  2.018350E-02
         7  1.531404E-02
         8  1.660890E-02
         9  1.359000E-03
        10  8.095034E-04
        11  1.483006E-03
        12  5.548682E-03
        13  5.462544E-03
        14  5.989815E-03
        15  4.251533E-03
        16  2.382017E-03
        17  5.413769E-03
        18  5.665868E-03
        19  6.644927E-03
        20  1.701935E-03
        21  5.961043E-03
        22  7.838157E-03
        23  2.434866E-03
        24  3.836539E-03
        25  3.974115E-02
        26  5.003963E-02
        27  2.942825E-02
        28  2.704174E-02
        29  2.984800E-02
        30  3.119250E-02
        31  4.072040E-02
        32  3.750839E-02
        33  1.185455E-02
        34  1.552874E-02
        35  1.187919E-02
        36  2.320799E-02
        37  1.444791E-02
        38  1.559502E-02
        39  1.180879E-02
        40  1.159392E-02
        41  2.101687E-03
        42  4.104753E-03
        43  3.129827E-04
        44  3.598059E-04
        45  1.183708E-03
        46  3.733126E-04
        47  3.067330E-03
        48  6.733442E-04
        49  1.572877E-02
        50  1.434662E-02
        51  1.657833E-02
        52  1.204550E-02
        53  1.635934E-02
        54  1.626107E-02
        55  1.032467E-02
        56  9.425980E-03
        57  1.936980E-04
        58  1.084723E-03
        59  1.953540E-03
        60  2.487797E-03
        61  2.198901E-03
        62  1.907438E-03
        63  9.868849E-04
        64  4.015365E-04
        65  1.921363E-02
        66  2.536622E-02
        67  3.562860E-02
        68  3.440781E-02
        69  3.280374E-03
        70  6.664290E-03
        71  3.651392E-03
        72  4.084183E-03
        73  1.019273E-02
        74  1.291521E-02
        75  7.148194E-03
        76  3.755170E-03
        77  2.226144E-03
        78  3.312770E-03
        79  2.251358E-03
        80  3.299711E-03
        81  1.369588E-02
        82  1.087171E-02
        83  4.073101E-03
        84  6.688942E-03
        85  5.834568E-03
        86  2.332899E-03
        87  1.244763E-02
        88  1.109744E-02
        89  1.809764E-01
        90  1.439129E-01
        91  1.499084E-01
        92  1.693037E-01
        93  2.184887E-01
        94  1.399215E-01
        95  1.551635E-01
        96  1.614410E-01
        97  1.940327E-01
        98  1.185386E-01
        99  1.365035E-01
       100  1.812217E-01
       101  1.974689E-01
       102  1.357492E-01
       103  1.362995E-01
       104  1.752262E-01
       105  2.053454E-01
       106  1.377357E-01
       107  1.180165E-01
       108  1.543625E-01
       109  2.021866E-01
       110  1.479648E-01
       111  1.289997E-01
       112  1.698500E-01
       113  1.864350E-01
       114  1.585995E-01
       115  1.369631E-01
       116  1.632225E-01
       117  1.876119E-01
       118  1.660870E-01
       119  1.452561E-01
       120  1.674756E-01
       121  1.999604E-01
       122  1.483641E-01
       123  1.755546E-01
       124  1.479291E-01
       125  1.719551E-01
       126  1.749703E-01
       127  1.377232E-01
       128  1.617708E-01
       129  2.076874E-01
       130  1.606484E-01
       131  2.166141E-01
       132  1.600562E-01
       133  1.326778E-01
       134  2.062236E-01
       135  1.337709E-01
       136  2.151875E-01
       137  1.891181E-01
       138  1.312634E-01
       139  1.767783E-01
       140  1.491490E-01
       141  1.727870E-01
       142  1.664115E-01
       143  1.467150E-01
       144  1.657817E-01
       145  1.882845E-01
       146  1.573807E-01
       147  2.067485E-01
       148  1.417730E-01
       149  1.397327E-01
       150  2.104175E-01
       151  1.586745E-01
       152  2.215991E-01
       153  2.459519E-01
       154  3.034739E-01
       155  9.222797E-02
       156  2.646198E-01
       157  2.737682E-01
       158  8.952278E-02
       159  2.653718E-01
       160  1.357159E-01
       161  2.573039E-01
       162  3.208332E-01
       163  1.045450E-01
       164  2.851875E-01
       165  2.888807E-01
       166  9.132147E-02
       167  3.150163E-01
       168  1.039830E-01
       169  2.680795E-01
       170  2.787529E-01
       171  7.560823E-02
       172  2.463586E-01
       173  2.568624E-01
       174  7.607227E-02
       175  2.434544E-01
       176  1.577447E-01
       177  3.059038E-01
       178  3.019919E-01
       179  9.260745E-02
       180  2.807263E-01
       181  2.835568E-01
       182  8.048847E-02
       183  2.873117E-01
       184  1.675036E-01
       185  1.517646E-01
       186  3.381138E-01
       187  7.872643E-02
       188  3.097195E-01
       189  3.028749E-01
       190  7.493727E-02
       191  3.899670E-01
       192  2.327878E-01
       193  1.773131E-01
       194  3.616139E-01
       195  8.414997E-02
       196  3.333196E-01
       197  3.321286E-01
       198  8.722191E-02
       199  4.101394E-01
       200  2.652560E-01
       201  1.350141E-01
       202  3.729279E-01
       203  8.772024E-02
       204  3.249645E-01
       205  3.215235E-01
       206  8.899449E-02
       207  4.092137E-01
       208  2.102032E-01
       209  1.316488E-01
       210  3.918017E-01
       211  9.738873E-02
       212  3.398668E-01
       213  3.404042E-01
       214  1.017227E-01
       215  4.191368E-01
       216  2.261723E-01
       217  2.027692E-01
       218  1.823327E-01
       219  1.930835E-01
       220  1.750644E-01
       221  1.781414E-01
       222  1.795222E-01
       223  2.036974E-01
       224  1.823798E-01
       225  2.053692E-01
       226  1.509036E-01
       227  2.111001E-01
       228  1.665513E-01
       229  1.714883E-01
       230  2.141806E-01
       231  1.806246E-01
       232  2.161237E-01

 total internal energy for set ALL and time  0.1000000E+01

        2.940799E+01
