
                        S T E P       1


                                INCREMENT     1


 displacements (vx,vy,vz) for set TIP_TOP and time  0.1000000E+01

      1751  1.125909E-01 -2.912667E-03 -3.838798E+00
      1752  1.124718E-01 -2.863955E-03 -3.832080E+00
      1755  1.122333E-01 -2.714626E-03 -3.825506E+00
      1758  1.120849E-01 -2.136263E-03 -3.819635E+00
      1760  1.120565E-01 -8.195139E-04 -3.816019E+00
      1762  1.120470E-01 -4.947730E-11 -3.815788E+00
      1764  1.120565E-01  8.195138E-04 -3.816019E+00
      1767  1.120849E-01  2.136262E-03 -3.819635E+00
      1770  1.122333E-01  2.714626E-03 -3.825506E+00
      1773  1.124718E-01  2.863954E-03 -3.832080E+00
      1776  1.125909E-01  2.912667E-03 -3.838798E+00

 forces (fx,fy,fz) for set CLAMP and time  0.1000000E+01

         1  5.981993E+03  6.133792E+03  2.539510E+03
         4  1.082950E+04 -8.758378E-08  5.070773E+03
         5  7.902502E+03  9.421992E+03 -6.159312E+01
         8  1.393796E+04 -1.573793E-07 -1.027044E+02
         9  5.310387E+03  6.215194E+03 -2.862259E+02
        12  9.287728E+03 -1.273337E-07 -5.529072E+02
        13  2.991482E+03  3.448045E+03 -4.870795E+02
        16  5.211585E+03 -9.550452E-08 -9.522105E+02
        17  7.203006E+02  7.778244E+02 -5.374845E+02
        20  1.232889E+03 -6.172697E-08 -1.059376E+03
        21 -1.136129E+03 -5.739617E+02 -1.487110E+03
        24 -1.337188E+03 -1.979234E-08 -6.863687E+02
        26  5.981993E+03 -6.133792E+03  2.539510E+03
        28  7.902502E+03 -9.421992E+03 -6.159312E+01
        30  5.310387E+03 -6.215194E+03 -2.862259E+02
        32  2.991482E+03 -3.448045E+03 -4.870795E+02
        34  7.203006E+02 -7.778244E+02 -5.374845E+02
        36 -1.136129E+03  5.739617E+02 -1.487110E+03
        37 -1.099853E+03 -6.528850E+02 -1.461283E+03
        40 -1.140375E+03 -2.366489E+02 -2.443265E+03
        41 -3.053437E+03 -1.587848E+03 -5.501696E+02
        44 -4.385381E+03 -5.660134E+02 -1.058152E+03
        45 -2.255297E+03 -9.394302E+02  1.857188E+03
        48 -3.842386E+03 -3.300955E+02  3.419320E+03
        50 -8.490985E+02 -2.332323E+02 -2.211548E+03
        52 -4.186516E+03 -5.124110E+02 -1.093188E+03
        54 -3.954560E+03 -2.794691E+02  3.329060E+03
        56 -8.240474E+02 -1.762306E+02 -2.221744E+03
        58 -4.265322E+03 -3.547286E+02 -1.109002E+03
        60 -4.080338E+03 -1.817973E+02  3.393226E+03
        62 -2.996324E+03 -1.379540E+02 -7.187670E+02
        64 -2.846197E+03 -6.561325E+01  2.374868E+03
        66 -1.616295E+03 -1.432693E-08 -3.718355E+02
        68 -1.528987E+03 -1.119327E-08  1.281508E+03
        70 -2.996324E+03  1.379540E+02 -7.187670E+02
        72 -2.846197E+03  6.561325E+01  2.374868E+03
        74 -8.240474E+02  1.762306E+02 -2.221744E+03
        76 -4.265322E+03  3.547286E+02 -1.109002E+03
        78 -4.080338E+03  1.817973E+02  3.393226E+03
        80 -8.490985E+02  2.332323E+02 -2.211548E+03
        82 -4.186516E+03  5.124110E+02 -1.093188E+03
        84 -3.954560E+03  2.794691E+02  3.329060E+03
        86 -1.140375E+03  2.366489E+02 -2.443265E+03
        88 -4.385381E+03  5.660134E+02 -1.058152E+03
        90 -3.842386E+03  3.300955E+02  3.419320E+03
        92 -1.099853E+03  6.528850E+02 -1.461283E+03
        94 -3.053437E+03  1.587848E+03 -5.501696E+02
        96 -2.255297E+03  9.394302E+02  1.857188E+03

 internal energy (element, energy) for set EALL and time  0.1000000E+01

         1  1.097823E+02
         2  5.145023E+01
         3  2.068796E+01
         4  4.697663E+00
         5  1.192154E+00
         6  1.097823E+02
         7  5.145023E+01
         8  2.068796E+01
         9  4.697663E+00
        10  1.192154E+00
        11  6.581294E+00
        12  1.199989E+01
        13  5.182794E+00
        14  1.046907E+01
        15  4.968216E+00
        16  1.047008E+01
        17  5.207284E+00
        18  1.085180E+01
        19  1.971655E+00
        20  4.049268E+00
        21  1.971655E+00
        22  4.049268E+00
        23  5.207284E+00
        24  1.085180E+01
        25  4.968216E+00
        26  1.047008E+01
        27  5.182794E+00
        28  1.046907E+01
        29  6.581294E+00
        30  1.199989E+01
        31  1.119875E+02
        32  6.401328E+01
        33  2.649636E+01
        34  6.348547E+00
        35  1.960887E+00
        36  1.119875E+02
        37  6.401328E+01
        38  2.649636E+01
        39  6.348547E+00
        40  1.960887E+00
        41  5.756443E+00
        42  1.152766E+01
        43  6.284630E+00
        44  1.225132E+01
        45  6.304510E+00
        46  1.228631E+01
        47  6.635527E+00
        48  1.267525E+01
        49  2.499800E+00
        50  4.698840E+00
        51  2.499800E+00
        52  4.698840E+00
        53  6.635527E+00
        54  1.267525E+01
        55  6.304510E+00
        56  1.228631E+01
        57  6.284630E+00
        58  1.225132E+01
        59  5.756443E+00
        60  1.152766E+01
        61  1.120478E+02
        62  6.341429E+01
        63  2.788244E+01
        64  7.096204E+00
        65  2.343548E+00
        66  1.120478E+02
        67  6.341429E+01
        68  2.788244E+01
        69  7.096204E+00
        70  2.343548E+00
        71  5.816520E+00
        72  1.159651E+01
        73  6.439765E+00
        74  1.242291E+01
        75  6.812284E+00
        76  1.292158E+01
        77  7.075185E+00
        78  1.323455E+01
        79  2.598300E+00
        80  4.844625E+00
        81  2.598300E+00
        82  4.844625E+00
        83  7.075185E+00
        84  1.323455E+01
        85  6.812284E+00
        86  1.292158E+01
        87  6.439765E+00
        88  1.242291E+01
        89  5.816520E+00
        90  1.159651E+01
        91  1.165648E+02
        92  6.476783E+01
        93  2.828413E+01
        94  7.354973E+00
        95  2.494821E+00
        96  1.165648E+02
        97  6.476783E+01
        98  2.828413E+01
        99  7.354973E+00
       100  2.494821E+00
       101  6.522128E+00
       102  1.224891E+01
       103  6.842086E+00
       104  1.267838E+01
       105  7.136781E+00
       106  1.306204E+01
       107  7.334336E+00
       108  1.324820E+01
       109  2.663271E+00
       110  4.805076E+00
       111  2.663271E+00
       112  4.805076E+00
       113  7.334336E+00
       114  1.324820E+01
       115  7.136781E+00
       116  1.306204E+01
       117  6.842086E+00
       118  1.267838E+01
       119  6.522128E+00
       120  1.224891E+01
       121  1.113025E+02
       122  6.139138E+01
       123  2.659434E+01
       124  6.852063E+00
       125  2.276980E+00
       126  1.113025E+02
       127  6.139138E+01
       128  2.659434E+01
       129  6.852063E+00
       130  2.276980E+00
       131  6.414996E+00
       132  1.207404E+01
       133  6.530755E+00
       134  1.220770E+01
       135  6.665296E+00
       136  1.235949E+01
       137  6.798957E+00
       138  1.244008E+01
       139  2.471259E+00
       140  4.508713E+00
       141  2.471259E+00
       142  4.508713E+00
       143  6.798957E+00
       144  1.244008E+01
       145  6.665296E+00
       146  1.235949E+01
       147  6.530755E+00
       148  1.220770E+01
       149  6.414996E+00
       150  1.207404E+01
       151  1.058874E+02
       152  5.831028E+01
       153  2.520489E+01
       154  6.493914E+00
       155  2.149553E+00
       156  1.058874E+02
       157  5.831028E+01
       158  2.520489E+01
       159  6.493914E+00
       160  2.149553E+00
       161  6.207185E+00
       162  1.164168E+01
       163  6.238577E+00
       164  1.164789E+01
       165  6.295667E+00
       166  1.168432E+01
       167  6.392527E+00
       168  1.170984E+01
       169  2.321853E+00
       170  4.240840E+00
       171  2.321853E+00
       172  4.240840E+00
       173  6.392527E+00
       174  1.170984E+01
       175  6.295667E+00
       176  1.168432E+01
       177  6.238577E+00
       178  1.164789E+01
       179  6.207185E+00
       180  1.164168E+01
       181  1.003939E+02
       182  5.529846E+01
       183  2.391621E+01
       184  6.188110E+00
       185  2.062188E+00
       186  1.003939E+02
       187  5.529846E+01
       188  2.391621E+01
       189  6.188110E+00
       190  2.062188E+00
       191  5.928531E+00
       192  1.106922E+01
       193  5.939492E+00
       194  1.105034E+01
       195  5.968220E+00
       196  1.105546E+01
       197  6.046817E+00
       198  1.106552E+01
       199  2.192858E+00
       200  4.005703E+00
       201  2.192858E+00
       202  4.005703E+00
       203  6.046817E+00
       204  1.106552E+01
       205  5.968220E+00
       206  1.105546E+01
       207  5.939492E+00
       208  1.105034E+01
       209  5.928531E+00
       210  1.106922E+01
       211  9.497101E+01
       212  5.233230E+01
       213  2.265932E+01
       214  5.893716E+00
       215  1.986113E+00
       216  9.497101E+01
       217  5.233230E+01
       218  2.265932E+01
       219  5.893716E+00
       220  1.986113E+00
       221  5.628024E+00
       222  1.046031E+01
       223  5.637271E+00
       224  1.044908E+01
       225  5.658094E+00
       226  1.045588E+01
       227  5.729681E+00
       228  1.046538E+01
       229  2.075643E+00
       230  3.787237E+00
       231  2.075643E+00
       232  3.787237E+00
       233  5.729681E+00
       234  1.046538E+01
       235  5.658094E+00
       236  1.045588E+01
       237  5.637271E+00
       238  1.044908E+01
       239  5.628024E+00
       240  1.046031E+01
       241  8.963033E+01
       242  4.940735E+01
       243  2.141726E+01
       244  5.600978E+00
       245  1.912850E+00
       246  8.963033E+01
       247  4.940735E+01
       248  2.141726E+01
       249  5.600978E+00
       250  1.912850E+00
       251  5.323153E+00
       252  9.858188E+00
       253  5.333801E+00
       254  9.857408E+00
       255  5.353193E+00
       256  9.871672E+00
       257  5.422609E+00
       258  9.884203E+00
       259  1.963062E+00
       260  3.576073E+00
       261  1.963062E+00
       262  3.576073E+00
       263  5.422609E+00
       264  9.884203E+00
       265  5.353193E+00
       266  9.871672E+00
       267  5.333801E+00
       268  9.857408E+00
       269  5.323153E+00
       270  9.858188E+00
       271  8.437443E+01
       272  4.652530E+01
       273  2.019034E+01
       274  5.309537E+00
       275  1.839431E+00
       276  8.437443E+01
       277  4.652530E+01
       278  2.019034E+01
       279  5.309537E+00
       280  1.839431E+00
       281  5.020390E+00
       282  9.273524E+00
       283  5.031935E+00
       284  9.279127E+00
       285  5.051261E+00
       286  9.298802E+00
       287  5.120180E+00
       288  9.313980E+00
       289  1.852790E+00
       290  3.369000E+00
       291  1.852790E+00
       292  3.369000E+00
       293  5.120180E+00
       294  9.313980E+00
       295  5.051261E+00
       296  9.298802E+00
       297  5.031935E+00
       298  9.279127E+00
       299  5.020390E+00
       300  9.273524E+00
       301  7.920632E+01
       302  4.368970E+01
       303  1.898140E+01
       304  5.020898E+00
       305  1.765777E+00
       306  7.920632E+01
       307  4.368970E+01
       308  1.898140E+01
       309  5.020898E+00
       310  1.765777E+00
       311  4.721460E+00
       312  8.705780E+00
       313  4.733273E+00
       314  8.714305E+00
       315  4.752633E+00
       316  8.736724E+00
       317  4.821568E+00
       318  8.753332E+00
       319  1.744195E+00
       320  3.165339E+00
       321  1.744195E+00
       322  3.165339E+00
       323  4.821568E+00
       324  8.753332E+00
       325  4.752633E+00
       326  8.736724E+00
       327  4.733273E+00
       328  8.714305E+00
       329  4.721460E+00
       330  8.705780E+00
       331  7.413192E+01
       332  4.090470E+01
       333  1.779313E+01
       334  4.736273E+00
       335  1.692285E+00
       336  7.413192E+01
       337  4.090470E+01
       338  1.779313E+01
       339  4.736273E+00
       340  1.692285E+00
       341  4.426996E+00
       342  8.152409E+00
       343  4.438821E+00
       344  8.161980E+00
       345  4.458179E+00
       346  8.185454E+00
       347  4.527309E+00
       348  8.202598E+00
       349  1.637305E+00
       350  2.965206E+00
       351  1.637305E+00
       352  2.965206E+00
       353  4.527309E+00
       354  8.202598E+00
       355  4.458179E+00
       356  8.185454E+00
       357  4.438821E+00
       358  8.161980E+00
       359  4.426996E+00
       360  8.152409E+00
       361  6.915825E+01
       362  3.817440E+01
       363  1.662764E+01
       364  4.456410E+00
       365  1.619330E+00
       366  6.915825E+01
       367  3.817440E+01
       368  1.662764E+01
       369  4.456410E+00
       370  1.619330E+00
       371  4.137463E+00
       372  7.611614E+00
       373  4.149269E+00
       374  7.621418E+00
       375  4.168637E+00
       376  7.645156E+00
       377  4.238052E+00
       378  7.662400E+00
       379  1.532279E+00
       380  2.768864E+00
       381  1.532279E+00
       382  2.768864E+00
       383  4.238052E+00
       384  7.662400E+00
       385  4.168637E+00
       386  7.645156E+00
       387  4.149269E+00
       388  7.621418E+00
       389  4.137463E+00
       390  7.611614E+00
       391  6.429220E+01
       392  3.550267E+01
       393  1.548665E+01
       394  4.181820E+00
       395  1.547166E+00
       396  6.429220E+01
       397  3.550267E+01
       398  1.548665E+01
       399  4.181820E+00
       400  1.547166E+00
       401  3.853336E+00
       402  7.082655E+00
       403  3.865154E+00
       404  7.092421E+00
       405  3.884572E+00
       406  7.116152E+00
       407  3.954329E+00
       408  7.133366E+00
       409  1.429278E+00
       410  2.576573E+00
       411  1.429278E+00
       412  2.576573E+00
       413  3.954329E+00
       414  7.133366E+00
       415  3.884572E+00
       416  7.116152E+00
       417  3.865154E+00
       418  7.092421E+00
       419  3.853336E+00
       420  7.082655E+00
       421  5.954033E+01
       422  3.289317E+01
       423  1.437177E+01
       424  3.912940E+00
       425  1.475979E+00
       426  5.954033E+01
       427  3.289317E+01
       428  1.437177E+01
       429  3.912940E+00
       430  1.475979E+00
       431  3.575080E+00
       432  6.565566E+00
       433  3.586943E+00
       434  6.575249E+00
       435  3.606441E+00
       436  6.598939E+00
       437  3.676579E+00
       438  6.616134E+00
       439  1.328448E+00
       440  2.388580E+00
       441  1.328448E+00
       442  2.388580E+00
       443  3.676579E+00
       444  6.616134E+00
       445  3.606441E+00
       446  6.598939E+00
       447  3.586943E+00
       448  6.575249E+00
       449  3.575080E+00
       450  6.565566E+00
       451  5.490910E+01
       452  3.034949E+01
       453  1.328456E+01
       454  3.650190E+00
       455  1.405918E+00
       456  5.490910E+01
       457  3.034949E+01
       458  1.328456E+01
       459  3.650190E+00
       460  1.405918E+00
       461  3.303139E+00
       462  6.060826E+00
       463  3.315066E+00
       464  6.070456E+00
       465  3.334663E+00
       466  6.094150E+00
       467  3.405204E+00
       468  6.111376E+00
       469  1.229934E+00
       470  2.205131E+00
       471  1.229934E+00
       472  2.205131E+00
       473  3.405204E+00
       474  6.111376E+00
       475  3.334663E+00
       476  6.094150E+00
       477  3.315066E+00
       478  6.070456E+00
       479  3.303139E+00
       480  6.060826E+00
       481  5.040502E+01
       482  2.787528E+01
       483  1.222664E+01
       484  3.393997E+00
       485  1.337124E+00
       486  5.040502E+01
       487  2.787528E+01
       488  1.222664E+01
       489  3.393997E+00
       490  1.337124E+00
       491  3.037948E+00
       492  5.569141E+00
       493  3.049946E+00
       494  5.578758E+00
       495  3.069651E+00
       496  5.602507E+00
       497  3.140607E+00
       498  5.619813E+00
       499  1.133878E+00
       500  2.026485E+00
       501  1.133878E+00
       502  2.026485E+00
       503  3.140607E+00
       504  5.619813E+00
       505  3.069651E+00
       506  5.602507E+00
       507  3.049946E+00
       508  5.578758E+00
       509  3.037948E+00
       510  5.569141E+00
       511  4.603487E+01
       512  2.547431E+01
       513  1.119964E+01
       514  3.144791E+00
       515  1.269733E+00
       516  4.603487E+01
       517  2.547431E+01
       518  1.119964E+01
       519  3.144791E+00
       520  1.269733E+00
       521  2.779940E+00
       522  5.091319E+00
       523  2.792013E+00
       524  5.100951E+00
       525  2.811830E+00
       526  5.124790E+00
       527  2.883207E+00
       528  5.142205E+00
       529  1.040434E+00
       530  1.852914E+00
       531  1.040434E+00
       532  1.852914E+00
       533  2.883207E+00
       534  5.142205E+00
       535  2.811830E+00
       536  5.124790E+00
       537  2.792013E+00
       538  5.100951E+00
       539  2.779940E+00
       540  5.091319E+00
       541  4.180572E+01
       542  2.315050E+01
       543  1.020527E+01
       544  2.903019E+00
       545  1.203889E+00
       546  4.180572E+01
       547  2.315050E+01
       548  1.020527E+01
       549  2.903019E+00
       550  1.203889E+00
       551  2.529568E+00
       552  4.628218E+00
       553  2.541716E+00
       554  4.637876E+00
       555  2.561644E+00
       556  4.661818E+00
       557  2.633445E+00
       558  4.679356E+00
       559  9.497622E-01
       560  1.684707E+00
       561  9.497622E-01
       562  1.684707E+00
       563  2.633445E+00
       564  4.679356E+00
       565  2.561644E+00
       566  4.661818E+00
       567  2.541716E+00
       568  4.637876E+00
       569  2.529568E+00
       570  4.628218E+00
       571  3.772496E+01
       572  2.090795E+01
       573  9.245312E+00
       574  2.669143E+00
       575  1.139741E+00
       576  3.772496E+01
       577  2.090795E+01
       578  9.245312E+00
       579  2.669143E+00
       580  1.139741E+00
       581  2.287302E+00
       582  4.180714E+00
       583  2.299527E+00
       584  4.190399E+00
       585  2.319562E+00
       586  4.214445E+00
       587  2.391788E+00
       588  4.232107E+00
       589  8.620315E-01
       590  1.522167E+00
       591  8.620315E-01
       592  1.522167E+00
       593  2.391788E+00
       594  4.232107E+00
       595  2.319562E+00
       596  4.214445E+00
       597  2.299527E+00
       598  4.190399E+00
       599  2.287302E+00
       600  4.180714E+00
       601  3.380034E+01
       602  1.875092E+01
       603  8.321626E+00
       604  2.443646E+00
       605  1.077443E+00
       606  3.380034E+01
       607  1.875092E+01
       608  8.321626E+00
       609  2.443646E+00
       610  1.077443E+00
       611  2.053644E+00
       612  3.749697E+00
       613  2.065942E+00
       614  3.759405E+00
       615  2.086081E+00
       616  3.783551E+00
       617  2.158727E+00
       618  3.801335E+00
       619  7.774200E-01
       620  1.365614E+00
       621  7.774200E-01
       622  1.365614E+00
       623  2.158727E+00
       624  3.801335E+00
       625  2.086081E+00
       626  3.783551E+00
       627  2.065942E+00
       628  3.759405E+00
       629  2.053644E+00
       630  3.749697E+00
       631  3.003999E+01
       632  1.668393E+01
       633  7.436153E+00
       634  2.227024E+00
       635  1.017157E+00
       636  3.003999E+01
       637  1.668393E+01
       638  7.436153E+00
       639  2.227024E+00
       640  1.017157E+00
       641  1.829124E+00
       642  3.336044E+00
       643  1.841489E+00
       644  3.345790E+00
       645  1.861722E+00
       646  3.370048E+00
       647  1.934780E+00
       648  3.387960E+00
       649  6.961160E-01
       650  1.215382E+00
       651  6.961160E-01
       652  1.215382E+00
       653  1.934780E+00
       654  3.387960E+00
       655  1.861722E+00
       656  3.370048E+00
       657  1.841489E+00
       658  3.345790E+00
       659  1.829124E+00
       660  3.336044E+00
       661  2.645248E+01
       662  1.471168E+01
       663  6.590918E+00
       664  2.019789E+00
       665  9.590506E-01
       666  2.645248E+01
       667  1.471168E+01
       668  6.590918E+00
       669  2.019789E+00
       670  9.590506E-01
       671  1.614298E+00
       672  2.940607E+00
       673  1.626717E+00
       674  2.950448E+00
       675  1.647031E+00
       676  2.974874E+00
       677  1.720491E+00
       678  2.992946E+00
       679  6.183196E-01
       680  1.071825E+00
       681  6.183196E-01
       682  1.071825E+00
       683  1.720491E+00
       684  2.992946E+00
       685  1.647031E+00
       686  2.974874E+00
       687  1.626717E+00
       688  2.950448E+00
       689  1.614298E+00
       690  2.940607E+00
       691  2.304690E+01
       692  1.283915E+01
       693  5.788029E+00
       694  1.822461E+00
       695  9.033038E-01
       696  2.304690E+01
       697  1.283915E+01
       698  5.788029E+00
       699  1.822461E+00
       700  9.033038E-01
       701  1.409745E+00
       702  2.564185E+00
       703  1.422194E+00
       704  2.574267E+00
       705  1.442579E+00
       706  2.599007E+00
       707  1.516438E+00
       708  2.617322E+00
       709  5.442480E-01
       710  9.353216E-01
       711  5.442480E-01
       712  9.353216E-01
       713  1.516438E+00
       714  2.617322E+00
       715  1.442579E+00
       716  2.599007E+00
       717  1.422194E+00
       718  2.574267E+00
       719  1.409745E+00
       720  2.564185E+00
       721  1.983287E+01
       722  1.107154E+01
       723  5.029667E+00
       724  1.635574E+00
       725  8.501290E-01
       726  1.983287E+01
       727  1.107154E+01
       728  5.029667E+00
       729  1.635574E+00
       730  8.501290E-01
       731  1.216046E+00
       732  2.207547E+00
       733  1.228492E+00
       734  2.218146E+00
       735  1.248950E+00
       736  2.243482E+00
       737  1.323240E+00
       738  2.262205E+00
       739  4.741409E-01
       740  8.062841E-01
       741  4.741409E-01
       742  8.062841E-01
       743  1.323240E+00
       744  2.262205E+00
       745  1.248950E+00
       746  2.243482E+00
       747  1.228492E+00
       748  2.218146E+00
       749  1.216046E+00
       750  2.207547E+00
       751  1.682057E+01
       752  9.414275E+00
       753  4.318093E+00
       754  1.459710E+00
       755  7.998168E-01
       756  1.682057E+01
       757  9.414275E+00
       758  4.318093E+00
       759  1.459710E+00
       760  7.998168E-01
       761  1.033761E+00
       762  1.871540E+00
       763  1.046168E+00
       764  1.883082E+00
       765  1.066737E+00
       766  1.909457E+00
       767  1.141560E+00
       768  1.928842E+00
       769  4.082689E-01
       770  6.851651E-01
       771  4.082689E-01
       772  6.851651E-01
       773  1.141560E+00
       774  1.928842E+00
       775  1.066737E+00
       776  1.909457E+00
       777  1.046168E+00
       778  1.883082E+00
       779  1.033761E+00
       780  1.871540E+00
       781  1.402044E+01
       782  7.872888E+00
       783  3.655674E+00
       784  1.295587E+00
       785  7.528277E-01
       786  1.402044E+01
       787  7.872888E+00
       788  3.655674E+00
       789  1.295587E+00
       790  7.528277E-01
       791  8.634020E-01
       792  1.557387E+00
       793  8.757518E-01
       794  1.570368E+00
       795  8.965409E-01
       796  1.598306E+00
       797  9.721334E-01
       798  1.618651E+00
       799  3.469362E-01
       800  5.724627E-01
       801  3.469362E-01
       802  5.724627E-01
       803  9.721334E-01
       804  1.618651E+00
       805  8.965409E-01
       806  1.598306E+00
       807  8.757518E-01
       808  1.570368E+00
       809  8.634020E-01
       810  1.557387E+00
       811  1.144251E+01
       812  6.452777E+00
       813  3.044951E+00
       814  1.144253E+00
       815  7.099504E-01
       816  1.144251E+01
       817  6.452777E+00
       818  3.044951E+00
       819  1.144253E+00
       820  7.099504E-01
       821  7.054402E-01
       822  1.267230E+00
       823  7.177760E-01
       824  1.281923E+00
       825  7.389965E-01
       826  1.311748E+00
       827  8.157972E-01
       828  1.333231E+00
       829  2.904733E-01
       830  4.687140E-01
       831  2.904733E-01
       832  4.687140E-01
       833  8.157972E-01
       834  1.333231E+00
       835  7.389965E-01
       836  1.311748E+00
       837  7.177760E-01
       838  1.281923E+00
       839  7.054402E-01
       840  1.267230E+00
       841  9.095468E+00
       842  5.158922E+00
       843  2.488760E+00
       844  1.007378E+00
       845  6.725471E-01
       846  9.095468E+00
       847  5.158922E+00
       848  2.488760E+00
       849  1.007378E+00
       850  6.725471E-01
       851  5.603804E-01
       852  1.004857E+00
       853  5.728729E-01
       854  1.020653E+00
       855  5.948646E-01
       856  1.051889E+00
       857  6.735803E-01
       858  1.074274E+00
       859  2.392021E-01
       860  3.744608E-01
       861  2.392021E-01
       862  3.744608E-01
       863  6.735803E-01
       864  1.074274E+00
       865  5.948646E-01
       866  1.051889E+00
       867  5.728729E-01
       868  1.020653E+00
       869  5.603804E-01
       870  1.004857E+00
       871  6.985763E+00
       872  3.995690E+00
       873  1.990409E+00
       874  8.875782E-01
       875  6.428272E-01
       876  6.985763E+00
       877  3.995690E+00
       878  1.990409E+00
       879  8.875782E-01
       880  6.428272E-01
       881  4.290792E-01
       882  7.762628E-01
       883  4.420879E-01
       884  7.905347E-01
       885  4.652680E-01
       886  8.209214E-01
       887  5.468407E-01
       888  8.431903E-01
       889  1.933634E-01
       890  2.901563E-01
       891  1.933634E-01
       892  2.901563E-01
       893  5.468407E-01
       894  8.431903E-01
       895  4.652680E-01
       896  8.209214E-01
       897  4.420879E-01
       898  7.905347E-01
       899  4.290792E-01
       900  7.762628E-01
       901  5.117662E+00
       902  2.967402E+00
       903  1.554297E+00
       904  7.885586E-01
       905  6.235842E-01
       906  5.117662E+00
       907  2.967402E+00
       908  1.554297E+00
       909  7.885586E-01
       910  6.235842E-01
       911  3.138244E-01
       912  5.895411E-01
       913  3.278407E-01
       914  5.959747E-01
       915  3.523021E-01
       916  6.201462E-01
       917  4.372406E-01
       918  6.400573E-01
       919  1.529891E-01
       920  2.158417E-01
       921  1.529891E-01
       922  2.158417E-01
       923  4.372406E-01
       924  6.400573E-01
       925  3.523021E-01
       926  6.201462E-01
       927  3.278407E-01
       928  5.959747E-01
       929  3.138244E-01
       930  5.895411E-01
       931  3.494042E+00
       932  2.081491E+00
       933  1.188047E+00
       934  7.144436E-01
       935  6.154166E-01
       936  3.494042E+00
       937  2.081491E+00
       938  1.188047E+00
       939  7.144436E-01
       940  6.154166E-01
       941  2.228537E-01
       942  4.546423E-01
       943  2.375134E-01
       944  4.412139E-01
       945  2.611641E-01
       946  4.491312E-01
       947  3.467406E-01
       948  4.629592E-01
       949  1.176972E-01
       950  1.509519E-01
       951  1.176972E-01
       952  1.509519E-01
       953  3.467406E-01
       954  4.629592E-01
       955  2.611641E-01
       956  4.491312E-01
       957  2.375134E-01
       958  4.412139E-01
       959  2.228537E-01
       960  4.546423E-01
       961  2.117872E+00
       962  1.354335E+00
       963  9.061487E-01
       964  6.650892E-01
       965  6.102350E-01
       966  2.117872E+00
       967  1.354335E+00
       968  9.061487E-01
       969  6.650892E-01
       970  6.102350E-01
       971  1.814137E-01
       972  3.850472E-01
       973  1.934627E-01
       974  3.336368E-01
       975  2.070789E-01
       976  3.091642E-01
       977  2.817645E-01
       978  3.112612E-01
       979  8.681435E-02
       980  9.579685E-02
       981  8.681435E-02
       982  9.579685E-02
       983  2.817645E-01
       984  3.112612E-01
       985  2.070789E-01
       986  3.091642E-01
       987  1.934627E-01
       988  3.336368E-01
       989  1.814137E-01
       990  3.850472E-01
       991  1.017286E+00
       992  8.071365E-01
       993  7.134009E-01
       994  6.371150E-01
       995  5.896079E-01
       996  1.017286E+00
       997  8.071365E-01
       998  7.134009E-01
       999  6.371150E-01
      1000  5.896079E-01
      1001  2.385237E-01
      1002  3.888250E-01
      1003  2.499382E-01
      1004  2.979460E-01
      1005  2.386963E-01
      1006  2.347982E-01
      1007  2.881962E-01
      1008  2.212726E-01
      1009  6.117019E-02
      1010  6.653460E-02
      1011  6.117019E-02
      1012  6.653460E-02
      1013  2.881962E-01
      1014  2.212726E-01
      1015  2.386963E-01
      1016  2.347982E-01
      1017  2.499382E-01
      1018  2.979460E-01
      1019  2.385237E-01
      1020  3.888250E-01
      1021  2.976500E-01
      1022  4.061166E-01
      1023  5.400435E-01
      1024  6.237406E-01
      1025  6.466890E-01
      1026  2.976500E-01
      1027  4.061166E-01
      1028  5.400435E-01
      1029  6.237406E-01
      1030  6.466890E-01
      1031  3.650079E-01
      1032  3.983509E-01
      1033  4.054623E-01
      1034  3.319741E-01
      1035  4.336831E-01
      1036  3.196251E-01
      1037  6.047632E-01
      1038  3.912720E-01
      1039  5.689454E-02
      1040  1.761931E-01
      1041  5.689454E-02
      1042  1.761931E-01
      1043  6.047632E-01
      1044  3.912720E-01
      1045  4.336831E-01
      1046  3.196251E-01
      1047  4.054623E-01
      1048  3.319741E-01
      1049  3.650079E-01
      1050  3.983509E-01
      1051  2.798745E-02
      1052  9.376512E-02
      1053  2.336312E-01
      1054  5.285748E-01
      1055  1.057857E+00
      1056  2.798745E-02
      1057  9.376512E-02
      1058  2.336312E-01
      1059  5.285748E-01
      1060  1.057857E+00
      1061  3.204968E-01
      1062  3.409635E-01
      1063  4.261016E-01
      1064  3.332155E-01
      1065  6.973535E-01
      1066  6.817808E-01
      1067  2.213227E+00
      1068  1.831096E+00
      1069  1.496771E-01
      1070  1.287399E+00
      1071  1.496771E-01
      1072  1.287399E+00
      1073  2.213227E+00
      1074  1.831096E+00
      1075  6.973535E-01
      1076  6.817808E-01
      1077  4.261016E-01
      1078  3.332155E-01
      1079  3.204968E-01
      1080  3.409635E-01
