
                        S T E P       1


                                INCREMENT     1


 displacements (vx,vy,vz) for set NALL and time  0.1000000E+01

         1  0.000000E+00  0.000000E+00  1.323489E-24
         2  0.000000E+00  1.323489E-24  0.000000E+00
         3  0.000000E+00  6.617445E-25 -1.134892E-22
         4  6.617445E-25 -6.617445E-25 -1.773475E-22
         5  9.910696E-04  3.217490E-06 -1.197005E-03
         6  9.922917E-04  3.870615E-06  1.177932E-03
         7 -9.774610E-04  5.625268E-06 -1.195059E-03
         8 -9.791785E-04  6.306987E-06  1.178003E-03
         9  1.865011E-03  6.174128E-06 -2.276822E-03
        10  1.866220E-03  9.176642E-06  2.266086E-03
        11 -1.870610E-03  1.192008E-05 -2.275225E-03
        12 -1.871385E-03  1.211336E-05  2.266223E-03
        13  2.762257E-03  9.002267E-06 -3.384404E-03
        14  2.764020E-03  1.868038E-05  3.370952E-03
        15 -2.745170E-03  2.081718E-05 -3.382254E-03
        16 -2.747192E-03  1.508873E-05  3.370688E-03
        17  3.579157E-03  1.529759E-05 -4.477021E-03
        18  3.578528E-03  2.576445E-05  4.475025E-03
        19 -3.580489E-03  2.534146E-05 -4.475270E-03
        20 -3.578361E-03  2.024632E-05  4.475087E-03
        21  5.000000E-03  0.000000E+00 -6.000000E-03
        22  5.000000E-03  0.000000E+00  6.000000E-03
        23 -5.000000E-03 -4.319868E-20 -6.000000E-03
        24 -5.000000E-03  7.115077E-21  6.000000E-03
        25  5.934157E-04 -2.205972E-05 -7.152185E-04
        26  4.477280E-04 -1.290864E-05  6.133564E-04
        27 -4.496577E-04 -1.522692E-05 -5.960541E-04
        28 -6.231339E-04 -1.197649E-05  6.235486E-04
        29  1.743604E-03 -1.624027E-05 -1.739708E-03
        30  1.284115E-03 -8.907013E-06  1.732316E-03
        31 -1.254525E-03 -9.358229E-06 -1.734100E-03
        32 -1.637703E-03 -2.543533E-06  1.736860E-03
        33  2.682774E-03 -1.350870E-05 -2.837053E-03
        34  1.920901E-03 -1.495736E-06  2.810625E-03
        35 -1.975082E-03 -1.416161E-06 -2.816522E-03
        36 -2.695922E-03  7.896422E-07  2.832054E-03
        37  3.699660E-03 -7.257153E-06 -3.861546E-03
        38  2.899520E-03  6.668696E-06  3.878441E-03
        39 -2.878951E-03  5.909697E-06 -3.879822E-03
        40 -3.632553E-03  4.696869E-06  3.862405E-03
        41  3.321192E-03  9.381878E-06 -4.810359E-03
        42  3.049222E-03 -4.404369E-06 -5.755411E-03
        43  3.757205E-03  1.559222E-05 -6.399107E-03
        44  2.600302E-03  1.769563E-05  4.758325E-03
        45  1.835883E-03  3.204289E-06  5.820588E-03
        46  2.628720E-03  2.371012E-05  6.710854E-03
        47 -2.614732E-03  1.537016E-05 -4.796710E-03
        48 -1.816723E-03  2.118514E-06 -5.762490E-03
        49 -2.540041E-03  2.227366E-05 -6.638363E-03
        50 -3.328359E-03  1.085787E-05  4.877717E-03
        51 -2.993401E-03 -3.269343E-06  5.773383E-03
        52 -3.657681E-03  1.353401E-05  6.337162E-03
        53  7.671155E-07 -8.265439E-07  3.026349E-07
        54  5.638422E-07  1.225715E-06 -3.707230E-07
        55  8.578131E-07  2.061271E-06 -6.150533E-07
        56 -3.155772E-07 -4.175552E-07  1.161389E-07
        57 -2.277822E-07  3.309268E-07 -1.211988E-07
        58 -3.409197E-07  7.475499E-07 -2.607912E-07
        59 -4.528795E-07  1.224248E-06  5.440404E-07
        60 -6.341521E-07  1.588215E-06  3.055349E-07
        61 -1.415885E-07  3.762063E-07  3.444558E-07
        62 -6.642313E-07  1.530448E-06 -6.698850E-07
        63 -8.499535E-07  2.042296E-06 -3.707534E-07
        64 -2.321995E-07  5.190009E-07 -4.092378E-07
        65  9.921799E-04  1.580730E-05 -6.154615E-04
        66  9.920716E-04  1.524283E-05 -2.377062E-05
        67  9.923674E-04  8.241379E-06  5.753856E-04
        68 -9.782890E-04  1.355553E-05 -5.993699E-04
        69 -9.784485E-04  3.037660E-05 -8.408614E-06
        70 -9.785556E-04  3.443341E-05  5.826083E-04
        71  5.053224E-04 -2.439612E-05 -1.195390E-03
        72  1.486569E-05 -2.116675E-05 -1.195576E-03
        73 -4.795857E-04 -5.042007E-06 -1.195147E-03
        74  4.940694E-04  8.988061E-06  1.177867E-03
        75  2.976852E-06  4.078659E-06  1.177869E-03
        76 -4.863595E-04 -1.218697E-07  1.177802E-03
        77  1.866370E-03  2.052884E-05 -1.681006E-05
        78 -1.872556E-03  2.918783E-05 -1.267004E-05
        79  1.255977E-05 -1.704364E-05 -2.275348E-03
        80  8.048809E-06  9.332157E-06  2.265182E-03
        81  2.764326E-03  4.277566E-05 -1.719387E-03
        82  2.763982E-03  3.567597E-05 -1.776620E-05
        83  2.764417E-03  1.824199E-05  1.689203E-03
        84 -2.745666E-03  2.051260E-05 -1.704353E-03
        85 -2.746000E-03  4.586460E-05 -2.270519E-05
        86 -2.746005E-03  5.635822E-05  1.667732E-03
        87  1.392355E-03 -1.970559E-05 -3.382664E-03
        88  2.206988E-05 -1.424387E-05 -3.382964E-03
        89 -1.354695E-03  5.459408E-06 -3.382509E-03
        90  1.389751E-03  2.173548E-05  3.370760E-03
        91  2.647401E-05  1.110851E-05  3.370686E-03
        92 -1.345965E-03  3.374972E-06  3.370696E-03
        93  3.580917E-03  4.366501E-05 -2.274450E-03
        94  3.580207E-03  4.692829E-06 -1.109528E-05
        95  3.581101E-03 -2.858533E-05  2.257939E-03
        96 -3.578707E-03 -3.091540E-05 -2.241536E-03
        97 -3.578925E-03 -1.158847E-06 -3.816163E-06
        98 -3.578225E-03  4.233779E-05  2.235165E-03
        99  1.794265E-03 -1.758022E-06 -4.475907E-03
       100  3.010637E-05 -6.091881E-06 -4.475975E-03
       101 -1.749509E-03  3.136843E-06 -4.475653E-03
       102  1.791420E-03  2.258710E-05  4.474534E-03
       103  2.846468E-05  2.066321E-05  4.474660E-03
       104 -1.749141E-03  1.976586E-05  4.474548E-03
       105  4.993786E-03 -1.719091E-04 -3.065202E-03
       106  4.996503E-03  1.343868E-05 -1.080516E-04
       107  4.993198E-03  1.974802E-04  2.902329E-03
       108 -5.010033E-03  2.224016E-04 -3.121475E-03
       109 -5.005411E-03  2.206205E-05 -6.324112E-05
       110 -5.008817E-03 -1.790819E-04  3.024144E-03
       111  2.498294E-03 -6.293155E-05 -5.995567E-03
       112 -8.474625E-05  4.955847E-05 -5.996884E-03
       113 -2.628308E-03  1.439693E-04 -5.993778E-03
       114  2.395063E-03  1.509849E-04  6.004280E-03
       115 -1.165945E-04  6.387762E-05  6.001727E-03
       116 -2.573094E-03 -4.688805E-05  6.002238E-03
       117 -2.140592E-06  9.879729E-05 -8.634338E-04
       118  5.181381E-05  2.954595E-04 -2.128273E-03
       119 -2.505653E-04  2.012188E-04 -1.857135E-03
       120  1.224699E-04 -1.239539E-04 -1.020633E-03
       121  1.898660E-04 -3.269546E-04 -2.313784E-03
       122  4.277301E-04 -2.111158E-04 -1.949015E-03
       123 -2.365089E-04 -1.102369E-04  9.415144E-04
       124 -5.598657E-04 -3.240148E-04  2.289984E-03
       125 -7.102888E-04 -2.161277E-04  1.949560E-03
       126  8.475804E-05  1.062153E-04  9.038412E-04
       127  2.021492E-04  2.977369E-04  2.138072E-03
       128  4.735952E-04  1.963304E-04  1.834259E-03
       129 -9.947686E-04  3.185970E-04  1.452217E-04
       130 -1.167081E-03  3.958798E-04  4.053184E-04
       131  3.323725E-04  9.842025E-05  7.819189E-04
       132 -8.563832E-04 -2.790946E-04  6.834274E-06
       133 -9.630090E-04 -3.419488E-04 -3.767897E-04
       134  4.172992E-04 -7.243232E-05 -9.512069E-04
       135  8.961982E-04 -2.900906E-04 -1.273841E-04
       136  9.257602E-04 -3.318299E-04  7.868521E-05
       137 -5.159670E-04 -4.823771E-05  6.630271E-04
       138  9.012744E-04  2.917553E-04 -5.619180E-06
       139  1.045071E-03  3.637978E-04 -1.813013E-04
       140 -3.498289E-04  9.107570E-05 -6.248721E-04
       141  5.647424E-04  4.174394E-05 -1.677315E-03
       142  1.467268E-04  2.255626E-04 -2.873340E-03
       143 -6.763962E-04  1.892437E-04 -2.863735E-03
       144 -5.591219E-04 -4.822731E-05 -1.791357E-03
       145  1.190765E-04 -2.263264E-04 -2.950789E-03
       146  9.885271E-04 -1.909583E-04 -2.956472E-03
       147  4.852501E-04 -6.480815E-05  1.850850E-03
       148 -2.762874E-04 -2.622440E-04  3.123051E-03
       149 -1.063124E-03 -2.008810E-04  2.998061E-03
       150 -3.393896E-04  6.716527E-05  1.801542E-03
       151  2.864590E-04  2.482005E-04  2.978447E-03
       152  9.687233E-04  1.961724E-04  2.898655E-03
       153  3.204799E-04  2.315959E-04 -2.013090E-04
       154  2.612910E-04  2.812461E-04  7.050066E-04
       155  1.391625E-03  6.627600E-05  1.502084E-03
       156  4.225401E-04 -1.959453E-04  3.526469E-04
       157  4.133571E-04 -2.331156E-04 -6.752362E-04
       158  1.489615E-03 -3.069697E-05 -1.643062E-03
       159 -4.183294E-04 -1.909834E-04 -5.717530E-04
       160 -4.215574E-04 -2.258360E-04  2.980056E-04
       161 -1.486322E-03 -2.616844E-05  1.348075E-03
       162 -2.867187E-04  2.399065E-04  4.398267E-04
       163 -2.483919E-04  2.852045E-04 -3.540729E-04
       164 -1.361099E-03  7.443597E-05 -1.288642E-03
       165  9.579328E-04  4.391257E-05 -2.752677E-03
       166  1.722419E-04  2.284977E-04 -3.953407E-03
       167 -1.032963E-03  1.943538E-04 -3.954721E-03
       168 -1.039896E-03 -4.287390E-05 -2.879474E-03
       169  3.535763E-05 -2.247461E-04 -4.060940E-03
       170  1.351531E-03 -1.912617E-04 -4.076076E-03
       171  8.854095E-04 -5.874202E-05  2.933549E-03
       172 -2.863647E-04 -2.620258E-04  4.237600E-03
       173 -1.471809E-03 -2.040600E-04  4.127569E-03
       174 -8.639733E-04  6.880407E-05  2.865950E-03
       175  1.074025E-04  2.511079E-04  4.051820E-03
       176  1.249247E-03  2.033268E-04  3.992771E-03
       177  1.035114E-03  2.796981E-04 -6.594308E-04
       178  9.594862E-04  3.332066E-04  8.307283E-04
       179  2.199247E-03  9.375326E-05  2.146530E-03
       180  1.158092E-03 -2.299833E-04  8.125514E-04
       181  1.175982E-03 -2.597317E-04 -8.219240E-04
       182  2.366786E-03 -3.198090E-05 -2.317933E-03
       183 -1.249620E-03 -2.021981E-04 -1.017715E-03
       184 -1.307734E-03 -2.225161E-04  4.502156E-04
       185 -2.431183E-03 -9.829158E-06  2.017497E-03
       186 -1.162822E-03  2.500534E-04  8.490582E-04
       187 -1.131686E-03  2.930990E-04 -5.209117E-04
       188 -2.250672E-03  8.068547E-05 -1.935882E-03
       189  1.440216E-03  4.255524E-05 -3.835997E-03
       190  2.273683E-05  2.139855E-04 -4.965295E-03
       191 -1.670385E-03  1.768214E-04 -4.955746E-03
       192 -1.540360E-03 -3.345847E-05 -3.985265E-03
       193 -6.042490E-05 -1.966516E-04 -5.065034E-03
       194  1.697164E-03 -1.550262E-04 -5.046461E-03
       195  1.500872E-03 -4.819810E-05  4.032575E-03
       196 -6.513844E-05 -2.394810E-04  5.271014E-03
       197 -1.757103E-03 -1.767179E-04  5.140872E-03
       198 -1.240634E-03  6.691799E-05  3.941892E-03
       199  3.854046E-04  2.381595E-04  5.068785E-03
       200  1.955879E-03  1.894991E-04  5.009234E-03
       201  1.935842E-03  2.822661E-04 -1.116935E-03
       202  2.065466E-03  2.830608E-04  9.367496E-04
       203  3.368854E-03  3.062803E-05  2.750997E-03
       204  2.158055E-03 -1.899216E-04  1.304317E-03
       205  2.192671E-03 -2.141649E-04 -8.576792E-04
       206  3.277763E-03 -8.616422E-06 -2.859104E-03
       207 -2.127888E-03 -1.909100E-04 -1.515786E-03
       208 -2.184410E-03 -2.103592E-04  4.927086E-04
       209 -3.277014E-03 -3.141127E-06  2.578267E-03
       210 -1.959138E-03  2.764383E-04  1.266375E-03
       211 -2.126695E-03  2.681404E-04 -6.210968E-04
       212 -3.380692E-03  2.693552E-05 -2.486441E-03
       213  2.289348E-03  1.265431E-04 -5.422774E-03
       214  2.156160E-03  5.633821E-04 -8.022414E-03
       215  1.260296E-05  5.694273E-04 -8.202495E-03
       216 -2.085708E-03 -8.462107E-05 -5.431705E-03
       217 -1.581151E-03 -4.058876E-04 -7.379937E-03
       218  4.674946E-04 -3.896087E-04 -7.460462E-03
       219  1.982272E-03 -9.221300E-05  5.463972E-03
       220  1.353815E-03 -4.208513E-04  7.454511E-03
       221 -5.994312E-04 -3.816654E-04  7.421677E-03
       222 -2.154062E-03  1.468873E-04  5.526807E-03
       223 -2.105402E-03  5.753427E-04  8.078207E-03
       224 -1.308963E-04  5.653830E-04  8.182904E-03
       225  2.612787E-03  3.246202E-04 -1.673265E-03
       226  1.372652E-03  6.775614E-04  1.782230E-03
       227  2.466697E-03  4.638147E-04  4.700539E-03
       228  2.328805E-03 -3.705353E-04  1.799630E-03
       229  1.138926E-03 -7.173736E-04 -1.360935E-03
       230  2.521788E-03 -4.460282E-04 -4.261508E-03
       231 -2.409011E-03 -3.481713E-04 -1.998908E-03
       232 -1.191670E-03 -7.028001E-04  1.080640E-03
       233 -2.471967E-03 -4.550849E-04  4.083967E-03
       234 -2.734953E-03  2.928072E-04  1.815497E-03
       235 -1.517180E-03  6.429268E-04 -1.853078E-03
       236 -2.415758E-03  4.710929E-04 -4.961839E-03

 forces (fx,fy,fz) for set RIGHT and time  0.1000000E+01

        21  1.852637E+03  1.076964E+02 -2.443731E+03
        22  1.124124E+03  6.679084E+02  2.662815E+03
        23 -1.829684E+03  7.299665E+02 -4.235881E+02
        24 -1.163375E+03 -3.259813E+02  1.830528E+02

 internal energy (element, energy) for set ALL and time  0.1000000E+01

         1  2.579715E-02
         2  3.250088E-02
         3  2.394200E-02
         4  1.579221E-02
         5  1.763143E-02
         6  1.857941E-02
         7  2.052533E-02
         8  1.647690E-02
         9  9.907798E-03
        10  1.230975E-02
        11  5.512796E-03
        12  5.596783E-03
        13  6.741446E-03
        14  7.473545E-03
        15  1.157639E-02
        16  8.232884E-03
        17  1.123133E-02
        18  1.234298E-02
        19  7.686952E-03
        20  6.403280E-03
        21  6.086122E-03
        22  8.117582E-03
        23  8.669138E-03
        24  8.576874E-03
        25  9.196788E-03
        26  7.227563E-03
        27  6.330576E-03
        28  7.454767E-03
        29  5.946369E-03
        30  1.085083E-02
        31  8.831715E-03
        32  9.165913E-03
        33  1.969336E-02
        34  7.999872E-03
        35  4.514489E-02
        36  3.483812E-02
        37  1.035556E-02
        38  1.501604E-02
        39  3.275511E-02
        40  4.068988E-02
        41  8.860236E-03
        42  6.906299E-03
        43  2.850420E-02
        44  4.653356E-02
        45  1.955267E-02
        46  8.386718E-03
        47  3.268050E-02
        48  2.921191E-02
        49  1.975930E-03
        50  1.524409E-04
        51  2.348484E-04
        52  2.995841E-03
        53  3.466354E-04
        54  2.678617E-05
        55  3.596022E-05
        56  4.599785E-04
        57  1.620287E-03
        58  1.329557E-04
        59  2.262006E-05
        60  2.996276E-04
        61  2.480217E-03
        62  2.046238E-04
        63  3.091350E-05
        64  4.016384E-04
        65  1.019593E-03
        66  1.198856E-04
        67  1.093624E-04
        68  3.940997E-04
        69  7.801888E-04
        70  6.039910E-05
        71  2.410886E-04
        72  1.414697E-03
        73  1.500913E-03
        74  2.522193E-04
        75  7.248960E-05
        76  7.125932E-04
        77  4.159016E-04
        78  6.849326E-05
        79  1.356568E-04
        80  1.008376E-03
        81  3.405493E-03
        82  1.537754E-03
        83  2.550227E-03
        84  3.813162E-03
        85  3.186084E-03
        86  1.186166E-03
        87  1.917922E-03
        88  2.325964E-03
        89  2.441420E-03
        90  2.886347E-04
        91  1.399129E-04
        92  9.659828E-04
        93  1.169872E-03
        94  9.930837E-05
        95  3.963764E-04
        96  2.038116E-03
        97  2.322093E-03
        98  4.012893E-04
        99  2.001457E-04
       100  9.043175E-04
       101  7.653876E-04
       102  1.655048E-04
       103  3.820831E-04
       104  1.631085E-03
       105  3.594261E-03
       106  4.076459E-04
       107  5.012557E-04
       108  4.480189E-03
       109  4.838617E-03
       110  9.658316E-04
       111  3.620164E-04
       112  3.966622E-03
       113  1.797091E-03
       114  5.892803E-04
       115  1.011026E-03
       116  3.093069E-03
       117  1.849905E-03
       118  5.576361E-04
       119  1.109702E-03
       120  3.510452E-03
       121  7.335213E-02
       122  1.640607E-02
       123  1.394633E-02
       124  7.483718E-02
       125  9.258849E-02
       126  1.384101E-02
       127  1.314588E-02
       128  6.986814E-02
       129  4.580288E-02
       130  1.705397E-02
       131  2.090030E-02
       132  7.622908E-02
       133  7.120866E-02
       134  2.076645E-02
       135  1.826579E-02
       136  4.445155E-02
       137  2.203071E-01
       138  1.670640E-01
       139  1.749571E-01
       140  2.072939E-01
       141  2.422939E-01
       142  1.523061E-01
       143  1.629411E-01
       144  1.690529E-01
       145  2.296206E-01
       146  1.439585E-01
       147  1.601423E-01
       148  2.182407E-01
       149  2.209309E-01
       150  1.509427E-01
       151  1.569334E-01
       152  1.925688E-01
       153  2.444948E-01
       154  1.733397E-01
       155  1.509224E-01
       156  2.015636E-01
       157  2.320988E-01
       158  1.791602E-01
       159  1.628616E-01
       160  2.161007E-01
       161  2.246058E-01
       162  1.923362E-01
       163  1.687681E-01
       164  2.073740E-01
       165  2.281981E-01
       166  2.005490E-01
       167  1.758214E-01
       168  2.110647E-01
       169  2.111763E-01
       170  1.592305E-01
       171  1.705102E-01
       172  1.838259E-01
       173  2.065239E-01
       174  1.471691E-01
       175  1.740821E-01
       176  1.443505E-01
       177  2.184859E-01
       178  1.477609E-01
       179  1.610004E-01
       180  1.984569E-01
       181  2.092870E-01
       182  1.403013E-01
       183  1.553658E-01
       184  1.780336E-01
       185  2.107584E-01
       186  1.513064E-01
       187  1.517226E-01
       188  2.046818E-01
       189  2.121484E-01
       190  1.529676E-01
       191  1.568749E-01
       192  2.118569E-01
       193  2.059749E-01
       194  1.687830E-01
       195  1.615147E-01
       196  2.034657E-01
       197  1.856965E-01
       198  1.669781E-01
       199  1.609344E-01
       200  2.005662E-01
       201  2.117221E-01
       202  1.608407E-01
       203  1.723143E-01
       204  1.863846E-01
       205  2.102647E-01
       206  1.490618E-01
       207  1.766031E-01
       208  1.449503E-01
       209  2.211020E-01
       210  1.477980E-01
       211  1.609316E-01
       212  1.968229E-01
       213  2.133073E-01
       214  1.433139E-01
       215  1.578814E-01
       216  1.806436E-01
       217  2.044792E-01
       218  1.501787E-01
       219  1.512398E-01
       220  2.041980E-01
       221  2.063395E-01
       222  1.520978E-01
       223  1.597770E-01
       224  2.158100E-01
       225  2.011758E-01
       226  1.682278E-01
       227  1.629483E-01
       228  2.068876E-01
       229  1.829362E-01
       230  1.635439E-01
       231  1.589795E-01
       232  1.985451E-01
       233  2.126242E-01
       234  1.619397E-01
       235  1.764726E-01
       236  1.909558E-01
       237  2.082609E-01
       238  1.497868E-01
       239  1.782359E-01
       240  1.536687E-01
       241  2.174968E-01
       242  1.471863E-01
       243  1.625494E-01
       244  2.042123E-01
       245  2.171493E-01
       246  1.457881E-01
       247  1.640683E-01
       248  1.854233E-01
       249  2.050740E-01
       250  1.563572E-01
       251  1.664709E-01
       252  2.260235E-01
       253  1.907986E-01
       254  1.404644E-01
       255  1.478437E-01
       256  1.995634E-01
       257  1.864704E-01
       258  1.563049E-01
       259  1.515306E-01
       260  1.926951E-01
       261  1.822166E-01
       262  1.706612E-01
       263  1.747101E-01
       264  2.217581E-01
       265  3.132605E-01
       266  2.325701E-01
       267  3.012497E-01
       268  1.488078E-01
       269  2.777189E-01
       270  1.998223E-01
       271  2.947173E-01
       272  1.568814E-01
       273  2.936563E-01
       274  1.931395E-01
       275  2.780444E-01
       276  1.949869E-01
       277  3.248234E-01
       278  2.380962E-01
       279  2.976285E-01
       280  1.590531E-01
       281  2.202243E-01
       282  1.657959E-01
       283  1.489832E-01
       284  1.719979E-01
       285  3.048533E-01
       286  2.100414E-01
       287  2.025833E-01
       288  2.302749E-01
       289  2.848981E-01
       290  2.190851E-01
       291  2.270038E-01
       292  2.176883E-01
       293  1.933630E-01
       294  1.848448E-01
       295  1.724176E-01
       296  1.598238E-01

 total internal energy for set ALL and time  0.1000000E+01

        3.206411E+01
