
                        S T E P       1


                                INCREMENT     1


 displacements (vx,vy,vz) for set NALL and time  0.1000000E+01

         1 -6.617445E-25  0.000000E+00 -3.308722E-25
         2  0.000000E+00  0.000000E+00  6.617445E-25
         3  0.000000E+00  3.308722E-25  0.000000E+00
         4  0.000000E+00  0.000000E+00 -3.970467E-23
         5  7.934487E-04  8.719570E-06 -8.492028E-04
         6  7.932393E-04  1.818423E-05  8.546936E-04
         7 -7.941229E-04  1.721649E-05 -8.494932E-04
         8 -7.957629E-04  1.218813E-05  8.543330E-04
         9  1.406174E-03  1.945048E-05 -1.673849E-03
        10  1.406335E-03  1.405822E-05  1.712904E-03
        11 -1.418800E-03  1.223465E-05 -1.674218E-03
        12 -1.418780E-03  2.524852E-05  1.713169E-03
        13  1.602980E-03  8.755894E-06 -1.934865E-03
        14  1.603259E-03  3.432413E-05  1.955576E-03
        15 -1.636138E-03  3.504453E-05 -1.934544E-03
        16 -1.636363E-03  1.258288E-05  1.955640E-03
        17  2.072662E-03 -4.478756E-06 -3.011609E-03
        18  2.072594E-03  5.532393E-05  3.040309E-03
        19 -2.102344E-03  6.637675E-05 -3.007922E-03
        20 -2.103566E-03  1.413198E-06  3.039854E-03
        21  5.000000E-03  0.000000E+00 -6.000000E-03
        22  5.000000E-03  0.000000E+00  6.000000E-03
        23 -5.000000E-03  0.000000E+00 -6.000000E-03
        24 -5.000000E-03  4.743385E-21  6.000000E-03
        25  3.335836E-05 -3.782428E-06 -7.141298E-05
        26  2.226888E-04 -7.994034E-06 -2.807006E-04
        27  5.536216E-04 -4.598102E-06 -5.452840E-04
        28  2.902370E-05 -1.216600E-06  3.233808E-05
        29  1.609991E-04 -3.908925E-06  1.616552E-04
        30  4.420822E-04  1.681135E-06  4.549990E-04
        31 -6.078536E-05 -1.138734E-06 -2.005002E-05
        32 -2.122423E-04 -3.822611E-06 -1.694433E-04
        33 -4.540691E-04  1.457927E-06 -4.757106E-04
        34 -8.705770E-05 -2.315936E-06  5.585436E-05
        35 -3.194676E-04 -6.335846E-06  2.315657E-04
        36 -5.992910E-04 -2.095336E-06  5.053294E-04
        37  2.188948E-03 -1.860539E-05 -2.593190E-03
        38  1.624423E-03  3.147073E-05  2.512105E-03
        39 -1.605280E-03  3.656539E-05 -2.338948E-03
        40 -2.204411E-03 -8.423228E-06  2.564179E-03
        41  1.935827E-03 -1.486269E-05 -3.450339E-03
        42  1.970832E-03 -3.502708E-05 -4.765863E-03
        43  3.168148E-03 -5.069663E-06 -5.946779E-03
        44  1.366950E-03  3.078126E-05  3.721003E-03
        45  6.779952E-04  2.076115E-06  5.514203E-03
        46  1.864795E-03  2.803810E-05  6.789818E-03
        47 -1.440400E-03  3.401069E-05 -3.878522E-03
        48 -6.170524E-04  5.635711E-06 -5.589949E-03
        49 -1.683747E-03  3.055072E-05 -6.793574E-03
        50 -1.965353E-03 -1.196255E-05  3.549612E-03
        51 -1.961281E-03 -3.240863E-05  4.829309E-03
        52 -3.113764E-03 -5.383467E-06  5.917852E-03
        53  4.900527E-07 -1.480244E-07  6.711123E-08
        54  3.829822E-07  1.658152E-06 -5.226114E-07
        55  6.136036E-07  1.815005E-06 -5.500195E-07
        56 -2.017831E-07  1.026314E-07 -4.519837E-08
        57 -1.677228E-07  1.059672E-06 -3.568960E-07
        58 -2.816689E-07  9.590303E-07 -3.288677E-07
        59 -2.807842E-07  7.567371E-07  3.227817E-07
        60 -4.042475E-07  1.010603E-06  1.783015E-07
        61 -1.002694E-07  2.614726E-07  1.956989E-07
        62 -4.611747E-07  1.058071E-06 -5.091334E-07
        63 -5.491853E-07  1.313775E-06 -2.921671E-07
        64 -1.247614E-07  2.597023E-07 -3.411822E-07
        65  7.926691E-04 -1.355179E-05 -3.839073E-04
        66  7.930139E-04  1.299982E-05  2.958562E-05
        67  7.924641E-04  4.128452E-05  4.292448E-04
        68 -7.958750E-04  4.968182E-05 -4.058938E-04
        69 -7.956025E-04  2.973540E-05  2.053971E-05
        70 -7.964088E-04 -3.386702E-07  4.387081E-04
        71  3.853636E-04  3.808246E-05 -8.503536E-04
        72 -1.646005E-05  1.023619E-05 -8.500290E-04
        73 -4.098034E-04 -1.693777E-05 -8.505896E-04
        74  4.029585E-04 -1.690074E-05  8.530978E-04
        75 -1.082357E-05  1.143861E-05  8.535871E-04
        76 -4.200146E-04  4.275230E-05  8.528820E-04
        77  2.073787E-03  1.171115E-05 -1.560439E-03
        78  2.073915E-03  2.061436E-05 -1.275215E-05
        79  2.073960E-03  3.051356E-05  1.549016E-03
        80 -2.102797E-03  6.301815E-05 -1.533259E-03
        81 -2.102397E-03  4.964922E-05  8.782741E-06
        82 -2.102969E-03  2.809425E-05  1.554922E-03
        83  9.895045E-04 -2.735489E-05 -3.010369E-03
        84  2.120032E-06 -2.425056E-05 -3.010574E-03
        85 -9.931504E-04  6.859432E-06 -3.009928E-03
        86  9.689129E-04  3.987072E-05  3.039356E-03
        87 -1.321540E-05  1.786656E-05  3.039141E-03
        88 -9.970164E-04  4.583113E-07  3.039372E-03
        89  4.991760E-03 -1.981545E-04 -4.498679E-03
        90  4.990196E-03 -2.248657E-04 -3.016073E-03
        91  4.992464E-03 -1.318540E-04 -1.543940E-03
        92  4.993608E-03  2.200054E-05 -7.317847E-05
        93  4.991985E-03  1.762616E-04  1.405737E-03
        94  4.989280E-03  2.677512E-04  2.903187E-03
        95  4.990809E-03  2.297830E-04  4.430811E-03
        96 -5.012815E-03  2.681431E-04 -4.621570E-03
        97 -5.013805E-03  3.158690E-04 -3.157206E-03
        98 -5.010745E-03  2.173729E-04 -1.633384E-03
        99 -5.008613E-03  4.899148E-05 -7.710482E-05
       100 -5.009600E-03 -1.187476E-04  1.486696E-03
       101 -5.011651E-03 -2.211952E-04  3.034918E-03
       102 -5.010404E-03 -1.986262E-04  4.545811E-03
       103  3.734435E-03 -3.849857E-05 -5.996495E-03
       104  2.445841E-03 -2.525459E-05 -5.996294E-03
       105  1.144677E-03  2.474757E-05 -5.996607E-03
       106 -1.553146E-04  9.189419E-05 -5.996310E-03
       107 -1.437933E-03  1.525388E-04 -5.994802E-03
       108 -2.685185E-03  1.787841E-04 -5.993253E-03
       109 -3.878171E-03  1.386522E-04 -5.993626E-03
       110  3.668846E-03  1.319286E-04  6.004260E-03
       111  2.372156E-03  1.717478E-04  6.005102E-03
       112  1.104109E-03  1.494328E-04  6.003523E-03
       113 -1.421513E-04  9.485691E-05  6.002110E-03
       114 -1.372589E-03  3.348174E-05  6.001719E-03
       115 -2.591473E-03 -1.353446E-05  6.002064E-03
       116 -3.800747E-03 -2.889273E-05  6.001532E-03
       117  6.097684E-05  5.872410E-05 -5.494597E-04
       118  2.731662E-04  1.619447E-04 -1.253810E-03
       119  2.610106E-05  8.630463E-05 -1.029823E-03
       120  3.043951E-06 -8.632342E-05 -7.566974E-04
       121 -2.343554E-04 -1.722972E-04 -1.385105E-03
       122 -3.608003E-05 -4.661622E-05 -9.653555E-04
       123 -1.241281E-04 -8.067540E-05  7.214237E-04
       124 -1.801771E-04 -1.934572E-04  1.492268E-03
       125 -3.001019E-04 -7.699715E-05  1.097965E-03
       126  1.103640E-05  6.277395E-05  5.779878E-04
       127 -2.004533E-05  1.567226E-04  1.233227E-03
       128  1.988093E-04  7.327194E-05  9.803290E-04
       129 -8.409625E-04  2.678771E-04  5.353327E-05
       130 -1.126889E-03  3.684319E-04 -1.892324E-05
       131  4.954345E-05  1.358037E-04  1.945894E-04
       132 -6.234676E-04 -2.025670E-04  6.577538E-05
       133 -8.405300E-04 -2.842743E-04  1.483792E-04
       134  1.224897E-04 -9.653285E-05 -1.692640E-04
       135  6.573080E-04 -2.118580E-04 -1.356983E-04
       136  8.413918E-04 -2.837173E-04 -2.333624E-04
       137 -1.671126E-04 -8.527337E-05  1.267449E-04
       138  7.772307E-04  2.494613E-04  5.070653E-05
       139  1.044768E-03  3.467686E-04  1.607893E-04
       140 -6.110515E-05  1.306144E-04 -1.022048E-04
       141  6.978824E-04  1.018996E-04 -1.600736E-03
       142  3.445176E-04  2.169122E-04 -2.353764E-03
       143 -4.449932E-04  1.382788E-04 -2.099223E-03
       144 -7.410663E-04 -6.213055E-05 -1.550508E-03
       145 -3.816600E-04 -1.513501E-04 -2.178527E-03
       146  4.229889E-04 -7.757857E-05 -1.975779E-03
       147  6.662089E-04 -8.225145E-05  1.668873E-03
       148  1.840982E-04 -2.043773E-04  2.476848E-03
       149 -5.632000E-04 -1.145874E-04  2.182932E-03
       150 -6.484560E-04  1.104709E-04  1.652060E-03
       151 -1.652009E-04  2.225507E-04  2.396360E-03
       152  5.780526E-04  1.364478E-04  2.119659E-03
       153  5.720710E-04  9.985242E-05 -5.342057E-04
       154  3.792136E-04  1.762510E-04  1.189598E-04
       155  9.568568E-04  7.478758E-05  9.952896E-04
       156  6.021005E-04 -6.313245E-05  6.636074E-04
       157  4.222289E-04 -1.352394E-04  3.116198E-05
       158  9.684325E-04 -3.978347E-05 -9.120186E-04
       159 -6.562815E-04 -4.830637E-05 -7.240718E-04
       160 -4.817520E-04 -1.193106E-04 -1.030412E-04
       161 -9.757271E-04 -3.519689E-05  8.953729E-04
       162 -6.031461E-04  9.454132E-05  7.592882E-04
       163 -4.691201E-04  1.569387E-04  1.380872E-04
       164 -1.018023E-03  6.225924E-05 -8.743232E-04
       165  9.245746E-04  3.624580E-05 -1.824582E-03
       166  3.052743E-04  5.972329E-05 -1.987349E-03
       167 -5.798474E-04  4.630400E-05 -1.955572E-03
       168 -8.893425E-04  1.814933E-06 -1.806625E-03
       169 -2.505117E-04 -2.665857E-05 -2.009456E-03
       170  6.000887E-04 -1.383784E-05 -1.995598E-03
       171  8.654843E-04 -2.577670E-06  1.872226E-03
       172  1.540304E-04 -3.535753E-05  2.094409E-03
       173 -7.012392E-04 -1.663386E-05  2.044289E-03
       174 -9.432403E-04  4.073933E-05  1.859736E-03
       175 -2.640553E-04  6.466495E-05  2.027555E-03
       176  6.208723E-04  4.934793E-05  1.990531E-03
       177  1.293754E-03  6.265770E-05 -7.086492E-04
       178  1.197540E-03  9.806538E-05  2.137564E-04
       179  1.419874E-03  5.936805E-05  1.101586E-03
       180  1.307605E-03 -2.352366E-05  7.201701E-04
       181  1.248997E-03 -4.761163E-05 -2.114204E-04
       182  1.457323E-03 -1.046617E-05 -1.090804E-03
       183 -1.304467E-03 -2.967406E-05 -7.124909E-04
       184 -1.280142E-03 -4.485976E-05  1.955156E-04
       185 -1.516089E-03 -1.650848E-06  1.082585E-03
       186 -1.352787E-03  5.530231E-05  7.781690E-04
       187 -1.253585E-03  9.227344E-05 -1.277586E-04
       188 -1.440021E-03  6.183901E-05 -1.039637E-03
       189  1.032348E-03  6.062271E-05 -2.454314E-03
       190  4.792166E-04  1.764694E-04 -3.239232E-03
       191 -5.648910E-04  1.351243E-04 -3.179399E-03
       192 -1.067032E-03 -2.057008E-05 -2.494783E-03
       193 -3.190938E-04 -1.728697E-04 -3.476199E-03
       194  7.620816E-04 -1.535980E-04 -3.521891E-03
       195  9.373411E-04 -4.077230E-05  2.619166E-03
       196  1.143419E-04 -2.113082E-04  3.702106E-03
       197 -8.801585E-04 -1.653431E-04  3.613503E-03
       198 -9.221176E-04  7.337192E-05  2.537903E-03
       199 -1.223392E-04  2.184286E-04  3.485756E-03
       200  8.508055E-04  1.813363E-04  3.446892E-03
       201  1.156661E-03  1.647323E-04 -7.681677E-04
       202  1.037316E-03  2.220331E-04  5.138529E-04
       203  1.764451E-03  8.803501E-05  1.840190E-03
       204  1.205227E-03 -1.061209E-04  8.325349E-04
       205  1.078341E-03 -1.640766E-04 -6.051083E-04
       206  1.745015E-03 -4.217827E-05 -2.026060E-03
       207 -1.287476E-03 -9.086821E-05 -9.309955E-04
       208 -1.191609E-03 -1.411834E-04  3.842741E-04
       209 -1.817873E-03 -2.802928E-05  1.844768E-03
       210 -1.210113E-03  1.623700E-04  9.207264E-04
       211 -1.034005E-03  2.357969E-04 -1.465441E-04
       212 -1.685499E-03  1.188498E-04 -1.480087E-03
       213  1.726698E-03  5.912667E-05 -3.543763E-03
       214  2.254097E-03  4.649833E-04 -6.157055E-03
       215  3.459608E-03  1.109583E-03 -9.962650E-03
       216  4.001699E-03  1.542202E-03 -1.230231E-02
       217  3.182102E-03  1.479263E-03 -1.206642E-02
       218  9.912828E-04  9.484704E-04 -9.786550E-03
       219 -1.950043E-03  3.556107E-04 -7.396971E-03
       220 -1.667023E-03 -2.079425E-05 -3.712893E-03
       221 -9.638836E-04 -4.014065E-04 -6.163738E-03
       222 -1.371287E-04 -9.630565E-04 -9.495163E-03
       223  2.797560E-04 -1.299624E-03 -1.133324E-02
       224  3.230283E-04 -1.176314E-03 -1.081202E-02
       225  6.354706E-04 -6.645329E-04 -8.619176E-03
       226  2.289051E-03 -1.922866E-04 -6.729885E-03
       227  1.487713E-03 -2.482566E-05  3.681649E-03
       228  5.734293E-04 -4.165545E-04  6.204447E-03
       229 -4.694387E-04 -9.992204E-04  9.651475E-03
       230 -1.009142E-03 -1.350395E-03  1.156295E-02
       231 -1.011504E-03 -1.221811E-03  1.101245E-02
       232 -1.125270E-03 -6.826861E-04  8.697653E-03
       233 -2.505117E-03 -1.883749E-04  6.708317E-03
       234 -1.648371E-03  7.589668E-05  3.649470E-03
       235 -2.037085E-03  4.821393E-04  6.267744E-03
       236 -3.155103E-03  1.107231E-03  9.964853E-03
       237 -3.707045E-03  1.517783E-03  1.219210E-02
       238 -3.008132E-03  1.446817E-03  1.192137E-02
       239 -9.784066E-04  9.273423E-04  9.694004E-03
       240  1.904871E-03  3.468160E-04  7.359129E-03
       241  1.711661E-03  1.115458E-04 -2.007393E-03
       242 -6.532986E-04  7.897085E-04 -5.099094E-04
       243 -4.406507E-03  1.805677E-03  1.511378E-03
       244 -6.297721E-03  2.288710E-03  3.374530E-03
       245 -4.886737E-03  1.974414E-03  4.653227E-03
       246 -8.969993E-04  1.137327E-03  5.308863E-03
       247  2.903637E-03  3.906115E-04  5.668316E-03
       248  1.637067E-03 -8.377942E-05  2.132763E-03
       249 -8.912871E-04 -8.106985E-04  1.635613E-03
       250 -4.842931E-03 -1.881984E-03  1.456100E-03
       251 -6.834492E-03 -2.392366E-03  6.687941E-04
       252 -5.337737E-03 -2.060535E-03 -1.038338E-03
       253 -1.091479E-03 -1.171235E-03 -3.289586E-03
       254  2.932928E-03 -3.818597E-04 -5.023984E-03
       255 -1.790592E-03 -3.600996E-05 -2.350975E-03
       256  7.766195E-04 -7.735017E-04 -1.780145E-03
       257  4.970246E-03 -1.908847E-03 -1.178918E-03
       258  7.092054E-03 -2.451054E-03 -1.221017E-04
       259  5.516103E-03 -2.100305E-03  1.512883E-03
       260  1.085869E-03 -1.171214E-03  3.455924E-03
       261 -2.982548E-03 -3.724674E-04  4.993221E-03
       262 -1.790203E-03  1.027453E-04  2.142919E-03
       263  4.011578E-04  7.337576E-04  4.246989E-04
       264  3.989387E-03  1.706152E-03 -2.174487E-03
       265  5.893730E-03  2.193393E-03 -4.452670E-03
       266  4.678357E-03  1.924915E-03 -5.747956E-03
       267  9.335139E-04  1.140959E-03 -6.062921E-03
       268 -2.769959E-03  4.134029E-04 -5.988196E-03

 forces (fx,fy,fz) for set RIGHT and time  0.1000000E+01

        21  1.586743E+03  1.088414E+03 -3.059214E+03
        22  6.173169E+02 -2.954099E+01  3.062970E+03
        23 -2.024826E+03  4.318241E+02  7.791477E+02
        24 -1.885651E+02  8.499504E+02 -7.861118E+02

 internal energy (element, energy) for set ALL and time  0.1000000E+01

         1  2.018797E-03
         2  1.632181E-03
         3  1.096525E-03
         4  1.076439E-03
         5  1.892042E-03
         6  1.325522E-03
         7  7.043971E-04
         8  4.723495E-04
         9  5.726753E-04
        10  1.087434E-03
        11  9.688355E-04
        12  1.278147E-03
        13  1.602478E-03
        14  1.221146E-03
        15  7.848301E-04
        16  1.597944E-03
        17  6.773535E-03
        18  4.296658E-03
        19  4.972280E-03
        20  8.401933E-03
        21  3.859678E-02
        22  4.493026E-02
        23  4.692420E-02
        24  3.765733E-02
        25  7.740959E-03
        26  6.464195E-03
        27  1.253782E-02
        28  1.045355E-02
        29  1.061867E-02
        30  1.656336E-02
        31  1.966889E-03
        32  6.003396E-03
        33  2.797608E-02
        34  1.321268E-02
        35  5.967133E-02
        36  5.896446E-02
        37  2.464342E-02
        38  2.407845E-02
        39  5.611981E-02
        40  5.536712E-02
        41  1.906797E-02
        42  1.027533E-02
        43  5.037162E-02
        44  6.931096E-02
        45  2.550902E-02
        46  1.646220E-02
        47  4.112184E-02
        48  5.049789E-02
        49  7.136824E-04
        50  5.498362E-05
        51  1.310218E-04
        52  1.654424E-03
        53  1.055232E-04
        54  8.212122E-06
        55  2.963825E-05
        56  3.704536E-04
        57  5.809242E-04
        58  4.792432E-05
        59  6.936887E-06
        60  9.032154E-05
        61  1.375531E-03
        62  1.121410E-04
        63  2.399478E-05
        64  3.207708E-04
        65  2.016778E-03
        66  7.234965E-04
        67  5.149300E-04
        68  1.687084E-03
        69  2.220644E-03
        70  8.224529E-04
        71  4.698992E-04
        72  1.863838E-03
        73  3.775036E-03
        74  7.310542E-04
        75  9.275687E-04
        76  4.962234E-03
        77  4.079124E-03
        78  7.846314E-04
        79  6.192720E-04
        80  4.381256E-03
        81  1.051846E-01
        82  1.044981E-01
        83  5.662475E-02
        84  5.706790E-02
        85  6.923217E-02
        86  6.696588E-02
        87  6.798380E-02
        88  7.120010E-02
        89  5.395439E-03
        90  9.395849E-04
        91  3.412417E-04
        92  3.793493E-03
        93  3.621728E-03
        94  4.750416E-04
        95  4.893718E-04
        96  3.563276E-03
        97  1.002688E-02
        98  1.704684E-03
        99  1.542277E-03
       100  1.020116E-02
       101  1.246460E-02
       102  1.704489E-03
       103  1.776745E-03
       104  1.261465E-02
       105  7.475892E-02
       106  4.052529E-02
       107  1.623006E-02
       108  4.271720E-03
       109  3.788427E-03
       110  1.632078E-02
       111  4.495807E-02
       112  8.935386E-02
       113  1.134052E-01
       114  5.732063E-02
       115  2.051698E-02
       116  4.484127E-03
       117  4.439414E-03
       118  1.702175E-02
       119  3.971603E-02
       120  7.020897E-02
       121  3.038135E-02
       122  2.039713E-02
       123  1.572840E-02
       124  1.334166E-02
       125  1.490446E-02
       126  2.253820E-02
       127  4.059598E-02
       128  6.733410E-02
       129  5.955133E-02
       130  3.332768E-02
       131  1.865895E-02
       132  1.258195E-02
       133  1.201924E-02
       134  1.448311E-02
       135  1.994052E-02
       136  2.527608E-02
       137  1.117746E-01
       138  9.261042E-02
       139  1.022902E-01
       140  1.308031E-01
       141  1.700940E-01
       142  1.204984E-01
       143  1.405467E-01
       144  1.526099E-01
       145  1.584689E-01
       146  1.074485E-01
       147  1.255859E-01
       148  1.829499E-01
       149  1.185262E-01
       150  8.682906E-02
       151  9.975536E-02
       152  1.331706E-01
       153  1.675582E-01
       154  1.132291E-01
       155  9.762050E-02
       156  1.237397E-01
       157  1.222502E-01
       158  9.218457E-02
       159  8.040895E-02
       160  1.054931E-01
       161  1.183047E-01
       162  9.446195E-02
       163  8.240038E-02
       164  9.773905E-02
       165  1.567124E-01
       166  1.280025E-01
       167  1.109803E-01
       168  1.265465E-01
       169  8.261664E-02
       170  6.853754E-02
       171  7.510243E-02
       172  9.141749E-02
       173  1.070693E-01
       174  8.588255E-02
       175  1.046949E-01
       176  9.980676E-02
       177  1.020377E-01
       178  7.868446E-02
       179  8.795826E-02
       180  1.201803E-01
       181  9.735191E-02
       182  7.066877E-02
       183  8.205395E-02
       184  1.045588E-01
       185  1.280789E-01
       186  9.180426E-02
       187  8.187202E-02
       188  1.059214E-01
       189  1.216900E-01
       190  8.399541E-02
       191  7.557662E-02
       192  9.659435E-02
       193  1.133239E-01
       194  8.971041E-02
       195  7.859807E-02
       196  9.131837E-02
       197  1.149183E-01
       198  1.033211E-01
       199  9.093297E-02
       200  1.085310E-01
       201  6.094018E-03
       202  5.244056E-03
       203  5.818547E-03
       204  7.087057E-03
       205  1.290024E-02
       206  9.421927E-03
       207  1.177953E-02
       208  1.031920E-02
       209  1.008319E-02
       210  7.238391E-03
       211  8.040735E-03
       212  1.103596E-02
       213  7.652848E-03
       214  5.468728E-03
       215  6.353463E-03
       216  8.088862E-03
       217  2.042907E-02
       218  1.404730E-02
       219  1.307796E-02
       220  1.667038E-02
       221  1.445663E-02
       222  9.875610E-03
       223  9.592424E-03
       224  1.264600E-02
       225  1.324813E-02
       226  1.039402E-02
       227  1.002529E-02
       228  1.240861E-02
       229  2.049456E-02
       230  1.615742E-02
       231  1.464861E-02
       232  1.701385E-02
       233  1.202097E-01
       234  9.789101E-02
       235  1.107883E-01
       236  1.306536E-01
       237  1.350067E-01
       238  9.402990E-02
       239  1.122833E-01
       240  9.011539E-02
       241  1.343784E-01
       242  8.922583E-02
       243  1.003758E-01
       244  1.204757E-01
       245  1.363140E-01
       246  9.265706E-02
       247  1.044867E-01
       248  1.208935E-01
       249  1.290852E-01
       250  9.049628E-02
       251  8.810565E-02
       252  1.194051E-01
       253  1.166775E-01
       254  8.042871E-02
       255  7.962121E-02
       256  1.046700E-01
       257  1.089694E-01
       258  8.749973E-02
       259  8.181969E-02
       260  9.987042E-02
       261  1.212340E-01
       262  1.003693E-01
       263  9.588974E-02
       264  1.150414E-01
       265  2.322364E-01
       266  3.219590E-01
       267  5.825032E-02
       268  2.052710E-01
       269  2.588744E-01
       270  1.045598E-01
       271  1.400894E-01
       272  9.301765E-02
       273  2.048079E-01
       274  2.650231E-01
       275  7.136968E-02
       276  2.116913E-01
       277  2.417427E-01
       278  1.006064E-01
       279  2.010816E-01
       280  1.085735E-01
       281  2.335711E-01
       282  2.581398E-01
       283  5.620519E-02
       284  1.956606E-01
       285  2.263567E-01
       286  9.054605E-02
       287  1.866508E-01
       288  1.431049E-01
       289  2.638388E-01
       290  3.157640E-01
       291  6.046761E-02
       292  2.119097E-01
       293  2.628690E-01
       294  1.034700E-01
       295  1.479835E-01
       296  1.028780E-01
       297  1.122017E-01
       298  2.732668E-01
       299  4.808112E-02
       300  2.023205E-01
       301  2.342708E-01
       302  8.356654E-02
       303  1.447401E-01
       304  1.587409E-01
       305  1.534228E-01
       306  3.360596E-01
       307  5.787186E-02
       308  2.585613E-01
       309  3.014427E-01
       310  1.099654E-01
       311  1.905101E-01
       312  2.221932E-01
       313  1.197318E-01
       314  3.555859E-01
       315  6.395573E-02
       316  2.623570E-01
       317  3.006261E-01
       318  1.067850E-01
       319  2.015377E-01
       320  1.900512E-01
       321  8.972310E-02
       322  2.944133E-01
       323  5.226097E-02
       324  2.090530E-01
       325  2.503105E-01
       326  9.940743E-02
       327  1.349489E-01
       328  1.338027E-01

 total internal energy for set ALL and time  0.1000000E+01

        2.471440E+01
