
                        S T E P       1


                                INCREMENT     1


 displacements (vx,vy,vz) for set NALL and time  0.1000000E+01

         1  0.000000E+00 -1.323489E-24  1.323489E-24
         2 -2.646978E-24  0.000000E+00 -1.323489E-24
         3  0.000000E+00 -6.617445E-25 -6.617445E-25
         4  0.000000E+00  0.000000E+00 -6.915230E-23
         5  1.600632E-03 -4.242528E-06 -1.870244E-03
         6  1.601950E-03  1.018627E-05  1.911151E-03
         7 -1.489336E-03  1.683353E-05 -1.869907E-03
         8 -1.490480E-03 -1.788041E-06  1.912198E-03
         9  2.321680E-03 -7.296871E-06 -2.941807E-03
        10  2.321782E-03  1.432749E-05  2.896775E-03
        11 -2.213837E-03  1.618731E-05 -2.941759E-03
        12 -2.213732E-03 -2.002538E-06  2.896820E-03
        13  3.113638E-03 -2.081658E-06 -3.942792E-03
        14  3.113947E-03  1.119333E-05  3.898049E-03
        15 -3.122054E-03  2.003241E-06 -3.943032E-03
        16 -3.121823E-03  6.389010E-06  3.898456E-03
        17  4.251841E-03  7.018095E-06 -5.295859E-03
        18  4.253145E-03 -8.052269E-06  5.318103E-03
        19 -4.283555E-03 -1.323964E-05 -5.296069E-03
        20 -4.283592E-03  1.800909E-05  5.318746E-03
        21  5.000000E-03  5.293956E-24 -6.000000E-03
        22  5.000000E-03 -2.117582E-23  6.000000E-03
        23 -5.000000E-03  0.000000E+00 -6.000000E-03
        24 -5.000000E-03 -1.418780E-21  6.000000E-03
        25  7.548091E-05 -1.163327E-05 -2.486612E-04
        26  4.874557E-04 -2.481733E-05 -9.260148E-04
        27  1.164266E-03 -1.386481E-05 -1.632319E-03
        28  8.011634E-05 -7.941919E-06  1.962556E-04
        29  3.612014E-04 -1.920541E-05  7.591337E-04
        30  8.948502E-04 -3.525452E-06  1.563690E-03
        31 -1.747607E-04 -5.254483E-06 -1.147836E-04
        32 -5.585815E-04 -1.450111E-05 -6.349258E-04
        33 -1.022406E-03  6.746132E-07 -1.458664E-03
        34 -2.404230E-04 -9.322057E-06  2.437423E-04
        35 -8.331481E-04 -2.326836E-05  9.015560E-04
        36 -1.381568E-03 -9.388920E-06  1.660479E-03
        37  2.514544E-03 -2.090282E-05 -2.394799E-03
        38  1.866211E-03 -3.594697E-06  2.348062E-03
        39 -1.635962E-03 -1.924809E-06 -2.416752E-03
        40 -2.149466E-03 -1.419746E-05  2.359586E-03
        41  5.028896E-03 -1.744024E-06 -5.506223E-03
        42  5.536543E-03 -6.823269E-06 -5.734081E-03
        43  5.452863E-03 -5.625708E-06 -5.857802E-03
        44  4.020379E-03 -1.219126E-05  5.417083E-03
        45  4.046569E-03 -1.417535E-05  5.547556E-03
        46  4.399922E-03 -1.024962E-05  5.763753E-03
        47 -3.953828E-03 -1.537812E-05 -5.366878E-03
        48 -3.916138E-03 -1.683691E-05 -5.485116E-03
        49 -4.294316E-03 -1.116579E-05 -5.757528E-03
        50 -4.966006E-03  5.680506E-06  5.585908E-03
        51 -5.371033E-03 -7.494687E-07  5.884073E-03
        52 -5.323774E-03 -1.123792E-06  5.942522E-03
        53  1.035596E-06  4.252573E-07 -1.033372E-07
        54  8.535880E-07  5.203856E-06 -1.659485E-06
        55  1.424126E-06  4.803221E-06 -1.467474E-06
        56 -5.173121E-07 -8.084476E-07  2.304470E-07
        57 -3.659893E-07  2.580371E-07 -1.049674E-07
        58 -5.374966E-07  1.064090E-06 -3.731316E-07
        59 -4.498970E-07  1.237432E-06  6.749763E-07
        60 -5.273902E-07  1.337719E-06  4.066156E-07
        61 -2.500821E-08  1.122744E-07  5.076525E-07
        62 -1.228481E-06  2.837060E-06 -1.175266E-06
        63 -1.631163E-06  3.927835E-06 -6.354468E-07
        64 -4.821606E-07  1.105404E-06 -6.743840E-07
        65  1.603093E-03  9.459499E-06  2.399957E-05
        66 -1.491180E-03  2.599361E-05  3.252820E-05
        67  4.412555E-05 -3.280350E-06 -1.869413E-03
        68  2.888594E-05  6.372301E-06  1.910569E-03
        69  2.321622E-03  7.768149E-06  5.841108E-05
        70 -2.214354E-03  7.427193E-06  3.279149E-05
        71 -1.143000E-05  1.069867E-06 -2.941966E-03
        72  8.656294E-06  3.253345E-06  2.896430E-03
        73  3.112594E-03 -3.664762E-05 -2.205210E-03
        74  3.113298E-03  1.374569E-06 -7.534422E-05
        75  3.112713E-03  4.054328E-05  2.080635E-03
        76 -3.124005E-03  4.418578E-05 -2.165203E-03
        77 -3.123136E-03  1.881052E-06 -6.062895E-05
        78 -3.123911E-03 -3.867014E-05  2.064026E-03
        79  1.714847E-03  4.486224E-05 -3.944503E-03
        80  4.086730E-05  3.063995E-06 -3.943828E-03
        81 -1.657267E-03 -4.063229E-05 -3.944566E-03
        82  1.669279E-03 -3.571772E-05  3.896119E-03
        83  2.345014E-05  1.000427E-05  3.897029E-03
        84 -1.635346E-03  5.570499E-05  3.896208E-03
        85  4.253187E-03  3.241887E-06  6.059262E-06
        86 -4.283743E-03  4.042978E-06 -8.303745E-06
        87  1.025726E-05 -7.231517E-06 -5.295154E-03
        88  2.139146E-05  4.597712E-06  5.319065E-03
        89  4.999805E-03 -5.943375E-06 -4.538181E-03
        90  4.999735E-03 -6.704873E-06 -3.034560E-03
        91  4.999804E-03 -3.722168E-06 -1.504137E-03
        92  4.999832E-03  1.262246E-06  3.706107E-05
        93  4.999772E-03  6.373615E-06  1.573415E-03
        94  4.999669E-03  9.489137E-06  3.089495E-03
        95  4.999729E-03  8.156514E-06  4.569750E-03
        96 -5.000690E-03  1.726937E-05 -4.571145E-03
        97 -5.000803E-03  2.013072E-05 -3.090428E-03
        98 -5.000595E-03  1.317989E-05 -1.572657E-03
        99 -5.000470E-03  1.392969E-06 -3.422299E-05
       100 -5.000554E-03 -1.039822E-05  1.508584E-03
       101 -5.000730E-03 -1.751307E-05  3.039387E-03
       102 -5.000591E-03 -1.537442E-05  4.541595E-03
       103  3.783064E-03  1.232896E-05 -6.000493E-03
       104  2.531064E-03  1.445243E-05 -6.000598E-03
       105  1.255980E-03  9.584800E-06 -6.000469E-03
       106 -2.901498E-05  1.219964E-06 -6.000396E-03
       107 -1.310633E-03 -7.274910E-06 -6.000477E-03
       108 -2.575355E-03 -1.254738E-05 -6.000613E-03
       109 -3.809344E-03 -1.118195E-05 -6.000581E-03
       110  3.807841E-03 -1.551282E-05  5.999273E-03
       111  2.572743E-03 -1.877480E-05  5.999233E-03
       112  1.307499E-03 -1.373484E-05  5.999424E-03
       113  2.593614E-05 -4.522622E-06  5.999575E-03
       114 -1.258539E-03  4.959310E-06  5.999555E-03
       115 -2.532823E-03  1.106872E-05  5.999453E-03
       116 -3.783918E-03  1.038353E-05  5.999575E-03
       117  7.483241E-05  1.465133E-04 -1.293969E-03
       118  4.618660E-04  4.520489E-04 -3.257465E-03
       119  3.490475E-05  3.194377E-04 -2.897297E-03
       120  4.731868E-06 -1.935820E-04 -1.606079E-03
       121 -5.195914E-04 -4.679947E-04 -3.396071E-03
       122 -1.593197E-04 -2.664900E-04 -2.743854E-03
       123 -2.704201E-04 -1.805588E-04  1.523478E-03
       124 -3.728247E-04 -5.259818E-04  3.686972E-03
       125 -5.463495E-04 -3.588114E-04  3.157057E-03
       126  1.114507E-05  1.693566E-04  1.441988E-03
       127 -2.956277E-04  4.854429E-04  3.469777E-03
       128  8.254011E-05  3.328163E-04  3.023262E-03
       129 -1.570837E-03  5.008049E-04  2.143811E-04
       130 -2.112762E-03  6.905762E-04  5.879119E-04
       131  1.391520E-04  2.441503E-04  1.197034E-03
       132 -1.355739E-03 -4.399359E-04  4.754073E-05
       133 -1.837852E-03 -6.193310E-04 -2.220336E-04
       134  2.113840E-04 -2.202574E-04 -1.019851E-03
       135  1.354460E-03 -4.378621E-04 -1.931685E-04
       136  1.593738E-03 -5.515773E-04  1.097436E-04
       137 -5.034188E-04 -1.405201E-04  1.037243E-03
       138  1.394659E-03  4.500925E-04  1.482179E-05
       139  1.719357E-03  5.873518E-04 -1.798800E-04
       140 -3.787795E-04  1.772430E-04 -8.614073E-04
       141  3.184411E-04 -1.809062E-05 -2.394613E-03
       142 -2.019502E-04  2.029864E-05 -2.436214E-03
       143  3.140836E-04  2.783715E-05  2.358266E-03
       144 -4.309427E-05 -1.491810E-05  2.350209E-03
       145  2.147116E-03 -4.367916E-05  8.503257E-04
       146  2.200271E-03  5.959610E-05 -8.463785E-04
       147 -1.944970E-03  5.018469E-05  8.112437E-04
       148 -1.867797E-03 -1.976384E-05 -8.136572E-04
       149  2.600261E-04 -8.652615E-05 -3.157254E-03
       150 -1.724752E-04  9.126915E-05 -3.153755E-03
       151  3.063187E-04  9.939655E-05  3.054918E-03
       152 -1.368530E-04 -8.267079E-05  3.058204E-03
       153  2.577843E-03  3.116809E-05  5.930210E-04
       154  2.574437E-03 -2.749880E-05 -6.099917E-04
       155 -2.421018E-03 -2.628273E-05  4.314443E-04
       156 -2.428288E-03  3.748459E-05 -4.917256E-04
       157  2.511202E-03  1.411883E-04 -5.156137E-03
       158  1.255038E-03  3.115120E-04 -6.319769E-03
       159 -1.206416E-03  1.727945E-04 -5.887465E-03
       160 -2.486802E-03 -1.145699E-04 -5.016849E-03
       161 -1.191514E-03 -2.692549E-04 -6.096091E-03
       162  1.229458E-03 -1.565718E-04 -5.804471E-03
       163  2.273770E-03 -1.520700E-04  5.219276E-03
       164  7.723957E-04 -3.573007E-04  6.569680E-03
       165 -1.505586E-03 -2.082788E-04  6.075759E-03
       166 -2.385040E-03  1.628024E-04  5.211357E-03
       167 -9.046625E-04  3.384497E-04  6.415622E-03
       168  1.436476E-03  1.851572E-04  5.931302E-03
       169  2.697160E-03  1.640950E-04 -2.613571E-03
       170  2.288128E-03  3.138408E-04 -1.906769E-04
       171  3.313221E-03  1.305969E-04  2.880383E-03
       172  2.628129E-03 -1.760605E-04  2.492397E-03
       173  2.251940E-03 -3.191761E-04  9.644407E-05
       174  3.343109E-03 -1.233370E-04 -2.890058E-03
       175 -2.814017E-03 -1.338274E-04 -2.681746E-03
       176 -2.537102E-03 -2.532249E-04 -3.611234E-04
       177 -3.505356E-03 -8.561309E-05  2.724542E-03
       178 -2.901198E-03  1.169895E-04  2.612677E-03
       179 -2.624209E-03  2.375284E-04  3.181805E-04
       180 -3.506147E-03  8.895584E-05 -2.726457E-03

 forces (fx,fy,fz) for set RIGHT and time  0.1000000E+01

        21  2.616653E+03 -1.266498E+02 -2.148528E+03
        22  2.371986E+03 -3.068605E+02  1.896127E+03
        23 -2.517265E+03  9.151419E+02 -1.810454E+03
        24 -2.510592E+03 -1.251393E+03  2.042353E+03

 internal energy (element, energy) for set ALL and time  0.1000000E+01

         1  1.202909E-02
         2  6.981214E-03
         3  5.165636E-03
         4  5.112339E-03
         5  1.303454E-02
         6  9.662849E-03
         7  3.992376E-03
         8  8.078214E-03
         9  4.981802E-03
        10  6.068051E-03
        11  5.946121E-03
        12  1.689708E-02
        13  1.268125E-02
        14  1.373428E-02
        15  8.274932E-03
        16  1.086490E-02
        17  3.739859E-03
        18  2.092863E-03
        19  4.336493E-03
        20  6.697072E-03
        21  1.453532E-02
        22  6.509079E-03
        23  1.005104E-02
        24  4.315251E-03
        25  6.810685E-03
        26  1.162890E-02
        27  2.483243E-02
        28  1.258091E-02
        29  2.825284E-02
        30  3.705191E-02
        31  3.492248E-02
        32  2.883472E-02
        33  1.159454E-03
        34  3.695458E-04
        35  3.084418E-04
        36  7.203311E-04
        37  5.306187E-05
        38  7.337280E-05
        39  7.675995E-05
        40  1.531210E-04
        41  1.608012E-04
        42  2.468050E-04
        43  2.278848E-04
        44  4.808479E-04
        45  7.076775E-04
        46  4.772469E-04
        47  6.047394E-04
        48  9.243813E-04
        49  2.830801E-03
        50  2.196910E-04
        51  7.522138E-04
        52  9.418441E-03
        53  9.654033E-04
        54  7.477908E-05
        55  8.642142E-05
        56  1.109086E-03
        57  2.294843E-03
        58  1.839662E-04
        59  6.062382E-05
        60  8.185541E-04
        61  7.828341E-03
        62  6.507174E-04
        63  7.838843E-05
        64  9.800835E-04
        65  4.283817E-02
        66  4.018652E-02
        67  3.895409E-02
        68  3.276243E-02
        69  4.681286E-02
        70  4.292546E-02
        71  3.609667E-02
        72  3.333106E-02
        73  7.181844E-04
        74  2.604206E-03
        75  1.047802E-02
        76  1.892876E-02
        77  1.203289E-02
        78  3.816710E-03
        79  1.479190E-03
        80  4.894804E-03
        81  1.092936E-01
        82  1.776207E-02
        83  1.152386E-02
        84  9.076215E-02
        85  5.741594E-02
        86  9.584903E-03
        87  6.139533E-03
        88  4.856171E-02
        89  8.585519E-02
        90  1.432197E-02
        91  8.373937E-03
        92  7.140433E-02
        93  3.068897E-02
        94  5.057627E-03
        95  3.524910E-03
        96  2.600475E-02
        97  3.380692E-03
        98  3.102306E-03
        99  1.160132E-02
       100  1.455544E-02
       101  1.503281E-02
       102  1.995772E-02
       103  2.425209E-02
       104  3.438827E-02
       105  6.065326E-03
       106  3.127923E-03
       107  9.497415E-04
       108  9.530719E-05
       109  4.515895E-04
       110  2.006809E-03
       111  4.904462E-03
       112  8.364148E-03
       113  7.042665E-03
       114  4.091481E-03
       115  1.660695E-03
       116  3.530599E-04
       117  6.776889E-05
       118  8.115397E-04
       119  2.670012E-03
       120  5.242319E-03
       121  6.986835E-03
       122  3.686223E-03
       123  1.176248E-03
       124  1.040984E-04
       125  3.806157E-04
       126  2.034936E-03
       127  5.226665E-03
       128  9.132792E-03
       129  6.393383E-03
       130  3.636435E-03
       131  1.438769E-03
       132  2.928741E-04
       133  9.442067E-05
       134  7.985426E-04
       135  2.435644E-03
       136  4.641565E-03
       137  5.134308E-01
       138  4.041836E-01
       139  4.237388E-01
       140  4.761382E-01
       141  6.157593E-01
       142  3.984797E-01
       143  4.393040E-01
       144  4.490877E-01
       145  5.615869E-01
       146  3.448314E-01
       147  3.914494E-01
       148  5.200694E-01
       149  5.623660E-01
       150  3.855864E-01
       151  3.891473E-01
       152  4.995006E-01
       153  5.914224E-01
       154  3.969055E-01
       155  3.377760E-01
       156  4.416102E-01
       157  5.686782E-01
       158  4.227257E-01
       159  3.623272E-01
       160  4.802857E-01
       161  5.134291E-01
       162  4.414533E-01
       163  3.810256E-01
       164  4.516650E-01
       165  5.313310E-01
       166  4.718754E-01
       167  4.085492E-01
       168  4.735215E-01
       169  5.556200E-01
       170  4.304502E-01
       171  5.002413E-01
       172  4.096233E-01
       173  4.831889E-01
       174  4.558794E-01
       175  4.051396E-01
       176  4.732159E-01
       177  5.578825E-01
       178  4.297574E-01
       179  6.262168E-01
       180  4.372579E-01
       181  3.838299E-01
       182  5.637932E-01
       183  3.545190E-01
       184  5.751992E-01
       185  6.800049E-01
       186  4.590580E-01
       187  6.301684E-01
       188  4.238091E-01
       189  6.384819E-01
       190  5.388479E-01
       191  5.980995E-01
       192  5.090938E-01
       193  5.592246E-01
       194  4.516430E-01
       195  5.962274E-01
       196  4.062247E-01
       197  4.903292E-01
       198  6.677645E-01
       199  4.761925E-01
       200  5.967320E-01
       201  2.822170E-01
       202  2.612568E-01
       203  2.769302E-01
       204  3.023964E-01
       205  3.084601E-01
       206  2.532033E-01
       207  3.063850E-01
       208  2.726188E-01
       209  2.830353E-01
       210  2.085987E-01
       211  2.328069E-01
       212  3.338845E-01
       213  3.276568E-01
       214  2.356990E-01
       215  2.727792E-01
       216  3.534029E-01
       217  3.767564E-01
       218  2.807374E-01
       219  2.353926E-01
       220  3.074388E-01
       221  4.077561E-01
       222  2.787802E-01
       223  2.502543E-01
       224  3.239093E-01
       225  3.730801E-01
       226  3.250388E-01
       227  2.875250E-01
       228  3.180444E-01
       229  3.499099E-01
       230  3.327666E-01
       231  2.916879E-01
       232  3.291951E-01
       233  7.830819E-01
       234  8.366759E-01
       235  7.617502E-01
       236  7.475125E-01
       237  8.931706E-01
       238  9.528402E-01
       239  8.332601E-01
       240  7.292087E-01

 total internal energy for set ALL and time  0.1000000E+01

        4.873362E+01
