
                        S T E P       1


                                INCREMENT     1


 displacements (vx,vy,vz) for set TIP_TOP and time  0.1000000E+01

      1559  1.107913E-01 -2.926162E-03 -3.763334E+00
      1560  1.106740E-01 -2.878385E-03 -3.756606E+00
      1563  1.104254E-01 -2.740976E-03 -3.750001E+00
      1566  1.102559E-01 -2.172374E-03 -3.744062E+00
      1568  1.102067E-01 -8.384410E-04 -3.740377E+00
      1570  1.101932E-01 -7.502263E-13 -3.740146E+00
      1572  1.102067E-01  8.384410E-04 -3.740377E+00
      1575  1.102559E-01  2.172374E-03 -3.744062E+00
      1578  1.104254E-01  2.740976E-03 -3.750001E+00
      1581  1.106740E-01  2.878385E-03 -3.756606E+00
      1584  1.107913E-01  2.926162E-03 -3.763334E+00

 forces (fx,fy,fz) for set CLAMP and time  0.1000000E+01

         1  5.985407E+03  8.610607E+03  3.279187E+03
         4  1.092789E+04  6.235981E-08  6.552464E+03
         5  7.641021E+03  1.353792E+04 -3.927346E+02
         8  1.355781E+04  1.123552E-07 -7.720989E+02
         9  5.148543E+03  9.005629E+03 -5.012783E+02
        12  9.068270E+03  8.771376E-08 -9.899357E+02
        13  2.895165E+03  4.990708E+03 -6.403565E+02
        16  5.076675E+03  6.214692E-08 -1.265772E+03
        17  6.950383E+02  1.119342E+03 -6.818254E+02
        20  1.196114E+03  3.532903E-08 -1.356212E+03
        21 -5.671781E+02 -8.074664E+02 -2.120853E+03
        24 -1.299721E+03  6.580302E-09 -9.253013E+02
        26  5.985407E+03 -8.610607E+03  3.279187E+03
        28  7.641021E+03 -1.353792E+04 -3.927346E+02
        30  5.148543E+03 -9.005629E+03 -5.012783E+02
        32  2.895165E+03 -4.990708E+03 -6.403565E+02
        34  6.950383E+02 -1.119342E+03 -6.818254E+02
        36 -5.671781E+02  8.074664E+02 -2.120853E+03
        37 -5.716182E+02 -7.870182E+02 -1.960221E+03
        40 -4.642908E+01 -1.819798E+02 -3.458953E+03
        41 -3.000696E+03 -1.970241E+03 -7.857306E+02
        44 -4.256383E+03 -4.458520E+02 -1.540543E+03
        45 -2.701926E+03 -1.186327E+03  2.626441E+03
        48 -4.759329E+03 -2.645716E+02  4.952105E+03
        50  2.637575E+02 -1.971836E+02 -3.199891E+03
        52 -4.084848E+03 -4.383361E+02 -1.577231E+03
        54 -4.918618E+03 -2.408587E+02  4.825681E+03
        56  2.958613E+02 -1.687876E+02 -3.218789E+03
        58 -4.146016E+03 -3.318517E+02 -1.604311E+03
        60 -5.031678E+03 -1.670427E+02  4.884977E+03
        62 -2.908897E+03 -1.399682E+02 -1.053548E+03
        64 -3.477034E+03 -6.392117E+01  3.403031E+03
        66 -1.572342E+03  5.881996E-09 -5.468393E+02
        68 -1.862978E+03  5.715683E-09  1.833383E+03
        70 -2.908897E+03  1.399682E+02 -1.053548E+03
        72 -3.477034E+03  6.392117E+01  3.403031E+03
        74  2.958613E+02  1.687876E+02 -3.218789E+03
        76 -4.146016E+03  3.318517E+02 -1.604311E+03
        78 -5.031678E+03  1.670427E+02  4.884977E+03
        80  2.637575E+02  1.971836E+02 -3.199891E+03
        82 -4.084848E+03  4.383361E+02 -1.577231E+03
        84 -4.918618E+03  2.408587E+02  4.825681E+03
        86 -4.642908E+01  1.819798E+02 -3.458953E+03
        88 -4.256383E+03  4.458520E+02 -1.540543E+03
        90 -4.759329E+03  2.645716E+02  4.952105E+03
        92 -5.716182E+02  7.870182E+02 -1.960221E+03
        94 -3.000696E+03  1.970241E+03 -7.857306E+02
        96 -2.701926E+03  1.186327E+03  2.626441E+03

 internal energy (element, energy) for set EALL and time  0.1000000E+01

         1  1.499837E+02
         2  7.421427E+01
         3  3.046848E+01
         4  7.483800E+00
         5  2.434263E+00
         6  1.499837E+02
         7  7.421427E+01
         8  3.046848E+01
         9  7.483800E+00
        10  2.434263E+00
        11  9.361083E+00
        12  1.692324E+01
        13  8.187507E+00
        14  1.561722E+01
        15  8.019427E+00
        16  1.564373E+01
        17  8.313678E+00
        18  1.613863E+01
        19  3.107632E+00
        20  5.996927E+00
        21  3.107632E+00
        22  5.996927E+00
        23  8.313678E+00
        24  1.613863E+01
        25  8.019427E+00
        26  1.564373E+01
        27  8.187507E+00
        28  1.561722E+01
        29  9.361083E+00
        30  1.692324E+01
        31  1.521597E+02
        32  8.816474E+01
        33  3.806654E+01
        34  1.003860E+01
        35  3.792269E+00
        36  1.521597E+02
        37  8.816474E+01
        38  3.806654E+01
        39  1.003860E+01
        40  3.792269E+00
        41  8.825327E+00
        42  1.619790E+01
        43  9.628252E+00
        44  1.732140E+01
        45  9.849723E+00
        46  1.765482E+01
        47  1.019026E+01
        48  1.809310E+01
        49  3.768262E+00
        50  6.651816E+00
        51  3.768262E+00
        52  6.651816E+00
        53  1.019026E+01
        54  1.809310E+01
        55  9.849723E+00
        56  1.765482E+01
        57  9.628252E+00
        58  1.732140E+01
        59  8.825327E+00
        60  1.619790E+01
        61  1.384663E+02
        62  7.722259E+01
        63  3.432144E+01
        64  9.303537E+00
        65  3.481371E+00
        66  1.384663E+02
        67  7.722259E+01
        68  3.432144E+01
        69  9.303537E+00
        70  3.481371E+00
        71  8.148842E+00
        72  1.528275E+01
        73  8.618338E+00
        74  1.588772E+01
        75  9.010285E+00
        76  1.639326E+01
        77  9.262898E+00
        78  1.662880E+01
        79  3.382973E+00
        80  6.045331E+00
        81  3.382973E+00
        82  6.045331E+00
        83  9.262898E+00
        84  1.662880E+01
        85  9.010285E+00
        86  1.639326E+01
        87  8.618338E+00
        88  1.588772E+01
        89  8.148842E+00
        90  1.528275E+01
        91  1.315210E+02
        92  7.255175E+01
        93  3.164113E+01
        94  8.528624E+00
        95  3.167195E+00
        96  1.315210E+02
        97  7.255175E+01
        98  3.164113E+01
        99  8.528624E+00
       100  3.167195E+00
       101  8.068531E+00
       102  1.482993E+01
       103  8.172066E+00
       104  1.491757E+01
       105  8.325046E+00
       106  1.505466E+01
       107  8.494543E+00
       108  1.513309E+01
       109  3.093599E+00
       110  5.484333E+00
       111  3.093599E+00
       112  5.484333E+00
       113  8.494543E+00
       114  1.513309E+01
       115  8.325046E+00
       116  1.505466E+01
       117  8.172066E+00
       118  1.491757E+01
       119  8.068531E+00
       120  1.482993E+01
       121  1.224134E+02
       122  6.758247E+01
       123  2.943669E+01
       124  7.904572E+00
       125  2.918365E+00
       126  1.224134E+02
       127  6.758247E+01
       128  2.943669E+01
       129  7.904572E+00
       130  2.918365E+00
       131  7.616177E+00
       132  1.389183E+01
       133  7.635591E+00
       134  1.386503E+01
       135  7.681522E+00
       136  1.387505E+01
       137  7.786005E+00
       138  1.389996E+01
       139  2.828236E+00
       140  5.038428E+00
       141  2.828236E+00
       142  5.038428E+00
       143  7.786005E+00
       144  1.389996E+01
       145  7.681522E+00
       146  1.387505E+01
       147  7.635591E+00
       148  1.386503E+01
       149  7.616177E+00
       150  1.389183E+01
       151  1.137222E+02
       152  6.280778E+01
       153  2.739329E+01
       154  7.396335E+00
       155  2.744406E+00
       156  1.137222E+02
       157  6.280778E+01
       158  2.739329E+01
       159  7.396335E+00
       160  2.744406E+00
       161  7.107372E+00
       162  1.286707E+01
       163  7.113680E+00
       164  1.284707E+01
       165  7.137624E+00
       166  1.285566E+01
       167  7.223724E+00
       168  1.287405E+01
       169  2.619275E+00
       170  4.663003E+00
       171  2.619275E+00
       172  4.663003E+00
       173  7.223724E+00
       174  1.287405E+01
       175  7.137624E+00
       176  1.285566E+01
       177  7.113680E+00
       178  1.284707E+01
       179  7.107372E+00
       180  1.286707E+01
       181  1.052855E+02
       182  5.818498E+01
       183  2.541226E+01
       184  6.898979E+00
       185  2.585529E+00
       186  1.052855E+02
       187  5.818498E+01
       188  2.541226E+01
       189  6.898979E+00
       190  2.585529E+00
       191  6.583047E+00
       192  1.187735E+01
       193  6.593871E+00
       194  1.187849E+01
       195  6.615150E+00
       196  1.189897E+01
       197  6.696365E+00
       198  1.191943E+01
       199  2.425976E+00
       200  4.315358E+00
       201  2.425976E+00
       202  4.315358E+00
       203  6.696365E+00
       204  1.191943E+01
       205  6.615150E+00
       206  1.189897E+01
       207  6.593871E+00
       208  1.187849E+01
       209  6.583047E+00
       210  1.187735E+01
       211  9.719194E+01
       212  5.373275E+01
       213  2.349596E+01
       214  6.411958E+00
       215  2.429542E+00
       216  9.719194E+01
       217  5.373275E+01
       218  2.349596E+01
       219  6.411958E+00
       220  2.429542E+00
       221  6.077192E+00
       222  1.094703E+01
       223  6.090402E+00
       224  1.095741E+01
       225  6.112256E+00
       226  1.098441E+01
       227  6.192079E+00
       228  1.100631E+01
       229  2.242259E+00
       230  3.983197E+00
       231  2.242259E+00
       232  3.983197E+00
       233  6.192079E+00
       234  1.100631E+01
       235  6.112256E+00
       236  1.098441E+01
       237  6.090402E+00
       238  1.095741E+01
       239  6.077192E+00
       240  1.094703E+01
       241  8.942119E+01
       242  4.945203E+01
       243  2.164782E+01
       244  5.939205E+00
       245  2.277444E+00
       246  8.942119E+01
       247  4.945203E+01
       248  2.164782E+01
       249  5.939205E+00
       250  2.277444E+00
       251  5.591538E+00
       252  1.006735E+01
       253  5.605215E+00
       254  1.007985E+01
       255  5.627164E+00
       256  1.010835E+01
       257  5.706490E+00
       258  1.013028E+01
       259  2.065824E+00
       260  3.664697E+00
       261  2.065824E+00
       262  3.664697E+00
       263  5.706490E+00
       264  1.013028E+01
       265  5.627164E+00
       266  1.010835E+01
       267  5.605215E+00
       268  1.007985E+01
       269  5.591538E+00
       270  1.006735E+01
       271  8.197298E+01
       272  4.534709E+01
       273  1.987410E+01
       274  5.484413E+00
       275  2.130538E+00
       276  8.197298E+01
       277  4.534709E+01
       278  1.987410E+01
       279  5.484413E+00
       280  2.130538E+00
       281  5.126283E+00
       282  9.229387E+00
       283  5.139824E+00
       284  9.241657E+00
       285  5.161618E+00
       286  9.269722E+00
       287  5.240660E+00
       288  9.291015E+00
       289  1.896701E+00
       290  3.359620E+00
       291  1.896701E+00
       292  3.359620E+00
       293  5.240660E+00
       294  9.291015E+00
       295  5.161618E+00
       296  9.269722E+00
       297  5.139824E+00
       298  9.241657E+00
       299  5.126283E+00
       300  9.229387E+00
       301  7.484862E+01
       302  4.142003E+01
       303  1.817682E+01
       304  5.048912E+00
       305  1.989702E+00
       306  7.484862E+01
       307  4.142003E+01
       308  1.817682E+01
       309  5.048912E+00
       310  1.989702E+00
       311  4.681108E+00
       312  8.428899E+00
       313  4.694498E+00
       314  8.440532E+00
       315  4.716149E+00
       316  8.467844E+00
       317  4.795032E+00
       318  8.488500E+00
       319  1.734934E+00
       320  3.067948E+00
       321  1.734934E+00
       322  3.067948E+00
       323  4.795032E+00
       324  8.488500E+00
       325  4.716149E+00
       326  8.467844E+00
       327  4.694498E+00
       328  8.440532E+00
       329  4.681108E+00
       330  8.428899E+00
       331  6.804905E+01
       332  3.767166E+01
       333  1.655660E+01
       334  4.633067E+00
       335  1.855205E+00
       336  6.804905E+01
       337  3.767166E+01
       338  1.655660E+01
       339  4.633067E+00
       340  1.855205E+00
       341  4.256055E+00
       342  7.664433E+00
       343  4.269371E+00
       344  7.675582E+00
       345  4.290954E+00
       346  7.702341E+00
       347  4.369761E+00
       348  7.722588E+00
       349  1.580552E+00
       350  2.789631E+00
       351  1.580552E+00
       352  2.789631E+00
       353  4.369761E+00
       354  7.722588E+00
       355  4.290954E+00
       356  7.702341E+00
       357  4.269371E+00
       358  7.675582E+00
       359  4.256055E+00
       360  7.664433E+00
       361  6.157419E+01
       362  3.410210E+01
       363  1.501358E+01
       364  4.236990E+00
       365  1.727125E+00
       366  6.157419E+01
       367  3.410210E+01
       368  1.501358E+01
       369  4.236990E+00
       370  1.727125E+00
       371  3.851194E+00
       372  6.935803E+00
       373  3.864487E+00
       374  6.946682E+00
       375  3.886052E+00
       376  6.973138E+00
       377  3.964824E+00
       378  6.993189E+00
       379  1.433544E+00
       380  2.524620E+00
       381  1.433544E+00
       382  2.524620E+00
       383  3.964824E+00
       384  6.993189E+00
       385  3.886052E+00
       386  6.973138E+00
       387  3.864487E+00
       388  6.946682E+00
       389  3.851194E+00
       390  6.935803E+00
       391  5.542363E+01
       392  3.071127E+01
       393  1.354777E+01
       394  3.860725E+00
       395  1.605474E+00
       396  5.542363E+01
       397  3.071127E+01
       398  1.354777E+01
       399  3.860725E+00
       400  1.605474E+00
       401  3.466567E+00
       402  6.243202E+00
       403  3.479860E+00
       404  6.253956E+00
       405  3.501429E+00
       406  6.280276E+00
       407  3.580183E+00
       408  6.300258E+00
       409  1.293899E+00
       410  2.272879E+00
       411  1.293899E+00
       412  2.272879E+00
       413  3.580183E+00
       414  6.300258E+00
       415  3.501429E+00
       416  6.280276E+00
       417  3.479860E+00
       418  6.253956E+00
       419  3.466567E+00
       420  6.243202E+00
       421  4.959700E+01
       422  2.749902E+01
       423  1.215917E+01
       424  3.504284E+00
       425  1.490246E+00
       426  4.959700E+01
       427  2.749902E+01
       428  1.215917E+01
       429  3.504284E+00
       430  1.490246E+00
       431  3.102193E+00
       432  5.586854E+00
       433  3.115491E+00
       434  5.597552E+00
       435  3.137068E+00
       436  5.623813E+00
       437  3.215806E+00
       438  5.643784E+00
       439  1.161607E+00
       440  2.034392E+00
       441  1.161607E+00
       442  2.034392E+00
       443  3.215806E+00
       444  5.643784E+00
       445  3.137068E+00
       446  5.623813E+00
       447  3.115491E+00
       448  5.597552E+00
       449  3.102193E+00
       450  5.586854E+00
       451  4.409410E+01
       452  2.446528E+01
       453  1.084774E+01
       454  3.167665E+00
       455  1.381430E+00
       456  4.409410E+01
       457  2.446528E+01
       458  1.084774E+01
       459  3.167665E+00
       460  1.381430E+00
       461  2.758074E+00
       462  4.966907E+00
       463  2.771378E+00
       464  4.977569E+00
       465  2.792959E+00
       466  5.003793E+00
       467  2.871676E+00
       468  5.023764E+00
       469  1.036662E+00
       470  1.809150E+00
       471  1.036662E+00
       472  1.809150E+00
       473  2.871676E+00
       474  5.023764E+00
       475  2.792959E+00
       476  5.003793E+00
       477  2.771378E+00
       478  4.977569E+00
       479  2.758074E+00
       480  4.966907E+00
       481  3.891485E+01
       482  2.161000E+01
       483  9.613472E+00
       484  2.850860E+00
       485  1.279012E+00
       486  3.891485E+01
       487  2.161000E+01
       488  9.613472E+00
       489  2.850860E+00
       490  1.279012E+00
       491  2.434214E+00
       492  4.383423E+00
       493  2.447519E+00
       494  4.394047E+00
       495  2.469097E+00
       496  4.420229E+00
       497  2.547782E+00
       498  4.440194E+00
       499  9.190620E-01
       500  1.597148E+00
       501  9.190620E-01
       502  1.597148E+00
       503  2.547782E+00
       504  4.440194E+00
       505  2.469097E+00
       506  4.420229E+00
       507  2.447519E+00
       508  4.394047E+00
       509  2.434214E+00
       510  4.383423E+00
       511  3.405925E+01
       512  1.893318E+01
       513  8.456365E+00
       514  2.553851E+00
       515  1.182971E+00
       516  3.405925E+01
       517  1.893318E+01
       518  8.456365E+00
       519  2.553851E+00
       520  1.182971E+00
       521  2.130616E+00
       522  3.836372E+00
       523  2.143916E+00
       524  3.846967E+00
       525  2.165481E+00
       526  3.873110E+00
       527  2.244120E+00
       528  3.893065E+00
       529  8.088048E-01
       530  1.398384E+00
       531  8.088048E-01
       532  1.398384E+00
       533  2.244120E+00
       534  3.893065E+00
       535  2.165481E+00
       536  3.873110E+00
       537  2.143916E+00
       538  3.846967E+00
       539  2.130616E+00
       540  3.836372E+00
       541  2.952746E+01
       542  1.643491E+01
       543  7.376414E+00
       544  2.276611E+00
       545  1.093283E+00
       546  2.952746E+01
       547  1.643491E+01
       548  7.376414E+00
       549  2.276611E+00
       550  1.093283E+00
       551  1.847284E+00
       552  3.325623E+00
       553  1.860569E+00
       554  3.336245E+00
       555  1.882109E+00
       556  3.362403E+00
       557  1.960687E+00
       558  3.382373E+00
       559  7.058920E-01
       560  1.212862E+00
       561  7.058920E-01
       562  1.212862E+00
       563  1.960687E+00
       564  3.382373E+00
       565  1.882109E+00
       566  3.362403E+00
       567  1.860569E+00
       568  3.336245E+00
       569  1.847284E+00
       570  3.325623E+00
       571  2.531979E+01
       572  1.411528E+01
       573  6.373610E+00
       574  2.019092E+00
       575  1.009925E+00
       576  2.531979E+01
       577  1.411528E+01
       578  6.373610E+00
       579  2.019092E+00
       580  1.009925E+00
       581  1.584211E+00
       582  2.850926E+00
       583  1.597463E+00
       584  2.861733E+00
       585  1.618972E+00
       586  2.888061E+00
       587  1.697486E+00
       588  2.908133E+00
       589  6.103324E-01
       590  1.040594E+00
       591  6.103324E-01
       592  1.040594E+00
       593  1.697486E+00
       594  2.908133E+00
       595  1.618972E+00
       596  2.888061E+00
       597  1.597463E+00
       598  2.861733E+00
       599  1.584211E+00
       600  2.850926E+00
       601  2.143679E+01
       602  1.197448E+01
       603  5.447925E+00
       604  1.781228E+00
       605  9.328938E-01
       606  2.143679E+01
       607  1.197448E+01
       608  5.447925E+00
       609  1.781228E+00
       610  9.328938E-01
       611  1.341360E+00
       612  2.411940E+00
       613  1.354554E+00
       614  2.423240E+00
       615  1.376047E+00
       616  2.450053E+00
       617  1.454532E+00
       618  2.470410E+00
       619  5.221494E-01
       620  8.816077E-01
       621  5.221494E-01
       622  8.816077E-01
       623  1.454532E+00
       624  2.470410E+00
       625  1.376047E+00
       626  2.450053E+00
       627  1.354554E+00
       628  2.423240E+00
       629  1.341360E+00
       630  2.411940E+00
       631  1.787911E+01
       632  1.001264E+01
       633  4.599301E+00
       634  1.562979E+00
       635  8.622677E-01
       636  1.787911E+01
       637  1.001264E+01
       638  4.599301E+00
       639  1.562979E+00
       640  8.622677E-01
       641  1.118646E+00
       642  2.008381E+00
       643  1.131757E+00
       644  2.020647E+00
       645  1.153289E+00
       646  2.048434E+00
       647  1.231865E+00
       648  2.069357E+00
       649  4.413881E-01
       650  7.359614E-01
       651  4.413881E-01
       652  7.359614E-01
       653  1.231865E+00
       654  2.069357E+00
       655  1.153289E+00
       656  2.048434E+00
       657  1.131757E+00
       658  2.020647E+00
       659  1.118646E+00
       660  2.008381E+00
       661  1.464715E+01
       662  8.229708E+00
       663  3.827681E+00
       664  1.364436E+00
       665  7.983086E-01
       666  1.464715E+01
       667  8.229708E+00
       668  3.827681E+00
       669  1.364436E+00
       670  7.983086E-01
       671  9.159188E-01
       672  1.640384E+00
       673  9.289336E-01
       674  1.654138E+00
       675  9.506302E-01
       676  1.683455E+00
       677  1.029566E+00
       678  1.705261E+00
       679  3.681174E-01
       680  6.037389E-01
       681  3.681174E-01
       682  6.037389E-01
       683  1.029566E+00
       684  1.705261E+00
       685  9.506302E-01
       686  1.683455E+00
       687  9.289336E-01
       688  1.654138E+00
       689  9.159188E-01
       690  1.640384E+00
       691  1.174029E+01
       692  6.625196E+00
       693  3.133082E+00
       694  1.186033E+00
       695  7.416400E-01
       696  1.174029E+01
       697  6.625196E+00
       698  3.133082E+00
       699  1.186033E+00
       700  7.416400E-01
       701  7.329849E-01
       702  1.309133E+00
       703  7.459421E-01
       704  1.324580E+00
       705  7.680236E-01
       706  1.355695E+00
       707  8.478014E-01
       708  1.378533E+00
       709  3.024162E-01
       710  4.850382E-01
       711  3.024162E-01
       712  4.850382E-01
       713  8.478014E-01
       714  1.378533E+00
       715  7.680236E-01
       716  1.355695E+00
       717  7.459421E-01
       718  1.324580E+00
       719  7.329849E-01
       720  1.309133E+00
       721  9.155722E+00
       722  5.197827E+00
       723  2.515727E+00
       724  1.028868E+00
       725  6.935002E-01
       726  9.155722E+00
       727  5.197827E+00
       728  2.515727E+00
       729  1.028868E+00
       730  6.935002E-01
       731  5.696990E-01
       732  1.017613E+00
       733  5.827522E-01
       734  1.033866E+00
       735  6.055421E-01
       736  1.066056E+00
       737  6.869093E-01
       738  1.089573E+00
       739  2.443282E-01
       740  3.799250E-01
       741  2.443282E-01
       742  3.799250E-01
       743  6.869093E-01
       744  1.089573E+00
       745  6.055421E-01
       746  1.066056E+00
       747  5.827522E-01
       748  1.033866E+00
       749  5.696990E-01
       750  1.017613E+00
       751  6.887862E+00
       752  3.945472E+00
       753  1.976246E+00
       754  8.949877E-01
       755  6.559679E-01
       756  6.887862E+00
       757  3.945472E+00
       758  1.976246E+00
       759  8.949877E-01
       760  6.559679E-01
       761  4.263195E-01
       762  7.710065E-01
       763  4.397970E-01
       764  7.848452E-01
       765  4.636441E-01
       766  8.153343E-01
       767  5.475242E-01
       768  8.382895E-01
       769  1.937776E-01
       770  2.883116E-01
       771  1.937776E-01
       772  2.883116E-01
       773  5.475242E-01
       774  8.382895E-01
       775  4.636441E-01
       776  8.153343E-01
       777  4.397970E-01
       778  7.848452E-01
       779  4.263195E-01
       780  7.710065E-01
       781  4.928861E+00
       782  2.866105E+00
       783  1.516464E+00
       784  7.874021E-01
       785  6.313981E-01
       786  4.928861E+00
       787  2.866105E+00
       788  1.516464E+00
       789  7.874021E-01
       790  6.313981E-01
       791  3.048116E-01
       792  5.762693E-01
       793  3.191287E-01
       794  5.804369E-01
       795  3.439051E-01
       796  6.030813E-01
       797  4.304876E-01
       798  6.229367E-01
       799  1.504332E-01
       800  2.095934E-01
       801  1.504332E-01
       802  2.095934E-01
       803  4.304876E-01
       804  6.229367E-01
       805  3.439051E-01
       806  6.030813E-01
       807  3.191287E-01
       808  5.804369E-01
       809  3.048116E-01
       810  5.762693E-01
       811  3.269697E+00
       812  1.961543E+00
       813  1.141779E+00
       814  7.089659E-01
       815  6.189329E-01
       816  3.269697E+00
       817  1.961543E+00
       818  1.141779E+00
       819  7.089659E-01
       820  6.189329E-01
       821  2.142317E-01
       822  4.417297E-01
       823  2.287373E-01
       824  4.231973E-01
       825  2.515733E-01
       826  4.270761E-01
       827  3.369642E-01
       828  4.398106E-01
       829  1.135041E-01
       830  1.425822E-01
       831  1.135041E-01
       832  1.425822E-01
       833  3.369642E-01
       834  4.398106E-01
       835  2.515733E-01
       836  4.270761E-01
       837  2.287373E-01
       838  4.231973E-01
       839  2.142317E-01
       840  4.417297E-01
       841  1.903565E+00
       842  1.243184E+00
       843  8.637274E-01
       844  6.571611E-01
       845  6.078170E-01
       846  1.903565E+00
       847  1.243184E+00
       848  8.637274E-01
       849  6.571611E-01
       850  6.078170E-01
       851  1.826554E-01
       852  3.788036E-01
       853  1.940282E-01
       854  3.202729E-01
       855  2.043576E-01
       856  2.892883E-01
       857  2.752800E-01
       858  2.890025E-01
       859  8.208029E-02
       860  8.797559E-02
       861  8.208029E-02
       862  8.797559E-02
       863  2.752800E-01
       864  2.890025E-01
       865  2.043576E-01
       866  2.892883E-01
       867  1.940282E-01
       868  3.202729E-01
       869  1.826554E-01
       870  3.788036E-01
       871  8.544132E-01
       872  7.215282E-01
       873  6.772659E-01
       874  6.255432E-01
       875  5.813118E-01
       876  8.544132E-01
       877  7.215282E-01
       878  6.772659E-01
       879  6.255432E-01
       880  5.813118E-01
       881  2.546882E-01
       882  3.867590E-01
       883  2.688474E-01
       884  2.949148E-01
       885  2.562775E-01
       886  2.313453E-01
       887  3.058673E-01
       888  2.194397E-01
       889  5.745206E-02
       890  6.843190E-02
       891  5.745206E-02
       892  6.843190E-02
       893  3.058673E-01
       894  2.194397E-01
       895  2.562775E-01
       896  2.313453E-01
       897  2.688474E-01
       898  2.949148E-01
       899  2.546882E-01
       900  3.867590E-01
       901  2.216092E-01
       902  3.472431E-01
       903  4.969913E-01
       904  6.005643E-01
       905  6.501526E-01
       906  2.216092E-01
       907  3.472431E-01
       908  4.969913E-01
       909  6.005643E-01
       910  6.501526E-01
       911  3.702526E-01
       912  3.829724E-01
       913  4.189736E-01
       914  3.281832E-01
       915  4.683986E-01
       916  3.445802E-01
       917  7.083314E-01
       918  4.697854E-01
       919  5.959526E-02
       920  2.295456E-01
       921  5.959526E-02
       922  2.295456E-01
       923  7.083314E-01
       924  4.697854E-01
       925  4.683986E-01
       926  3.445802E-01
       927  4.189736E-01
       928  3.281832E-01
       929  3.702526E-01
       930  3.829724E-01
       931  1.416133E-02
       932  6.315390E-02
       933  1.793810E-01
       934  4.531773E-01
       935  9.645122E-01
       936  1.416133E-02
       937  6.315390E-02
       938  1.793810E-01
       939  4.531773E-01
       940  9.645122E-01
       941  2.855950E-01
       942  3.154266E-01
       943  3.767090E-01
       944  3.128923E-01
       945  6.267300E-01
       946  6.397181E-01
       947  2.062650E+00
       948  1.727554E+00
       949  1.416446E-01
       950  1.226876E+00
       951  1.416446E-01
       952  1.226876E+00
       953  2.062650E+00
       954  1.727554E+00
       955  6.267300E-01
       956  6.397181E-01
       957  3.767090E-01
       958  3.128923E-01
       959  2.855950E-01
       960  3.154266E-01
