
                        S T E P       1


                                INCREMENT     1


 displacements (vx,vy,vz) for set TIP_TOP and time  0.1000000E+01

       887  1.021269E-01 -1.793464E-03 -3.524268E+00
       888  1.020986E-01 -1.763848E-03 -3.519861E+00
       891  1.020365E-01 -1.662692E-03 -3.515588E+00
       894  1.020534E-01 -1.371067E-03 -3.511725E+00
       896  1.020763E-01 -3.928732E-04 -3.509305E+00
       898  1.020982E-01  1.394136E-04 -3.509173E+00
       900  1.020746E-01  6.717005E-04 -3.509296E+00
       903  1.020472E-01  1.649894E-03 -3.511692E+00
       906  1.020258E-01  1.941519E-03 -3.515531E+00
       909  1.020832E-01  2.042676E-03 -3.519780E+00
       912  1.021070E-01  2.072293E-03 -3.524164E+00
      2707  1.020913E-01 -1.192375E-04 -3.509218E+00
      2720  1.020905E-01  3.980647E-04 -3.509214E+00
      3634  1.020264E-01 -9.704467E-04 -3.510271E+00
      3643  1.020224E-01  1.249274E-03 -3.510250E+00

 forces (fx,fy,fz) for set CLAMP and time  0.1000000E+01

         1  6.099835E+02  1.087139E+03  4.204181E+02
         4  9.577860E+02  1.848922E-02  8.326038E+02
         5  2.035395E+03  5.573921E+03 -2.877600E+01
         8  3.235501E+03  2.176930E-01 -5.083254E+01
         9  1.373618E+03  3.732167E+03 -1.005393E+02
        12  2.168993E+03  6.194174E-01 -1.894997E+02
        13  8.432697E+02  2.058135E+03 -7.783120E+01
        16  1.269212E+03 -1.674551E+00 -1.864553E+02
        17  3.030160E+02  3.704538E+02 -4.206132E+00
        20  3.764995E+02  1.577227E+01 -5.099979E+01
        21  2.104844E+03  6.201434E+02 -3.611654E+03
        24 -2.558574E+02 -4.979371E+00  1.030125E+02
        26  6.099506E+02 -1.087147E+03  4.204374E+02
        28  2.037029E+03 -5.574610E+03 -2.861323E+01
        30  1.376528E+03 -3.733178E+03 -1.005699E+02
        32  8.472224E+02 -2.070218E+03 -9.298840E+01
        34  3.155594E+02 -3.868422E+02 -2.044570E+01
        36  2.025405E+03 -6.019818E+02 -3.654391E+03
        37 -7.253810E+01 -1.286933E+03 -3.502923E+03
        40  1.675575E+03 -2.838342E+01 -6.453021E+03
        41 -2.725698E+03 -2.874457E+03 -4.013955E+02
        44 -3.896711E+03 -3.145346E+02 -9.558667E+02
        45 -3.370196E+03 -1.588263E+03  3.813748E+03
        48 -6.507174E+03 -2.862269E+02  7.515814E+03
        50  3.095606E+03 -5.861014E+01 -5.994065E+03
        52 -3.966619E+03 -3.222211E+02 -1.193754E+03
        54 -7.572668E+03 -2.715017E+02  7.559994E+03
        56  3.965069E+03 -3.095777E+01 -5.812898E+03
        58 -3.971238E+03 -2.108837E+02 -1.441299E+03
        60 -8.395678E+03 -1.601504E+02  7.677403E+03
        62 -1.810698E+03  8.418050E+02 -1.914793E+03
        64 -5.893137E+03 -4.666200E+01  5.275488E+03
        66  4.095070E+02 -4.535767E-01 -2.408405E+03
        68 -3.151482E+03  1.088979E+01  2.821499E+03
        70 -1.560141E+03 -8.626487E+02 -1.844814E+03
        72 -6.107159E+03  4.307977E+01  5.307210E+03
        74  3.916708E+03  4.853047E+01 -5.843212E+03
        76 -3.874035E+03  2.059850E+02 -1.414222E+03
        78 -8.445706E+03  1.672763E+02  7.678791E+03
        80  3.089548E+03  5.469025E+01 -5.994046E+03
        82 -3.962733E+03  3.149241E+02 -1.188512E+03
        84 -7.561837E+03  2.680883E+02  7.556399E+03
        86  1.675575E+03  2.900873E+01 -6.456927E+03
        88 -3.897120E+03  3.123560E+02 -9.581241E+02
        90 -6.509756E+03  2.835435E+02  7.518339E+03
        92 -6.776546E+01  1.287538E+03 -3.504423E+03
        94 -2.725469E+03  2.875520E+03 -4.036983E+02
        96 -3.377304E+03  1.588581E+03  3.817026E+03
       913  1.800157E+03  4.251393E+03  8.211818E+02
       914  9.565353E+02  1.112956E+01  8.341926E+02
       915  2.952367E+03  4.981265E+01  1.835444E+03
       916  3.248020E+03  2.733706E+01 -5.322467E+01
       917  2.938096E+03 -1.635518E-02  1.843062E+03
       932  1.698824E+03  4.616066E+03 -5.577357E+01
       933  2.696119E+03  2.088060E+01 -1.061094E+02
       934  2.178743E+03  1.371286E+01 -1.939018E+02
       935  2.685101E+03  7.545982E-01 -1.026986E+02
       946  9.565848E+02 -1.109662E+01  8.342138E+02
       947  2.952867E+03 -4.980022E+01  1.835537E+03
       948  3.248483E+03 -2.683199E+01 -5.300076E+01
       949  1.801105E+03 -4.251648E+03  8.212327E+02
       960  2.697366E+03 -1.934404E+01 -1.055584E+02
       961  2.180673E+03 -1.218055E+01 -1.938957E+02
       962  1.700961E+03 -4.616960E+03 -5.538443E+01
      1358  7.925704E+02  1.971631E+03  4.658609E+01
      1359  9.559169E+02  1.501543E+01  8.370811E+02
      1360  1.136948E+03  2.151543E+01  1.010233E+02
      1361  2.076709E+02  3.835497E+01 -6.434360E+02
      1362  1.132788E+03  1.676575E+01  1.092785E+02
      1377  9.574157E+02  5.871594E+00  8.328502E+02
      1378  1.130486E+03  8.948774E+00  1.134229E+02
      1379  1.928715E+02  1.558480E+01 -6.143708E+02
      1380  1.129785E+03  1.004796E-02  1.149611E+02
      1463  1.102423E+03  2.886205E+03 -3.724864E+01
      1464  1.704523E+03  1.252488E+01 -6.355325E+01
      1465  1.273929E+03  2.601149E+01 -1.990247E+02
      1466  1.701618E+03  9.230971E+00 -9.008461E+01
      1473  9.574404E+02 -5.834925E+00  8.328610E+02
      1474  1.130487E+03 -8.926960E+00  1.134274E+02
      1475  1.928406E+02 -1.562186E+01 -6.143633E+02
      1476  1.132793E+03 -1.674499E+01  1.092883E+02
      1487  9.559873E+02 -1.498921E+01  8.371129E+02
      1488  1.136955E+03 -2.149088E+01  1.010417E+02
      1489  2.075819E+02 -3.838077E+01 -6.434271E+02
      1490  7.925138E+02 -1.971626E+03  4.659918E+01
      1561  1.709908E+03 -1.221344E+01 -8.164072E+01
      1562  1.272147E+03 -1.407127E+01 -1.818862E+02
      1563  1.108611E+03 -2.892831E+03 -4.350531E+01
      2078  5.649453E+02  1.199459E+03 -4.655633E+01
      2079  8.129269E+02  2.291055E+01 -1.463155E+02
      2080  3.896496E+02  2.664635E+01 -5.948941E+01
      2081  8.118024E+02  1.465960E-01 -1.228990E+02
      2088  7.898012E+01 -4.491139E+02  5.302955E+01
      2089 -9.096118E+00  1.909415E+00  1.173859E+02
      2090 -2.455838E+02  5.539562E+00  1.098541E+02
      2091 -3.509034E+01 -2.242139E+00  9.329417E+01
      2138  8.130585E+02 -1.402852E+01 -1.258016E+02
      2139  3.907118E+02 -1.627134E+01 -4.048128E+01
      2140  5.729168E+02 -1.210058E+03 -6.482585E+01
      2147 -1.648525E+01 -1.385226E+01  6.259433E+01
      2148 -2.552124E+02 -1.196621E+01  1.201567E+02
      2149  7.932771E+01  4.520655E+02  3.143203E+01
      2764 -1.588639E+02 -5.086380E+02 -1.780130E+02
      2765 -2.778454E+02  5.253767E+00  9.116707E+01
      2766 -1.142460E+03  1.103048E+02  4.156770E+02
      2767 -2.641352E+02  1.328985E-02  8.435452E+01
      2774 -2.777323E+02 -5.474934E+00  8.919638E+01
      2775 -1.137705E+03 -1.114098E+02  4.174156E+02
      2776 -1.574851E+02  5.065849E+02 -1.807988E+02

 internal energy (element, energy) for set EALL and time  0.1000000E+01

         1  5.331784E+00
         2  4.408120E+00
         3  5.285588E+00
         4  4.369081E+00
         5  4.169118E+00
         6  3.796453E+00
         7  4.224178E+00
         8  3.819696E+00
         9  2.606614E+01
        10  5.255151E+00
        11  4.350723E+00
        12  5.240988E+00
        13  4.342553E+00
        14  4.257140E+00
        15  3.830026E+00
        16  4.271590E+00
        17  3.834364E+00
        18  2.593746E+01
        19  4.373030E+00
        20  4.035029E+00
        21  4.341364E+00
        22  4.040433E+00
        23  4.668696E+00
        24  4.084106E+00
        25  4.677478E+00
        26  4.076429E+00
        27  3.711159E+00
        28  3.297501E+00
        29  3.750982E+00
        30  3.336281E+00
        31  3.568686E+00
        32  3.119839E+00
        33  3.547761E+00
        34  3.099734E+00
        35  4.330220E+00
        36  4.046643E+00
        37  4.327122E+00
        38  4.050271E+00
        39  4.679380E+00
        40  4.071053E+00
        41  4.678489E+00
        42  4.068368E+00
        43  3.772889E+00
        44  3.358665E+00
        45  3.782686E+00
        46  3.369122E+00
        47  3.536119E+00
        48  3.087986E+00
        49  3.531466E+00
        50  3.083063E+00
        51  1.829655E+01
        52  1.243442E+01
        53  1.819569E+01
        54  1.236061E+01
        55  2.850896E+00
        56  2.396984E+00
        57  2.886345E+00
        58  2.427106E+00
        59  2.704834E+00
        60  2.315247E+00
        61  2.687078E+00
        62  2.300089E+00
        63  1.984733E+00
        64  1.605741E+00
        65  2.010762E+00
        66  1.628162E+00
        67  1.943925E+00
        68  1.602487E+00
        69  1.931203E+00
        70  1.592044E+00
        71  2.907175E+00
        72  2.444628E+00
        73  2.917083E+00
        74  2.453049E+00
        75  2.676634E+00
        76  2.291135E+00
        77  2.672142E+00
        78  2.287258E+00
        79  2.025970E+00
        80  1.641369E+00
        81  2.033169E+00
        82  1.647431E+00
        83  1.923767E+00
        84  1.586059E+00
        85  1.920584E+00
        86  1.583685E+00
        87  7.860269E+00
        88  4.524314E+00
        89  7.814819E+00
        90  4.502617E+00
        91  1.286329E+00
        92  1.026187E+00
        93  1.305987E+00
        94  1.037243E+00
        95  1.286159E+00
        96  1.014458E+00
        97  1.277940E+00
        98  1.013843E+00
        99  5.399658E+00
       100  1.317075E+00
       101  1.043263E+00
       102  1.321839E+00
       103  1.045263E+00
       104  1.273844E+00
       105  1.014860E+00
       106  1.272513E+00
       107  1.015469E+00
       108  5.445186E+00
       109  2.208068E+00
       110  9.596317E-01
       111  2.196862E+00
       112  9.684940E-01
       113  2.704427E+00
       114  1.099402E+00
       115  2.719786E+00
       116  1.111435E+00
       117  7.267843E-01
       118  1.910686E+00
       119  7.392176E-01
       120  1.378244E+00
       121  6.591195E-01
       122  1.638092E+00
       123  8.182419E-02
       124  6.752637E-02
       125  7.162097E-02
       126  6.891509E-02
       127  8.502589E-02
       128  1.044032E-01
       129  8.490265E-02
       130  9.975337E-02
       131  1.177516E+00
       132  5.241012E+00
       133  4.342564E+00
       134  5.255221E+00
       135  4.350750E+00
       136  4.271465E+00
       137  3.834289E+00
       138  4.256763E+00
       139  3.829808E+00
       140  2.593792E+01
       141  5.285696E+00
       142  4.369135E+00
       143  5.331919E+00
       144  4.408210E+00
       145  4.223539E+00
       146  3.819330E+00
       147  4.168205E+00
       148  3.795948E+00
       149  2.606767E+01
       150  4.326710E+00
       151  4.049843E+00
       152  4.328976E+00
       153  4.045354E+00
       154  4.677967E+00
       155  4.067873E+00
       156  4.677826E+00
       157  4.069575E+00
       158  3.782262E+00
       159  3.368718E+00
       160  3.771624E+00
       161  3.357453E+00
       162  3.530963E+00
       163  3.082554E+00
       164  3.534610E+00
       165  3.086460E+00
       166  4.339278E+00
       167  4.038281E+00
       168  4.370071E+00
       169  4.032003E+00
       170  4.674866E+00
       171  4.073930E+00
       172  4.665028E+00
       173  4.080553E+00
       174  3.748872E+00
       175  3.334261E+00
       176  3.708206E+00
       177  3.294696E+00
       178  3.545194E+00
       179  3.097112E+00
       180  3.565008E+00
       181  3.116042E+00
       182  1.819703E+01
       183  1.236300E+01
       184  1.830080E+01
       185  1.244207E+01
       186  2.916705E+00
       187  2.452700E+00
       188  2.906064E+00
       189  2.443640E+00
       190  2.671607E+00
       191  2.286674E+00
       192  2.675031E+00
       193  2.289387E+00
       194  2.032833E+00
       195  1.646988E+00
       196  2.024972E+00
       197  1.639905E+00
       198  1.920092E+00
       199  1.583503E+00
       200  1.922305E+00
       201  1.585494E+00
       202  2.884499E+00
       203  2.425473E+00
       204  2.848334E+00
       205  2.394700E+00
       206  2.684318E+00
       207  2.297098E+00
       208  2.700827E+00
       209  2.310933E+00
       210  2.009095E+00
       211  1.625774E+00
       212  1.982440E+00
       213  1.602627E+00
       214  1.928610E+00
       215  1.590732E+00
       216  1.940049E+00
       217  1.600058E+00
       218  7.817875E+00
       219  4.500757E+00
       220  7.867460E+00
       221  4.525395E+00
       222  1.321174E+00
       223  1.044901E+00
       224  1.315364E+00
       225  1.042363E+00
       226  1.272628E+00
       227  1.016045E+00
       228  1.274106E+00
       229  1.016081E+00
       230  5.447890E+00
       231  1.303566E+00
       232  1.036395E+00
       233  1.283459E+00
       234  1.025828E+00
       235  1.277861E+00
       236  1.015647E+00
       237  1.285059E+00
       238  1.015863E+00
       239  5.409653E+00
       240  2.198150E+00
       241  9.696998E-01
       242  2.212670E+00
       243  9.631356E-01
       244  2.716907E+00
       245  1.110613E+00
       246  2.698593E+00
       247  1.096785E+00
       248  7.510560E-01
       249  1.368164E+00
       250  7.424235E-01
       251  1.876564E+00
       252  7.013330E-02
       253  6.986262E-02
       254  7.325158E-02
       255  7.165314E-02
       256  8.721374E-02
       257  9.942539E-02
       258  9.213900E-02
       259  1.003014E-01
       260  1.180334E+00
       261  7.263522E-02
       262  6.920942E-02
       263  6.784947E-02
       264  6.523631E-02
       265  9.501525E-02
       266  9.672679E-02
       267  9.538553E-02
       268  9.378848E-02
       269  1.617919E+00
       270  1.714411E+01
       271  2.426340E+01
       272  1.643731E+01
       273  2.484313E+01
       274  1.692336E+01
       275  2.627976E+01
       276  1.762094E+01
       277  2.768889E+01
       278  8.467321E-01
       279  1.006430E+00
       280  8.010793E-01
       281  1.028809E+00
       282  6.856526E-01
       283  8.101261E-01
       284  6.775904E-01
       285  8.588709E-01
       286  1.030982E+01
       287  7.989056E-01
       288  1.027577E+00
       289  8.411188E-01
       290  1.003419E+00
       291  6.799828E-01
       292  8.637759E-01
       293  6.980105E-01
       294  8.263840E-01
       295  1.023158E+01
       296  1.769916E+01
       297  2.743443E+01
       298  1.690360E+01
       299  2.624652E+01
       300  1.644723E+01
       301  2.485624E+01
       302  1.716957E+01
       303  2.430601E+01
       304  3.432646E+01
       305  2.681757E+01
       306  3.432863E+01
       307  2.683472E+01
       308  3.341583E+01
       309  2.549457E+01
       310  3.342552E+01
       311  2.549498E+01
       312  2.019597E+01
       313  1.461074E+01
       314  2.020599E+01
       315  1.460834E+01
       316  1.896405E+01
       317  1.348441E+01
       318  1.896282E+01
       319  1.348579E+01
       320  1.398372E+00
       321  1.139004E+00
       322  1.397093E+00
       323  1.135086E+00
       324  1.361338E+00
       325  1.071267E+00
       326  1.361662E+00
       327  1.073428E+00
       328  8.832549E-01
       329  6.606799E-01
       330  8.772766E-01
       331  6.594505E-01
       332  8.230977E-01
       333  6.150563E-01
       334  8.259557E-01
       335  6.232411E-01
       336  1.395178E+00
       337  1.131594E+00
       338  1.393284E+00
       339  1.128079E+00
       340  1.361685E+00
       341  1.076296E+00
       342  1.361474E+00
       343  1.080016E+00
       344  8.742212E-01
       345  6.573320E-01
       346  8.740126E-01
       347  6.598132E-01
       348  8.310216E-01
       349  6.272645E-01
       350  8.380947E-01
       351  6.316506E-01
       352  9.035505E+00
       353  8.449072E-01
       354  6.564567E-01
       355  8.442719E-01
       356  6.612493E-01
       357  7.541088E-01
       358  5.550964E-01
       359  7.532769E-01
       360  5.556773E-01
       361  9.039748E+00
       362  8.437865E-01
       363  6.615665E-01
       364  8.411613E-01
       365  6.588056E-01
       366  7.520308E-01
       367  5.557016E-01
       368  7.508381E-01
       369  5.591162E-01
       370  4.808904E-01
       371  3.386077E-01
       372  4.864711E-01
       373  3.431982E-01
       374  4.439482E-01
       375  3.006456E-01
       376  4.529643E-01
       377  3.105965E-01
       378  2.277639E-01
       379  1.484015E-01
       380  2.316886E-01
       381  1.558397E-01
       382  1.868667E-01
       383  1.037436E-01
       384  1.921946E-01
       385  1.144701E-01
       386  3.164197E+00
       387  1.356236E+00
       388  4.934925E-01
       389  3.607159E-01
       390  5.024303E-01
       391  3.727042E-01
       392  3.930866E-01
       393  2.623837E-01
       394  3.973727E-01
       395  2.655666E-01
       396  2.582501E-01
       397  1.788306E-01
       398  2.703410E-01
       399  1.988791E-01
       400  1.575547E-01
       401  8.422302E-02
       402  1.577717E-01
       403  8.576479E-02
       404  3.066884E+00
       405  1.422497E+00
       406  1.038012E-01
       407  7.952734E-02
       408  1.218952E-01
       409  8.290385E-02
       410  5.284420E-02
       411  3.686166E-02
       412  6.175567E-02
       413  3.897087E-02
       414  1.523185E-01
       415  2.896275E-01
       416  1.341257E-01
       417  2.387447E-01
       418  4.182460E-02
       419  1.183106E-01
       420  4.376306E-02
       421  1.086404E-01
       422  1.273406E-01
       423  8.788364E-02
       424  1.196796E-01
       425  9.215335E-02
       426  6.335848E-02
       427  3.672908E-02
       428  6.261760E-02
       429  3.495111E-02
       430  1.222228E-01
       431  1.951102E-01
       432  1.216269E-01
       433  1.924867E-01
       434  4.503463E-02
       435  1.017657E-01
       436  4.328376E-02
       437  1.007929E-01
       438  1.292963E-01
       439  1.115757E-01
       440  1.354161E-01
       441  1.195666E-01
       442  3.594534E-02
       443  1.823919E-02
       444  3.876143E-02
       445  1.926678E-02
       446  1.056061E+00
       447  1.385625E-01
       448  1.219701E-01
       449  1.422555E-01
       450  1.288939E-01
       451  3.939367E-02
       452  2.166038E-02
       453  3.620878E-02
       454  2.562391E-02
       455  1.337164E-01
       456  1.970122E-01
       457  1.311325E-01
       458  1.944829E-01
       459  4.003532E-02
       460  1.038362E-01
       461  4.045094E-02
       462  1.049517E-01
       463  3.432769E+01
       464  2.683337E+01
       465  3.432413E+01
       466  2.681396E+01
       467  3.342894E+01
       468  2.549804E+01
       469  3.342621E+01
       470  2.550333E+01
       471  2.020419E+01
       472  1.460311E+01
       473  2.019122E+01
       474  1.459702E+01
       475  1.896451E+01
       476  1.348803E+01
       477  1.896887E+01
       478  1.349075E+01
       479  1.391842E+00
       480  1.124891E+00
       481  1.390700E+00
       482  1.124505E+00
       483  1.361060E+00
       484  1.082103E+00
       485  1.360508E+00
       486  1.082726E+00
       487  6.011528E+00
       488  1.390361E+00
       489  1.124653E+00
       490  1.390573E+00
       491  1.125003E+00
       492  1.360044E+00
       493  1.083453E+00
       494  1.359325E+00
       495  1.084352E+00
       496  6.028455E+00
       497  9.044581E+00
       498  5.611219E+00
       499  9.044217E+00
       500  5.606053E+00
       501  3.163408E+00
       502  1.358154E+00
       503  3.177939E+00
       504  1.364607E+00
       505  3.063198E+00
       506  1.420071E+00
       507  3.059685E+00
       508  1.421010E+00
       509  1.155259E-01
       510  9.679109E-02
       511  1.140645E-01
       512  1.063622E-01
       513  5.989748E-02
       514  3.504527E-02
       515  5.424267E-02
       516  3.979790E-02
       517  1.295544E-01
       518  1.925027E-01
       519  1.493683E-01
       520  1.952733E-01
       521  4.416275E-02
       522  9.936212E-02
       523  5.108393E-02
       524  9.843924E-02
       525  5.891170E-01
       526  1.743843E-01
       527  2.398181E-01
       528  1.977999E-01
       529  3.025067E-01
       530  5.441055E-02
       531  1.050534E-01
       532  4.999520E-02
       533  1.191929E-01
       534  7.066113E-01
       535  9.527391E-01
       536  7.180181E-01
       537  1.127001E+00
       538  1.538876E+00
       539  2.355332E+00
       540  1.614164E+00
       541  2.505812E+00
       542  1.377946E+00
       543  2.213920E+00
       544  1.368774E+00
       545  2.205660E+00
       546  3.849698E+00
       547  4.480198E-01
       548  6.134002E-01
       549  4.627150E-01
       550  6.132061E-01
       551  6.362270E-01
       552  8.022891E-01
       553  6.401741E-01
       554  8.097528E-01
       555  3.973882E+00
       556  4.746470E-01
       557  6.306301E-01
       558  5.423578E-01
       559  6.201252E-01
       560  6.475637E-01
       561  8.106758E-01
       562  6.594186E-01
       563  8.186497E-01
       564  3.489761E+00
       565  5.255742E+00
       566  3.470871E+00
       567  5.186255E+00
       568  1.626059E+00
       569  2.560670E+00
       570  1.640184E+00
       571  2.572716E+00
       572  1.390126E+00
       573  2.226802E+00
       574  1.409493E+00
       575  2.245424E+00
       576  3.981600E+00
       577  5.829436E+00
       578  3.917919E+00
       579  5.652651E+00
       580  3.475622E+00
       581  5.140156E+00
       582  3.466843E+00
       583  5.077490E+00
       584  1.648155E+00
       585  2.589592E+00
       586  1.677769E+00
       587  2.622336E+00
       588  1.436955E+00
       589  2.266534E+00
       590  1.467080E+00
       591  2.288904E+00
       592  3.891494E+00
       593  5.539114E+00
       594  3.899181E+00
       595  5.492514E+00
       596  3.449187E+00
       597  5.039981E+00
       598  3.448333E+00
       599  4.983045E+00
       600  1.747267E+00
       601  2.713012E+00
       602  2.033418E-01
       603  2.587558E-01
       604  2.370534E-01
       605  2.915804E-01
       606  1.649296E-01
       607  2.184564E-01
       608  2.070355E-01
       609  2.426152E-01
       610  2.916235E+00
       611  1.551036E+00
       612  2.357415E+00
       613  1.704447E-01
       614  2.107146E-01
       615  2.315665E-01
       616  2.560380E-01
       617  2.159794E-01
       618  2.477600E-01
       619  2.083398E-01
       620  2.385113E-01
       621  2.458992E+00
       622  3.973179E+00
       623  5.544267E+00
       624  4.114778E+00
       625  5.629696E+00
       626  3.457952E+00
       627  4.854140E+00
       628  3.453474E+00
       629  4.754939E+00
       630  7.743608E-01
       631  1.098554E+00
       632  7.414087E-01
       633  1.117798E+00
       634  6.170967E-01
       635  9.064056E-01
       636  6.039532E-01
       637  8.950297E-01
       638  1.509018E+00
       639  2.072662E+00
       640  1.515172E+00
       641  2.082483E+00
       642  1.255397E+00
       643  1.726092E+00
       644  1.260031E+00
       645  1.732331E+00
       646  7.406246E-01
       647  1.114070E+00
       648  7.625264E-01
       649  1.085068E+00
       650  6.005698E-01
       651  8.870445E-01
       652  6.109486E-01
       653  8.726382E-01
       654  1.525647E+00
       655  2.101241E+00
       656  1.542398E+00
       657  2.129521E+00
       658  1.261050E+00
       659  1.733072E+00
       660  1.261703E+00
       661  1.726913E+00
       662  1.978796E+00
       663  2.881641E+00
       664  1.763700E+00
       665  2.734324E+00
       666  1.748260E+00
       667  2.432505E+00
       668  1.547581E+00
       669  2.355508E+00
       670  4.269259E-01
       671  4.867898E-01
       672  4.163046E-01
       673  4.921243E-01
       674  4.330198E-01
       675  5.253214E-01
       676  4.239857E-01
       677  5.186925E-01
       678  5.594235E-01
       679  6.541075E-01
       680  5.880356E-01
       681  7.160226E-01
       682  6.279392E-01
       683  7.462808E-01
       684  6.182456E-01
       685  7.328405E-01
       686  4.032635E+00
       687  5.603938E+00
       688  3.862010E-01
       689  4.561989E-01
       690  3.748938E-01
       691  4.487365E-01
       692  4.211448E-01
       693  4.893344E-01
       694  4.159748E-01
       695  4.838347E-01
       696  5.266393E-01
       697  6.062876E-01
       698  5.275081E-01
       699  6.099958E-01
       700  5.713755E-01
       701  6.637821E-01
       702  5.819742E-01
       703  6.829318E-01
       704  3.467989E+00
       705  4.917971E+00
       706  1.687509E+00
       707  2.634518E+00
       708  1.656183E+00
       709  2.599583E+00
       710  1.478637E+00
       711  2.311674E+00
       712  1.433126E+00
       713  2.267548E+00
       714  3.920666E+00
       715  5.524769E+00
       716  3.908172E+00
       717  5.567339E+00
       718  3.466673E+00
       719  5.007945E+00
       720  3.449710E+00
       721  5.037455E+00
       722  1.644866E+00
       723  2.580897E+00
       724  1.629045E+00
       725  2.565472E+00
       726  1.402967E+00
       727  2.235749E+00
       728  1.383944E+00
       729  2.218905E+00
       730  3.931229E+00
       731  5.675419E+00
       732  3.990915E+00
       733  5.845925E+00
       734  3.457555E+00
       735  5.061338E+00
       736  3.462636E+00
       737  5.117412E+00
       738  1.615440E+00
       739  2.508028E+00
       740  1.540144E+00
       741  2.357259E+00
       742  1.363231E+00
       743  2.197656E+00
       744  1.370236E+00
       745  2.202148E+00
       746  3.979888E+00
       747  5.433100E-01
       748  6.215747E-01
       749  4.752126E-01
       750  6.320413E-01
       751  6.602956E-01
       752  8.198645E-01
       753  6.479719E-01
       754  8.110760E-01
       755  3.854557E+00
       756  4.632472E-01
       757  6.146276E-01
       758  4.485739E-01
       759  6.147352E-01
       760  6.402947E-01
       761  8.097164E-01
       762  6.362138E-01
       763  8.020802E-01
       764  3.455138E+00
       765  5.160732E+00
       766  3.470595E+00
       767  5.227299E+00
       768  2.995059E+01
       769  2.310810E+01
       770  2.995235E+01
       771  2.311446E+01
       772  3.591978E+00
       773  3.149522E+00
       774  3.594034E+00
       775  3.150439E+00
       776  3.427269E+00
       777  3.084906E+00
       778  3.425741E+00
       779  3.084097E+00
       780  2.058467E+01
       781  3.595265E+00
       782  3.151034E+00
       783  3.595903E+00
       784  3.151400E+00
       785  3.425088E+00
       786  3.083970E+00
       787  3.425010E+00
       788  3.084124E+00
       789  2.058871E+01
       790  1.708120E+01
       791  1.205050E+01
       792  1.708763E+01
       793  1.205512E+01
       794  2.091032E+00
       795  1.779904E+00
       796  2.092019E+00
       797  1.781145E+00
       798  2.043572E+00
       799  1.732467E+00
       800  2.044617E+00
       801  1.733329E+00
       802  1.076953E+01
       803  1.530696E+01
       804  1.077589E+01
       805  1.169339E+00
       806  9.312676E-01
       807  1.168528E+00
       808  9.310807E-01
       809  1.049844E+00
       810  8.111949E-01
       811  1.050307E+00
       812  8.121798E-01
       813  4.753657E+00
       814  1.167926E+00
       815  9.308385E-01
       816  1.167444E+00
       817  9.306708E-01
       818  1.050685E+00
       819  8.128984E-01
       820  1.051017E+00
       821  8.134515E-01
       822  4.761280E+00
       823  1.016632E+00
       824  8.154047E-01
       825  1.017667E+00
       826  8.162883E-01
       827  9.487016E-01
       828  7.411902E-01
       829  9.486163E-01
       830  7.409939E-01
       831  4.151741E+00
       832  1.018412E+00
       833  8.169031E-01
       834  1.019051E+00
       835  8.174203E-01
       836  9.487519E-01
       837  7.410622E-01
       838  9.490604E-01
       839  7.412898E-01
       840  4.158503E+00
       841  2.547323E+00
       842  1.308913E+00
       843  2.545650E+00
       844  1.304699E+00
       845  2.059323E+00
       846  7.871548E-01
       847  2.065841E+00
       848  7.926000E-01
       849  1.075516E+00
       850  1.929838E+00
       851  1.109019E+00
       852  1.736631E+00
       853  3.586890E-01
       854  8.750444E-01
       855  3.706206E-01
       856  8.568014E-01
       857  2.995724E+01
       858  2.311773E+01
       859  2.996470E+01
       860  2.311893E+01
       861  3.596235E+00
       862  3.151716E+00
       863  3.596266E+00
       864  3.151940E+00
       865  3.425302E+00
       866  3.084393E+00
       867  3.425963E+00
       868  3.084786E+00
       869  2.059503E+01
       870  3.595713E+00
       871  3.151968E+00
       872  3.594333E+00
       873  3.151706E+00
       874  3.427179E+00
       875  3.085471E+00
       876  3.429242E+00
       877  3.086831E+00
       878  2.060254E+01
       879  1.709173E+01
       880  1.205904E+01
       881  1.709354E+01
       882  1.206215E+01
       883  2.093239E+00
       884  1.782121E+00
       885  2.093362E+00
       886  1.781648E+00
       887  2.045496E+00
       888  1.734061E+00
       889  2.044840E+00
       890  1.733499E+00
       891  1.078032E+01
       892  2.094008E+00
       893  1.782015E+00
       894  2.094439E+00
       895  1.782360E+00
       896  2.045223E+00
       897  1.733697E+00
       898  2.045866E+00
       899  1.734165E+00
       900  1.078504E+01
       901  1.167166E+00
       902  9.305974E-01
       903  1.167088E+00
       904  9.306067E-01
       905  1.051238E+00
       906  8.138551E-01
       907  1.051361E+00
       908  8.141368E-01
       909  4.764196E+00
       910  1.167229E+00
       911  9.306831E-01
       912  1.167719E+00
       913  9.308390E-01
       914  1.051461E+00
       915  8.142894E-01
       916  1.051503E+00
       917  8.141992E-01
       918  4.765620E+00
       919  1.019590E+00
       920  8.179126E-01
       921  1.020019E+00
       922  8.183626E-01
       923  9.494660E-01
       924  7.416143E-01
       925  9.499501E-01
       926  7.420327E-01
       927  4.165639E+00
       928  1.020281E+00
       929  8.187120E-01
       930  1.020190E+00
       931  8.187606E-01
       932  9.505451E-01
       933  7.425883E-01
       934  9.512927E-01
       935  7.433501E-01
       936  4.173218E+00
       937  2.544381E+00
       938  1.304759E+00
       939  2.544481E+00
       940  1.308689E+00
       941  2.073095E+00
       942  7.982772E-01
       943  2.081520E+00
       944  8.051861E-01
       945  1.124991E+00
       946  1.779795E+00
       947  1.104305E+00
       948  2.236937E+00
       949  3.846444E-01
       950  8.977665E-01
       951  3.830818E-01
       952  1.119031E+00
       953  1.480577E+01
       954  2.158948E+01
       955  1.505018E+01
       956  2.199071E+01
       957  1.553356E+01
       958  2.451733E+00
       959  2.873128E+00
       960  2.465473E+00
       961  2.809214E+00
       962  2.666813E+00
       963  3.206416E+00
       964  2.786785E+00
       965  3.350101E+00
       966  1.675477E+00
       967  2.060251E+00
       968  1.861594E+00
       969  2.161458E+00
       970  1.856280E+00
       971  2.301499E+00
       972  1.655876E+00
       973  2.204379E+00
       974  2.453237E+00
       975  2.824039E+00
       976  2.522720E+00
       977  3.013466E+00
       978  2.816203E+00
       979  3.443803E+00
       980  2.774388E+00
       981  3.432280E+00
       982  7.611801E-01
       983  8.842822E-01
       984  7.719639E-01
       985  8.789346E-01
       986  5.951441E-01
       987  8.371014E-01
       988  5.960358E-01
       989  8.165387E-01
       990  8.644357E+00
       991  7.550941E-01
       992  8.579444E-01
       993  7.304495E-01
       994  8.326063E-01
       995  5.900481E-01
       996  8.017731E-01
       997  6.286556E-01
       998  7.869518E-01
       999  8.604675E+00
      1000  1.591964E+01
      1001  2.540297E+00
      1002  2.980872E+00
      1003  2.459048E+00
      1004  2.802512E+00
      1005  2.770719E+00
      1006  3.378515E+00
      1007  2.788145E+00
      1008  3.394508E+00
      1009  1.534697E+01
      1010  2.425598E+00
      1011  2.780203E+00
      1012  2.431210E+00
      1013  2.844200E+00
      1014  2.740084E+00
      1015  3.313011E+00
      1016  2.649311E+00
      1017  3.180775E+00
      1018  1.498337E+01
      1019  2.187115E+01
      1020  1.473535E+01
      1021  2.148720E+01
      1022  3.269549E+00
      1023  2.878039E+00
      1024  3.270304E+00
      1025  2.878392E+00
      1026  3.116797E+00
      1027  2.799356E+00
      1028  3.117073E+00
      1029  2.799455E+00
      1030  1.869409E+01
      1031  3.270753E+00
      1032  2.878591E+00
      1033  3.271083E+00
      1034  2.878827E+00
      1035  3.117318E+00
      1036  2.799555E+00
      1037  3.117540E+00
      1038  2.799700E+00
      1039  1.869672E+01
      1040  2.989063E+00
      1041  2.638569E+00
      1042  2.988280E+00
      1043  2.638060E+00
      1044  2.909902E+00
      1045  2.592550E+00
      1046  2.911506E+00
      1047  2.593182E+00
      1048  1.716567E+01
      1049  2.987936E+00
      1050  2.637995E+00
      1051  2.987903E+00
      1052  2.638066E+00
      1053  2.912366E+00
      1054  2.593525E+00
      1055  2.912676E+00
      1056  2.593634E+00
      1057  1.716600E+01
      1058  1.392452E+01
      1059  9.874194E+00
      1060  1.392681E+01
      1061  9.875481E+00
      1062  1.281061E+01
      1063  9.075407E+00
      1064  1.280933E+01
      1065  9.073355E+00
      1066  9.458511E-01
      1067  7.626610E-01
      1068  9.455284E-01
      1069  7.626263E-01
      1070  8.733540E-01
      1071  6.827165E-01
      1072  8.735775E-01
      1073  6.830382E-01
      1074  3.942617E+00
      1075  9.454036E-01
      1076  7.626253E-01
      1077  9.454373E-01
      1078  7.626966E-01
      1079  8.737024E-01
      1080  6.831701E-01
      1081  8.737674E-01
      1082  6.832140E-01
      1083  3.942170E+00
      1084  8.542029E-01
      1085  6.844983E-01
      1086  8.545047E-01
      1087  6.846039E-01
      1088  8.127037E-01
      1089  6.389828E-01
      1090  8.122148E-01
      1091  6.384781E-01
      1092  3.555162E+00
      1093  8.545567E-01
      1094  6.845308E-01
      1095  8.544790E-01
      1096  6.843894E-01
      1097  8.118868E-01
      1098  6.381436E-01
      1099  8.116722E-01
      1100  6.379193E-01
      1101  3.552058E+00
      1102  2.109072E+00
      1103  1.069053E+00
      1104  2.105114E+00
      1105  1.057804E+00
      1106  1.784865E+00
      1107  6.953671E-01
      1108  1.781718E+00
      1109  6.915406E-01
      1110  8.892426E-01
      1111  1.758829E+00
      1112  9.044783E-01
      1113  1.634397E+00
      1114  3.448245E-01
      1115  8.437421E-01
      1116  3.525054E-01
      1117  8.537213E-01
      1118  3.271365E+00
      1119  2.879110E+00
      1120  3.271602E+00
      1121  2.879398E+00
      1122  3.117745E+00
      1123  2.799912E+00
      1124  3.117938E+00
      1125  2.800198E+00
      1126  1.869911E+01
      1127  3.271727E+00
      1128  2.879709E+00
      1129  3.271563E+00
      1130  2.879877E+00
      1131  3.118112E+00
      1132  2.800520E+00
      1133  3.118257E+00
      1134  2.800818E+00
      1135  1.870257E+01
      1136  2.988047E+00
      1137  2.638153E+00
      1138  2.988379E+00
      1139  2.638273E+00
      1140  2.912687E+00
      1141  2.593668E+00
      1142  2.912393E+00
      1143  2.593622E+00
      1144  1.716667E+01
      1145  2.989050E+00
      1146  2.638554E+00
      1147  2.990212E+00
      1148  2.639318E+00
      1149  2.911564E+00
      1150  2.593351E+00
      1151  2.909992E+00
      1152  2.592790E+00
      1153  1.716731E+01
      1154  1.392934E+01
      1155  9.878905E+00
      1156  1.393237E+01
      1157  9.883208E+00
      1158  1.280862E+01
      1159  9.070973E+00
      1160  1.280840E+01
      1161  9.068683E+00
      1162  9.455893E-01
      1163  7.628431E-01
      1164  9.458742E-01
      1165  7.630822E-01
      1166  8.737615E-01
      1167  6.831861E-01
      1168  8.736831E-01
      1169  6.830767E-01
      1170  3.942247E+00
      1171  9.464300E-01
      1172  7.634522E-01
      1173  9.473906E-01
      1174  7.640017E-01
      1175  8.735349E-01
      1176  6.828358E-01
      1177  8.732273E-01
      1178  6.822947E-01
      1179  3.943243E+00
      1180  8.543026E-01
      1181  6.841960E-01
      1182  8.540262E-01
      1183  6.839502E-01
      1184  8.115365E-01
      1185  6.377707E-01
      1186  8.114753E-01
      1187  6.376974E-01
      1188  3.548874E+00
      1189  8.536056E-01
      1190  6.836564E-01
      1191  8.529177E-01
      1192  6.832213E-01
      1193  8.115324E-01
      1194  6.377456E-01
      1195  8.117590E-01
      1196  6.379878E-01
      1197  3.545403E+00
      1198  2.103429E+00
      1199  1.055074E+00
      1200  2.104279E+00
      1201  1.059892E+00
      1202  1.778974E+00
      1203  6.898102E-01
      1204  1.776481E+00
      1205  6.896878E-01
      1206  9.008030E-01
      1207  1.613560E+00
      1208  8.806692E-01
      1209  1.691558E+00
      1210  3.503745E-01
      1211  8.456773E-01
      1212  3.389095E-01
      1213  8.203301E-01
      1214  1.349014E+01
      1215  2.068134E+01
      1216  1.377039E+01
      1217  2.130041E+01
      1218  1.545185E+00
      1219  1.960335E+00
      1220  1.547525E+00
      1221  1.967351E+00
      1222  1.536946E+00
      1223  1.961039E+00
      1224  1.543601E+00
      1225  1.974246E+00
      1226  2.176902E+01
      1227  1.412027E+01
      1228  2.462568E+00
      1229  2.984783E+00
      1230  2.570189E+00
      1231  3.120107E+00
      1232  2.442872E+00
      1233  3.011779E+00
      1234  2.400686E+00
      1235  2.987842E+00
      1236  5.121034E+00
      1237  8.213548E+00
      1238  5.187119E+00
      1239  8.233787E+00
      1240  1.443927E+01
      1241  2.599311E+00
      1242  3.155067E+00
      1243  2.492814E+00
      1244  3.026095E+00
      1245  2.416174E+00
      1246  3.003086E+00
      1247  2.460231E+00
      1248  3.030210E+00
      1249  1.559364E+00
      1250  1.983577E+00
      1251  1.548338E+00
      1252  1.964261E+00
      1253  1.552429E+00
      1254  1.985454E+00
      1255  1.542420E+00
      1256  1.967950E+00
      1257  2.184827E+01
      1258  1.377791E+01
      1259  2.132108E+01
      1260  1.349239E+01
      1261  2.068530E+01
      1262  2.071154E+01
      1263  1.600443E+01
      1264  2.070545E+01
      1265  1.600210E+01
      1266  1.916292E+01
      1267  1.478806E+01
      1268  1.916388E+01
      1269  1.478708E+01
      1270  1.189989E+01
      1271  8.433497E+00
      1272  1.189803E+01
      1273  8.431567E+00
      1274  1.099936E+01
      1275  7.773743E+00
      1276  1.099857E+01
      1277  7.773423E+00
      1278  8.064123E-01
      1279  6.503920E-01
      1280  8.056891E-01
      1281  6.499649E-01
      1282  7.487866E-01
      1283  5.862938E-01
      1284  7.490299E-01
      1285  5.866580E-01
      1286  3.377583E+00
      1287  8.052541E-01
      1288  6.496857E-01
      1289  8.050111E-01
      1290  6.495145E-01
      1291  7.491224E-01
      1292  5.868028E-01
      1293  7.491466E-01
      1294  5.868548E-01
      1295  3.376039E+00
      1296  7.305238E-01
      1297  5.850037E-01
      1298  7.309535E-01
      1299  5.851930E-01
      1300  6.947081E-01
      1301  5.455174E-01
      1302  6.944137E-01
      1303  5.452094E-01
      1304  3.030868E+00
      1305  7.311529E-01
      1306  5.852660E-01
      1307  7.312307E-01
      1308  5.852988E-01
      1309  6.942577E-01
      1310  5.450568E-01
      1311  6.941992E-01
      1312  5.450007E-01
      1313  3.031245E+00
      1314  1.805454E+00
      1315  9.090049E-01
      1316  1.803107E+00
      1317  9.016388E-01
      1318  1.515212E+00
      1319  5.846160E-01
      1320  1.515354E+00
      1321  5.834528E-01
      1322  7.620007E-01
      1323  1.528363E+00
      1324  7.767101E-01
      1325  1.457391E+00
      1326  2.877071E-01
      1327  7.278370E-01
      1328  2.952591E-01
      1329  7.281124E-01
      1330  2.070419E+01
      1331  1.600057E+01
      1332  2.070782E+01
      1333  1.599991E+01
      1334  1.916237E+01
      1335  1.478590E+01
      1336  1.915826E+01
      1337  1.478447E+01
      1338  1.189649E+01
      1339  8.430384E+00
      1340  1.189524E+01
      1341  8.429674E+00
      1342  1.099781E+01
      1343  7.773023E+00
      1344  1.099707E+01
      1345  7.772614E+00
      1346  8.049029E-01
      1347  6.494206E-01
      1348  8.049228E-01
      1349  6.493965E-01
      1350  7.491167E-01
      1351  5.868454E-01
      1352  7.490343E-01
      1353  5.867771E-01
      1354  3.375729E+00
      1355  8.051153E-01
      1356  6.494570E-01
      1357  8.055519E-01
      1358  6.496137E-01
      1359  7.488922E-01
      1360  5.866268E-01
      1361  7.486182E-01
      1362  5.862828E-01
      1363  3.376662E+00
      1364  7.312154E-01
      1365  5.852875E-01
      1366  7.311084E-01
      1367  5.852333E-01
      1368  6.942010E-01
      1369  5.450060E-01
      1370  6.942627E-01
      1371  5.450717E-01
      1372  3.031347E+00
      1373  7.308831E-01
      1374  5.851371E-01
      1375  7.304337E-01
      1376  5.849213E-01
      1377  6.944191E-01
      1378  5.452313E-01
      1379  6.947080E-01
      1380  5.455385E-01
      1381  3.031229E+00
      1382  1.803302E+00
      1383  9.019681E-01
      1384  1.806171E+00
      1385  9.103399E-01
      1386  1.515460E+00
      1387  5.835023E-01
      1388  1.515558E+00
      1389  5.848272E-01
      1390  7.766414E-01
      1391  1.459330E+00
      1392  7.617660E-01
      1393  1.534150E+00
      1394  2.955738E-01
      1395  7.297231E-01
      1396  2.884984E-01
      1397  7.323820E-01
      1398  1.216965E+01
      1399  1.925035E+01
      1400  1.217644E+01
      1401  1.930522E+01
      1402  1.215406E+01
      1403  1.937470E+01
      1404  1.233191E+01
      1405  1.931422E+01
      1406  4.509178E+00
      1407  6.934594E+00
      1408  4.481642E+00
      1409  6.930906E+00
      1410  1.224485E+01
      1411  1.930458E+01
      1412  1.214676E+01
      1413  1.937923E+01
      1414  1.218540E+01
      1415  1.932347E+01
      1416  1.218164E+01
      1417  1.927279E+01
      1418  1.773993E+01
      1419  1.369202E+01
      1420  1.773789E+01
      1421  1.369098E+01
      1422  1.636116E+01
      1423  1.261922E+01
      1424  1.636001E+01
      1425  1.261790E+01
      1426  1.018098E+01
      1427  7.209759E+00
      1428  1.018026E+01
      1429  7.209223E+00
      1430  9.368144E+00
      1431  6.613226E+00
      1432  9.366743E+00
      1433  6.611464E+00
      1434  6.895590E-01
      1435  5.558844E-01
      1436  6.890523E-01
      1437  5.556484E-01
      1438  6.386376E-01
      1439  4.993548E-01
      1440  6.388590E-01
      1441  4.996630E-01
      1442  2.880355E+00
      1443  6.887672E-01
      1444  5.555018E-01
      1445  6.886271E-01
      1446  5.554186E-01
      1447  6.389584E-01
      1448  4.997853E-01
      1449  6.389900E-01
      1450  4.998232E-01
      1451  2.879108E+00
      1452  6.231988E-01
      1453  5.001443E-01
      1454  6.234966E-01
      1455  5.002132E-01
      1456  5.891972E-01
      1457  4.626559E-01
      1458  5.888585E-01
      1459  4.623498E-01
      1460  2.586699E+00
      1461  6.236051E-01
      1462  5.001926E-01
      1463  6.236276E-01
      1464  5.001679E-01
      1465  5.886214E-01
      1466  4.621368E-01
      1467  5.885025E-01
      1468  4.620249E-01
      1469  2.585509E+00
      1470  1.539631E+00
      1471  7.779048E-01
      1472  1.536829E+00
      1473  7.706996E-01
      1474  1.293934E+00
      1475  5.028328E-01
      1476  1.293952E+00
      1477  5.017628E-01
      1478  6.545186E-01
      1479  1.310368E+00
      1480  6.669832E-01
      1481  1.241865E+00
      1482  2.489619E-01
      1483  6.133369E-01
      1484  2.557623E-01
      1485  6.188071E-01
      1486  1.773682E+01
      1487  1.369008E+01
      1488  1.773666E+01
      1489  1.368932E+01
      1490  1.635918E+01
      1491  1.261717E+01
      1492  1.635866E+01
      1493  1.261701E+01
      1494  1.017957E+01
      1495  7.208672E+00
      1496  1.017893E+01
      1497  7.208104E+00
      1498  9.366110E+00
      1499  6.610925E+00
      1500  9.366239E+00
      1501  6.611605E+00
      1502  6.885896E-01
      1503  5.553839E-01
      1504  6.886552E-01
      1505  5.553990E-01
      1506  6.389639E-01
      1507  4.997977E-01
      1508  6.388795E-01
      1509  4.997082E-01
      1510  2.878602E+00
      1511  6.888691E-01
      1512  5.554822E-01
      1513  6.893111E-01
      1514  5.556653E-01
      1515  6.387269E-01
      1516  4.995333E-01
      1517  6.384498E-01
      1518  4.991696E-01
      1519  2.878823E+00
      1520  6.235899E-01
      1521  5.001334E-01
      1522  6.234911E-01
      1523  5.000885E-01
      1524  5.884829E-01
      1525  4.620089E-01
      1526  5.885626E-01
      1527  4.620889E-01
      1528  2.585184E+00
      1529  6.233044E-01
      1530  5.000383E-01
      1531  6.229243E-01
      1532  4.998962E-01
      1533  5.887620E-01
      1534  4.622717E-01
      1535  5.890662E-01
      1536  4.625510E-01
      1537  2.585715E+00
      1538  1.536338E+00
      1539  7.702822E-01
      1540  1.538123E+00
      1541  7.765906E-01
      1542  1.293741E+00
      1543  5.016545E-01
      1544  1.293298E+00
      1545  5.024951E-01
      1546  6.667311E-01
      1547  1.241433E+00
      1548  6.537848E-01
      1549  1.309005E+00
      1550  2.556660E-01
      1551  6.185443E-01
      1552  2.487137E-01
      1553  6.125809E-01
      1554  1.053552E+01
      1555  1.678096E+01
      1556  1.051830E+01
      1557  1.672564E+01
      1558  1.052014E+01
      1559  1.667892E+01
      1560  1.060563E+01
      1561  1.665904E+01
      1562  3.846438E+00
      1563  6.026780E+00
      1564  3.852961E+00
      1565  6.026845E+00
      1566  1.062331E+01
      1567  1.665679E+01
      1568  1.051922E+01
      1569  1.667663E+01
      1570  1.051851E+01
      1571  1.672810E+01
      1572  1.053906E+01
      1573  1.678915E+01
      1574  1.512802E+01
      1575  1.163555E+01
      1576  1.512844E+01
      1577  1.163651E+01
      1578  1.387259E+01
      1579  1.066072E+01
      1580  1.387213E+01
      1581  1.065872E+01
      1582  8.611450E+00
      1583  6.059747E+00
      1584  8.613086E+00
      1585  6.062607E+00
      1586  7.951777E+00
      1587  5.671810E+00
      1588  7.948094E+00
      1589  5.666225E+00
      1590  5.779806E-01
      1591  4.649274E-01
      1592  5.773309E-01
      1593  4.647297E-01
      1594  5.330790E-01
      1595  4.152355E-01
      1596  5.341275E-01
      1597  4.164625E-01
      1598  2.405143E+00
      1599  5.771168E-01
      1600  4.647311E-01
      1601  5.770644E-01
      1602  4.647548E-01
      1603  5.346611E-01
      1604  4.170177E-01
      1605  5.348563E-01
      1606  4.172205E-01
      1607  2.406440E+00
      1608  3.788820E+00
      1609  2.271988E+00
      1610  3.782794E+00
      1611  2.263899E+00
      1612  1.319426E+00
      1613  7.131403E-01
      1614  1.316514E+00
      1615  7.054026E-01
      1616  1.072194E+00
      1617  3.892697E-01
      1618  1.071713E+00
      1619  3.906109E-01
      1620  6.149945E-01
      1621  1.180457E+00
      1622  6.285667E-01
      1623  1.119210E+00
      1624  1.827414E-01
      1625  4.790892E-01
      1626  1.936317E-01
      1627  4.791168E-01
      1628  1.512779E+01
      1629  1.163595E+01
      1630  1.512606E+01
      1631  1.163388E+01
      1632  1.387171E+01
      1633  1.065837E+01
      1634  1.387130E+01
      1635  1.065965E+01
      1636  8.612649E+00
      1637  6.062282E+00
      1638  8.610138E+00
      1639  6.058771E+00
      1640  7.947824E+00
      1641  5.666031E+00
      1642  7.950971E+00
      1643  5.671228E+00
      1644  5.770431E-01
      1645  4.647360E-01
      1646  5.770527E-01
      1647  4.646745E-01
      1648  5.348460E-01
      1649  4.172131E-01
      1650  5.346302E-01
      1651  4.169958E-01
      1652  2.406290E+00
      1653  5.772230E-01
      1654  4.646339E-01
      1655  5.778265E-01
      1656  4.647893E-01
      1657  5.340766E-01
      1658  4.164268E-01
      1659  5.330087E-01
      1660  4.151879E-01
      1661  2.404701E+00
      1662  3.782663E+00
      1663  2.263818E+00
      1664  3.788423E+00
      1665  2.271745E+00
      1666  1.316420E+00
      1667  7.053244E-01
      1668  1.319150E+00
      1669  7.129142E-01
      1670  1.071657E+00
      1671  3.905878E-01
      1672  1.072024E+00
      1673  3.891974E-01
      1674  6.284610E-01
      1675  1.119060E+00
      1676  6.146899E-01
      1677  1.180003E+00
      1678  1.936401E-01
      1679  4.791803E-01
      1680  1.827639E-01
      1681  4.792639E-01
      1682  8.796337E+00
      1683  1.399478E+01
      1684  8.800295E+00
      1685  1.398318E+01
      1686  8.846626E+00
      1687  1.402993E+01
      1688  9.029663E+00
      1689  1.412277E+01
      1690  3.296340E+00
      1691  5.117123E+00
      1692  3.294594E+00
      1693  5.117516E+00
      1694  9.025898E+00
      1695  1.412618E+01
      1696  8.848232E+00
      1697  1.403339E+01
      1698  8.801479E+00
      1699  1.398559E+01
      1700  8.797176E+00
      1701  1.399676E+01
      1702  1.210423E+01
      1703  9.401803E+00
      1704  1.210403E+01
      1705  9.402657E+00
      1706  1.094137E+01
      1707  8.482301E+00
      1708  1.093915E+01
      1709  8.479931E+00
      1710  7.011110E+00
      1711  5.006512E+00
      1712  7.013048E+00
      1713  5.007745E+00
      1714  6.334360E+00
      1715  4.502848E+00
      1716  6.331178E+00
      1717  4.499210E+00
      1718  3.443358E+00
      1719  2.373590E+00
      1720  3.451904E+00
      1721  2.371671E+00
      1722  3.018891E+00
      1723  1.939874E+00
      1724  3.021942E+00
      1725  1.935900E+00
      1726  7.650848E+00
      1727  4.638314E+00
      1728  1.210377E+01
      1729  9.402431E+00
      1730  1.210344E+01
      1731  9.401125E+00
      1732  1.093899E+01
      1733  8.479796E+00
      1734  1.094088E+01
      1735  8.481897E+00
      1736  7.012865E+00
      1737  5.007596E+00
      1738  7.010564E+00
      1739  5.006065E+00
      1740  6.331074E+00
      1741  4.499136E+00
      1742  6.334050E+00
      1743  4.502625E+00
      1744  3.451777E+00
      1745  2.371568E+00
      1746  3.442975E+00
      1747  2.373285E+00
      1748  3.021898E+00
      1749  1.935889E+00
      1750  3.018756E+00
      1751  1.939849E+00
      1752  7.650228E+00
      1753  4.637886E+00
      1754  7.182033E+00
      1755  1.140074E+01
      1756  7.178444E+00
      1757  1.137013E+01
      1758  7.160601E+00
      1759  1.133419E+01
      1760  7.268654E+00
      1761  1.126812E+01
      1762  2.640449E+00
      1763  4.045857E+00
      1764  2.640846E+00
      1765  4.045760E+00
      1766  7.269352E+00
      1767  1.126775E+01
      1768  7.160570E+00
      1769  1.133460E+01
      1770  7.178813E+00
      1771  1.137117E+01
      1772  7.182521E+00
      1773  1.140184E+01
      1774  1.005014E+01
      1775  7.748446E+00
      1776  1.005196E+01
      1777  7.750304E+00
      1778  9.167179E+00
      1779  7.008781E+00
      1780  9.165599E+00
      1781  7.005874E+00
      1782  5.784243E+00
      1783  4.202638E+00
      1784  5.786099E+00
      1785  4.199297E+00
      1786  5.197522E+00
      1787  3.667387E+00
      1788  5.194900E+00
      1789  3.667754E+00
      1790  2.978647E+00
      1791  2.120952E+00
      1792  2.979410E+00
      1793  2.114321E+00
      1794  2.388189E+00
      1795  1.496109E+00
      1796  2.395353E+00
      1797  1.495251E+00
      1798  6.437294E+00
      1799  3.743343E+00
      1800  1.005185E+01
      1801  7.750204E+00
      1802  1.004980E+01
      1803  7.748147E+00
      1804  9.165525E+00
      1805  7.005811E+00
      1806  9.166957E+00
      1807  7.008592E+00
      1808  5.786015E+00
      1809  4.199224E+00
      1810  5.783991E+00
      1811  4.202418E+00
      1812  5.194851E+00
      1813  3.667718E+00
      1814  5.197372E+00
      1815  3.667278E+00
      1816  2.979346E+00
      1817  2.114274E+00
      1818  2.978451E+00
      1819  2.120812E+00
      1820  2.395328E+00
      1821  1.495242E+00
      1822  2.388114E+00
      1823  1.496083E+00
      1824  6.436955E+00
      1825  3.743083E+00
      1826  5.767229E+00
      1827  9.136184E+00
      1828  5.778870E+00
      1829  9.136393E+00
      1830  5.806934E+00
      1831  9.165424E+00
      1832  5.926847E+00
      1833  9.199147E+00
      1834  2.138736E+00
      1835  3.320081E+00
      1836  2.138634E+00
      1837  3.320151E+00
      1838  5.926638E+00
      1839  9.199576E+00
      1840  5.807062E+00
      1841  9.165795E+00
      1842  5.778998E+00
      1843  9.136797E+00
      1844  5.767460E+00
      1845  9.136760E+00
      1846  7.761192E+00
      1847  6.124616E+00
      1848  7.762257E+00
      1849  6.124532E+00
      1850  7.143761E+00
      1851  5.446166E+00
      1852  7.141327E+00
      1853  5.446084E+00
      1854  4.652850E+00
      1855  3.422128E+00
      1856  4.653328E+00
      1857  3.421729E+00
      1858  4.085045E+00
      1859  3.032654E+00
      1860  4.090867E+00
      1861  3.031127E+00
      1862  1.459896E+01
      1863  5.439451E+00
      1864  3.220058E+00
      1865  7.762213E+00
      1866  6.124492E+00
      1867  7.761058E+00
      1868  6.124497E+00
      1869  7.141302E+00
      1870  5.446064E+00
      1871  7.143684E+00
      1872  5.446104E+00
      1873  4.653295E+00
      1874  3.421704E+00
      1875  4.652752E+00
      1876  3.422055E+00
      1877  4.090852E+00
      1878  3.031119E+00
      1879  4.084998E+00
      1880  3.032631E+00
      1881  1.459875E+01
      1882  5.439317E+00
      1883  3.219922E+00
      1884  4.552537E+00
      1885  7.206448E+00
      1886  4.574522E+00
      1887  7.225077E+00
      1888  4.605075E+00
      1889  7.268125E+00
      1890  4.748138E+00
      1891  7.305541E+00
      1892  1.725554E+00
      1893  2.630944E+00
      1894  1.725572E+00
      1895  2.630939E+00
      1896  4.748147E+00
      1897  7.305585E+00
      1898  4.605112E+00
      1899  7.268303E+00
      1900  4.574617E+00
      1901  7.225339E+00
      1902  4.552659E+00
      1903  7.206739E+00
      1904  6.073194E+00
      1905  4.777149E+00
      1906  6.073299E+00
      1907  4.777118E+00
      1908  5.479227E+00
      1909  4.413920E+00
      1910  5.478912E+00
      1911  4.412516E+00
      1912  2.434378E+01
      1913  1.146388E+01
      1914  4.210472E+00
      1915  2.579992E+00
      1916  6.073284E+00
      1917  4.777104E+00
      1918  6.073150E+00
      1919  4.777108E+00
      1920  5.478904E+00
      1921  4.412511E+00
      1922  5.479204E+00
      1923  4.413904E+00
      1924  2.434364E+01
      1925  1.146378E+01
      1926  4.210402E+00
      1927  2.579920E+00
      1928  3.513981E+00
      1929  5.560383E+00
      1930  3.531423E+00
      1931  5.572817E+00
      1932  3.554235E+00
      1933  5.601106E+00
      1934  3.667960E+00
      1935  5.614759E+00
      1936  1.324774E+00
      1937  2.013154E+00
      1938  1.324766E+00
      1939  2.013164E+00
      1940  3.667934E+00
      1941  5.614825E+00
      1942  3.554254E+00
      1943  5.601191E+00
      1944  3.531460E+00
      1945  5.572933E+00
      1946  3.514042E+00
      1947  5.560531E+00
      1948  4.811781E+00
      1949  3.695678E+00
      1950  4.812108E+00
      1951  3.694690E+00
      1952  4.013802E+00
      1953  3.232173E+00
      1954  4.013847E+00
      1955  3.232821E+00
      1956  1.789061E+01
      1957  8.514578E+00
      1958  3.324434E+00
      1959  2.104895E+00
      1960  4.812098E+00
      1961  3.694681E+00
      1962  4.811750E+00
      1963  3.695651E+00
      1964  4.013842E+00
      1965  3.232817E+00
      1966  4.013787E+00
      1967  3.232162E+00
      1968  1.789053E+01
      1969  8.514524E+00
      1970  3.324394E+00
      1971  2.104854E+00
      1972  2.621288E+00
      1973  4.144949E+00
      1974  2.642800E+00
      1975  4.166605E+00
      1976  2.675127E+00
      1977  4.211344E+00
      1978  2.798906E+00
      1979  4.248623E+00
      1980  1.012857E+00
      1981  1.522997E+00
      1982  1.012857E+00
      1983  1.522999E+00
      1984  2.798896E+00
      1985  4.248644E+00
      1986  2.675133E+00
      1987  4.211386E+00
      1988  2.642818E+00
      1989  4.166662E+00
      1990  2.621315E+00
      1991  4.145016E+00
      1992  3.448183E+00
      1993  2.642973E+00
      1994  3.447181E+00
      1995  2.641938E+00
      1996  2.894395E+00
      1997  2.337430E+00
      1998  2.896339E+00
      1999  2.337980E+00
      2000  1.279024E+01
      2001  6.272065E+00
      2002  2.579453E+00
      2003  1.740745E+00
      2004  3.447176E+00
      2005  2.641934E+00
      2006  3.448167E+00
      2007  2.642960E+00
      2008  2.896336E+00
      2009  2.337978E+00
      2010  2.894387E+00
      2011  2.337424E+00
      2012  1.279020E+01
      2013  6.272033E+00
      2014  2.579431E+00
      2015  1.740721E+00
      2016  1.867186E+00
      2017  2.951404E+00
      2018  1.890935E+00
      2019  2.979265E+00
      2020  1.926003E+00
      2021  3.029612E+00
      2022  2.053629E+00
      2023  3.068759E+00
      2024  7.437827E-01
      2025  1.093937E+00
      2026  7.437814E-01
      2027  1.093939E+00
      2028  2.053621E+00
      2029  3.068773E+00
      2030  1.926005E+00
      2031  3.029632E+00
      2032  1.890942E+00
      2033  2.979291E+00
      2034  1.867198E+00
      2035  2.951434E+00
      2036  1.523732E+01
      2037  8.730374E+00
      2038  4.376034E+00
      2039  1.970949E+00
      2040  1.424559E+00
      2041  1.523730E+01
      2042  8.730354E+00
      2043  4.376018E+00
      2044  1.970936E+00
      2045  1.424546E+00
      2046  1.253703E+00
      2047  1.987244E+00
      2048  1.274671E+00
      2049  2.010176E+00
      2050  1.307459E+00
      2051  2.053913E+00
      2052  1.433846E+00
      2053  2.087666E+00
      2054  5.173990E-01
      2055  7.363647E-01
      2056  5.173984E-01
      2057  7.363654E-01
      2058  1.433841E+00
      2059  2.087673E+00
      2060  1.307460E+00
      2061  2.053923E+00
      2062  1.274674E+00
      2063  2.010189E+00
      2064  1.253708E+00
      2065  1.987258E+00
      2066  9.081619E+00
      2067  5.332877E+00
      2068  2.856012E+00
      2069  1.503644E+00
      2070  1.205642E+00
      2071  9.081606E+00
      2072  5.332867E+00
      2073  2.856004E+00
      2074  1.503637E+00
      2075  1.205634E+00
      2076  7.997487E-01
      2077  1.284046E+00
      2078  8.039844E-01
      2079  1.268881E+00
      2080  8.237272E-01
      2081  1.284085E+00
      2082  9.488117E-01
      2083  1.306604E+00
      2084  3.389666E-01
      2085  4.514349E-01
      2086  3.389662E-01
      2087  4.514354E-01
      2088  9.488083E-01
      2089  1.306607E+00
      2090  8.237269E-01
      2091  1.284090E+00
      2092  8.039855E-01
      2093  1.268887E+00
      2094  7.997515E-01
      2095  1.284052E+00
      2096  4.476301E+00
      2097  2.797765E+00
      2098  1.742544E+00
      2099  1.173105E+00
      2100  1.054044E+00
      2101  4.476296E+00
      2102  2.797759E+00
      2103  1.742539E+00
      2104  1.173101E+00
      2105  1.054038E+00
      2106  5.380139E-01
      2107  8.542096E-01
      2108  5.098882E-01
      2109  7.588055E-01
      2110  4.884999E-01
      2111  7.009885E-01
      2112  5.852060E-01
      2113  6.948719E-01
      2114  1.991921E-01
      2115  2.279610E-01
      2116  1.991918E-01
      2117  2.279612E-01
      2118  5.852036E-01
      2119  6.948736E-01
      2120  4.884993E-01
      2121  7.009906E-01
      2122  5.098885E-01
      2123  7.588081E-01
      2124  5.380157E-01
      2125  8.542130E-01
      2126  1.375768E+00
      2127  1.138780E+00
      2128  1.040205E+00
      2129  9.612483E-01
      2130  8.936656E-01
      2131  1.375766E+00
      2132  1.138778E+00
      2133  1.040202E+00
      2134  9.612454E-01
      2135  8.936623E-01
      2136  4.205338E-01
      2137  5.476767E-01
      2138  4.223725E-01
      2139  4.521852E-01
      2140  4.136408E-01
      2141  3.978162E-01
      2142  5.233627E-01
      2143  3.821352E-01
      2144  1.093361E-01
      2145  1.250288E-01
      2146  1.093359E-01
      2147  1.250289E-01
      2148  5.233610E-01
      2149  3.821360E-01
      2150  4.136398E-01
      2151  3.978169E-01
      2152  4.223721E-01
      2153  4.521862E-01
      2154  4.205345E-01
      2155  5.476781E-01
      2156  1.337351E-01
      2157  2.293805E-01
      2158  4.079049E-01
      2159  6.834209E-01
      2160  1.011284E+00
      2161  1.337348E-01
      2162  2.293795E-01
      2163  4.079034E-01
      2164  6.834192E-01
      2165  1.011282E+00
      2166  2.269518E-01
      2167  2.378683E-01
      2168  2.678088E-01
      2169  1.896160E-01
      2170  4.040247E-01
      2171  2.983383E-01
      2172  1.089620E-01
      2173  4.381450E-02
      2174  2.083480E-01
      2175  6.521426E-02
      2176  1.618374E-01
      2177  7.138100E-02
      2178  4.406100E-01
      2179  1.486290E-01
      2180  4.105144E-02
      2181  9.477212E-02
      2182  4.956981E-02
      2183  1.415220E-01
      2184  8.175314E-02
      2185  2.104302E-01
      2186  1.624664E-01
      2187  3.972980E-01
      2188  1.303860E-01
      2189  1.712737E-02
      2190  6.199185E-02
      2191  1.648945E-02
      2192  5.779065E-02
      2193  6.352236E-02
      2194  1.996961E-01
      2195  6.687775E-02
      2196  1.931707E-01
      2197  1.303859E-01
      2198  1.648946E-02
      2199  5.779066E-02
      2200  1.712738E-02
      2201  6.199188E-02
      2202  6.687775E-02
      2203  1.931707E-01
      2204  6.352238E-02
      2205  1.996961E-01
      2206  2.083477E-01
      2207  6.521417E-02
      2208  1.089618E-01
      2209  4.381444E-02
      2210  4.406097E-01
      2211  1.486289E-01
      2212  1.618373E-01
      2213  7.138093E-02
      2214  4.956985E-02
      2215  1.415221E-01
      2216  4.105148E-02
      2217  9.477220E-02
      2218  1.624664E-01
      2219  3.972981E-01
      2220  8.175314E-02
      2221  2.104302E-01
      2222  4.040236E-01
      2223  2.983383E-01
      2224  2.678079E-01
      2225  1.896157E-01
      2226  2.269514E-01
      2227  2.378681E-01
