
                        S T E P       1


                                INCREMENT     1


 displacements (vx,vy,vz) for set NALL and time  0.1000000E+01

         1  0.000000E+00 -2.895132E-25  3.308722E-25
         2  0.000000E+00  0.000000E+00  1.654361E-25
         3  0.000000E+00  3.308722E-25  1.072026E-22
         4  0.000000E+00  1.654361E-25  1.348304E-23
         5  1.390078E-04 -5.693095E-06 -1.854761E-04
         6  1.391106E-04  9.815804E-06  1.666114E-04
         7 -1.566953E-04  9.860776E-06 -1.848210E-04
         8 -1.568499E-04  2.001981E-06  1.659248E-04
         9  3.096885E-04 -2.360658E-05 -7.179538E-04
        10  3.097347E-04  2.887531E-05  6.307933E-04
        11 -3.428077E-04  3.428615E-05 -7.186228E-04
        12 -3.434607E-04 -1.273564E-05  6.308468E-04
        13  2.288129E-03 -1.354692E-05 -2.954064E-03
        14  2.288971E-03  3.265203E-05  2.867635E-03
        15 -2.292310E-03  3.292515E-05 -2.954287E-03
        16 -2.292598E-03 -1.341432E-05  2.868350E-03
        17  4.118322E-03 -6.412522E-06 -4.947758E-03
        18  4.119889E-03  3.359348E-05  4.925698E-03
        19 -4.110367E-03  2.744697E-05 -4.947886E-03
        20 -4.110661E-03 -4.777657E-06  4.926187E-03
        21  5.000000E-03 -1.694066E-22 -6.000000E-03
        22  5.000000E-03  1.694066E-22  6.000000E-03
        23 -5.000000E-03 -2.744387E-20 -6.000000E-03
        24 -5.000000E-03  3.896352E-21  6.000000E-03
        25  4.113396E-03 -7.012543E-06 -5.113416E-03
        26  3.843173E-03 -1.264207E-05 -5.609164E-03
        27  4.241360E-03  3.595480E-06 -6.126752E-03
        28  3.371423E-03  2.177881E-05  5.259993E-03
        29  2.678061E-03  9.337852E-06  6.058057E-03
        30  3.223173E-03  2.002358E-05  6.544672E-03
        31 -3.367617E-03  1.739592E-05 -5.237555E-03
        32 -2.651123E-03  6.229348E-06 -5.952444E-03
        33 -3.154615E-03  1.735544E-05 -6.460558E-03
        34 -4.091472E-03 -6.800570E-06  5.100443E-03
        35 -3.784855E-03 -1.292696E-05  5.580782E-03
        36 -4.171160E-03  1.546887E-06  6.069310E-03
        37  2.647365E-07 -6.485716E-07  2.251248E-07
        38  1.727994E-07 -4.137484E-07  1.453107E-07
        39  2.333036E-07  2.349967E-07 -6.204175E-08
        40  2.422606E-07  9.748077E-07 -3.006097E-07
        41  1.357849E-07  1.247125E-06 -4.015228E-07
        42  1.489931E-07  2.776092E-07 -8.675628E-08
        43 -4.142935E-07  1.061989E-06  1.307796E-07
        44 -8.599297E-07  2.107610E-06 -1.688652E-09
        45 -4.449611E-07  1.057285E-06 -1.362080E-07
        46 -2.792912E-07  6.594517E-07 -1.262520E-07
        47 -5.018662E-07  1.226459E-06 -3.322818E-08
        48 -2.262995E-07  5.734325E-07  2.928209E-08
        49  3.097244E-04 -1.766588E-05 -4.022200E-04
        50  3.101935E-04  3.496014E-06 -1.448887E-05
        51  3.098056E-04  2.379812E-05  3.584642E-04
        52 -3.427802E-04  3.146400E-05 -4.457859E-04
        53 -3.426175E-04  1.502634E-05 -7.199187E-05
        54 -3.431448E-04 -5.780693E-06  3.169995E-04
        55  1.180992E-04  4.222928E-07 -7.192732E-04
        56 -3.933990E-05  6.556065E-06 -7.194402E-04
        57 -1.848726E-04  1.145129E-05 -7.194965E-04
        58  1.535123E-04  9.273227E-06  6.300631E-04
        59  7.315474E-06  7.240606E-06  6.299979E-04
        60 -1.513728E-04  5.970395E-06  6.299840E-04
        61  2.291513E-03  9.537229E-06  8.171053E-06
        62 -2.289661E-03  9.633548E-06  1.622114E-05
        63 -4.068211E-05  8.653099E-06 -2.953074E-03
        64 -4.693065E-05  1.013948E-05  2.869054E-03
        65  4.995488E-03 -1.256466E-04 -3.036405E-03
        66  4.997483E-03  4.857802E-06 -6.795846E-05
        67  4.995175E-03  1.358694E-04  2.934149E-03
        68 -5.006930E-03  1.546866E-04 -3.081429E-03
        69 -5.003779E-03  1.333488E-05 -4.047158E-05
        70 -5.006258E-03 -1.288587E-04  3.019399E-03
        71  2.492917E-03 -3.376939E-05 -5.997304E-03
        72 -6.227880E-05  3.710024E-05 -5.998048E-03
        73 -2.588416E-03  9.432038E-05 -5.996034E-03
        74  2.427157E-03  1.014475E-04  6.002813E-03
        75 -8.097064E-05  4.882685E-05  6.001054E-03
        76 -2.551235E-03 -2.143628E-05  6.001179E-03
        77  6.404843E-06  6.601679E-06 -4.884368E-05
        78  4.692737E-05  3.057853E-05 -2.028636E-04
        79  1.069188E-04  6.056852E-05 -3.809304E-04
        80  1.244050E-04  7.395094E-05 -4.551952E-04
        81  7.843556E-05  5.966804E-05 -3.907552E-04
        82 -1.293013E-05  2.637921E-05 -2.477204E-04
        83 -9.578583E-05  6.516520E-06 -1.688515E-04
        84  2.755145E-05 -6.005493E-06 -4.933779E-05
        85  9.048600E-05 -3.153788E-05 -2.149093E-04
        86  1.418175E-04 -6.473005E-05 -4.126687E-04
        87  1.427739E-04 -7.931331E-05 -4.943949E-04
        88  9.410812E-05 -6.244132E-05 -4.186974E-04
        89  4.029633E-05 -2.452547E-05 -2.561114E-04
        90  5.913321E-05 -2.174049E-06 -1.684886E-04
        91 -1.235404E-05 -8.426017E-06  6.220893E-05
        92 -6.275573E-05 -3.793524E-05  2.521570E-04
        93 -1.259781E-04 -7.417136E-05  4.673649E-04
        94 -1.472031E-04 -8.929457E-05  5.517348E-04
        95 -1.140429E-04 -6.946245E-05  4.616823E-04
        96 -6.506046E-05 -2.541962E-05  2.721539E-04
        97 -7.969963E-05  2.658538E-06  1.599651E-04
        98  4.220705E-06  5.324100E-06  4.095383E-05
        99 -1.662452E-05  2.532560E-05  1.706065E-04
       100 -5.867937E-05  5.078067E-05  3.219831E-04
       101 -7.173915E-05  6.240689E-05  3.868032E-04
       102 -3.811523E-05  5.076512E-05  3.347532E-04
       103  2.912621E-05  2.334989E-05  2.172455E-04
       104  9.009713E-05  6.870103E-06  1.525241E-04
       105 -3.630711E-05  1.129934E-05  5.220456E-06
       106 -2.065550E-04  6.026026E-05  2.998925E-05
       107 -4.437468E-04  1.245346E-04  7.421175E-05
       108 -5.379361E-04  1.488413E-04  1.060230E-04
       109 -4.069360E-04  1.194440E-04  1.108732E-04
       110 -1.265711E-04  6.063421E-05  1.016252E-04
       111  8.018211E-05  2.025441E-05  1.184236E-04
       112 -3.233242E-05 -1.007708E-05  2.165373E-06
       113 -1.803837E-04 -5.276393E-05  4.022577E-05
       114 -3.860922E-04 -1.085944E-04  1.031815E-04
       115 -4.685678E-04 -1.299677E-04  1.270907E-04
       116 -3.548230E-04 -1.045328E-04  8.409467E-05
       117 -1.074550E-04 -5.272721E-05 -1.161033E-05
       118  8.079792E-05 -1.600411E-05 -1.069790E-04
       119  2.093488E-05 -6.539275E-06 -8.781160E-06
       120  1.535728E-04 -4.459829E-05 -3.896411E-05
       121  3.504414E-04 -9.801198E-05 -7.813965E-05
       122  4.263617E-04 -1.176401E-04 -9.146850E-05
       123  3.119656E-04 -9.196305E-05 -6.125611E-05
       124  7.217446E-05 -4.166561E-05  7.636062E-06
       125 -1.029503E-04 -7.496444E-06  8.802759E-05
       126  3.353521E-05  1.047581E-05  4.720632E-06
       127  2.127946E-04  6.211141E-05 -3.289002E-05
       128  4.722516E-04  1.325808E-04 -1.143011E-04
       129  5.776628E-04  1.598979E-04 -1.656917E-04
       130  4.368145E-04  1.284419E-04 -1.588191E-04
       131  1.311355E-04  6.446447E-05 -1.202400E-04
       132 -9.238448E-05  2.095081E-05 -1.267651E-04
       133  3.486314E-04  4.542319E-05 -1.273991E-03
       134  9.688031E-04  3.511629E-04 -3.252592E-03
       135  1.950169E-03  7.824282E-04 -5.815779E-03
       136  2.335125E-03  9.915702E-04 -6.974519E-03
       137  1.726589E-03  7.970337E-04 -6.102575E-03
       138  3.383953E-04  3.131834E-04 -4.024795E-03
       139 -1.080089E-03  4.828507E-06 -2.801793E-03
       140 -2.600419E-04 -2.929718E-05 -1.264904E-03
       141  2.229420E-04 -3.370825E-04 -3.261351E-03
       142  9.446383E-04 -7.702200E-04 -5.848157E-03
       143  1.221040E-03 -9.667350E-04 -6.950049E-03
       144  9.380961E-04 -7.465447E-04 -5.965485E-03
       145  5.706710E-04 -2.459826E-04 -3.820829E-03
       146  1.059916E-03  4.186825E-05 -2.697638E-03
       147  1.674140E-04 -4.539234E-05  1.221304E-03
       148 -4.366060E-04 -3.642574E-04  3.284343E-03
       149 -1.300825E-03 -8.067333E-04  5.913798E-03
       150 -1.688471E-03 -1.017371E-03  7.081861E-03
       151 -1.426362E-03 -8.115309E-04  6.157254E-03
       152 -9.618552E-04 -3.084971E-04  3.996331E-03
       153 -1.254827E-03  1.339933E-05  2.718186E-03
       154 -3.109558E-04  5.755788E-05  1.207819E-03
       155 -8.017103E-04  3.696033E-04  3.231308E-03
       156 -1.646922E-03  8.009000E-04  5.803118E-03
       157 -1.944060E-03  1.000555E-03  6.918818E-03
       158 -1.345549E-03  7.920851E-04  5.987104E-03
       159 -6.874242E-05  3.005348E-04  3.880599E-03
       160  1.184495E-03 -3.810274E-06  2.682578E-03
       161  7.238245E-05  5.548252E-05 -6.059788E-04
       162 -1.842460E-03  6.057730E-04 -2.101834E-04
       163 -4.865615E-03  1.425437E-03  4.778284E-04
       164 -6.189740E-03  1.766002E-03  1.037242E-03
       165 -4.695614E-03  1.431778E-03  1.294067E-03
       166 -1.258158E-03  7.110160E-04  1.416735E-03
       167  1.382861E-03  1.955289E-04  1.922814E-03
       168  7.060527E-05 -5.096119E-05  5.485548E-04
       169 -1.733962E-03 -5.710702E-04  8.742352E-04
       170 -4.567416E-03 -1.340553E-03  1.521578E-03
       171 -5.828984E-03 -1.666200E-03  1.635522E-03
       172 -4.443363E-03 -1.357625E-03  8.629975E-04
       173 -1.190172E-03 -6.767355E-04 -5.719129E-04
       174  1.369342E-03 -1.779059E-04 -1.911398E-03
       175 -1.296293E-04 -3.715235E-05 -7.262649E-04
       176  1.713671E-03 -5.674608E-04 -9.200142E-04
       177  4.660689E-03 -1.366501E-03 -1.209839E-03
       178  5.955208E-03 -1.699548E-03 -1.135788E-03
       179  4.495433E-03 -1.373043E-03 -4.778320E-04
       180  1.136235E-03 -6.689233E-04  6.574479E-04
       181 -1.423467E-03 -1.688260E-04  1.829412E-03
       182 -1.329659E-04  5.832802E-05  5.911630E-04
       183  1.647278E-03  5.723816E-04  6.159032E-05
       184  4.495455E-03  1.345966E-03 -9.639955E-04
       185  5.759335E-03  1.672513E-03 -1.676248E-03
       186  4.347632E-03  1.358162E-03 -1.781373E-03
       187  1.069822E-03  6.724996E-04 -1.585502E-03
       188 -1.434408E-03  1.843285E-04 -1.953900E-03
       189  2.301329E-03  9.701585E-05 -3.755276E-03
       190  2.467886E-03  3.758603E-04 -5.550090E-03
       191  2.560142E-03  7.345128E-04 -7.675954E-03
       192  2.001323E-03  9.088875E-04 -8.637192E-03
       193  6.378355E-04  7.585689E-04 -7.962330E-03
       194 -1.212738E-03  3.661905E-04 -6.274396E-03
       195 -2.833795E-03  7.996433E-05 -5.128983E-03
       196 -2.226488E-03 -7.072248E-05 -3.725965E-03
       197 -1.576271E-03 -3.448030E-04 -5.493343E-03
       198 -3.912584E-04 -7.019749E-04 -7.618492E-03
       199  6.795278E-04 -8.718969E-04 -8.561969E-03
       200  1.399588E-03 -7.151302E-04 -7.862348E-03
       201  1.950972E-03 -3.227977E-04 -6.178248E-03
       202  2.859601E-03 -4.759644E-05 -5.088650E-03
       203  2.190824E-03 -8.160243E-05  3.693631E-03
       204  1.464483E-03 -3.715452E-04  5.560280E-03
       205  1.920458E-04 -7.466512E-04  7.782529E-03
       206 -9.307247E-04 -9.326566E-04  8.806193E-03
       207 -1.631186E-03 -7.821015E-04  8.131377E-03
       208 -2.096244E-03 -3.760010E-04  6.384232E-03
       209 -2.904797E-03 -6.859052E-05  5.151771E-03
       210 -2.315326E-03  1.061440E-04  3.730276E-03
       211 -2.421691E-03  3.938402E-04  5.583715E-03
       212 -2.400893E-03  7.480869E-04  7.688163E-03
       213 -1.747893E-03  9.116366E-04  8.596006E-03
       214 -3.665748E-04  7.537540E-04  7.888444E-03
       215  1.415367E-03  3.633522E-04  6.211756E-03
       216  2.920698E-03  8.281806E-05  5.094187E-03
       217  2.474832E-03 -5.613176E-05 -2.429777E-03
       218  7.321610E-04  4.468135E-04 -1.436262E-03
       219 -2.379707E-03  1.291239E-03  7.646996E-05
       220 -3.789694E-03  1.654223E-03  1.509848E-03
       221 -2.271434E-03  1.315403E-03  2.534405E-03
       222  1.216351E-03  5.850062E-04  3.203877E-03
       223  3.666802E-03  1.082643E-04  3.958292E-03
       224  2.460433E-03  7.051923E-05  2.419536E-03
       225  8.001498E-04 -4.103382E-04  2.243111E-03
       226 -2.143791E-03 -1.210635E-03  2.195850E-03
       227 -3.492345E-03 -1.559207E-03  1.483144E-03
       228 -2.060116E-03 -1.241079E-03 -1.319544E-04
       229  1.276976E-03 -5.436522E-04 -2.256614E-03
       230  3.657825E-03 -8.138033E-05 -3.905750E-03
       231 -2.492997E-03  8.019936E-05 -2.583095E-03
       232 -8.091277E-04 -4.064724E-04 -2.255898E-03
       233  2.238130E-03 -1.233371E-03 -1.835148E-03
       234  3.616644E-03 -1.588401E-03 -9.479675E-04
       235  2.114880E-03 -1.253241E-03  5.129251E-04
       236 -1.315749E-03 -5.349342E-04  2.302830E-03
       237 -3.692961E-03 -7.240065E-05  3.811418E-03
       238 -2.504228E-03 -6.342654E-05  2.572668E-03
       239 -8.836529E-04  4.073262E-04  1.523871E-03
       240  2.093853E-03  1.216706E-03 -3.548053E-04
       241  3.479252E-03  1.574820E-03 -1.999575E-03
       242  2.047909E-03  1.257140E-03 -2.914770E-03
       243 -1.311833E-03  5.553058E-04 -3.282262E-03
       244 -3.677494E-03  9.592360E-05 -3.910506E-03
       245  2.715415E-03  7.861166E-05 -5.634805E-03
       246  1.835977E-03  3.571555E-04 -7.288061E-03
       247 -5.920985E-04  3.604609E-04 -7.396292E-03
       248 -2.716857E-03 -3.931548E-05 -5.548768E-03
       249 -1.622495E-03 -2.501001E-04 -6.830648E-03
       250  8.338699E-04 -2.441406E-04 -6.908631E-03
       251  2.648397E-03 -4.927244E-05  5.609839E-03
       252  1.454312E-03 -2.605280E-04  6.891531E-03
       253 -9.415785E-04 -2.330648E-04  6.862451E-03
       254 -2.633395E-03  8.252406E-05  5.638066E-03
       255 -1.813071E-03  3.635978E-04  7.309366E-03
       256  5.101570E-04  3.648202E-04  7.409097E-03
       257  3.610960E-03  1.623340E-04 -1.980071E-03
       258  2.688942E-03  4.241165E-04  1.375951E-03
       259  3.277933E-03  3.140391E-04  4.285081E-03
       260  3.514151E-03 -1.681268E-04  1.998310E-03
       261  2.587500E-03 -4.367553E-04 -1.094571E-03
       262  3.292926E-03 -3.056639E-04 -3.923274E-03
       263 -3.554437E-03 -1.590859E-04 -2.139572E-03
       264 -2.624453E-03 -4.281218E-04  9.175835E-04
       265 -3.267382E-03 -3.109180E-04  3.820045E-03
       266 -3.671475E-03  1.438057E-04  2.059458E-03
       267 -2.759003E-03  4.055408E-04 -1.423781E-03
       268 -3.228799E-03  3.213448E-04 -4.451068E-03

 forces (fx,fy,fz) for set RIGHT and time  0.1000000E+01

        21  1.284380E+03 -6.869029E+01 -1.699324E+03
        22  8.607698E+02  7.155449E+02  1.874166E+03
        23 -1.258422E+03  1.012838E+03 -1.499522E+02
        24 -8.891583E+02 -3.778895E+02 -4.177855E+01

 internal energy (element, energy) for set ALL and time  0.1000000E+01

         1  4.626995E-02
         2  4.741790E-02
         3  4.593100E-02
         4  4.248111E-02
         5  2.185884E-02
         6  2.178698E-02
         7  3.098044E-02
         8  2.317606E-02
         9  3.574665E-02
        10  2.790727E-02
        11  2.355670E-02
        12  1.855447E-02
        13  1.960774E-02
        14  2.125433E-02
        15  2.057983E-02
        16  2.672653E-02
        17  8.991210E-03
        18  4.992040E-03
        19  2.369410E-02
        20  1.941786E-02
        21  5.223364E-03
        22  4.799171E-03
        23  1.337765E-02
        24  1.302708E-02
        25  3.814657E-03
        26  2.033441E-03
        27  1.209308E-02
        28  1.636946E-02
        29  6.797521E-03
        30  4.819986E-03
        31  1.752932E-02
        32  1.651665E-02
        33  2.875881E-04
        34  2.258079E-05
        35  1.392124E-05
        36  1.805575E-04
        37  2.964229E-04
        38  2.401332E-05
        39  3.690716E-06
        40  4.504268E-05
        41  2.343936E-04
        42  2.547322E-05
        43  2.627758E-05
        44  2.437143E-04
        45  1.464487E-04
        46  1.418136E-05
        47  4.869162E-06
        48  3.510737E-05
        49  1.355645E-01
        50  1.468807E-01
        51  8.132928E-02
        52  8.395068E-02
        53  4.695658E-03
        54  4.812852E-04
        55  1.310519E-03
        56  6.754712E-03
        57  5.394705E-03
        58  1.073140E-03
        59  3.873755E-04
        60  3.715536E-03
        61  9.102029E-04
        62  2.064117E-04
        63  5.073072E-05
        64  4.462549E-04
        65  7.249145E-04
        66  6.706071E-05
        67  3.313853E-04
        68  1.475007E-03
        69  3.845696E-02
        70  4.511016E-02
        71  3.949239E-02
        72  3.727905E-02
        73  3.888237E-02
        74  4.560567E-02
        75  5.290328E-02
        76  4.093499E-02
        77  1.613833E-03
        78  1.462857E-03
        79  7.813203E-03
        80  7.187066E-03
        81  3.629238E-02
        82  7.551968E-03
        83  6.346807E-03
        84  3.554317E-02
        85  4.394662E-02
        86  6.337435E-03
        87  6.064748E-03
        88  3.517581E-02
        89  1.854191E-02
        90  8.023658E-03
        91  9.829732E-03
        92  3.199684E-02
        93  3.057967E-02
        94  9.714532E-03
        95  8.485521E-03
        96  1.760801E-02
        97  9.175393E-04
        98  6.649937E-04
        99  2.829032E-04
       100  7.228066E-04
       101  6.548856E-04
       102  1.908925E-04
       103  9.183947E-04
       104  5.135558E-04
       105  1.886781E-03
       106  9.708414E-04
       107  3.910415E-04
       108  1.040230E-03
       109  9.471008E-04
       110  2.827210E-04
       111  1.444788E-03
       112  4.782214E-04
       113  1.351752E-03
       114  9.372224E-04
       115  4.160888E-04
       116  1.113865E-03
       117  1.005437E-03
       118  2.799161E-04
       119  1.387944E-03
       120  8.642334E-04
       121  7.939158E-04
       122  4.927480E-04
       123  2.025404E-04
       124  5.617177E-04
       125  5.076760E-04
       126  1.375758E-04
       127  7.376589E-04
       128  3.473468E-04
       129  8.179496E-04
       130  1.118296E-03
       131  2.527116E-04
       132  1.029939E-03
       133  1.006892E-03
       134  2.578075E-04
       135  1.170630E-03
       136  7.156308E-04
       137  6.654733E-04
       138  9.724230E-04
       139  2.251926E-04
       140  8.991754E-04
       141  8.978221E-04
       142  2.559672E-04
       143  1.003045E-03
       144  7.181802E-04
       145  6.277624E-04
       146  8.253971E-04
       147  2.555621E-04
       148  8.107453E-04
       149  8.120954E-04
       150  2.732372E-04
       151  9.190659E-04
       152  5.283782E-04
       153  9.213511E-04
       154  1.531227E-03
       155  4.140907E-04
       156  1.477602E-03
       157  1.480343E-03
       158  4.362187E-04
       159  1.630444E-03
       160  1.028021E-03
       161  1.379401E-01
       162  1.613697E-01
       163  1.482149E-01
       164  1.403798E-01
       165  1.568672E-01
       166  1.575661E-01
       167  1.423761E-01
       168  1.712173E-01
       169  1.426137E-01
       170  1.592850E-01
       171  5.694900E-02
       172  1.558570E-01
       173  1.510281E-01
       174  4.913426E-02
       175  1.993264E-01
       176  9.937547E-02
       177  1.714696E-01
       178  1.872240E-01
       179  7.261618E-02
       180  1.877361E-01
       181  1.766957E-01
       182  5.563330E-02
       183  2.661668E-01
       184  8.036225E-02
       185  1.659320E-01
       186  1.568963E-01
       187  5.197122E-02
       188  1.570419E-01
       189  1.511977E-01
       190  4.311189E-02
       191  2.043444E-01
       192  1.127244E-01
       193  1.739798E-01
       194  1.681002E-01
       195  6.048893E-02
       196  1.703652E-01
       197  1.607417E-01
       198  4.520402E-02
       199  2.268553E-01
       200  1.206912E-01
       201  7.899250E-02
       202  1.911096E-01
       203  3.718573E-02
       204  1.574716E-01
       205  1.644697E-01
       206  4.535894E-02
       207  1.702696E-01
       208  1.067926E-01
       209  8.632421E-02
       210  1.924603E-01
       211  3.807534E-02
       212  1.587743E-01
       213  1.684346E-01
       214  4.839725E-02
       215  1.651989E-01
       216  1.190494E-01
       217  6.541259E-02
       218  1.870219E-01
       219  3.952862E-02
       220  1.554706E-01
       221  1.620029E-01
       222  4.805783E-02
       223  1.663772E-01
       224  9.182802E-02
       225  7.125152E-02
       226  2.056477E-01
       227  4.591808E-02
       228  1.716752E-01
       229  1.810307E-01
       230  5.835438E-02
       231  1.829112E-01
       232  1.011456E-01
       233  7.738530E-02
       234  8.190144E-02
       235  3.633012E-02
       236  9.839243E-02
       237  9.487213E-02
       238  2.920834E-02
       239  1.007823E-01
       240  4.869865E-02
       241  8.232556E-02
       242  9.743554E-02
       243  4.415742E-02
       244  1.124140E-01
       245  1.069013E-01
       246  3.128275E-02
       247  1.247752E-01
       248  4.167496E-02
       249  8.778255E-02
       250  8.691407E-02
       251  3.471821E-02
       252  1.009867E-01
       253  9.810977E-02
       254  2.674155E-02
       255  1.000582E-01
       256  6.622828E-02
       257  9.213789E-02
       258  7.898152E-02
       259  3.794993E-02
       260  1.035146E-01
       261  9.649455E-02
       262  2.584272E-02
       263  1.086550E-01
       264  5.890374E-02
       265  9.941511E-02
       266  2.527992E-01
       267  4.355923E-02
       268  1.724744E-01
       269  1.785353E-01
       270  4.610833E-02
       271  2.188039E-01
       272  1.312219E-01
       273  1.173050E-01
       274  2.611671E-01
       275  4.572659E-02
       276  1.788104E-01
       277  1.880551E-01
       278  5.205995E-02
       279  2.241679E-01
       280  1.417306E-01
       281  8.668224E-02
       282  2.505287E-01
       283  4.703023E-02
       284  1.733810E-01
       285  1.790391E-01
       286  5.024089E-02
       287  2.179419E-01
       288  1.152335E-01
       289  8.896281E-02
       290  2.828005E-01
       291  5.497915E-02
       292  1.928368E-01
       293  2.024143E-01
       294  6.135733E-02
       295  2.364253E-01
       296  1.362570E-01
       297  1.154708E-01
       298  8.700913E-02
       299  1.167522E-01
       300  5.675467E-02
       301  1.248007E-01
       302  8.707495E-02
       303  1.308679E-01
       304  7.110764E-02
       305  1.208181E-01
       306  7.676776E-02
       307  1.155080E-01
       308  8.335828E-02
       309  1.312861E-01
       310  9.631536E-02
       311  1.221370E-01
       312  6.402593E-02
       313  1.162849E-01
       314  8.763744E-02
       315  7.613903E-02
       316  8.231385E-02
       317  1.713214E-01
       318  1.175463E-01
       319  1.058773E-01
       320  1.146100E-01
       321  1.517554E-01
       322  1.143148E-01
       323  1.154762E-01
       324  1.034702E-01
       325  1.067672E-01
       326  9.910299E-02
       327  9.068982E-02
       328  8.090729E-02

 total internal energy for set ALL and time  0.1000000E+01

        2.177682E+01
