
                        S T E P       1


                                INCREMENT     1


 displacements (vx,vy,vz) for set TIP_TOP and time  0.1000000E+01

       887  1.041919E-01 -2.232519E-03 -3.453146E+00
       888  1.041264E-01 -2.186513E-03 -3.448004E+00
       891  1.040122E-01 -2.033695E-03 -3.443068E+00
       894  1.040008E-01 -1.568178E-03 -3.438767E+00
       896  1.040741E-01 -5.959150E-04 -3.436156E+00
       898  1.040806E-01  4.714073E-11 -3.435983E+00
       900  1.040741E-01  5.959151E-04 -3.436156E+00
       903  1.040008E-01  1.568178E-03 -3.438767E+00
       906  1.040122E-01  2.033695E-03 -3.443068E+00
       909  1.041264E-01  2.186513E-03 -3.448004E+00
       912  1.041919E-01  2.232519E-03 -3.453146E+00

 forces (fx,fy,fz) for set CLAMP and time  0.1000000E+01

         1  4.603955E+03  1.115860E+04  2.877166E+03
         4  8.453144E+03  4.898049E-11  5.752884E+03
         5  5.520915E+03  1.734071E+04 -5.203345E+02
         8  9.834658E+03  6.229687E-09 -1.036409E+03
         9  3.527397E+03  1.098898E+04 -5.222982E+02
        12  6.243761E+03  1.832222E-08 -1.040742E+03
        13  1.728762E+03  5.325227E+03 -5.715074E+02
        16  3.043319E+03  3.063110E-08 -1.138355E+03
        17 -1.766339E+01 -1.398008E+02 -5.890582E+02
        20 -4.956717E+01  4.250387E-08 -1.177628E+03
        21 -1.228041E+02 -1.948761E+03 -2.510472E+03
        24 -1.523656E+03  2.998088E-08 -7.457283E+02
        26  4.603955E+03 -1.115860E+04  2.877166E+03
        28  5.520915E+03 -1.734071E+04 -5.203345E+02
        30  3.527397E+03 -1.098898E+04 -5.222982E+02
        32  1.728762E+03 -5.325227E+03 -5.715074E+02
        34 -1.766339E+01  1.398008E+02 -5.890582E+02
        36 -1.228041E+02  1.948761E+03 -2.510472E+03
        37  3.928698E+01 -8.714951E+02 -2.327522E+03
        40  9.002106E+02 -7.468576E+01 -4.400371E+03
        41 -2.022879E+03 -2.008950E+03 -5.256129E+02
        44 -2.800441E+03 -2.000616E+02 -1.049861E+03
        45 -2.230841E+03 -1.138621E+03  2.810036E+03
        48 -4.042977E+03 -1.256782E+02  5.451410E+03
        50  1.204458E+03 -8.585966E+01 -4.214967E+03
        52 -2.728509E+03 -2.141955E+02 -1.082345E+03
        54 -4.285941E+03 -1.277766E+02  5.367999E+03
        56  1.361793E+03 -9.206592E+01 -4.207662E+03
        58 -2.753450E+03 -1.930751E+02 -1.101500E+03
        60 -4.477793E+03 -1.039891E+02  5.426404E+03
        62 -1.920052E+03 -9.303087E+01 -7.153292E+02
        64 -3.127820E+03 -4.470742E+01  3.769611E+03
        66 -1.032593E+03  1.052306E-08 -3.694580E+02
        68 -1.680276E+03  4.661722E-09  2.027862E+03
        70 -1.920052E+03  9.303087E+01 -7.153292E+02
        72 -3.127820E+03  4.470742E+01  3.769611E+03
        74  1.361793E+03  9.206592E+01 -4.207662E+03
        76 -2.753450E+03  1.930751E+02 -1.101500E+03
        78 -4.477793E+03  1.039891E+02  5.426404E+03
        80  1.204458E+03  8.585966E+01 -4.214967E+03
        82 -2.728509E+03  2.141955E+02 -1.082345E+03
        84 -4.285941E+03  1.277766E+02  5.367999E+03
        86  9.002106E+02  7.468576E+01 -4.400371E+03
        88 -2.800441E+03  2.000616E+02 -1.049861E+03
        90 -4.042977E+03  1.256782E+02  5.451410E+03
        92  3.928698E+01  8.714951E+02 -2.327522E+03
        94 -2.022879E+03  2.008950E+03 -5.256129E+02
        96 -2.230841E+03  1.138621E+03  2.810036E+03

 internal energy (element, energy) for set EALL and time  0.1000000E+01

         1  9.975541E+01
         2  4.737416E+01
         3  1.771902E+01
         4  3.895377E+00
         5  4.153713E+00
         6  9.975541E+01
         7  4.737416E+01
         8  1.771902E+01
         9  3.895377E+00
        10  4.153713E+00
        11  7.839504E+00
        12  1.116497E+01
        13  7.441291E+00
        14  1.083627E+01
        15  7.418844E+00
        16  1.093261E+01
        17  7.612010E+00
        18  1.120714E+01
        19  2.802775E+00
        20  4.132444E+00
        21  2.802775E+00
        22  4.132444E+00
        23  7.612010E+00
        24  1.120714E+01
        25  7.418844E+00
        26  1.093261E+01
        27  7.441291E+00
        28  1.083627E+01
        29  7.839504E+00
        30  1.116497E+01
        31  9.437465E+01
        32  5.443567E+01
        33  2.298916E+01
        34  5.878947E+00
        35  5.239592E+00
        36  9.437465E+01
        37  5.443567E+01
        38  2.298916E+01
        39  5.878947E+00
        40  5.239592E+00
        41  7.959471E+00
        42  1.107831E+01
        43  8.380130E+00
        44  1.159733E+01
        45  8.471247E+00
        46  1.172694E+01
        47  8.476446E+00
        48  1.170427E+01
        49  3.068064E+00
        50  4.233739E+00
        51  3.068064E+00
        52  4.233739E+00
        53  8.476446E+00
        54  1.170427E+01
        55  8.471247E+00
        56  1.172694E+01
        57  8.380130E+00
        58  1.159733E+01
        59  7.959471E+00
        60  1.107831E+01
        61  7.932896E+01
        62  4.966527E+01
        63  2.296936E+01
        64  6.183586E+00
        65  4.269318E+00
        66  7.932896E+01
        67  4.966527E+01
        68  2.296936E+01
        69  6.183586E+00
        70  4.269318E+00
        71  7.886407E+00
        72  1.128599E+01
        73  7.774399E+00
        74  1.108244E+01
        75  7.652153E+00
        76  1.088420E+01
        77  7.505964E+00
        78  1.061357E+01
        79  2.653209E+00
        80  3.804625E+00
        81  2.653209E+00
        82  3.804625E+00
        83  7.505964E+00
        84  1.061357E+01
        85  7.652153E+00
        86  1.088420E+01
        87  7.774399E+00
        88  1.108244E+01
        89  7.886407E+00
        90  1.128599E+01
        91  9.070074E+01
        92  5.514234E+01
        93  2.571640E+01
        94  7.617353E+00
        95  4.571687E+00
        96  9.070074E+01
        97  5.514234E+01
        98  2.571640E+01
        99  7.617353E+00
       100  4.571687E+00
       101  8.723218E+00
       102  1.311288E+01
       103  8.501836E+00
       104  1.269866E+01
       105  8.218124E+00
       106  1.220510E+01
       107  8.076573E+00
       108  1.177506E+01
       109  2.851531E+00
       110  4.211752E+00
       111  2.851531E+00
       112  4.211752E+00
       113  8.076573E+00
       114  1.177506E+01
       115  8.218124E+00
       116  1.220510E+01
       117  8.501836E+00
       118  1.269866E+01
       119  8.723218E+00
       120  1.311288E+01
       121  1.181134E+02
       122  7.075844E+01
       123  3.419920E+01
       124  1.158817E+01
       125  5.928420E+00
       126  1.181134E+02
       127  7.075844E+01
       128  3.419920E+01
       129  1.158817E+01
       130  5.928420E+00
       131  1.051330E+01
       132  1.674165E+01
       133  1.045376E+01
       134  1.659600E+01
       135  1.036693E+01
       136  1.641683E+01
       137  1.043542E+01
       138  1.628873E+01
       139  3.814073E+00
       140  5.892303E+00
       141  3.814073E+00
       142  5.892303E+00
       143  1.043542E+01
       144  1.628873E+01
       145  1.036693E+01
       146  1.641683E+01
       147  1.045376E+01
       148  1.659600E+01
       149  1.051330E+01
       150  1.674165E+01
       151  2.043001E+01
       152  1.640017E+01
       153  2.041963E+01
       154  1.639307E+01
       155  2.474242E+01
       156  1.740235E+01
       157  2.477235E+01
       158  1.741939E+01
       159  1.217421E+01
       160  8.911679E+00
       161  1.217324E+01
       162  8.914520E+00
       163  1.226457E+01
       164  8.344910E+00
       165  1.227202E+01
       166  8.352364E+00
       167  5.947653E+00
       168  4.153003E+00
       169  5.964682E+00
       170  4.143755E+00
       171  5.662475E+00
       172  3.879635E+00
       173  5.689955E+00
       174  3.866496E+00
       175  1.341323E+01
       176  6.812307E+00
       177  2.041963E+01
       178  1.639307E+01
       179  2.043001E+01
       180  1.640017E+01
       181  2.477235E+01
       182  1.741939E+01
       183  2.474242E+01
       184  1.740235E+01
       185  1.217324E+01
       186  8.914520E+00
       187  1.217421E+01
       188  8.911679E+00
       189  1.227202E+01
       190  8.352364E+00
       191  1.226457E+01
       192  8.344910E+00
       193  5.964682E+00
       194  4.143755E+00
       195  5.947653E+00
       196  4.153003E+00
       197  5.689955E+00
       198  3.866496E+00
       199  5.662475E+00
       200  3.879635E+00
       201  1.341323E+01
       202  6.812307E+00
       203  1.313747E+01
       204  2.140704E+01
       205  1.347306E+01
       206  2.195383E+01
       207  1.400157E+01
       208  2.274640E+01
       209  1.453595E+01
       210  2.363470E+01
       211  5.297901E+00
       212  8.759803E+00
       213  5.297901E+00
       214  8.759803E+00
       215  1.453595E+01
       216  2.363470E+01
       217  1.400157E+01
       218  2.274640E+01
       219  1.347306E+01
       220  2.195383E+01
       221  1.313747E+01
       222  2.140704E+01
       223  1.680537E+02
       224  9.686866E+01
       225  4.772010E+01
       226  1.882249E+01
       227  8.735205E+00
       228  1.680537E+02
       229  9.686866E+01
       230  4.772010E+01
       231  1.882249E+01
       232  8.735205E+00
       233  1.502611E+01
       234  2.449438E+01
       235  1.552692E+01
       236  2.530355E+01
       237  1.629571E+01
       238  2.646397E+01
       239  1.709568E+01
       240  2.768897E+01
       241  6.175151E+00
       242  1.029312E+01
       243  6.175151E+00
       244  1.029312E+01
       245  1.709568E+01
       246  2.768897E+01
       247  1.629571E+01
       248  2.646397E+01
       249  1.552692E+01
       250  2.530355E+01
       251  1.502611E+01
       252  2.449438E+01
       253  2.129483E+01
       254  1.633283E+01
       255  2.130607E+01
       256  1.633471E+01
       257  1.844219E+01
       258  1.502937E+01
       259  1.844461E+01
       260  1.503076E+01
       261  8.333819E+01
       262  4.239607E+01
       263  1.788502E+01
       264  8.981860E+00
       265  2.130607E+01
       266  1.633471E+01
       267  2.129483E+01
       268  1.633283E+01
       269  1.844461E+01
       270  1.503076E+01
       271  1.844219E+01
       272  1.502937E+01
       273  8.333819E+01
       274  4.239607E+01
       275  1.788502E+01
       276  8.981860E+00
       277  1.484332E+01
       278  2.407819E+01
       279  1.498864E+01
       280  2.433038E+01
       281  1.521108E+01
       282  2.467973E+01
       283  1.556396E+01
       284  2.500025E+01
       285  5.654085E+00
       286  9.107438E+00
       287  5.654085E+00
       288  9.107438E+00
       289  1.556396E+01
       290  2.500025E+01
       291  1.521108E+01
       292  2.467973E+01
       293  1.498864E+01
       294  2.433038E+01
       295  1.484332E+01
       296  2.407819E+01
       297  1.144372E+02
       298  6.863912E+01
       299  3.590350E+01
       300  1.558725E+01
       301  7.784792E+00
       302  1.144372E+02
       303  6.863912E+01
       304  3.590350E+01
       305  1.558725E+01
       306  7.784792E+00
       307  1.281622E+01
       308  2.074313E+01
       309  1.269271E+01
       310  2.056792E+01
       311  1.257362E+01
       312  2.039637E+01
       313  1.264879E+01
       314  2.026702E+01
       315  4.592811E+00
       316  7.302045E+00
       317  4.592811E+00
       318  7.302045E+00
       319  1.264879E+01
       320  2.026702E+01
       321  1.257362E+01
       322  2.039637E+01
       323  1.269271E+01
       324  2.056792E+01
       325  1.281622E+01
       326  2.074313E+01
       327  9.152299E+01
       328  5.502776E+01
       329  2.872975E+01
       330  1.252121E+01
       331  6.355924E+00
       332  9.152299E+01
       333  5.502776E+01
       334  2.872975E+01
       335  1.252121E+01
       336  6.355924E+00
       337  1.020119E+01
       338  1.651425E+01
       339  1.011694E+01
       340  1.637711E+01
       341  1.004719E+01
       342  1.626896E+01
       343  1.015732E+01
       344  1.621350E+01
       345  3.688857E+00
       346  5.845657E+00
       347  3.688857E+00
       348  5.845657E+00
       349  1.015732E+01
       350  1.621350E+01
       351  1.004719E+01
       352  1.626896E+01
       353  1.011694E+01
       354  1.637711E+01
       355  1.020119E+01
       356  1.651425E+01
       357  7.158836E+01
       358  4.310820E+01
       359  2.258052E+01
       360  9.944580E+00
       361  5.139002E+00
       362  7.158836E+01
       363  4.310820E+01
       364  2.258052E+01
       365  9.944580E+00
       366  5.139002E+00
       367  7.816386E+00
       368  1.266347E+01
       369  7.816615E+00
       370  1.264361E+01
       371  7.829031E+00
       372  1.265652E+01
       373  7.987491E+00
       374  1.268192E+01
       375  2.903614E+00
       376  4.574962E+00
       377  2.903614E+00
       378  4.574962E+00
       379  7.987491E+00
       380  1.268192E+01
       381  7.829031E+00
       382  1.265652E+01
       383  7.816615E+00
       384  1.264361E+01
       385  7.816386E+00
       386  1.266347E+01
       387  5.390957E+01
       388  3.251095E+01
       389  1.713269E+01
       390  7.670502E+00
       391  4.079174E+00
       392  5.390957E+01
       393  3.251095E+01
       394  1.713269E+01
       395  7.670502E+00
       396  4.079174E+00
       397  5.811168E+00
       398  9.419778E+00
       399  5.845065E+00
       400  9.448928E+00
       401  5.890846E+00
       402  9.511758E+00
       403  6.073042E+00
       404  9.570207E+00
       405  2.211957E+00
       406  3.449280E+00
       407  2.211957E+00
       408  3.449280E+00
       409  6.073042E+00
       410  9.570207E+00
       411  5.890846E+00
       412  9.511758E+00
       413  5.845065E+00
       414  9.448928E+00
       415  5.811168E+00
       416  9.419778E+00
       417  3.868091E+01
       418  2.339492E+01
       419  1.243301E+01
       420  5.705180E+00
       421  3.159468E+00
       422  3.868091E+01
       423  2.339492E+01
       424  1.243301E+01
       425  5.705180E+00
       426  3.159468E+00
       427  4.139215E+00
       428  6.710903E+00
       429  4.181195E+00
       430  6.754435E+00
       431  4.236419E+00
       432  6.832327E+00
       433  4.427103E+00
       434  6.900094E+00
       435  1.616157E+00
       436  2.480139E+00
       437  1.616157E+00
       438  2.480139E+00
       439  4.427103E+00
       440  6.900094E+00
       441  4.236419E+00
       442  6.832327E+00
       443  4.181195E+00
       444  6.754435E+00
       445  4.139215E+00
       446  6.710903E+00
       447  2.590238E+01
       448  1.574021E+01
       449  8.495464E+00
       450  4.065362E+00
       451  2.399441E+00
       452  2.590238E+01
       453  1.574021E+01
       454  8.495464E+00
       455  4.065362E+00
       456  2.399441E+00
       457  2.785576E+00
       458  4.512084E+00
       459  2.821261E+00
       460  4.548887E+00
       461  2.871011E+00
       462  4.619073E+00
       463  3.061694E+00
       464  4.680961E+00
       465  1.120265E+00
       466  1.672382E+00
       467  1.120265E+00
       468  1.672382E+00
       469  3.061694E+00
       470  4.680961E+00
       471  2.871011E+00
       472  4.619073E+00
       473  2.821261E+00
       474  4.548887E+00
       475  2.785576E+00
       476  4.512084E+00
       477  1.554800E+01
       478  9.541266E+00
       479  5.313213E+00
       480  2.756496E+00
       481  1.809779E+00
       482  1.554800E+01
       483  9.541266E+00
       484  5.313213E+00
       485  2.756496E+00
       486  1.809779E+00
       487  1.781086E+00
       488  2.866242E+00
       489  1.779879E+00
       490  2.841986E+00
       491  1.796055E+00
       492  2.859176E+00
       493  1.973669E+00
       494  2.894001E+00
       495  7.211513E-01
       496  1.019492E+00
       497  7.211513E-01
       498  1.019492E+00
       499  1.973669E+00
       500  2.894001E+00
       501  1.796055E+00
       502  2.859176E+00
       503  1.779879E+00
       504  2.841986E+00
       505  1.781086E+00
       506  2.866242E+00
       507  7.648505E+00
       508  4.834016E+00
       509  2.924763E+00
       510  1.791637E+00
       511  1.385856E+00
       512  7.648505E+00
       513  4.834016E+00
       514  2.924763E+00
       515  1.791637E+00
       516  1.385856E+00
       517  1.159026E+00
       518  1.786344E+00
       519  1.085342E+00
       520  1.628733E+00
       521  1.024137E+00
       522  1.528857E+00
       523  1.158413E+00
       524  1.508862E+00
       525  4.143036E-01
       526  5.115135E-01
       527  4.143036E-01
       528  5.115135E-01
       529  1.158413E+00
       530  1.508862E+00
       531  1.024137E+00
       532  1.528857E+00
       533  1.085342E+00
       534  1.628733E+00
       535  1.159026E+00
       536  1.786344E+00
       537  2.350151E+00
       538  1.752998E+00
       539  1.391958E+00
       540  1.174128E+00
       541  1.088240E+00
       542  2.350151E+00
       543  1.752998E+00
       544  1.391958E+00
       545  1.174128E+00
       546  1.088240E+00
       547  8.088246E-01
       548  1.045599E+00
       549  7.422097E-01
       550  8.452131E-01
       551  6.631348E-01
       552  7.123858E-01
       553  7.681794E-01
       554  6.735073E-01
       555  2.098116E-01
       556  2.223781E-01
       557  2.098116E-01
       558  2.223781E-01
       559  7.681794E-01
       560  6.735073E-01
       561  6.631348E-01
       562  7.123858E-01
       563  7.422097E-01
       564  8.452131E-01
       565  8.088246E-01
       566  1.045599E+00
       567  2.304108E-01
       568  2.882130E-01
       569  4.102573E-01
       570  5.953461E-01
       571  9.499996E-01
       572  2.304108E-01
       573  2.882130E-01
       574  4.102573E-01
       575  5.953461E-01
       576  9.499996E-01
       577  4.028374E-01
       578  4.242749E-01
       579  4.431777E-01
       580  3.240977E-01
       581  6.125546E-01
       582  5.360331E-01
       583  1.574739E+00
       584  1.331694E+00
       585  1.720564E-01
       586  9.059722E-01
       587  1.720564E-01
       588  9.059722E-01
       589  1.574739E+00
       590  1.331694E+00
       591  6.125546E-01
       592  5.360331E-01
       593  4.431777E-01
       594  3.240977E-01
       595  4.028374E-01
       596  4.242749E-01
