
                        S T E P       1


                                INCREMENT     1


 displacements (vx,vy,vz) for set TIP_TOP and time  0.1000000E+01

      1175  1.058081E-01 -2.711006E-03 -3.597705E+00
      1176  1.057033E-01 -2.661552E-03 -3.591428E+00
      1179  1.055007E-01 -2.505281E-03 -3.585327E+00
      1182  1.053901E-01 -1.955390E-03 -3.579931E+00
      1184  1.053877E-01 -7.454666E-04 -3.576637E+00
      1186  1.053831E-01  7.648446E-11 -3.576427E+00
      1188  1.053877E-01  7.454667E-04 -3.576637E+00
      1191  1.053901E-01  1.955390E-03 -3.579931E+00
      1194  1.055007E-01  2.505281E-03 -3.585327E+00
      1197  1.057033E-01  2.661552E-03 -3.591428E+00
      1200  1.058081E-01  2.711006E-03 -3.597705E+00

 forces (fx,fy,fz) for set CLAMP and time  0.1000000E+01

         1  6.011643E+03  1.085439E+04  3.977498E+03
         4  1.105146E+04  1.275638E-07  7.950673E+03
         5  7.315155E+03  1.730218E+04 -6.690936E+02
         8  1.302337E+04  2.349371E-07 -1.328534E+03
         9  4.941549E+03  1.158685E+04 -7.069724E+02
        12  8.743199E+03  1.947034E-07 -1.405064E+03
        13  2.769774E+03  6.418174E+03 -7.938205E+02
        16  4.879627E+03  1.537743E-07 -1.576384E+03
        17  6.527220E+02  1.427649E+03 -8.251084E+02
        20  1.130565E+03  1.106608E-07 -1.647494E+03
        21  1.786753E+02 -1.030727E+03 -2.718146E+03
        24 -1.266025E+03  4.325612E-08 -1.150986E+03
        26  6.011643E+03 -1.085439E+04  3.977498E+03
        28  7.315155E+03 -1.730218E+04 -6.690936E+02
        30  4.941549E+03 -1.158685E+04 -7.069724E+02
        32  2.769774E+03 -6.418174E+03 -7.938205E+02
        34  6.527220E+02 -1.427649E+03 -8.251084E+02
        36  1.786753E+02  1.030727E+03 -2.718146E+03
        37  1.346011E+02 -9.071683E+02 -2.392621E+03
        40  1.382039E+03 -1.456924E+02 -4.374910E+03
        41 -2.898590E+03 -2.315797E+03 -1.009858E+03
        44 -4.061971E+03 -3.620019E+02 -1.992464E+03
        45 -3.283602E+03 -1.410872E+03  3.297624E+03
        48 -5.951813E+03 -2.168947E+02  6.323501E+03
        50  1.702529E+03 -1.681897E+02 -4.127371E+03
        52 -3.931537E+03 -3.778375E+02 -2.022253E+03
        54 -6.161192E+03 -2.090130E+02  6.196954E+03
        56  1.752049E+03 -1.624146E+02 -4.162488E+03
        58 -3.990417E+03 -3.169600E+02 -2.045857E+03
        60 -6.287134E+03 -1.589781E+02  6.271801E+03
        62 -2.801319E+03 -1.458962E+02 -1.344896E+03
        64 -4.335189E+03 -6.605709E+01  4.369384E+03
        66 -1.516510E+03  2.464322E-08 -6.981827E+02
        68 -2.321636E+03  1.669188E-08  2.354170E+03
        70 -2.801319E+03  1.458962E+02 -1.344896E+03
        72 -4.335189E+03  6.605709E+01  4.369384E+03
        74  1.752049E+03  1.624146E+02 -4.162488E+03
        76 -3.990417E+03  3.169600E+02 -2.045857E+03
        78 -6.287134E+03  1.589781E+02  6.271801E+03
        80  1.702529E+03  1.681897E+02 -4.127371E+03
        82 -3.931537E+03  3.778375E+02 -2.022253E+03
        84 -6.161192E+03  2.090130E+02  6.196954E+03
        86  1.382039E+03  1.456924E+02 -4.374910E+03
        88 -4.061971E+03  3.620019E+02 -1.992464E+03
        90 -5.951813E+03  2.168947E+02  6.323501E+03
        92  1.346011E+02  9.071683E+02 -2.392621E+03
        94 -2.898590E+03  2.315797E+03 -1.009858E+03
        96 -3.283602E+03  1.410872E+03  3.297624E+03

 internal energy (element, energy) for set EALL and time  0.1000000E+01

         1  1.818352E+02
         2  9.299969E+01
         3  3.914598E+01
         4  1.058629E+01
         5  4.324183E+00
         6  1.818352E+02
         7  9.299969E+01
         8  3.914598E+01
         9  1.058629E+01
        10  4.324183E+00
        11  1.237037E+01
        12  2.159592E+01
        13  1.151145E+01
        14  2.062754E+01
        15  1.148396E+01
        16  2.077880E+01
        17  1.183748E+01
        18  2.139799E+01
        19  4.376890E+00
        20  7.926170E+00
        21  4.376890E+00
        22  7.926170E+00
        23  1.183748E+01
        24  2.139799E+01
        25  1.148396E+01
        26  2.077880E+01
        27  1.151145E+01
        28  2.062754E+01
        29  1.237037E+01
        30  2.159592E+01
        31  1.823528E+02
        32  1.060020E+02
        33  4.729960E+01
        34  1.385975E+01
        35  6.287138E+00
        36  1.823528E+02
        37  1.060020E+02
        38  4.729960E+01
        39  1.385975E+01
        40  6.287138E+00
        41  1.216616E+01
        42  2.092817E+01
        43  1.301912E+01
        44  2.212018E+01
        45  1.336258E+01
        46  2.260445E+01
        47  1.373834E+01
        48  2.301985E+01
        49  5.047656E+00
        50  8.414381E+00
        51  5.047656E+00
        52  8.414381E+00
        53  1.373834E+01
        54  2.301985E+01
        55  1.336258E+01
        56  2.260445E+01
        57  1.301912E+01
        58  2.212018E+01
        59  1.216616E+01
        60  2.092817E+01
        61  1.624412E+02
        62  9.022663E+01
        63  4.061575E+01
        64  1.204637E+01
        65  5.376960E+00
        66  1.624412E+02
        67  9.022663E+01
        68  4.061575E+01
        69  1.204637E+01
        70  5.376960E+00
        71  1.117474E+01
        72  1.947810E+01
        73  1.141657E+01
        74  1.976709E+01
        75  1.170142E+01
        76  2.011620E+01
        77  1.191808E+01
        78  2.025933E+01
        79  4.338324E+00
        80  7.345496E+00
        81  4.338324E+00
        82  7.345496E+00
        83  1.191808E+01
        84  2.025933E+01
        85  1.170142E+01
        86  2.011620E+01
        87  1.141657E+01
        88  1.976709E+01
        89  1.117474E+01
        90  1.947810E+01
        91  1.496120E+02
        92  8.308324E+01
        93  3.682608E+01
        94  1.083077E+01
        95  4.804599E+00
        96  1.496120E+02
        97  8.308324E+01
        98  3.682608E+01
        99  1.083077E+01
       100  4.804599E+00
       101  1.055200E+01
       102  1.813246E+01
       103  1.052851E+01
       104  1.805277E+01
       105  1.055126E+01
       106  1.802854E+01
       107  1.066646E+01
       108  1.803285E+01
       109  3.874265E+00
       110  6.530913E+00
       111  3.874265E+00
       112  6.530913E+00
       113  1.066646E+01
       114  1.803285E+01
       115  1.055126E+01
       116  1.802854E+01
       117  1.052851E+01
       118  1.805277E+01
       119  1.055200E+01
       120  1.813246E+01
       121  1.350872E+02
       122  7.515834E+01
       123  3.344895E+01
       124  9.878227E+00
       125  4.391069E+00
       126  1.350872E+02
       127  7.515834E+01
       128  3.344895E+01
       129  9.878227E+00
       130  4.391069E+00
       131  9.515299E+00
       132  1.631270E+01
       133  9.511336E+00
       134  1.627392E+01
       135  9.521375E+00
       136  1.626183E+01
       137  9.614920E+00
       138  1.627055E+01
       139  3.486624E+00
       140  5.893462E+00
       141  3.486624E+00
       142  5.893462E+00
       143  9.614920E+00
       144  1.627055E+01
       145  9.521375E+00
       146  1.626183E+01
       147  9.511336E+00
       148  1.627392E+01
       149  9.515299E+00
       150  1.631270E+01
       151  1.216625E+02
       152  6.771299E+01
       153  3.018323E+01
       154  8.981144E+00
       155  4.037091E+00
       156  1.216625E+02
       157  6.771299E+01
       158  3.018323E+01
       159  8.981144E+00
       160  4.037091E+00
       161  8.550155E+00
       162  1.461025E+01
       163  8.563067E+00
       164  1.461421E+01
       165  8.587102E+00
       166  1.463981E+01
       167  8.686398E+00
       168  1.466313E+01
       169  3.148413E+00
       170  5.308361E+00
       171  3.148413E+00
       172  5.308361E+00
       173  8.686398E+00
       174  1.466313E+01
       175  8.587102E+00
       176  1.463981E+01
       177  8.563067E+00
       178  1.461421E+01
       179  8.550155E+00
       180  1.461025E+01
       181  1.088761E+02
       182  6.062804E+01
       183  2.706571E+01
       184  8.104094E+00
       185  3.684534E+00
       186  1.088761E+02
       187  6.062804E+01
       188  2.706571E+01
       189  8.104094E+00
       190  3.684534E+00
       191  7.643188E+00
       192  1.305001E+01
       193  7.661204E+00
       194  1.306593E+01
       195  7.688372E+00
       196  1.310089E+01
       197  7.788692E+00
       198  1.312876E+01
       199  2.822451E+00
       200  4.751368E+00
       201  2.822451E+00
       202  4.751368E+00
       203  7.788692E+00
       204  1.312876E+01
       205  7.688372E+00
       206  1.310089E+01
       207  7.661204E+00
       208  1.306593E+01
       209  7.643188E+00
       210  1.305001E+01
       211  9.679880E+01
       212  5.392515E+01
       213  2.411190E+01
       214  7.271968E+00
       215  3.347567E+00
       216  9.679880E+01
       217  5.392515E+01
       218  2.411190E+01
       219  7.271968E+00
       220  3.347567E+00
       221  6.795431E+00
       222  1.159906E+01
       223  6.812906E+00
       224  1.161495E+01
       225  6.840033E+00
       226  1.165032E+01
       227  6.940120E+00
       228  1.167809E+01
       229  2.514338E+00
       230  4.224111E+00
       231  2.514338E+00
       232  4.224111E+00
       233  6.940120E+00
       234  1.167809E+01
       235  6.840033E+00
       236  1.165032E+01
       237  6.812906E+00
       238  1.161495E+01
       239  6.795431E+00
       240  1.159906E+01
       241  8.542216E+01
       242  4.761192E+01
       243  2.132921E+01
       244  6.487295E+00
       245  3.029567E+00
       246  8.542216E+01
       247  4.761192E+01
       248  2.132921E+01
       249  6.487295E+00
       250  3.029567E+00
       251  5.997930E+00
       252  1.023848E+01
       253  6.014785E+00
       254  1.025311E+01
       255  6.041254E+00
       256  1.028701E+01
       257  6.140855E+00
       258  1.031362E+01
       259  2.224129E+00
       260  3.728158E+00
       261  2.224129E+00
       262  3.728158E+00
       263  6.140855E+00
       264  1.031362E+01
       265  6.041254E+00
       266  1.028701E+01
       267  6.014785E+00
       268  1.025311E+01
       269  5.997930E+00
       270  1.023848E+01
       271  7.475777E+01
       272  4.169312E+01
       273  1.872032E+01
       274  5.751456E+00
       275  2.731226E+00
       276  7.475777E+01
       277  4.169312E+01
       278  1.872032E+01
       279  5.751456E+00
       280  2.731226E+00
       281  5.250068E+00
       282  8.962663E+00
       283  5.266557E+00
       284  8.976327E+00
       285  5.292650E+00
       286  9.009112E+00
       287  5.391936E+00
       288  9.034872E+00
       289  1.952180E+00
       290  3.263427E+00
       291  1.952180E+00
       292  3.263427E+00
       293  5.391936E+00
       294  9.034872E+00
       295  5.292650E+00
       296  9.009112E+00
       297  5.266557E+00
       298  8.976327E+00
       299  5.250068E+00
       300  8.962663E+00
       301  6.480623E+01
       302  3.616958E+01
       303  1.628540E+01
       304  5.064580E+00
       305  2.452793E+00
       306  6.480623E+01
       307  3.616958E+01
       308  1.628540E+01
       309  5.064580E+00
       310  2.452793E+00
       311  4.551725E+00
       312  7.770871E+00
       313  4.568047E+00
       314  7.783978E+00
       315  4.593964E+00
       316  7.816148E+00
       317  4.693090E+00
       318  7.841506E+00
       319  1.698405E+00
       320  2.829805E+00
       321  1.698405E+00
       322  2.829805E+00
       323  4.693090E+00
       324  7.841506E+00
       325  4.593964E+00
       326  7.816148E+00
       327  4.568047E+00
       328  7.783978E+00
       329  4.551725E+00
       330  7.770871E+00
       331  5.556655E+01
       332  3.104110E+01
       333  1.402460E+01
       334  4.426799E+00
       335  2.194260E+00
       336  5.556655E+01
       337  3.104110E+01
       338  1.402460E+01
       339  4.426799E+00
       340  2.194260E+00
       341  3.903116E+00
       342  6.663467E+00
       343  3.919368E+00
       344  6.676288E+00
       345  3.945206E+00
       346  6.708151E+00
       347  4.044225E+00
       348  6.733343E+00
       349  1.462771E+00
       350  2.427183E+00
       351  1.462771E+00
       352  2.427183E+00
       353  4.044225E+00
       354  6.733343E+00
       355  3.945206E+00
       356  6.708151E+00
       357  3.919368E+00
       358  6.676288E+00
       359  3.903116E+00
       360  6.663467E+00
       361  4.703812E+01
       362  2.630750E+01
       363  1.193787E+01
       364  3.838097E+00
       365  1.955575E+00
       366  4.703812E+01
       367  2.630750E+01
       368  1.193787E+01
       369  3.838097E+00
       370  1.955575E+00
       371  3.304322E+00
       372  5.640707E+00
       373  3.320553E+00
       374  5.653432E+00
       375  3.346348E+00
       376  5.685181E+00
       377  3.445260E+00
       378  5.710327E+00
       379  1.245251E+00
       380  2.055514E+00
       381  1.245251E+00
       382  2.055514E+00
       383  3.445260E+00
       384  5.710327E+00
       385  3.346348E+00
       386  5.685181E+00
       387  3.320553E+00
       388  5.653432E+00
       389  3.304322E+00
       390  5.640707E+00
       391  3.922135E+01
       392  2.196895E+01
       393  1.002520E+01
       394  3.298367E+00
       395  1.736634E+00
       396  3.922135E+01
       397  2.196895E+01
       398  1.002520E+01
       399  3.298367E+00
       400  1.736634E+00
       401  2.755261E+00
       402  4.702265E+00
       403  2.771529E+00
       404  4.715226E+00
       405  2.797341E+00
       406  4.747184E+00
       407  2.896165E+00
       408  4.772468E+00
       409  1.045852E+00
       410  1.714808E+00
       411  1.045852E+00
       412  1.714808E+00
       413  2.896165E+00
       414  4.772468E+00
       415  2.797341E+00
       416  4.747184E+00
       417  2.771529E+00
       418  4.715226E+00
       419  2.755261E+00
       420  4.702265E+00
       421  3.211764E+01
       422  1.802592E+01
       423  8.286565E+00
       424  2.807449E+00
       425  1.537382E+00
       426  3.211764E+01
       427  1.802592E+01
       428  8.286565E+00
       429  2.807449E+00
       430  1.537382E+00
       431  2.255669E+00
       432  3.847275E+00
       433  2.272088E+00
       434  3.861185E+00
       435  2.298090E+00
       436  3.894071E+00
       437  2.396966E+00
       438  3.919915E+00
       439  8.646239E-01
       440  1.405143E+00
       441  8.646239E-01
       442  1.405143E+00
       443  2.396966E+00
       444  3.919915E+00
       445  2.298090E+00
       446  3.894071E+00
       447  2.272088E+00
       448  3.861185E+00
       449  2.255669E+00
       450  3.847275E+00
       451  2.572884E+01
       452  1.447887E+01
       453  6.721885E+00
       454  2.365261E+00
       455  1.358004E+00
       456  2.572884E+01
       457  1.447887E+01
       458  6.721885E+00
       459  2.365261E+00
       460  1.358004E+00
       461  1.805185E+00
       462  3.074919E+00
       463  1.821931E+00
       464  3.090948E+00
       465  1.848465E+00
       466  3.125964E+00
       467  1.947786E+00
       468  3.153091E+00
       469  7.016866E-01
       470  1.126680E+00
       471  7.016866E-01
       472  1.126680E+00
       473  1.947786E+00
       474  3.153091E+00
       475  1.848465E+00
       476  3.125964E+00
       477  1.821931E+00
       478  3.090948E+00
       479  1.805185E+00
       480  3.074919E+00
       481  2.005517E+01
       482  1.132734E+01
       483  5.331023E+00
       484  1.972200E+00
       485  1.199326E+00
       486  2.005517E+01
       487  1.132734E+01
       488  5.331023E+00
       489  1.972200E+00
       490  1.199326E+00
       491  1.403675E+00
       492  2.385997E+00
       493  1.420902E+00
       494  2.405295E+00
       495  1.448425E+00
       496  2.443668E+00
       497  1.548927E+00
       498  2.472794E+00
       499  5.572247E-01
       500  8.796493E-01
       501  5.572247E-01
       502  8.796493E-01
       503  1.548927E+00
       504  2.472794E+00
       505  1.448425E+00
       506  2.443668E+00
       507  1.420902E+00
       508  2.405295E+00
       509  1.403675E+00
       510  2.385997E+00
       511  1.509113E+01
       512  8.568515E+00
       513  4.113987E+00
       514  1.629956E+00
       515  1.063434E+00
       516  1.509113E+01
       517  8.568515E+00
       518  4.113987E+00
       519  1.629956E+00
       520  1.063434E+00
       521  1.051973E+00
       522  1.785490E+00
       523  1.069556E+00
       524  1.807650E+00
       525  1.098338E+00
       526  1.849130E+00
       527  1.201071E+00
       528  1.880114E+00
       529  4.314149E-01
       530  6.642603E-01
       531  4.314149E-01
       532  6.642603E-01
       533  1.201071E+00
       534  1.880114E+00
       535  1.098338E+00
       536  1.849130E+00
       537  1.069556E+00
       538  1.807650E+00
       539  1.051973E+00
       540  1.785490E+00
       541  1.082225E+01
       542  6.196176E+00
       543  3.071043E+00
       544  1.342298E+00
       545  9.545393E-01
       546  1.082225E+01
       547  6.196176E+00
       548  3.071043E+00
       549  1.342298E+00
       550  9.545393E-01
       551  7.528892E-01
       552  1.284908E+00
       553  7.699790E-01
       554  1.304823E+00
       555  7.993746E-01
       556  1.344752E+00
       557  9.053307E-01
       558  1.375155E+00
       559  3.241250E-01
       560  4.803168E-01
       561  3.241250E-01
       562  4.803168E-01
       563  9.053307E-01
       564  1.375155E+00
       565  7.993746E-01
       566  1.344752E+00
       567  7.699790E-01
       568  1.304823E+00
       569  7.528892E-01
       570  1.284908E+00
       571  7.229681E+00
       572  4.203061E+00
       573  2.203092E+00
       574  1.115134E+00
       575  8.782178E-01
       576  7.229681E+00
       577  4.203061E+00
       578  2.203092E+00
       579  1.115134E+00
       580  8.782178E-01
       581  5.139946E-01
       582  9.015554E-01
       583  5.278009E-01
       584  9.045661E-01
       585  5.546288E-01
       586  9.300536E-01
       587  6.628887E-01
       588  9.538375E-01
       589  2.345628E-01
       590  3.261817E-01
       591  2.345628E-01
       592  3.261817E-01
       593  6.628887E-01
       594  9.538375E-01
       595  5.546288E-01
       596  9.300536E-01
       597  5.278009E-01
       598  9.045661E-01
       599  5.139946E-01
       600  9.015554E-01
       601  4.297816E+00
       602  2.594127E+00
       603  1.521803E+00
       604  9.521043E-01
       605  8.323888E-01
       606  4.297816E+00
       607  2.594127E+00
       608  1.521803E+00
       609  9.521043E-01
       610  8.323888E-01
       611  3.566442E-01
       612  6.550390E-01
       613  3.591526E-01
       614  6.106929E-01
       615  3.728276E-01
       616  5.973924E-01
       617  4.737511E-01
       618  6.059884E-01
       619  1.608646E-01
       620  1.988077E-01
       621  1.608646E-01
       622  1.988077E-01
       623  4.737511E-01
       624  6.059884E-01
       625  3.728276E-01
       626  5.973924E-01
       627  3.591526E-01
       628  6.106929E-01
       629  3.566442E-01
       630  6.550390E-01
       631  2.027530E+00
       632  1.403543E+00
       633  1.051790E+00
       634  8.443623E-01
       635  7.789203E-01
       636  2.027530E+00
       637  1.403543E+00
       638  1.051790E+00
       639  8.443623E-01
       640  7.789203E-01
       641  3.340979E-01
       642  5.524466E-01
       643  3.203456E-01
       644  4.395887E-01
       645  2.989050E-01
       646  3.644403E-01
       647  3.664364E-01
       648  3.472213E-01
       649  1.022762E-01
       650  1.057319E-01
       651  1.022762E-01
       652  1.057319E-01
       653  3.664364E-01
       654  3.472213E-01
       655  2.989050E-01
       656  3.644403E-01
       657  3.203456E-01
       658  4.395887E-01
       659  3.340979E-01
       660  5.524466E-01
       661  5.640850E-01
       662  6.194083E-01
       663  7.191299E-01
       664  7.720298E-01
       665  7.714898E-01
       666  5.640850E-01
       667  6.194083E-01
       668  7.191299E-01
       669  7.720298E-01
       670  7.714898E-01
       671  4.263917E-01
       672  4.918466E-01
       673  4.425222E-01
       674  3.869098E-01
       675  4.488488E-01
       676  3.482891E-01
       677  6.030724E-01
       678  3.963373E-01
       679  7.257127E-02
       680  1.643049E-01
       681  7.257127E-02
       682  1.643049E-01
       683  6.030724E-01
       684  3.963373E-01
       685  4.488488E-01
       686  3.482891E-01
       687  4.425222E-01
       688  3.869098E-01
       689  4.263917E-01
       690  4.918466E-01
       691  4.372094E-02
       692  1.152408E-01
       693  2.577394E-01
       694  5.353711E-01
       695  1.017049E+00
       696  4.372094E-02
       697  1.152408E-01
       698  2.577394E-01
       699  5.353711E-01
       700  1.017049E+00
       701  3.303159E-01
       702  3.508695E-01
       703  4.115135E-01
       704  3.175640E-01
       705  6.601819E-01
       706  6.385538E-01
       707  2.048027E+00
       708  1.690584E+00
       709  1.404920E-01
       710  1.174521E+00
       711  1.404920E-01
       712  1.174521E+00
       713  2.048027E+00
       714  1.690584E+00
       715  6.601819E-01
       716  6.385538E-01
       717  4.115135E-01
       718  3.175640E-01
       719  3.303159E-01
       720  3.508695E-01
