
                        S T E P       1


                                INCREMENT     1


 displacements (vx,vy,vz) for set TIP_TOP and time  0.1000000E+01

       887  1.322442E-01  3.389690E-01 -3.138822E+00
       888  1.250553E-01  3.389104E-01 -3.033061E+00
       891  1.175718E-01  3.388018E-01 -2.926573E+00
       894  1.100343E-01  3.392114E-01 -2.820264E+00
       896  1.027316E-01  3.410587E-01 -2.717380E+00
       898  1.008476E-01  3.417474E-01 -2.692280E+00
       900  9.887413E-02  3.424538E-01 -2.667867E+00
       903  9.642177E-02  3.431760E-01 -2.634930E+00
       906  9.396970E-02  3.435455E-01 -2.602838E+00
       909  9.148754E-02  3.439166E-01 -2.571522E+00
       912  8.906402E-02  3.440204E-01 -2.540189E+00
      1698  1.287393E-01  3.389801E-01 -3.085981E+00
      1730  1.062943E-01  3.399007E-01 -2.768075E+00
      1754  9.031328E-02  3.439705E-01 -2.555822E+00
      2862  1.213358E-01  3.388199E-01 -2.979909E+00
      2878  1.138151E-01  3.388997E-01 -2.873281E+00
      2903  9.983868E-02  3.421180E-01 -2.680056E+00
      2920  9.758297E-02  3.428520E-01 -2.651332E+00
      2938  9.266157E-02  3.438056E-01 -2.587207E+00

 forces (fx,fy,fz) for set CLAMP and time  0.1000000E+01

         1  1.239311E+03  3.106832E+03  9.681389E+02
         4  2.623920E+03  1.265821E+02  2.045645E+03
         5  9.282998E+02  4.243747E+03  1.428185E+02
         8  2.738119E+03  1.505705E+02  3.079049E+02
         9  6.084841E+02  7.048290E+03  5.025574E+02
        12  4.973032E+03  7.107154E+02  1.848282E+03
        13 -9.055282E+02  5.349283E+03 -8.253315E+02
        16  3.579009E+03  1.115157E+03 -1.725989E+03
        17 -2.653196E+03 -1.157537E+03 -8.945847E+02
        20 -2.753831E+02  7.376740E+02 -1.667326E+03
        21 -1.796632E+03 -2.742874E+03 -2.599703E+03
        24 -2.122620E+03  3.860495E+02 -1.071067E+03
        26  1.808315E+03 -3.283174E+03  1.041271E+03
        28  2.626153E+03 -4.974620E+03  1.628464E+02
        30  5.010637E+03 -7.941344E+03  1.051493E+03
        32  4.941421E+03 -6.581928E+03 -9.006641E+02
        34  2.300907E+03  2.195395E+02 -9.231739E+02
        36  1.297262E+03  2.600856E+03 -4.573499E+03
        37 -4.586722E+02 -1.813898E+03 -2.850141E+03
        40  7.548413E+02  1.286529E+02 -5.302683E+03
        41 -3.306820E+03 -4.106091E+03 -5.011064E+02
        44 -3.175432E+03  2.725574E+02 -1.122124E+03
        45 -3.045572E+03 -2.292917E+03  3.455485E+03
        48 -4.310270E+03  1.464687E+02  6.361043E+03
        50  9.007961E+02  8.110142E+01 -4.723156E+03
        52 -2.872010E+03  1.983287E+02 -1.074081E+03
        54 -4.131733E+03  1.209379E+02  5.767872E+03
        56  9.668555E+02  4.592639E+01 -4.263548E+03
        58 -2.630031E+03  1.681542E+02 -1.015932E+03
        60 -3.936836E+03  1.189225E+02  5.278284E+03
        62 -2.058060E+03  1.177613E+02 -7.485617E+02
        64 -3.135980E+03  8.602457E+01  4.053342E+03
        66 -1.529389E+03  1.686383E+02 -5.655571E+02
        68 -2.385663E+03  9.515891E+01  2.987726E+03
        70 -3.415217E+03  4.614455E+02 -1.404465E+03
        72 -5.568804E+03  2.574976E+02  6.631980E+03
        74  2.792701E+03  3.635590E+02 -6.204756E+03
        76 -4.211277E+03  8.274403E+02 -2.097120E+03
        78 -7.570381E+03  4.630256E+02  8.395750E+03
        80  2.697117E+03  3.750270E+02 -3.829639E+03
        82 -2.686669E+03  8.655577E+02 -1.822591E+03
        84 -5.760395E+03  4.891272E+02  5.628382E+03
        86  2.399635E+03  3.708384E+02 -1.704697E+03
        88 -1.297036E+03  8.631539E+02 -1.535597E+03
        90 -3.884351E+03  4.910661E+02  3.058799E+03
        92  1.052302E+03  1.199792E+02 -2.231336E+02
        94 -2.035423E+02  4.756197E+02 -7.220920E+02
        96 -1.284584E+03  3.548078E+02  7.066662E+02
       913  1.394733E+03  5.303598E+03  1.219395E+02
       914  2.549568E+03  1.385621E+02  1.977811E+03
       915  3.153692E+03  2.438882E+02  2.523640E+02
       916  2.598132E+03  1.856292E+02  2.937821E+02
       917  3.290819E+03  2.123696E+02  2.654999E+02
       932  2.699979E+03 -2.255673E+01  2.123762E+03
       933  3.429761E+03  8.217092E+01  3.106111E+02
       934  2.886131E+03  1.184753E+02  3.186164E+02
       935  2.744829E+03 -5.912028E+03  1.360750E+02
      1756  4.542698E+02  3.440503E+03  2.040901E+02
      1757  2.270678E+03  6.916096E+01  4.168759E+02
      1758  3.204095E+02  1.004859E+02 -1.162034E+03
      1759  2.384479E+03  3.133305E+01  4.263360E+02
      1789  2.492744E+03 -2.254912E+00  4.246264E+02
      1790  4.361438E+02  2.163408E+01 -1.132539E+03
      1791  2.663832E+03 -4.220340E+03  2.112593E+02

 internal energy (element, energy) for set EALL and time  0.1000000E+01

         1  1.850525E+01
         2  1.254536E+01
         3  1.976721E+01
         4  1.357880E+01
         5  1.785713E+01
         6  1.435831E+01
         7  1.903849E+01
         8  1.533445E+01
         9  8.712847E+00
        10  6.934782E+00
        11  9.591646E+00
        12  7.381318E+00
        13  1.034214E+01
        14  6.705860E+00
        15  1.110180E+01
        16  7.137369E+00
        17  2.531076E+01
        18  6.366950E+00
        19  9.750842E+00
        20  2.114841E+01
        21  1.471739E+01
        22  2.265691E+01
        23  1.597950E+01
        24  2.014441E+01
        25  1.628002E+01
        26  2.701318E+00
        27  2.524085E+00
        28  2.727643E+00
        29  2.582419E+00
        30  2.729681E+00
        31  2.516604E+00
        32  2.828086E+00
        33  2.580790E+00
        34  1.717633E+01
        35  1.049915E+01
        36  7.907132E+00
        37  1.148685E+01
        38  8.503096E+00
        39  1.184309E+01
        40  7.635379E+00
        41  1.255408E+01
        42  8.133248E+00
        43  3.118769E+01
        44  7.887316E+00
        45  8.415238E+00
        46  2.027129E+01
        47  2.784547E+01
        48  1.685467E+01
        49  2.356698E+01
        50  1.417614E+01
        51  2.010153E+01
        52  1.194185E+01
        53  1.716987E+01
        54  6.585511E+00
        55  9.618601E+00
        56  5.830905E+00
        57  8.600226E+00
        58  1.696797E+01
        59  2.576558E+01
        60  9.016066E+00
        61  1.443265E+01
        62  4.215317E+00
        63  7.042054E+00
        64  1.932015E+00
        65  2.896371E+00
        66  1.778349E+01
        67  1.348580E+01
        68  1.868935E+01
        69  1.420561E+01
        70  1.811711E+01
        71  1.316421E+01
        72  1.901859E+01
        73  1.392591E+01
        74  9.979472E+00
        75  7.334307E+00
        76  1.055998E+01
        77  7.633177E+00
        78  9.267482E+00
        79  6.545313E+00
        80  9.920593E+00
        81  7.037574E+00
        82  2.931552E+01
        83  8.581430E+00
        84  1.428325E+00
        85  2.450322E+00
        86  1.235118E+00
        87  2.145383E+00
        88  4.615361E-01
        89  1.403974E+00
        90  4.967821E-01
        91  1.384622E+00
        92  1.968342E+01
        93  1.501104E+01
        94  2.070823E+01
        95  1.589922E+01
        96  1.992060E+01
        97  1.472481E+01
        98  2.087032E+01
        99  1.558847E+01
       100  1.118769E+01
       101  7.996855E+00
       102  1.189260E+01
       103  8.417920E+00
       104  1.060431E+01
       105  7.570435E+00
       106  1.133923E+01
       107  8.129870E+00
       108  3.305638E+01
       109  9.056912E+00
       110  9.358414E+00
       111  1.929545E+01
       112  2.646796E+01
       113  1.752063E+01
       114  2.409741E+01
       115  1.544295E+01
       116  2.128978E+01
       117  1.340340E+01
       118  1.848963E+01
       119  6.890671E+00
       120  9.645475E+00
       121  6.166241E+00
       122  8.767604E+00
       123  1.817938E+01
       124  2.639439E+01
       125  1.081655E+01
       126  1.617648E+01
       127  5.857955E+00
       128  8.812791E+00
       129  3.460918E+00
       130  4.391083E+00
       131  1.724678E+01
       132  1.358573E+01
       133  1.764201E+01
       134  1.378362E+01
       135  1.677604E+01
       136  1.287464E+01
       137  1.719781E+01
       138  1.325431E+01
       139  6.672620E+01
       140  2.723852E+01
       141  7.855980E+00
       142  8.617020E+00
       143  1.806109E+01
       144  1.403334E+01
       145  1.847621E+01
       146  1.430464E+01
       147  1.763415E+01
       148  1.368831E+01
       149  1.811677E+01
       150  1.417123E+01
       151  7.055696E+01
       152  2.913882E+01
       153  7.842001E+00
       154  7.049842E+00
       155  1.723424E+01
       156  2.391679E+01
       157  1.499216E+01
       158  2.103010E+01
       159  1.304103E+01
       160  1.844189E+01
       161  1.135113E+01
       162  1.607034E+01
       163  5.410970E+00
       164  7.876368E+00
       165  4.896428E+00
       166  7.266379E+00
       167  1.466141E+01
       168  2.198399E+01
       169  9.808995E+00
       170  1.495409E+01
       171  6.271850E+00
       172  9.478945E+00
       173  4.114730E+00
       174  5.749639E+00
       175  1.656818E+01
       176  1.284716E+01
       177  1.688906E+01
       178  1.294662E+01
       179  1.526719E+01
       180  1.170646E+01
       181  1.562044E+01
       182  1.202117E+01
       183  6.091085E+01
       184  2.545273E+01
       185  7.626196E+00
       186  7.378442E+00
       187  1.722334E+01
       188  1.308930E+01
       189  1.755939E+01
       190  1.327465E+01
       191  1.598513E+01
       192  1.239707E+01
       193  1.639147E+01
       194  1.281901E+01
       195  6.374725E+01
       196  2.651562E+01
       197  7.350801E+00
       198  5.898087E+00
       199  1.547888E+01
       200  2.170141E+01
       201  1.365198E+01
       202  1.920717E+01
       203  1.187769E+01
       204  1.681038E+01
       205  1.040915E+01
       206  1.464709E+01
       207  4.577824E+00
       208  6.743151E+00
       209  4.164138E+00
       210  6.283102E+00
       211  1.245908E+01
       212  1.880818E+01
       213  9.012220E+00
       214  1.382681E+01
       215  6.441757E+00
       216  9.874632E+00
       217  4.667854E+00
       218  6.933721E+00
       219  1.504994E+01
       220  1.180415E+01
       221  1.523474E+01
       222  1.179735E+01
       223  1.393755E+01
       224  1.074653E+01
       225  1.418449E+01
       226  1.097181E+01
       227  5.665935E+01
       228  2.436742E+01
       229  7.564248E+00
       230  6.481740E+00
       231  1.544064E+01
       232  1.183978E+01
       233  1.564919E+01
       234  1.193383E+01
       235  1.444042E+01
       236  1.126207E+01
       237  1.473472E+01
       238  1.160575E+01
       239  5.832462E+01
       240  2.479297E+01
       241  7.033434E+00
       242  5.013645E+00
       243  1.340782E+01
       244  1.914602E+01
       245  1.198560E+01
       246  1.713102E+01
       247  1.058223E+01
       248  1.515807E+01
       249  9.479122E+00
       250  1.337545E+01
       251  3.904701E+00
       252  5.862242E+00
       253  3.580405E+00
       254  5.537073E+00
       255  1.070573E+01
       256  1.639516E+01
       257  8.326109E+00
       258  1.288043E+01
       259  6.479765E+00
       260  1.002322E+01
       261  5.042881E+00
       262  7.739852E+00
       263  1.372880E+01
       264  1.082217E+01
       265  1.380594E+01
       266  1.072544E+01
       267  1.261299E+01
       268  9.763549E+00
       269  1.277944E+01
       270  9.921230E+00
       271  5.203267E+01
       272  2.297754E+01
       273  7.482994E+00
       274  5.811662E+00
       275  1.390747E+01
       276  1.068385E+01
       277  1.401118E+01
       278  1.069999E+01
       279  1.295336E+01
       280  1.014509E+01
       281  1.316333E+01
       282  1.042662E+01
       283  5.278517E+01
       284  2.284932E+01
       285  6.720877E+00
       286  4.326332E+00
       287  1.145685E+01
       288  1.668603E+01
       289  1.039839E+01
       290  1.498866E+01
       291  9.347369E+00
       292  1.346707E+01
       293  8.610917E+00
       294  1.211261E+01
       295  3.342910E+00
       296  5.090149E+00
       297  3.092513E+00
       298  4.878520E+00
       299  9.216648E+00
       300  1.428274E+01
       301  7.674320E+00
       302  1.194464E+01
       303  6.405859E+00
       304  9.968968E+00
       305  5.292948E+00
       306  8.288643E+00
       307  1.240578E+01
       308  9.831612E+00
       309  1.240267E+01
       310  9.669959E+00
       311  1.129850E+01
       312  8.788525E+00
       313  1.140322E+01
       314  8.891377E+00
       315  4.738503E+01
       316  2.140822E+01
       317  7.274630E+00
       318  5.284069E+00
       319  1.242663E+01
       320  9.568152E+00
       321  1.245278E+01
       322  9.528528E+00
       323  1.151369E+01
       324  9.061189E+00
       325  1.165751E+01
       326  9.291655E+00
       327  4.743080E+01
       328  2.085899E+01
       329  6.308223E+00
       330  3.759731E+00
       331  9.456052E+00
       332  1.376478E+01
       333  8.883253E+00
       334  1.297680E+01
       335  8.215097E+00
       336  1.195317E+01
       337  7.813553E+00
       338  1.094889E+01
       339  2.872024E+00
       340  4.433570E+00
       341  2.678573E+00
       342  4.311178E+00
       343  7.906383E+00
       344  1.240508E+01
       345  6.987063E+00
       346  1.094675E+01
       347  6.218251E+00
       348  9.729443E+00
       349  5.430943E+00
       350  8.593944E+00
       351  1.107690E+01
       352  8.816424E+00
       353  1.101427E+01
       354  8.610107E+00
       355  1.006651E+01
       356  7.824702E+00
       357  1.012691E+01
       358  7.890204E+00
       359  4.246996E+01
       360  1.963329E+01
       361  7.031128E+00
       362  4.892700E+00
       363  1.098138E+01
       364  8.466162E+00
       365  1.095146E+01
       366  8.386687E+00
       367  1.018976E+01
       368  8.020569E+00
       369  1.028186E+01
       370  8.212585E+00
       371  4.198626E+01
       372  1.869990E+01
       373  5.891255E+00
       374  3.305180E+00
       375  7.553348E-01
       376  1.032529E+00
       377  8.869779E-01
       378  1.083483E+00
       379  6.618555E-01
       380  8.298301E-01
       381  9.370833E-01
       382  1.058769E+00
       383  1.350083E+00
       384  1.726440E+00
       385  1.371568E+00
       386  1.743287E+00
       387  1.084846E+00
       388  1.414583E+00
       389  1.312585E+00
       390  1.699335E+00
       391  7.729311E+00
       392  1.155339E+01
       393  7.267177E+00
       394  1.064457E+01
       395  7.135505E+00
       396  9.903201E+00
       397  2.478740E+00
       398  3.873291E+00
       399  2.326783E+00
       400  3.822183E+00
       401  6.784351E+00
       402  1.076340E+01
       403  6.300662E+00
       404  9.918759E+00
       405  5.879272E+00
       406  9.207578E+00
       407  5.466888E+00
       408  8.665426E+00
       409  9.830921E+00
       410  7.870586E+00
       411  9.725199E+00
       412  7.628102E+00
       413  8.524239E+00
       414  6.821213E+00
       415  8.548715E+00
       416  6.843300E+00
       417  3.824101E+01
       418  1.816877E+01
       419  6.697922E+00
       420  1.009841E+00
       421  1.277228E+00
       422  6.785422E-01
       423  8.517456E-01
       424  9.169742E-02
       425  2.625965E-01
       426  1.100947E-01
       427  2.446766E-01
       428  9.651668E+00
       429  7.451804E+00
       430  9.581801E+00
       431  7.342896E+00
       432  8.575204E+00
       433  6.929912E+00
       434  8.627473E+00
       435  7.080838E+00
       436  3.723604E+01
       437  1.704261E+01
       438  5.447072E+00
       439  2.937049E+00
       440  5.305108E-01
       441  7.599846E-01
       442  7.504281E-01
       443  8.790620E-01
       444  4.946893E-01
       445  6.242232E-01
       446  7.496689E-01
       447  8.319473E-01
       448  1.012864E+00
       449  1.296604E+00
       450  1.104808E+00
       451  1.424581E+00
       452  8.473109E-01
       453  1.158789E+00
       454  1.049035E+00
       455  1.403630E+00
       456  6.591460E+00
       457  9.846223E+00
       458  6.426507E+00
       459  9.353738E+00
       460  6.546679E+00
       461  8.929028E+00
       462  2.163118E+00
       463  3.408717E+00
       464  2.039246E+00
       465  3.422291E+00
       466  5.866752E+00
       467  9.433928E+00
       468  5.741792E+00
       469  9.117779E+00
       470  5.621825E+00
       471  8.817158E+00
       472  5.229759E+00
       473  8.156897E+00
       474  8.728875E+00
       475  6.807091E+00
       476  8.611163E+00
       477  6.586767E+00
       478  7.496752E+00
       479  5.835603E+00
       480  7.450581E+00
       481  5.756657E+00
       482  5.127043E+00
       483  3.930891E+00
       484  4.888372E+00
       485  3.645356E+00
       486  4.372968E+00
       487  3.162964E+00
       488  4.310786E+00
       489  3.134310E+00
       490  1.571414E+01
       491  6.192934E+00
       492  9.139084E-01
       493  1.248320E+00
       494  6.265059E-01
       495  7.906482E-01
       496  8.900850E-02
       497  2.410189E-01
       498  9.393385E-02
       499  2.032756E-01
       500  8.520778E+00
       501  6.434250E+00
       502  8.438740E+00
       503  6.345691E+00
       504  7.411902E+00
       505  5.740066E+00
       506  7.391789E+00
       507  5.790139E+00
       508  4.708534E+00
       509  3.427734E+00
       510  4.588901E+00
       511  3.278385E+00
       512  4.314936E+00
       513  3.177553E+00
       514  4.384416E+00
       515  3.289550E+00
       516  1.433449E+01
       517  4.767221E+00
       518  2.561618E+00
       519  3.818069E-01
       520  5.630893E-01
       521  5.917475E-01
       522  6.798652E-01
       523  3.731749E-01
       524  4.508352E-01
       525  6.085931E-01
       526  6.481410E-01
       527  7.652611E-01
       528  9.911856E-01
       529  8.640881E-01
       530  1.141225E+00
       531  6.189854E-01
       532  8.719325E-01
       533  8.157063E-01
       534  1.113044E+00
       535  5.478601E+00
       536  8.055117E+00
       537  5.528245E+00
       538  7.893856E+00
       539  5.927209E+00
       540  7.933542E+00
       541  1.893602E+00
       542  2.998444E+00
       543  1.799122E+00
       544  3.068331E+00
       545  5.046699E+00
       546  8.271054E+00
       547  5.207966E+00
       548  8.380211E+00
       549  5.460551E+00
       550  8.682906E+00
       551  6.328858E-01
       552  7.300599E-01
       553  4.435031E-01
       554  5.689430E-01
       555  5.878423E-01
       556  6.989894E-01
       557  3.941952E-01
       558  5.732829E-01
       559  9.468612E-01
       560  1.285813E+00
       561  8.203199E-01
       562  1.186983E+00
       563  8.941909E-01
       564  1.168828E+00
       565  7.573249E-01
       566  9.451224E-01
       567  7.123976E+00
       568  5.699060E+00
       569  7.005118E+00
       570  5.492046E+00
       571  6.346274E+00
       572  4.927184E+00
       573  6.284937E+00
       574  4.831493E+00
       575  4.473736E+00
       576  3.510446E+00
       577  4.238832E+00
       578  3.233195E+00
       579  3.690963E+00
       580  2.699314E+00
       581  3.614410E+00
       582  2.658719E+00
       583  1.402898E+01
       584  5.756443E+00
       585  8.975772E-01
       586  1.186379E+00
       587  6.079763E-01
       588  7.394152E-01
       589  9.117538E-02
       590  2.193314E-01
       591  7.931776E-02
       592  1.664583E-01
       593  6.909570E+00
       594  5.356750E+00
       595  6.824266E+00
       596  5.288276E+00
       597  6.231681E+00
       598  4.796852E+00
       599  6.196224E+00
       600  4.826718E+00
       601  4.070284E+00
       602  3.022718E+00
       603  3.965732E+00
       604  2.883391E+00
       605  3.600187E+00
       606  2.685865E+00
       607  3.646874E+00
       608  2.780024E+00
       609  1.241836E+01
       610  4.203573E+00
       611  2.245282E+00
       612  2.666636E-01
       613  3.969395E-01
       614  4.517413E-01
       615  4.983928E-01
       616  2.562934E-01
       617  3.015269E-01
       618  4.184440E-01
       619  4.234148E-01
       620  5.392411E-01
       621  6.963757E-01
       622  6.268923E-01
       623  8.382850E-01
       624  4.098902E-01
       625  5.717263E-01
       626  5.304624E-01
       627  7.347707E-01
       628  4.232918E+00
       629  6.101997E+00
       630  4.704228E+00
       631  6.671475E+00
       632  6.177095E-01
       633  6.448250E-01
       634  8.085850E-01
       635  7.914826E-01
       636  6.290254E-01
       637  6.482570E-01
       638  6.800284E-01
       639  5.946293E-01
       640  7.033242E+00
       641  1.654445E+00
       642  2.609699E+00
       643  1.574354E+00
       644  2.720520E+00
       645  4.237240E+00
       646  7.045033E+00
       647  4.487460E+00
       648  7.283925E+00
       649  4.785214E+00
       650  7.630549E+00
       651  6.013989E-01
       652  6.758259E-01
       653  4.030385E-01
       654  5.213199E-01
       655  5.258130E-01
       656  6.265017E-01
       657  3.733464E-01
       658  5.356075E-01
       659  8.673408E-01
       660  1.179975E+00
       661  7.210812E-01
       662  1.004861E+00
       663  7.975630E-01
       664  1.034458E+00
       665  7.073482E-01
       666  8.873493E-01
       667  5.892146E+00
       668  4.743700E+00
       669  5.769662E+00
       670  4.533201E+00
       671  5.132595E+00
       672  4.000063E+00
       673  5.069208E+00
       674  3.901378E+00
       675  3.757505E+00
       676  2.988148E+00
       677  3.519101E+00
       678  2.710922E+00
       679  3.007906E+00
       680  2.210387E+00
       681  2.925182E+00
       682  2.160206E+00
       683  1.184184E+01
       684  5.201213E+00
       685  8.652266E-01
       686  1.104319E+00
       687  5.758934E-01
       688  6.625806E-01
       689  1.000058E-01
       690  2.098994E-01
       691  6.730796E-02
       692  1.398049E-01
       693  5.668311E+00
       694  4.392904E+00
       695  5.574863E+00
       696  4.318011E+00
       697  5.013048E+00
       698  3.862445E+00
       699  4.973737E+00
       700  3.886441E+00
       701  3.348251E+00
       702  2.501977E+00
       703  3.242337E+00
       704  2.365379E+00
       705  2.903822E+00
       706  2.176207E+00
       707  2.942025E+00
       708  2.258326E+00
       709  1.020134E+01
       710  3.581509E+00
       711  3.392415E-01
       712  3.742570E-01
       713  1.714145E-01
       714  2.133953E-01
       715  1.016834E-01
       716  1.773443E-01
       717  2.029293E-01
       718  3.187564E-01
       719  1.892692E-01
       720  2.772072E-01
       721  2.582432E-01
       722  3.103521E-01
       723  1.929349E-01
       724  2.415394E-01
       725  2.672461E-01
       726  2.413749E-01
       727  4.364472E-01
       728  6.719140E-01
       729  4.679512E-01
       730  7.363634E-01
       731  3.576623E-01
       732  5.399272E-01
       733  3.425188E-01
       734  5.666087E-01
       735  2.982310E-01
       736  3.545095E-01
       737  4.431738E-01
       738  4.919471E-01
       739  3.422336E-01
       740  2.901204E-01
       741  5.275936E-01
       742  4.943771E-01
       743  5.062318E-01
       744  7.519501E-01
       745  6.335124E-01
       746  8.643455E-01
       747  3.774732E-01
       748  5.947280E-01
       749  5.873310E-01
       750  8.084197E-01
       751  4.356469E+00
       752  6.015427E+00
       753  5.217105E-01
       754  5.547284E-01
       755  7.873110E-01
       756  7.225757E-01
       757  5.847291E-01
       758  5.767633E-01
       759  6.449389E-01
       760  5.319406E-01
       761  6.249166E+00
       762  1.464073E+00
       763  2.260223E+00
       764  1.355351E+00
       765  2.396740E+00
       766  3.491992E+00
       767  6.415786E-01
       768  8.803346E-01
       769  6.608850E-01
       770  9.120299E-01
       771  5.799094E-01
       772  7.975840E-01
       773  6.041631E-01
       774  8.219279E-01
       775  3.792114E+00
       776  6.218175E+00
       777  4.039259E+00
       778  6.332537E+00
       779  5.154648E-01
       780  5.749379E-01
       781  3.769395E-01
       782  4.754309E-01
       783  4.409962E-01
       784  5.037457E-01
       785  3.671159E-01
       786  4.902426E-01
       787  7.244065E-01
       788  9.690612E-01
       789  6.335990E-01
       790  8.553046E-01
       791  6.249730E-01
       792  7.962940E-01
       793  6.087427E-01
       794  7.133125E-01
       795  4.700421E+00
       796  3.817412E+00
       797  4.579175E+00
       798  3.607942E+00
       799  3.962838E+00
       800  3.102636E+00
       801  3.898104E+00
       802  3.000460E+00
       803  3.057760E+00
       804  2.465481E+00
       805  2.820603E+00
       806  2.194923E+00
       807  2.345362E+00
       808  1.738785E+00
       809  2.255131E+00
       810  1.676451E+00
       811  9.748524E+00
       812  4.613415E+00
       813  8.252611E-01
       814  1.046199E+00
       815  5.432076E-01
       816  5.948312E-01
       817  1.071362E-01
       818  2.160577E-01
       819  5.893139E-02
       820  1.204525E-01
       821  4.477648E+00
       822  3.467650E+00
       823  4.382516E+00
       824  3.391566E+00
       825  3.839298E+00
       826  2.956144E+00
       827  3.795395E+00
       828  2.972443E+00
       829  2.651303E+00
       830  1.992149E+00
       831  2.546818E+00
       832  1.861516E+00
       833  2.225221E+00
       834  1.678947E+00
       835  2.253561E+00
       836  1.746527E+00
       837  8.027887E+00
       838  2.904003E+00
       839  3.145151E-01
       840  3.113405E-01
       841  1.574953E-01
       842  1.639703E-01
       843  7.711289E-02
       844  1.354288E-01
       845  1.623970E-01
       846  2.563381E-01
       847  1.425127E-01
       848  1.757611E-01
       849  2.094413E-01
       850  1.911596E-01
       851  1.457457E-01
       852  1.548990E-01
       853  2.337399E-01
       854  1.643357E-01
       855  2.683722E-01
       856  4.198196E-01
       857  2.838488E-01
       858  4.882322E-01
       859  2.244801E-01
       860  3.529170E-01
       861  2.254301E-01
       862  4.167398E-01
       863  2.296010E-01
       864  2.266008E-01
       865  3.895767E-01
       866  3.823546E-01
       867  2.954142E-01
       868  2.030256E-01
       869  4.365285E-01
       870  3.623671E-01
       871  3.225722E-01
       872  5.215450E-01
       873  4.769723E-01
       874  6.752985E-01
       875  2.559159E-01
       876  4.487136E-01
       877  4.194013E-01
       878  6.084011E-01
       879  3.757300E+00
       880  4.883887E+00
       881  4.676825E-01
       882  4.692643E-01
       883  7.359927E-01
       884  6.377924E-01
       885  5.414029E-01
       886  4.839165E-01
       887  6.092843E-01
       888  4.531706E-01
       889  5.278892E+00
       890  1.238788E+00
       891  1.903727E+00
       892  1.136980E+00
       893  2.072563E+00
       894  2.783392E+00
       895  5.336815E-01
       896  7.544166E-01
       897  5.540700E-01
       898  7.789221E-01
       899  4.606552E-01
       900  6.480777E-01
       901  4.873572E-01
       902  6.738549E-01
       903  3.171029E+00
       904  5.358823E+00
       905  4.195766E-01
       906  4.777821E-01
       907  3.630383E-01
       908  4.271942E-01
       909  3.902403E-01
       910  4.414229E-01
       911  2.828455E-01
       912  3.613727E-01
       913  6.356576E-01
       914  8.892575E-01
       915  6.044053E-01
       916  8.982721E-01
       917  5.607657E-01
       918  7.444888E-01
       919  4.806351E-01
       920  6.358436E-01
       921  3.714038E-01
       922  4.249765E-01
       923  3.237972E-01
       924  4.452932E-01
       925  2.756967E-01
       926  3.537744E-01
       927  2.674107E-01
       928  3.758361E-01
       929  6.094950E-01
       930  9.330675E-01
       931  6.299322E-01
       932  8.862783E-01
       933  4.800992E-01
       934  6.510234E-01
       935  5.092517E-01
       936  6.671079E-01
       937  3.543812E+00
       938  2.916580E+00
       939  3.424594E+00
       940  2.710152E+00
       941  2.838717E+00
       942  2.240908E+00
       943  2.771908E+00
       944  2.135256E+00
       945  2.373616E+00
       946  1.948472E+00
       947  2.140299E+00
       948  1.688626E+00
       949  1.708720E+00
       950  1.284985E+00
       951  1.610848E+00
       952  1.209677E+00
       953  7.690981E+00
       954  4.024231E+00
       955  7.787321E-01
       956  9.821096E-01
       957  5.057178E-01
       958  5.412193E-01
       959  1.234319E-01
       960  2.308615E-01
       961  5.634413E-02
       962  1.060010E-01
       963  3.323846E+00
       964  2.571364E+00
       965  3.228205E+00
       966  2.495070E+00
       967  2.709991E+00
       968  2.084053E+00
       969  2.660321E+00
       970  2.089333E+00
       971  1.974630E+00
       972  1.495092E+00
       973  1.873016E+00
       974  1.372472E+00
       975  1.570655E+00
       976  1.196242E+00
       977  1.585902E+00
       978  1.245160E+00
       979  5.897533E+00
       980  2.234122E+00
       981  2.847084E-01
       982  2.706281E-01
       983  1.350507E-01
       984  1.339817E-01
       985  5.256629E-02
       986  9.324086E-02
       987  1.148473E-01
       988  1.842993E-01
       989  1.143291E-01
       990  1.163028E-01
       991  1.742805E-01
       992  1.255420E-01
       993  1.246724E-01
       994  1.071288E-01
       995  2.072254E-01
       996  1.129742E-01
       997  1.738618E-01
       998  2.867617E-01
       999  1.832033E-01
      1000  3.471135E-01
      1001  1.473610E-01
      1002  2.438692E-01
      1003  1.464871E-01
      1004  3.077860E-01
      1005  1.861230E-01
      1006  1.511993E-01
      1007  2.995164E-01
      1008  2.682603E-01
      1009  2.586101E-01
      1010  1.445173E-01
      1011  3.711513E-01
      1012  2.751243E-01
      1013  2.119683E-01
      1014  3.698936E-01
      1015  3.318258E-01
      1016  4.918512E-01
      1017  1.713229E-01
      1018  3.350197E-01
      1019  3.030628E-01
      1020  4.582477E-01
      1021  3.035903E+00
      1022  3.724399E+00
      1023  4.072662E-01
      1024  3.768327E-01
      1025  6.679491E-01
      1026  5.362273E-01
      1027  4.514666E-01
      1028  3.690174E-01
      1029  5.618656E-01
      1030  3.536724E-01
      1031  4.457624E-01
      1032  6.130921E-01
      1033  5.056250E-01
      1034  7.144135E-01
      1035  3.780365E-01
      1036  5.073582E-01
      1037  3.909112E-01
      1038  5.485420E-01
      1039  1.020245E+00
      1040  1.549596E+00
      1041  9.131322E-01
      1042  1.714133E+00
      1043  2.236192E-01
      1044  2.785272E-01
      1045  2.507596E-01
      1046  3.050881E-01
      1047  2.204876E-01
      1048  2.510955E-01
      1049  2.332731E-01
      1050  2.666295E-01
      1051  4.197526E-01
      1052  6.082550E-01
      1053  4.403540E-01
      1054  6.333482E-01
      1055  3.402542E-01
      1056  4.909625E-01
      1057  3.625784E-01
      1058  5.184062E-01
      1059  2.385174E+00
      1060  4.122204E+00
      1061  3.357783E-01
      1062  3.739242E-01
      1063  2.685389E-01
      1064  3.165144E-01
      1065  2.864210E-01
      1066  3.224682E-01
      1067  2.145763E-01
      1068  2.668644E-01
      1069  4.952812E-01
      1070  6.986386E-01
      1071  4.437385E-01
      1072  6.574810E-01
      1073  4.152014E-01
      1074  5.609719E-01
      1075  3.586821E-01
      1076  4.879382E-01
      1077  2.653910E-01
      1078  3.118746E-01
      1079  2.547558E-01
      1080  3.446324E-01
      1081  2.149402E-01
      1082  2.665090E-01
      1083  2.085353E-01
      1084  2.904160E-01
      1085  4.359159E-01
      1086  6.391527E-01
      1087  4.634373E-01
      1088  6.114200E-01
      1089  3.606962E-01
      1090  4.978372E-01
      1091  3.880508E-01
      1092  5.015782E-01
      1093  2.445123E+00
      1094  2.051978E+00
      1095  2.330914E+00
      1096  1.856600E+00
      1097  1.813550E+00
      1098  1.452198E+00
      1099  1.745759E+00
      1100  1.347651E+00
      1101  1.706783E+00
      1102  1.433998E+00
      1103  1.487494E+00
      1104  1.196958E+00
      1105  1.124245E+00
      1106  8.675026E-01
      1107  1.023752E+00
      1108  7.829097E-01
      1109  5.678499E+00
      1110  3.399707E+00
      1111  7.067867E-01
      1112  8.928788E-01
      1113  4.511178E-01
      1114  4.736570E-01
      1115  1.463125E-01
      1116  2.547611E-01
      1117  6.016470E-02
      1118  9.976647E-02
      1119  2.233535E+00
      1120  1.724327E+00
      1121  2.140021E+00
      1122  1.650039E+00
      1123  1.682085E+00
      1124  1.290293E+00
      1125  1.627258E+00
      1126  1.281104E+00
      1127  1.332513E+00
      1128  1.021414E+00
      1129  1.237671E+00
      1130  9.121733E-01
      1131  9.738851E-01
      1132  7.534558E-01
      1133  9.725378E-01
      1134  7.797271E-01
      1135  3.889311E+00
      1136  1.578625E+00
      1137  2.457100E-01
      1138  2.237672E-01
      1139  1.097207E-01
      1140  1.031988E-01
      1141  3.312312E-02
      1142  5.758179E-02
      1143  6.803356E-02
      1144  1.171550E-01
      1145  1.060904E-01
      1146  8.419462E-02
      1147  1.602229E-01
      1148  8.690781E-02
      1149  1.235965E-01
      1150  8.525146E-02
      1151  1.986135E-01
      1152  8.360705E-02
      1153  1.181457E-01
      1154  2.079192E-01
      1155  1.217508E-01
      1156  2.647196E-01
      1157  1.066952E-01
      1158  1.867498E-01
      1159  9.950810E-02
      1160  2.464288E-01
      1161  1.627152E-01
      1162  1.040613E-01
      1163  2.544741E-01
      1164  1.981833E-01
      1165  2.365178E-01
      1166  1.042512E-01
      1167  3.222214E-01
      1168  2.039070E-01
      1169  1.419101E-01
      1170  2.772407E-01
      1171  2.397157E-01
      1172  3.791976E-01
      1173  1.133299E-01
      1174  2.607583E-01
      1175  2.116161E-01
      1176  3.484357E-01
      1177  2.443459E+00
      1178  2.742429E+00
      1179  3.386793E-01
      1180  2.733261E-01
      1181  5.732605E-01
      1182  4.097843E-01
      1183  3.866973E-01
      1184  2.768997E-01
      1185  4.926373E-01
      1186  2.680798E-01
      1187  3.169691E-01
      1188  4.623340E-01
      1189  3.620133E-01
      1190  5.300775E-01
      1191  2.612860E-01
      1192  3.649132E-01
      1193  2.701263E-01
      1194  3.945339E-01
      1195  7.865230E-01
      1196  1.144153E+00
      1197  6.591442E-01
      1198  1.310986E+00
      1199  1.532480E-01
      1200  1.901019E-01
      1201  1.693181E-01
      1202  2.060615E-01
      1203  1.428830E-01
      1204  1.599040E-01
      1205  1.564728E-01
      1206  1.735406E-01
      1207  2.973213E-01
      1208  4.558418E-01
      1209  3.034346E-01
      1210  4.630410E-01
      1211  2.289994E-01
      1212  3.513655E-01
      1213  2.458943E-01
      1214  3.723114E-01
      1215  1.607043E+00
      1216  2.929145E+00
      1217  2.372796E-01
      1218  2.569941E-01
      1219  1.960974E-01
      1220  2.224218E-01
      1221  2.029951E-01
      1222  2.171499E-01
      1223  1.507003E-01
      1224  1.784896E-01
      1225  3.477385E-01
      1226  5.093235E-01
      1227  3.169594E-01
      1228  4.845399E-01
      1229  2.835786E-01
      1230  4.002074E-01
      1231  2.424703E-01
      1232  3.411306E-01
      1233  1.959930E-01
      1234  2.206703E-01
      1235  1.846117E-01
      1236  2.487710E-01
      1237  1.481394E-01
      1238  1.763176E-01
      1239  1.391932E-01
      1240  1.961778E-01
      1241  3.121063E-01
      1242  4.710235E-01
      1243  3.343229E-01
      1244  4.420511E-01
      1245  2.400771E-01
      1246  3.399610E-01
      1247  2.611783E-01
      1248  3.342379E-01
      1249  1.467041E+00
      1250  1.270088E+00
      1251  1.365631E+00
      1252  1.100358E+00
      1253  9.472254E-01
      1254  7.804303E-01
      1255  8.886131E-01
      1256  6.904454E-01
      1257  1.092396E+00
      1258  9.469083E-01
      1259  9.034599E-01
      1260  7.512026E-01
      1261  6.248562E-01
      1262  5.158126E-01
      1263  5.345527E-01
      1264  4.299571E-01
      1265  3.840377E+00
      1266  6.503764E-01
      1267  5.819413E-01
      1268  4.364565E-01
      1269  3.809633E-01
      1270  2.363850E-01
      1271  1.933907E-01
      1272  1.404053E-01
      1273  9.113018E-02
      1274  5.778183E-01
      1275  7.666075E-01
      1276  3.708490E-01
      1277  3.896976E-01
      1278  1.774334E-01
      1279  2.891275E-01
      1280  7.656976E-02
      1281  1.056854E-01
      1282  1.278821E+00
      1283  9.842146E-01
      1284  1.195198E+00
      1285  9.168628E-01
      1286  8.336636E-01
      1287  6.360452E-01
      1288  7.841276E-01
      1289  6.171536E-01
      1290  7.701660E-01
      1291  6.064924E-01
      1292  6.874728E-01
      1293  5.174547E-01
      1294  4.822096E-01
      1295  3.877871E-01
      1296  4.669379E-01
      1297  3.901520E-01
      1298  2.193363E+00
      1299  1.026969E+00
      1300  2.006115E-01
      1301  1.715594E-01
      1302  8.641836E-02
      1303  7.129441E-02
      1304  2.636510E-02
      1305  3.428964E-02
      1306  3.099416E-02
      1307  5.898155E-02
      1308  1.200298E-01
      1309  7.509183E-02
      1310  1.729759E-01
      1311  6.881756E-02
      1312  1.498284E-01
      1313  8.593692E-02
      1314  2.283950E-01
      1315  7.428198E-02
      1316  9.374700E-02
      1317  1.761948E-01
      1318  8.811844E-02
      1319  2.309285E-01
      1320  9.612520E-02
      1321  1.795034E-01
      1322  7.915263E-02
      1323  2.431884E-01
      1324  1.640633E-01
      1325  7.552257E-02
      1326  2.298475E-01
      1327  1.428967E-01
      1328  2.498245E-01
      1329  8.284590E-02
      1330  3.034761E-01
      1331  1.519583E-01
      1332  9.614327E-02
      1333  2.265399E-01
      1334  1.649331E-01
      1335  2.958720E-01
      1336  7.993445E-02
      1337  2.390444E-01
      1338  1.446239E-01
      1339  2.840615E-01
      1340  1.953096E+00
      1341  1.910660E+00
      1342  2.819750E-01
      1343  1.868794E-01
      1344  5.048365E-01
      1345  3.024879E-01
      1346  3.258461E-01
      1347  1.854438E-01
      1348  4.413548E-01
      1349  1.889053E-01
      1350  2.010012E-01
      1351  3.189233E-01
      1352  2.317837E-01
      1353  3.704094E-01
      1354  1.466842E-01
      1355  2.305433E-01
      1356  1.499005E-01
      1357  2.467904E-01
      1358  5.604222E-01
      1359  7.521940E-01
      1360  4.211728E-01
      1361  8.998305E-01
      1362  9.064755E-02
      1363  1.137274E-01
      1364  1.011314E-01
      1365  1.219023E-01
      1366  7.560095E-02
      1367  8.588886E-02
      1368  8.871223E-02
      1369  9.617699E-02
      1370  1.906266E-01
      1371  3.119436E-01
      1372  1.931618E-01
      1373  3.169905E-01
      1374  1.385855E-01
      1375  2.332704E-01
      1376  1.489718E-01
      1377  2.472725E-01
      1378  9.420967E-01
      1379  1.881312E+00
      1380  1.536378E-01
      1381  1.564261E-01
      1382  1.254492E-01
      1383  1.344343E-01
      1384  1.248109E-01
      1385  1.285005E-01
      1386  8.529003E-02
      1387  1.006576E-01
      1388  2.206699E-01
      1389  3.453656E-01
      1390  2.004972E-01
      1391  3.275779E-01
      1392  1.739566E-01
      1393  2.607158E-01
      1394  1.442867E-01
      1395  2.150761E-01
      1396  1.236840E-01
      1397  1.314013E-01
      1398  1.118081E-01
      1399  1.538236E-01
      1400  7.927409E-02
      1401  9.535356E-02
      1402  7.130369E-02
      1403  1.089378E-01
      1404  1.944430E-01
      1405  3.138823E-01
      1406  2.107898E-01
      1407  2.840359E-01
      1408  1.378128E-01
      1409  2.073866E-01
      1410  1.509572E-01
      1411  1.981834E-01
      1412  6.622681E-01
      1413  6.175734E-01
      1414  5.907630E-01
      1415  4.920498E-01
      1416  2.832420E-01
      1417  2.725180E-01
      1418  2.499387E-01
      1419  2.110091E-01
      1420  5.743652E-01
      1421  5.301984E-01
      1422  4.317907E-01
      1423  3.896530E-01
      1424  2.527666E-01
      1425  2.608869E-01
      1426  1.851511E-01
      1427  1.822790E-01
      1428  2.428958E+00
      1429  4.585445E-01
      1430  4.373122E-01
      1431  3.045525E-01
      1432  2.865699E-01
      1433  2.075260E-01
      1434  1.995321E-01
      1435  1.177164E-01
      1436  1.008634E-01
      1437  4.390721E-01
      1438  5.942904E-01
      1439  2.859178E-01
      1440  2.916097E-01
      1441  2.011373E-01
      1442  3.123606E-01
      1443  1.017858E-01
      1444  1.188675E-01
      1445  5.306298E-01
      1446  4.068134E-01
      1447  4.736554E-01
      1448  3.577512E-01
      1449  2.204212E-01
      1450  1.726943E-01
      1451  1.931494E-01
      1452  1.564867E-01
      1453  3.322370E-01
      1454  2.853883E-01
      1455  2.697815E-01
      1456  2.210359E-01
      1457  1.410636E-01
      1458  1.341029E-01
      1459  1.220045E-01
      1460  1.168441E-01
      1461  1.017187E+00
      1462  6.886385E-01
      1463  1.577040E-01
      1464  1.257534E-01
      1465  7.315763E-02
      1466  5.846506E-02
      1467  3.808150E-02
      1468  3.287540E-02
      1469  2.292505E-02
      1470  3.240406E-02
      1471  1.738446E-01
      1472  9.038852E-02
      1473  2.438456E-01
      1474  7.202987E-02
      1475  2.264390E-01
      1476  1.144059E-01
      1477  3.428695E-01
      1478  8.960029E-02
      1479  9.840344E-02
      1480  1.981414E-01
      1481  7.812591E-02
      1482  2.622207E-01
      1483  1.144587E-01
      1484  2.251040E-01
      1485  8.141307E-02
      1486  3.183812E-01
      1487  2.197742E-01
      1488  6.801522E-02
      1489  2.661584E-01
      1490  1.100245E-01
      1491  3.481876E-01
      1492  8.978637E-02
      1493  3.691734E-01
      1494  1.192686E-01
      1495  7.221756E-02
      1496  2.330344E-01
      1497  1.105457E-01
      1498  2.674743E-01
      1499  7.301534E-02
      1500  2.961082E-01
      1501  9.366343E-02
      1502  2.944381E-01
      1503  1.734564E+00
      1504  1.286463E+00
      1505  2.714849E-01
      1506  1.169862E-01
      1507  4.426131E-01
      1508  1.977744E-01
      1509  3.395409E-01
      1510  1.312277E-01
      1511  4.317760E-01
      1512  1.388242E-01
      1513  9.415858E-02
      1514  2.042947E-01
      1515  1.108354E-01
      1516  2.223226E-01
      1517  7.611572E-02
      1518  1.906504E-01
      1519  8.286070E-02
      1520  2.043035E-01
      1521  3.572187E-01
      1522  4.373725E-01
      1523  2.395994E-01
      1524  5.344349E-01
      1525  4.046194E-02
      1526  5.490972E-02
      1527  4.530795E-02
      1528  5.747051E-02
      1529  2.980354E-02
      1530  3.713478E-02
      1531  3.899528E-02
      1532  4.778343E-02
      1533  9.828023E-02
      1534  1.701495E-01
      1535  9.996319E-02
      1536  1.729257E-01
      1537  6.321445E-02
      1538  1.092955E-01
      1539  7.668933E-02
      1540  1.232424E-01
      1541  4.916893E-01
      1542  1.066910E+00
      1543  8.902731E-02
      1544  8.647434E-02
      1545  5.984944E-02
      1546  6.681287E-02
      1547  7.968372E-02
      1548  8.127883E-02
      1549  3.461435E-02
      1550  5.214943E-02
      1551  1.253395E-01
      1552  2.039995E-01
      1553  1.067697E-01
      1554  1.827989E-01
      1555  1.105280E-01
      1556  1.695469E-01
      1557  7.770486E-02
      1558  1.080289E-01
      1559  5.549654E-02
      1560  5.910934E-02
      1561  4.768253E-02
      1562  6.939079E-02
      1563  2.916225E-02
      1564  4.181291E-02
      1565  2.948687E-02
      1566  4.379841E-02
      1567  9.736374E-02
      1568  1.715353E-01
      1569  1.033817E-01
      1570  1.512585E-01
      1571  6.559855E-02
      1572  1.008270E-01
      1573  6.631871E-02
      1574  9.835789E-02
      1575  1.290549E-01
      1576  1.522765E-01
      1577  1.023123E-01
      1578  9.771053E-02
      1579  1.780540E-02
      1580  3.942526E-02
      1581  1.218752E-02
      1582  1.921602E-02
      1583  1.690056E-01
      1584  1.802994E-01
      1585  1.026220E-01
      1586  1.122951E-01
      1587  6.401299E-02
      1588  1.036607E-01
      1589  3.165154E-02
      1590  5.345303E-02
      1591  1.092684E+00
      1592  2.606167E-01
      1593  2.756018E-01
      1594  1.573175E-01
      1595  1.643182E-01
      1596  1.965019E-01
      1597  2.213940E-01
      1598  1.029189E-01
      1599  1.280165E-01
      1600  2.832379E-01
      1601  4.142854E-01
      1602  1.760160E-01
      1603  1.835096E-01
      1604  2.533955E-01
      1605  5.356371E-01
      1606  1.623754E-01
      1607  2.173184E-01
      1608  8.184394E-02
      1609  6.395658E-02
      1610  6.411935E-02
      1611  4.931047E-02
      1612  8.939366E-03
      1613  8.536061E-03
      1614  6.805511E-03
      1615  6.285884E-03
      1616  6.009640E-02
      1617  6.549429E-02
      1618  3.830894E-02
      1619  4.069309E-02
      1620  1.240540E-02
      1621  2.187673E-02
      1622  6.085247E-03
      1623  9.548223E-03
      1624  2.613938E-01
      1625  8.037406E-02
      1626  8.262660E-02
      1627  3.205306E-02
      1628  3.383962E-02
      1629  4.335973E-02
      1630  5.857486E-02
      1631  1.041258E-02
      1632  1.457343E-02
      1633  8.600196E-02
      1634  7.811616E-02
      1635  3.553904E-02
      1636  5.469403E-02
      1637  7.991357E-02
      1638  1.146165E-01
      1639  2.663816E-02
      1640  1.884198E-01
      1641  2.030063E-01
      1642  1.040474E-01
      1643  3.166476E-01
      1644  7.692164E-02
      1645  1.053437E-01
      1646  6.059129E-02
      1647  1.911536E-01
      1648  4.174419E-02
      1649  1.016272E-01
      1650  1.963844E-01
      1651  7.381338E-02
      1652  3.075707E-01
      1653  6.556430E-02
      1654  1.210887E-01
      1655  4.581508E-02
      1656  2.038329E-01
      1657  3.422504E-01
      1658  8.941326E-02
      1659  4.203070E-01
      1660  1.186525E-01
      1661  2.283063E-01
      1662  5.862191E-02
      1663  2.800670E-01
      1664  7.520658E-02
      1665  8.197747E-02
      1666  3.209503E-01
      1667  1.023765E-01
      1668  3.716956E-01
      1669  5.947267E-02
      1670  2.307827E-01
      1671  6.832635E-02
      1672  2.581697E-01
      1673  4.444843E-01
      1674  1.181563E-01
      1675  4.447579E-01
      1676  1.198945E-01
      1677  3.572287E-01
      1678  1.037039E-01
      1679  4.837963E-01
      1680  1.459143E-01
      1681  8.783047E-02
      1682  3.505952E-01
      1683  8.383024E-02
      1684  3.292268E-01
      1685  8.637432E-02
      1686  3.059314E-01
      1687  1.201818E-01
      1688  3.974132E-01
      1689  4.914076E-01
      1690  1.422427E-01
      1691  6.696487E-01
      1692  1.899373E-01
      1693  6.603203E-01
      1694  2.423502E-01
      1695  1.282257E+00
      1696  4.177849E-01
      1697  9.634466E-02
      1698  3.727862E-01
      1699  1.095798E-01
      1700  3.792256E-01
      1701  2.267834E-01
      1702  6.231595E-01
      1703  3.718647E-01
      1704  1.085597E+00
      1705  3.631460E-01
      1706  1.225691E+00
      1707  3.185242E-02
      1708  1.865414E-02
      1709  2.701901E-02
      1710  1.340896E-02
      1711  6.089114E-02
      1712  2.149233E-02
      1713  7.166679E-02
      1714  2.704983E-02
      1715  2.508342E-02
      1716  7.989913E-02
      1717  2.512422E-02
      1718  8.799573E-02
      1719  9.354531E-02
      1720  3.491822E-01
      1721  9.176756E-02
      1722  3.125969E-01
      1723  1.039190E-01
      1724  2.433844E-02
      1725  5.683938E-02
      1726  3.201101E-02
      1727  4.185122E-01
      1728  6.507910E-02
      1729  1.749449E-01
      1730  7.310866E-02
      1731  4.378138E-02
      1732  1.215662E-01
      1733  4.602813E-02
      1734  9.418712E-02
      1735  1.154112E-01
      1736  3.466553E-01
      1737  8.697812E-02
      1738  2.349861E-01
      1739  3.797501E-01
      1740  4.921664E-01
      1741  6.511881E-02
      1742  4.936541E-02
      1743  3.316844E-02
      1744  3.553239E-02
      1745  7.315157E-02
      1746  4.396124E-02
      1747  3.760070E-02
      1748  3.033273E-02
      1749  5.494469E-02
      1750  8.071397E-02
      1751  4.542011E-02
      1752  6.648293E-02
      1753  5.008675E-02
      1754  9.200259E-02
      1755  3.063026E-02
      1756  4.004604E-02
      1757  2.699959E-02
      1758  2.821021E-02
      1759  2.653097E-02
      1760  2.546362E-02
      1761  2.540435E-02
      1762  1.862312E-02
      1763  1.604570E-02
      1764  2.464473E-02
      1765  4.118369E-02
      1766  6.697305E-02
      1767  3.909523E-02
      1768  6.918008E-02
      1769  2.002600E-02
      1770  3.031464E-02
      1771  3.328280E-02
      1772  4.010708E-02
