
                        S T E P       1


                                INCREMENT     1


 displacements (vx,vy,vz) for set NALL and time  0.1000000E+01

         1  0.000000E+00  6.617445E-25 -6.617445E-25
         2  1.323489E-24  1.323489E-24 -1.323489E-24
         3  0.000000E+00 -4.135903E-26 -3.169756E-22
         4  6.617445E-25  0.000000E+00  4.863822E-23
         5  3.228083E-04 -4.879814E-08 -3.521029E-04
         6  3.252559E-04 -4.268872E-06  3.089653E-04
         7 -2.290525E-04  1.225798E-05 -3.560166E-04
         8 -2.301441E-04 -7.993726E-06  3.132666E-04
         9  1.562856E-03 -7.575167E-06 -1.904394E-03
        10  1.563668E-03  2.948516E-06  1.795976E-03
        11 -1.359078E-03  1.490839E-05 -1.905564E-03
        12 -1.359874E-03 -1.405608E-05  1.797270E-03
        13  2.850684E-03  1.294052E-06 -3.479793E-03
        14  2.850419E-03  3.539894E-06  3.386756E-03
        15 -2.624729E-03 -1.141033E-06 -3.480592E-03
        16 -2.625319E-03 -2.725564E-06  3.387920E-03
        17  3.948964E-03 -1.342967E-06 -4.747524E-03
        18  3.950494E-03  7.477788E-06  4.751018E-03
        19 -3.987540E-03 -9.104488E-06 -4.749997E-03
        20 -3.986496E-03  6.533528E-06  4.751436E-03
        21  5.000000E-03 -1.058791E-23 -6.000000E-03
        22  5.000000E-03  2.117582E-23  6.000000E-03
        23 -5.000000E-03  0.000000E+00 -6.000000E-03
        24 -5.000000E-03  4.531626E-21  6.000000E-03
        25  1.532619E-04 -4.653654E-06 -1.355509E-04
        26  9.364871E-05 -8.048472E-06  1.277477E-04
        27 -7.402039E-05  1.737092E-06 -1.369095E-04
        28 -1.311978E-04 -9.904611E-06  1.233283E-04
        29  6.870178E-04 -1.340744E-05 -6.746027E-04
        30  1.254500E-03 -2.320772E-05 -1.244214E-03
        31  1.595430E-03 -1.402569E-05 -1.714347E-03
        32  5.772097E-04 -1.169290E-05  5.276788E-04
        33  1.073680E-03 -2.168413E-05  9.881961E-04
        34  1.409692E-03 -1.461923E-05  1.518203E-03
        35 -2.537707E-04  2.736496E-06 -5.885370E-04
        36 -4.310190E-04 -4.197323E-06 -1.048379E-03
        37 -8.866206E-04  8.578535E-06 -1.608325E-03
        38 -4.914583E-04 -2.105794E-05  6.335741E-04
        39 -9.077570E-04 -3.119186E-05  1.150015E-03
        40 -1.240360E-03 -2.445981E-05  1.563381E-03
        41  2.363842E-03 -3.315099E-05 -2.625791E-03
        42  1.955982E-03 -8.757168E-06  2.484529E-03
        43 -1.685236E-03 -2.692878E-05 -2.613304E-03
        44 -2.029798E-03 -2.525994E-05  2.496860E-03
        45  3.735600E-03 -2.083980E-05 -3.995390E-03
        46  2.770004E-03 -1.317967E-05  4.038652E-03
        47 -2.906498E-03 -2.733906E-05 -4.003444E-03
        48 -3.899418E-03 -1.836869E-05  4.049586E-03
        49  5.236500E-07  6.574332E-07 -1.992021E-07
        50  4.581452E-07  3.650198E-06 -1.171840E-06
        51  7.964968E-07  3.008790E-06 -9.249401E-07
        52  7.377094E-07  2.690531E-06 -8.255853E-07
        53  4.300758E-07  3.160087E-06 -1.012640E-06
        54  5.015729E-07  4.837261E-07 -1.423113E-07
        55 -8.592771E-07  2.176443E-06  1.053254E-07
        56 -1.910095E-06  4.667419E-06 -1.306618E-07
        57 -1.065529E-06  2.515381E-06 -4.865982E-07
        58 -1.135240E-06  2.677937E-06 -5.380129E-07
        59 -2.016857E-06  4.926449E-06 -1.546637E-07
        60 -8.992839E-07  2.274082E-06  8.684865E-08
        61  1.562314E-03  1.476795E-06 -9.568136E-04
        62  1.562491E-03 -3.793938E-07  5.953903E-05
        63  1.561766E-03  1.070697E-06  1.016619E-03
        64 -1.361524E-03  2.372431E-05 -9.991916E-04
        65 -1.360350E-03  2.893421E-06  5.770733E-05
        66 -1.360805E-03 -1.378536E-05  1.056762E-03
        67  8.154282E-04 -5.498333E-06 -1.904975E-03
        68  5.972983E-05 -2.524312E-06 -1.904872E-03
        69 -6.760663E-04  6.877109E-06 -1.904149E-03
        70  8.900737E-04 -4.503707E-06  1.797254E-03
        71  6.045719E-05 -7.039883E-06  1.796665E-03
        72 -7.486995E-04 -4.933945E-06  1.796444E-03
        73  2.850341E-03 -7.522016E-06 -1.960266E-03
        74  2.850352E-03 -7.330790E-07 -2.794088E-05
        75  2.850003E-03  1.013764E-05  1.893168E-03
        76 -2.626542E-03  3.193725E-05 -1.996785E-03
        77 -2.625874E-03 -4.881107E-06 -6.629835E-05
        78 -2.626564E-03 -4.036363E-05  1.875516E-03
        79  1.621191E-03  1.406564E-05 -3.480358E-03
        80  9.285821E-05  1.133273E-06 -3.480317E-03
        81 -1.426413E-03 -1.395753E-05 -3.480651E-03
        82  1.638082E-03 -1.521144E-05  3.386375E-03
        83  1.169096E-04  6.124558E-06  3.386899E-03
        84 -1.404406E-03  2.389742E-05  3.386840E-03
        85  3.948048E-03 -3.224586E-05 -2.235180E-03
        86  3.949083E-03  1.189084E-05 -8.297087E-06
        87  3.948756E-03  4.741274E-05  2.225872E-03
        88 -3.987982E-03  7.941963E-06 -2.221737E-03
        89 -3.987567E-03 -8.417055E-06 -1.655702E-05
        90 -3.987566E-03 -1.852306E-05  2.195717E-03
        91  1.856817E-03  3.193146E-05 -4.749355E-03
        92 -2.810817E-06  1.439184E-06 -4.749391E-03
        93 -1.867715E-03 -3.633007E-05 -4.750672E-03
        94  1.858676E-03 -1.524324E-05  4.750017E-03
        95  1.675821E-05  1.199954E-05  4.750608E-03
        96 -1.843803E-03  3.555027E-05  4.750259E-03
        97  4.999446E-03 -9.701011E-06 -3.107505E-03
        98  4.999628E-03 -2.729089E-06 -1.446044E-06
        99  4.999347E-03  6.393933E-06  3.104597E-03
       100 -5.001592E-03  2.576517E-05 -3.114446E-03
       101 -5.000909E-03 -1.471259E-06 -5.990057E-06
       102 -5.001459E-03 -2.705745E-05  3.105793E-03
       103  2.590319E-03  1.567884E-05 -6.000648E-03
       104 -1.465917E-06 -5.538479E-07 -6.000236E-03
       105 -2.594048E-03 -1.529580E-05 -6.000275E-03
       106  2.587685E-03 -2.409560E-05  5.999284E-03
       107 -6.263608E-07 -4.435260E-06  5.999530E-03
       108 -2.588258E-03  1.904107E-05  5.999017E-03
       109 -4.633201E-05 -2.421725E-05 -1.177365E-03
       110  2.202345E-04  3.661821E-05 -1.171848E-03
       111 -1.926472E-04  6.507509E-07  1.032789E-03
       112  3.884337E-04 -1.785372E-05  1.075925E-03
       113  9.672709E-04  1.075132E-05  5.041576E-04
       114  1.012181E-03 -1.232838E-05 -5.441921E-04
       115 -7.591374E-04  3.953299E-05  5.140263E-04
       116 -7.092709E-04 -2.139806E-05 -5.313360E-04
       117 -1.382483E-05 -6.048247E-05 -2.626609E-03
       118  1.101329E-04  4.521963E-05 -2.634176E-03
       119  1.304812E-04  4.624805E-05  2.461475E-03
       120  2.555818E-04 -2.671967E-05  2.520529E-03
       121  2.133526E-03  2.030294E-05  7.223443E-04
       122  2.184652E-03 -1.237857E-05 -7.402320E-04
       123 -1.865501E-03  1.729303E-05  6.265367E-04
       124 -1.826038E-03 -1.446496E-05 -6.099500E-04

 forces (fx,fy,fz) for set RIGHT and time  0.1000000E+01

        21  4.231740E+03  3.430000E+02 -3.750457E+03
        22  4.040011E+03 -5.016713E+02  3.712989E+03
        23 -4.070117E+03 -1.014375E+03 -3.368334E+03
        24 -3.966839E+03  7.437125E+02  3.335303E+03

 internal energy (element, energy) for set ALL and time  0.1000000E+01

         1  1.853057E-03
         2  1.786468E-03
         3  4.361482E-03
         4  1.066203E-02
         5  4.763737E-03
         6  7.825020E-03
         7  3.524419E-03
         8  2.883434E-03
         9  2.539396E-03
        10  7.484708E-04
        11  1.778751E-03
        12  1.049754E-02
        13  8.168468E-03
        14  1.510899E-03
        15  3.012709E-03
        16  5.076311E-02
        17  2.387855E-03
        18  6.447832E-04
        19  3.683677E-03
        20  6.648355E-02
        21  2.923102E-03
        22  5.959642E-04
        23  3.690229E-04
        24  4.898086E-03
        25  2.203945E-02
        26  1.228372E-02
        27  1.382420E-01
        28  2.752079E-02
        29  1.308612E-01
        30  1.273213E-02
        31  1.974908E-02
        32  1.192074E-02
        33  1.341895E-02
        34  1.437880E-02
        35  1.423929E-02
        36  1.369348E-02
        37  2.145730E-02
        38  1.668693E-02
        39  1.480573E-02
        40  1.457795E-02
        41  2.173882E-01
        42  2.314366E-01
        43  1.521399E-01
        44  7.623238E-02
        45  6.234375E-04
        46  4.954468E-05
        47  2.501759E-04
        48  3.105214E-03
        49  2.619380E-03
        50  2.104319E-04
        51  4.741376E-05
        52  6.028361E-04
        53  4.911656E-04
        54  6.901299E-05
        55  2.083710E-04
        56  2.157450E-03
        57  2.559994E-03
        58  2.449334E-04
        59  7.080131E-05
        60  4.777189E-04
        61  1.906408E-01
        62  9.369019E-02
        63  1.499455E-01
        64  1.115238E-01
        65  6.591449E-03
        66  3.051789E-04
        67  5.476007E-03
        68  3.035749E-02
        69  3.328082E-02
        70  2.191399E-03
        71  7.632849E-03
        72  3.645728E-02
        73  1.788703E-03
        74  2.186013E-04
        75  1.604936E-03
        76  1.559418E-02
        77  3.365874E-02
        78  3.046368E-03
        79  5.359277E-03
        80  3.116535E-02
        81  1.122486E-01
        82  1.455435E-02
        83  1.717308E-02
        84  1.183931E-01
        85  1.141754E-01
        86  1.659672E-02
        87  1.360735E-02
        88  1.073681E-01
        89  8.342711E-02
        90  1.108131E-02
        91  1.280335E-02
        92  9.136198E-02
        93  7.358408E-02
        94  9.953274E-03
        95  1.003741E-02
        96  7.097652E-02
        97  4.585389E-02
        98  6.022503E-03
        99  7.034731E-03
       100  4.657259E-02
       101  7.384134E-02
       102  9.871880E-03
       103  1.180360E-02
       104  7.948260E-02
       105  4.159432E-02
       106  6.048066E-03
       107  6.981617E-03
       108  4.828870E-02
       109  6.630521E-02
       110  7.661426E-03
       111  1.254993E-02
       112  7.752012E-02
       113  3.071918E-02
       114  4.315133E-03
       115  4.308207E-03
       116  3.070535E-02
       117  2.865845E-02
       118  4.043322E-03
       119  3.493795E-03
       120  2.687289E-02
       121  3.347073E-02
       122  4.695045E-03
       123  4.661037E-03
       124  3.449643E-02
       125  2.353570E-02
       126  3.169295E-03
       127  3.371748E-03
       128  2.372511E-02
       129  4.582121E-01
       130  5.531348E-01
       131  4.153523E-01
       132  6.263190E-01
       133  5.139933E-01
       134  5.457232E-01
       135  4.912620E-01
       136  6.051193E-01
       137  1.370323E+00
       138  8.758530E-01
       139  1.332736E+00
       140  8.229804E-01
       141  8.448469E-01
       142  1.289517E+00
       143  9.674994E-01
       144  1.044324E+00
       145  1.789630E+00
       146  8.372759E-01
       147  2.028668E+00
       148  8.572297E-01
       149  8.120751E-01
       150  1.642090E+00
       151  7.858795E-01
       152  1.512463E+00
       153  1.540393E+00
       154  9.670337E-01
       155  1.206312E+00
       156  1.106724E+00
       157  1.224432E+00
       158  1.315012E+00
       159  9.977209E-01
       160  1.424506E+00
       161  1.667411E+00
       162  9.356576E-01
       163  1.753621E+00
       164  8.950756E-01
       165  9.505164E-01
       166  1.568459E+00
       167  9.639281E-01
       168  1.649170E+00
       169  1.939873E+00
       170  2.263739E+00
       171  2.122701E+00
       172  2.413111E+00
       173  2.250283E+00
       174  2.185100E+00
       175  2.742021E+00
       176  2.756216E+00
       177  2.273334E+00
       178  2.359225E+00
       179  2.212054E+00
       180  2.191998E+00
       181  2.276116E+00
       182  2.337054E+00
       183  1.997413E+00
       184  1.926498E+00

 total internal energy for set ALL and time  0.1000000E+01

        8.327302E+01
