
                        S T E P       1


                                INCREMENT     1


 displacements (vx,vy,vz) for set NALL and time  0.1000000E+01

         1  0.000000E+00  0.000000E+00 -1.323489E-24
         2  0.000000E+00 -1.323489E-24 -1.323489E-24
         3  0.000000E+00 -1.323489E-24 -6.617445E-25
         4 -6.617445E-25  6.617445E-25  2.868662E-22
         5  3.559525E-04 -2.236370E-05 -4.716145E-04
         6  3.564644E-04  2.110618E-05  4.931515E-04
         7 -4.446546E-04  9.093370E-06 -4.720984E-04
         8 -4.452553E-04 -9.675053E-06  4.934806E-04
         9  5.031922E-04 -2.148588E-05 -1.112388E-03
        10  5.033493E-04  1.978107E-05  1.069869E-03
        11 -6.271894E-04  2.525334E-05 -1.112753E-03
        12 -6.274724E-04 -2.122609E-05  1.070454E-03
        13  2.556576E-03 -2.695858E-05 -3.307851E-03
        14  2.555839E-03  2.492177E-05  3.233796E-03
        15 -2.655762E-03  3.195927E-05 -3.305987E-03
        16 -2.658417E-03 -1.730600E-05  3.234836E-03
        17  4.651163E-03 -4.767353E-06 -5.495909E-03
        18  4.651248E-03  1.584652E-05  5.479803E-03
        19 -4.617671E-03  8.273988E-06 -5.496104E-03
        20 -4.618029E-03 -7.509317E-06  5.479987E-03
        21  5.000000E-03 -4.235165E-23 -6.000000E-03
        22  5.000000E-03 -2.117582E-23  6.000000E-03
        23 -5.000000E-03 -4.235165E-23 -6.000000E-03
        24 -5.000000E-03  6.776264E-22  6.000000E-03
        25  1.762978E-03 -6.481747E-05 -2.296222E-03
        26  1.258193E-03 -7.770601E-06  2.098536E-03
        27 -1.129686E-03 -5.007169E-06 -2.086968E-03
        28 -1.849861E-03 -4.880176E-05  2.065172E-03
        29  2.795009E-03 -2.603947E-05 -3.310197E-03
        30  3.152419E-03 -3.071763E-05 -3.432965E-03
        31  3.577417E-03 -3.745122E-05 -3.704476E-03
        32  4.012068E-03 -4.084765E-05 -4.105623E-03
        33  4.392946E-03 -3.620694E-05 -4.582031E-03
        34  4.654811E-03 -2.386882E-05 -5.045541E-03
        35  4.742647E-03 -1.041362E-05 -5.381634E-03
        36  2.406149E-03  1.730944E-05  3.389153E-03
        37  2.408210E-03  6.160855E-06  3.678587E-03
        38  2.565600E-03 -3.486545E-06  4.052118E-03
        39  2.859152E-03 -7.201914E-06  4.467472E-03
        40  3.260479E-03 -3.370475E-06  4.875398E-03
        41  3.733201E-03  5.473083E-06  5.215310E-03
        42  4.224999E-03  1.409122E-05  5.425499E-03
        43 -2.699190E-03  1.997160E-05 -3.550416E-03
        44 -2.791052E-03  5.985224E-06 -3.908519E-03
        45 -2.945806E-03 -4.490537E-06 -4.309328E-03
        46 -3.175107E-03 -8.158709E-06 -4.705866E-03
        47 -3.480172E-03 -5.008562E-06 -5.054955E-03
        48 -3.848366E-03  1.765352E-06 -5.317724E-03
        49 -4.249274E-03  7.437694E-06 -5.462295E-03
        50 -2.905305E-03 -2.060586E-05  3.348382E-03
        51 -3.278069E-03 -2.752808E-05  3.525280E-03
        52 -3.711411E-03 -3.483396E-05  3.823014E-03
        53 -4.146404E-03 -3.825884E-05  4.231760E-03
        54 -4.514741E-03 -3.362046E-05  4.697991E-03
        55 -4.744071E-03 -2.219246E-05  5.128418E-03
        56 -4.772262E-03 -1.052789E-05  5.406202E-03
        57  5.185700E-03 -3.491711E-06 -5.548271E-03
        58  5.299897E-03 -6.529777E-06 -5.780246E-03
        59  5.236704E-03  5.848822E-07 -6.014936E-03
        60  4.220196E-03  9.612614E-06  5.636897E-03
        61  3.975778E-03  3.032855E-06  5.999138E-03
        62  4.279970E-03  6.581382E-06  6.169833E-03
        63 -4.177771E-03  2.751075E-06 -5.610710E-03
        64 -3.935573E-03 -1.446638E-06 -5.884305E-03
        65 -4.215377E-03  2.398596E-06 -6.069351E-03
        66 -5.101581E-03 -6.014354E-06  5.509091E-03
        67 -5.249026E-03 -9.024865E-06  5.702625E-03
        68 -5.193420E-03 -3.006718E-06  5.939961E-03
        69  8.927558E-07 -1.271886E-06  4.551614E-07
        70  6.376031E-07  7.125998E-07 -1.983205E-07
        71  9.447878E-07  1.992468E-06 -5.876320E-07
        72  9.185742E-07  3.047587E-06 -9.302019E-07
        73  5.535905E-07  3.240587E-06 -1.032183E-06
        74  6.766757E-07  2.085271E-07 -4.448899E-08
        75 -1.377848E-06  3.523412E-06  3.809558E-07
        76 -2.901106E-06  7.105776E-06 -4.699138E-08
        77 -1.526255E-06  3.621226E-06 -5.194051E-07
        78 -1.288870E-06  3.047741E-06 -5.386564E-07
        79 -2.356884E-06  5.763888E-06 -1.186373E-07
        80 -1.080727E-06  2.746765E-06  1.920979E-07
        81  3.555579E-04 -3.370491E-05 -2.910011E-04
        82  3.557348E-04 -2.969946E-05 -1.452155E-04
        83  3.561476E-04 -1.571182E-05 -2.587423E-05
        84  3.563554E-04  2.629658E-06  7.638039E-05
        85  3.562407E-04  2.009450E-05  1.706606E-04
        86  3.559673E-04  3.186365E-05  2.658714E-04
        87  3.559812E-04  3.344348E-05  3.707391E-04
        88 -4.453619E-04  2.670342E-05 -3.553590E-04
        89 -4.455234E-04  2.856778E-05 -2.526473E-04
        90 -4.453130E-04  1.902782E-05 -1.564393E-04
        91 -4.452210E-04  3.222647E-06 -5.896083E-05
        92 -4.454198E-04 -1.346816E-05  4.734299E-05
        93 -4.457863E-04 -2.529191E-05  1.699333E-04
        94 -4.458311E-04 -2.601683E-05  3.163793E-04
        95  2.059902E-04 -5.329237E-06 -4.723784E-04
        96  8.290146E-05  1.422365E-06 -4.727214E-04
        97 -1.907299E-05  7.185729E-07 -4.727573E-04
        98 -1.064638E-04 -4.109911E-06 -4.727737E-04
        99 -1.858431E-04 -9.535751E-06 -4.728854E-04
       100 -2.639968E-04 -1.178905E-05 -4.729954E-04
       101 -3.479824E-04 -6.867908E-06 -4.728983E-04
       102  2.548692E-04  4.029712E-06  4.923113E-04
       103  1.678423E-04 -1.222514E-06  4.921854E-04
       104  8.857918E-05  1.289315E-06  4.922935E-04
       105  9.727584E-06  7.345566E-06  4.924000E-04
       106 -7.597300E-05  1.296479E-05  4.923997E-04
       107 -1.757138E-04  1.437818E-05  4.924043E-04
       108 -2.966816E-04  7.901192E-06  4.927361E-04
       109  5.036410E-04 -1.353021E-06  4.640497E-05
       110 -6.273981E-04  2.422721E-06 -8.767569E-05
       111 -1.163155E-04 -1.111299E-06 -1.113147E-03
       112 -6.098231E-06  2.338557E-06  1.069240E-03
       113  2.558114E-03 -1.714783E-05 -4.761503E-05
       114 -2.657685E-03  4.903183E-05 -2.544649E-05
       115 -4.457864E-05 -3.948422E-05 -3.306600E-03
       116 -6.390517E-05  1.071461E-05  3.232659E-03
       117  4.652613E-03 -5.660980E-07 -2.044813E-07
       118 -4.618311E-03  2.297523E-07  3.544970E-06
       119 -3.237560E-07  1.265923E-06 -5.495526E-03
       120 -6.896345E-06  3.638513E-06  5.478973E-03
       121  4.998966E-03 -2.234279E-05 -3.065670E-03
       122  4.999404E-03 -4.145153E-06 -3.513209E-05
       123  4.999001E-03  1.584771E-05  3.013025E-03
       124 -5.001413E-03  2.828511E-05 -2.983320E-03
       125 -5.000838E-03 -2.037846E-06  4.842344E-05
       126 -5.001489E-03 -3.183288E-05  3.055988E-03
       127  2.563766E-03 -1.246966E-05 -5.999497E-03
       128  5.439147E-05  3.092660E-06 -5.999631E-03
       129 -2.483145E-03  1.811777E-05 -5.999194E-03
       130  2.514491E-03  3.016905E-05  6.001119E-03
       131 -1.362214E-05  1.659828E-05  6.000394E-03
       132 -2.536157E-03 -1.589225E-06  6.000270E-03
       133  6.029770E-05  3.611824E-05 -3.291287E-04
       134  2.278891E-04  8.918869E-05 -6.955748E-04
       135  7.752605E-05  4.148832E-05 -5.462270E-04
       136  2.164984E-05 -2.482718E-05 -2.617674E-04
       137 -2.287340E-04 -6.114875E-05 -5.303968E-04
       138 -2.232202E-04 -2.886048E-05 -4.485917E-04
       139  1.673471E-05 -4.137429E-05  3.645437E-04
       140  1.706906E-04 -9.780932E-05  7.497421E-04
       141  8.404367E-05 -4.351613E-05  5.703136E-04
       142 -5.031174E-06  3.377030E-05  3.096325E-04
       143 -9.458952E-05  7.860887E-05  6.294624E-04
       144 -1.607759E-05  3.697992E-05  5.060926E-04
       145 -4.311005E-04  1.369563E-04  1.937162E-05
       146 -6.199898E-04  1.994580E-04 -3.310473E-05
       147 -5.110927E-05  8.707586E-05  9.545868E-05
       148 -4.081148E-04 -1.304922E-04  5.149821E-05
       149 -6.083772E-04 -1.967826E-04  1.702387E-04
       150 -6.346558E-05 -9.013246E-05  1.081477E-05
       151  4.091644E-04 -1.317514E-04 -1.179054E-04
       152  6.118940E-04 -1.991364E-04 -2.506132E-04
       153  3.284500E-05 -8.684935E-05 -3.957996E-05
       154  4.010629E-04  1.295385E-04  4.887901E-05
       155  5.906363E-04  1.936453E-04  1.163874E-04
       156  2.111908E-05  8.356929E-05 -4.901742E-05
       157  3.198009E-04  3.771438E-05 -1.595942E-03
       158  6.793799E-04  3.292651E-04 -3.481242E-03
       159  1.403505E-03  7.555129E-04 -6.010442E-03
       160  1.613760E-03  9.837854E-04 -7.265309E-03
       161  9.532372E-04  8.323008E-04 -6.594893E-03
       162 -3.646640E-04  3.901914E-04 -4.697011E-03
       163 -1.631547E-03  6.962535E-05 -3.419696E-03
       164 -3.415405E-04 -3.058518E-05 -1.590460E-03
       165  3.271663E-04 -3.175532E-04 -3.444515E-03
       166  1.236405E-03 -7.349965E-04 -5.928147E-03
       167  1.748946E-03 -9.601894E-04 -7.169747E-03
       168  1.711332E-03 -8.193855E-04 -6.553913E-03
       169  1.465600E-03 -4.001156E-04 -4.758124E-03
       170  1.752499E-03 -9.005974E-05 -3.531331E-03
       171  1.796289E-04 -4.544086E-05  1.591178E-03
       172 -5.868153E-04 -3.480871E-04  3.544748E-03
       173 -1.607598E-03 -7.785672E-04  6.097471E-03
       174 -2.181865E-03 -1.007623E-03  7.355604E-03
       175 -2.112652E-03 -8.552297E-04  6.680026E-03
       176 -1.754093E-03 -4.083483E-04  4.760545E-03
       177 -1.920225E-03 -7.310331E-05  3.421008E-03
       178 -3.451786E-04  3.563788E-05  1.546000E-03
       179 -4.962872E-04  3.233360E-04  3.408698E-03
       180 -9.622535E-04  7.402467E-04  5.888267E-03
       181 -9.834967E-04  9.630642E-04  7.117706E-03
       182 -2.934972E-04  8.181527E-04  6.482011E-03
       183  8.688680E-04  3.929187E-04  4.660761E-03
       184  1.840485E-03  7.752121E-05  3.409100E-03
       185  1.866156E-04  8.158901E-05 -6.797361E-04
       186 -1.857983E-03  6.696393E-04  6.190990E-05
       187 -4.959157E-03  1.511245E-03  1.088339E-03
       188 -6.136780E-03  1.816282E-03  1.893726E-03
       189 -4.280601E-03  1.399685E-03  2.248077E-03
       190 -4.773189E-04  6.023117E-04  2.302291E-03
       191  2.115732E-03  9.711428E-05  2.595185E-03
       192  1.798577E-04 -8.575246E-05  7.048160E-04
       193 -1.795675E-03 -6.556302E-04  7.605372E-04
       194 -4.782108E-03 -1.467428E-03  1.144441E-03
       195 -5.953319E-03 -1.771887E-03  9.790613E-04
       196 -4.210416E-03 -1.382352E-03 -4.559338E-05
       197 -5.441158E-04 -6.151042E-04 -1.593756E-03
       198  2.035699E-03 -1.133322E-04 -2.724024E-03
       199 -3.160215E-04 -7.557628E-05 -8.571201E-04
       200  1.676469E-03 -6.490828E-04 -8.090543E-04
       201  4.720529E-03 -1.475114E-03 -8.873069E-04
       202  5.888033E-03 -1.777456E-03 -6.233509E-04
       203  4.080987E-03 -1.371956E-03  1.854398E-04
       204  3.563869E-04 -5.912110E-04  1.382588E-03
       205 -2.189814E-03 -9.473811E-05  2.441315E-03
       206 -3.193051E-04  7.909299E-05  7.059481E-04
       207  1.621114E-03  6.393523E-04 -1.687201E-04
       208  4.611406E-03  1.451960E-03 -1.519530E-03
       209  5.830971E-03  1.768412E-03 -2.444272E-03
       210  4.164234E-03  1.396263E-03 -2.605622E-03
       211  5.627038E-04  6.428119E-04 -2.320218E-03
       212 -2.020022E-03  1.397882E-04 -2.515796E-03
       213  2.113328E-03  2.242227E-05 -3.727941E-03
       214  2.110146E-03  3.192863E-04 -5.647416E-03
       215  2.354508E-03  7.674276E-04 -8.304991E-03
       216  1.988216E-03  1.019567E-03 -9.686566E-03
       217  6.919571E-04  8.813464E-04 -9.080792E-03
       218 -1.263224E-03  4.330999E-04 -7.157165E-03
       219 -3.095254E-03  8.574284E-05 -5.769706E-03
       220 -2.258530E-03 -4.054384E-05 -3.891026E-03
       221 -1.345175E-03 -3.397466E-04 -5.824065E-03
       222 -2.505510E-05 -7.629979E-04 -8.343189E-03
       223  1.023658E-03 -9.814825E-04 -9.551392E-03
       224  1.614682E-03 -8.211258E-04 -8.843874E-03
       225  2.063794E-03 -3.784824E-04 -6.946785E-03
       226  3.092773E-03 -6.069780E-05 -5.689399E-03
       227  1.885641E-03 -4.629058E-05  3.794891E-03
       228  7.334995E-04 -3.599374E-04  5.818491E-03
       229 -7.269705E-04 -8.100866E-04  8.486662E-03
       230 -1.784055E-03 -1.055820E-03  9.833791E-03
       231 -2.236360E-03 -9.080540E-04  9.181573E-03
       232 -2.441539E-03 -4.496885E-04  7.213069E-03
       233 -3.224517E-03 -9.225401E-05  5.781597E-03
       234 -2.156247E-03  5.886913E-05  3.833161E-03
       235 -2.032972E-03  3.709378E-04  5.851227E-03
       236 -2.130796E-03  8.080513E-04  8.449038E-03
       237 -1.670928E-03  1.038086E-03  9.718004E-03
       238 -3.881557E-04  8.832551E-04  9.036376E-03
       239  1.459854E-03  4.336924E-04  7.109479E-03
       240  3.171565E-03  9.175489E-05  5.748708E-03
       241  2.279585E-03  6.462237E-05 -2.255866E-03
       242  2.407559E-04  6.511041E-04 -8.889255E-04
       243 -2.890394E-03  1.500581E-03  7.678156E-04
       244 -4.135001E-03  1.822236E-03  2.187868E-03
       245 -2.355437E-03  1.423181E-03  3.120231E-03
       246  1.407053E-03  6.343191E-04  3.697218E-03
       247  4.066628E-03  1.159275E-04  4.440069E-03
       248  2.214279E-03 -8.542085E-05  2.301057E-03
       249  2.731492E-04 -6.452166E-04  1.775071E-03
       250 -2.625535E-03 -1.432986E-03  1.566644E-03
       251 -3.766288E-03 -1.729358E-03  8.426668E-04
       252 -2.084120E-03 -1.353327E-03 -6.949769E-04
       253  1.478768E-03 -6.075551E-04 -2.729706E-03
       254  4.043709E-03 -1.082898E-04 -4.372445E-03
       255 -2.573711E-03 -2.531167E-06 -2.538471E-03
       256 -7.104117E-04 -5.399613E-04 -1.913463E-03
       257  2.351745E-03 -1.370758E-03 -1.342249E-03
       258  3.637684E-03 -1.702670E-03 -4.110860E-04
       259  1.985869E-03 -1.332917E-03  1.034231E-03
       260 -1.606484E-03 -5.802299E-04  2.795898E-03
       261 -4.113101E-03 -9.180508E-05  4.314539E-03
       262 -2.435495E-03  5.762125E-05  2.407358E-03
       263 -6.610342E-04  5.708475E-04  1.008733E-03
       264  2.119770E-03  1.326691E-03 -9.502017E-04
       265  3.239149E-03  1.617569E-03 -2.545188E-03
       266  1.643136E-03  1.261131E-03 -3.388076E-03
       267 -1.752606E-03  5.508453E-04 -3.722386E-03
       268 -4.128805E-03  8.838088E-05 -4.379192E-03
       269  8.735403E-04  9.414457E-06 -5.849830E-03
       270 -7.186980E-04 -2.099855E-06 -5.824805E-03
       271  8.267699E-04  1.395410E-05  5.750737E-03
       272 -7.371998E-04  1.470895E-05  5.875644E-03
       273  4.838823E-03 -7.179059E-06  1.106112E-03
       274  4.796353E-03  3.136511E-06 -1.071868E-03
       275 -4.696012E-03 -1.523291E-05  9.572282E-04
       276 -4.709457E-03  1.291125E-05 -9.791167E-04

 forces (fx,fy,fz) for set RIGHT and time  0.1000000E+01

        21  1.040767E+03 -4.002729E+01 -1.056922E+03
        22  1.065055E+03  2.720727E+01  1.375790E+03
        23 -9.915778E+02  1.735149E+02 -8.048127E+02
        24 -1.079738E+03  2.728275E+01  4.745903E+02

 internal energy (element, energy) for set ALL and time  0.1000000E+01

         1  4.253043E-02
         2  4.366846E-02
         3  4.720405E-02
         4  2.270157E-02
         5  1.359733E-02
         6  1.760215E-02
         7  2.782439E-02
         8  2.269276E-02
         9  2.529059E-02
        10  1.798334E-02
        11  1.372537E-02
        12  1.385647E-02
        13  8.944688E-03
        14  1.527520E-02
        15  1.033681E-02
        16  1.194055E-02
        17  3.525332E-03
        18  2.896743E-03
        19  2.736867E-03
        20  2.367446E-03
        21  2.061943E-03
        22  2.190621E-03
        23  3.517551E-03
        24  4.462463E-03
        25  4.479575E-03
        26  3.223282E-03
        27  2.495629E-03
        28  2.141227E-03
        29  2.102377E-03
        30  2.539415E-03
        31  3.474078E-03
        32  3.623035E-03
        33  4.786362E-03
        34  2.022579E-03
        35  1.691234E-03
        36  1.713596E-03
        37  1.869992E-03
        38  2.121777E-03
        39  2.589144E-03
        40  4.149838E-03
        41  6.729111E-03
        42  2.826162E-03
        43  2.527197E-03
        44  2.243174E-03
        45  2.000681E-03
        46  2.382371E-03
        47  4.056432E-03
        48  2.867484E-03
        49  3.023642E-03
        50  7.759255E-04
        51  3.109220E-03
        52  3.892906E-03
        53  1.306309E-03
        54  5.105501E-04
        55  9.804498E-04
        56  1.988642E-03
        57  2.860303E-03
        58  2.795246E-04
        59  6.822915E-04
        60  1.062697E-03
        61  2.436328E-03
        62  5.702074E-04
        63  1.416273E-03
        64  1.945540E-03
        65  2.820510E-03
        66  2.182454E-04
        67  2.719960E-04
        68  3.486209E-03
        69  3.890113E-03
        70  3.103303E-04
        71  9.528889E-05
        72  1.229887E-03
        73  2.282945E-03
        74  2.576176E-04
        75  3.338054E-04
        76  3.191260E-03
        77  2.847010E-03
        78  2.814122E-04
        79  1.251988E-04
        80  9.797931E-04
        81  3.003694E-03
        82  1.892950E-03
        83  9.498924E-04
        84  3.841588E-04
        85  1.352123E-04
        86  1.812647E-04
        87  5.290079E-04
        88  1.131083E-03
        89  1.978264E-03
        90  9.216885E-04
        91  2.627698E-04
        92  1.253625E-04
        93  4.775678E-04
        94  1.339602E-03
        95  2.825361E-03
        96  4.578823E-03
        97  2.509903E-03
        98  1.682748E-03
        99  9.157185E-04
       100  4.104463E-04
       101  1.487972E-04
       102  1.574546E-04
       103  4.839750E-04
       104  1.130068E-03
       105  2.448143E-03
       106  1.130325E-03
       107  2.869490E-04
       108  9.009705E-05
       109  4.645828E-04
       110  1.375157E-03
       111  2.895912E-03
       112  4.625350E-03
       113  9.864132E-03
       114  2.664328E-03
       115  2.644689E-03
       116  8.836472E-03
       117  6.455162E-02
       118  4.305718E-02
       119  4.205339E-02
       120  6.442212E-02
       121  2.638246E-03
       122  2.325712E-03
       123  5.489231E-03
       124  5.817673E-03
       125  1.898701E-03
       126  5.314459E-03
       127  3.043061E-03
       128  4.626615E-03
       129  7.250901E-03
       130  5.941614E-03
       131  4.043579E-03
       132  2.276580E-03
       133  2.347535E-03
       134  2.331040E-03
       135  1.004820E-03
       136  1.133950E-03
       137  7.572425E-03
       138  1.550469E-03
       139  5.025226E-04
       140  4.830045E-03
       141  1.731891E-03
       142  2.963537E-04
       143  6.069921E-04
       144  2.730025E-03
       145  3.240537E-03
       146  1.119638E-03
       147  3.935101E-04
       148  1.636570E-03
       149  5.720233E-03
       150  9.280449E-04
       151  9.825665E-04
       152  4.525722E-03
       153  3.808589E-02
       154  3.030197E-02
       155  3.201604E-02
       156  4.353496E-02
       157  4.588721E-02
       158  2.073848E-02
       159  2.768136E-02
       160  2.831833E-02
       161  4.326178E-02
       162  2.789727E-02
       163  3.313356E-02
       164  4.878639E-02
       165  3.286879E-02
       166  2.417678E-02
       167  2.737334E-02
       168  3.363595E-02
       169  4.298591E-02
       170  2.967214E-02
       171  2.397017E-02
       172  3.025359E-02
       173  4.265285E-02
       174  3.206790E-02
       175  2.550389E-02
       176  3.338598E-02
       177  5.316976E-02
       178  4.053023E-02
       179  3.617046E-02
       180  3.940298E-02
       181  5.043789E-02
       182  3.786294E-02
       183  3.516771E-02
       184  3.881979E-02
       185  2.075323E-01
       186  2.480699E-01
       187  2.098908E-01
       188  2.105102E-01
       189  1.729075E-01
       190  2.056897E-01
       191  1.741570E-01
       192  1.903755E-01
       193  1.286576E-01
       194  1.521539E-01
       195  4.559331E-02
       196  1.334954E-01
       197  1.363718E-01
       198  4.305230E-02
       199  1.459510E-01
       200  7.696887E-02
       201  1.391215E-01
       202  1.584040E-01
       203  4.939434E-02
       204  1.380996E-01
       205  1.418380E-01
       206  4.423596E-02
       207  1.479117E-01
       208  4.977732E-02
       209  1.474519E-01
       210  1.421713E-01
       211  4.007469E-02
       212  1.279823E-01
       213  1.311389E-01
       214  3.787775E-02
       215  1.360374E-01
       216  8.454576E-02
       217  1.455465E-01
       218  1.530341E-01
       219  4.422741E-02
       220  1.343215E-01
       221  1.368892E-01
       222  3.906853E-02
       223  1.420789E-01
       224  7.883504E-02
       225  8.915281E-02
       226  2.063827E-01
       227  4.688448E-02
       228  1.888846E-01
       229  1.834590E-01
       230  4.448070E-02
       231  2.505110E-01
       232  1.405066E-01
       233  1.010311E-01
       234  2.185166E-01
       235  4.998352E-02
       236  1.996074E-01
       237  1.983601E-01
       238  5.173004E-02
       239  2.530569E-01
       240  1.567079E-01
       241  7.549807E-02
       242  2.017973E-01
       243  4.899194E-02
       244  1.867866E-01
       245  1.823568E-01
       246  4.867555E-02
       247  2.413041E-01
       248  1.224940E-01
       249  8.217416E-02
       250  2.236813E-01
       251  5.345082E-02
       252  2.010033E-01
       253  2.028227E-01
       254  5.912678E-02
       255  2.396300E-01
       256  1.305769E-01
       257  1.357237E-01
       258  1.752743E-01
       259  4.805649E-02
       260  1.411540E-01
       261  1.491121E-01
       262  4.919321E-02
       263  1.391347E-01
       264  7.271444E-02
       265  1.289937E-01
       266  1.594690E-01
       267  5.506651E-02
       268  1.497267E-01
       269  1.499509E-01
       270  4.636570E-02
       271  1.636882E-01
       272  5.440008E-02
       273  1.452057E-01
       274  1.545793E-01
       275  4.171457E-02
       276  1.353606E-01
       277  1.411965E-01
       278  4.198172E-02
       279  1.339454E-01
       280  8.601666E-02
       281  1.526932E-01
       282  1.574248E-01
       283  4.838128E-02
       284  1.464215E-01
       285  1.480442E-01
       286  4.204385E-02
       287  1.469283E-01
       288  8.615831E-02
       289  9.440375E-02
       290  2.123391E-01
       291  4.578716E-02
       292  1.858568E-01
       293  1.840852E-01
       294  4.591589E-02
       295  2.329831E-01
       296  1.392842E-01
       297  9.870766E-02
       298  2.027618E-01
       299  4.667115E-02
       300  1.865450E-01
       301  1.861538E-01
       302  4.910660E-02
       303  2.276825E-01
       304  1.471093E-01
       305  8.152744E-02
       306  2.250540E-01
       307  4.785628E-02
       308  1.814219E-01
       309  1.827874E-01
       310  5.081305E-02
       311  2.251301E-01
       312  1.189261E-01
       313  7.125895E-02
       314  2.080522E-01
       315  5.120263E-02
       316  1.820078E-01
       317  1.817251E-01
       318  5.354350E-02
       319  2.239395E-01
       320  1.216240E-01
       321  1.133877E-01
       322  1.048853E-01
       323  1.070904E-01
       324  9.538584E-02
       325  1.030910E-01
       326  1.011064E-01
       327  1.109600E-01
       328  1.033218E-01
       329  1.125015E-01
       330  8.993976E-02
       331  1.261085E-01
       332  1.035141E-01
       333  9.561097E-02
       334  1.187535E-01
       335  9.858378E-02
       336  1.212786E-01

 total internal energy for set ALL and time  0.1000000E+01

        2.157919E+01
