
                        S T E P       1


                                INCREMENT     1


 displacements (vx,vy,vz) for set NALL and time  0.1000000E+01

         1  0.000000E+00  2.067952E-26  0.000000E+00
         2  0.000000E+00  0.000000E+00  3.308722E-25
         3  3.308722E-25  0.000000E+00  3.126743E-23
         4  0.000000E+00 -1.654361E-25  3.689226E-23
         5  1.608311E-04  5.065707E-07 -1.972574E-04
         6  1.612336E-04  8.777215E-06  1.965355E-04
         7 -1.659345E-04  8.302259E-06 -1.961164E-04
         8 -1.660245E-04  2.041932E-06  1.955411E-04
         9  9.757857E-04  4.659017E-06 -1.154754E-03
        10  9.755337E-04  1.054449E-05  1.186173E-03
        11 -9.724321E-04  1.101105E-05 -1.154538E-03
        12 -9.727544E-04  7.333838E-06  1.185617E-03
        13  1.271486E-03 -6.090263E-06 -1.635171E-03
        14  1.270933E-03  2.715894E-05  1.588117E-03
        15 -1.194030E-03  3.205912E-05 -1.635097E-03
        16 -1.194569E-03 -3.085121E-06  1.587711E-03
        17  1.490668E-03 -1.479637E-05 -2.414886E-03
        18  1.490994E-03  4.509102E-05  2.355748E-03
        19 -1.503713E-03  4.209154E-05 -2.415579E-03
        20 -1.503962E-03 -8.483647E-06  2.355774E-03
        21  5.000000E-03 -6.776264E-22 -6.000000E-03
        22  5.000000E-03  0.000000E+00  6.000000E-03
        23 -5.000000E-03  6.776264E-20 -6.000000E-03
        24 -5.000000E-03 -2.574980E-20  6.000000E-03
        25  6.646154E-04 -1.363716E-05 -6.943352E-04
        26  5.008075E-04 -5.035020E-06  7.096608E-04
        27 -4.994812E-04 -5.731057E-06 -6.938206E-04
        28 -6.638362E-04 -8.512063E-06  7.076186E-04
        29  1.446947E-03 -1.551957E-05 -2.478318E-03
        30  1.267882E-03 -1.893192E-05 -2.622694E-03
        31  1.176265E-03 -2.916514E-05 -3.098948E-03
        32  1.341736E-03 -3.520952E-05 -3.990740E-03
        33  1.847578E-03 -2.229665E-05 -5.159346E-03
        34  2.689431E-03  6.636289E-06 -6.202325E-03
        35  3.781644E-03  2.342326E-05 -6.533710E-03
        36  1.377636E-03  3.739459E-05  2.550754E-03
        37  1.200674E-03  2.241618E-05  2.973892E-03
        38  1.000968E-03  4.447323E-06  3.717367E-03
        39  8.890122E-04 -3.511945E-06  4.743725E-03
        40  1.035983E-03  8.021714E-06  5.862548E-03
        41  1.649878E-03  3.262173E-05  6.738143E-03
        42  3.010429E-03  3.727611E-05  6.857283E-03
        43 -1.420553E-03  3.443530E-05 -2.602381E-03
        44 -1.241570E-03  1.956553E-05 -3.015538E-03
        45 -1.019114E-03  2.266367E-06 -3.729010E-03
        46 -8.747281E-04 -5.437856E-06 -4.708679E-03
        47 -9.856363E-04  5.568541E-06 -5.780779E-03
        48 -1.560828E-03  2.924265E-05 -6.634068E-03
        49 -2.890271E-03  3.627012E-05 -6.799033E-03
        50 -1.509740E-03 -1.088021E-05  2.459767E-03
        51 -1.371628E-03 -1.726605E-05  2.666660E-03
        52 -1.287839E-03 -2.884010E-05  3.182018E-03
        53 -1.422057E-03 -3.507949E-05  4.055329E-03
        54 -1.867729E-03 -2.323056E-05  5.147300E-03
        55 -2.652521E-03  3.132050E-06  6.103713E-03
        56 -3.740157E-03  1.893681E-05  6.425026E-03
        57  4.046303E-07 -1.239974E-09  2.796403E-07
        58  5.437766E-07  3.127803E-09  3.777416E-07
        59 -7.857991E-08  1.050783E-08 -8.793395E-08
        60  1.885553E-08  6.836905E-09  1.837023E-08
        61  1.270958E-03 -1.311857E-05 -8.721743E-04
        62  1.271270E-03  6.867766E-06 -1.650039E-05
        63  1.270682E-03  3.048933E-05  8.348053E-04
        64 -1.194135E-03  3.343390E-05 -8.798706E-04
        65 -1.193957E-03  1.728209E-05 -2.604271E-05
        66 -1.194392E-03 -1.834262E-06  8.297943E-04
        67  6.716126E-04  1.420653E-05 -1.636117E-03
        68  3.749037E-05  1.228015E-05 -1.636015E-03
        69 -5.963911E-04  1.104379E-05 -1.636033E-03
        70  6.749000E-04  9.499017E-06  1.587467E-03
        71  4.076385E-05  9.578836E-06  1.587325E-03
        72 -5.948866E-04  1.205521E-05  1.587191E-03
        73  1.491190E-03 -5.330392E-06 -1.352265E-03
        74  1.491606E-03  1.611577E-05 -9.694905E-06
        75  1.491291E-03  3.669876E-05  1.322248E-03
        76 -1.504252E-03  4.380938E-05 -1.355980E-03
        77 -1.503664E-03  1.730719E-05 -5.438029E-06
        78 -1.504269E-03 -9.556667E-06  1.333579E-03
        79  7.570365E-04  1.069924E-05 -2.415984E-03
        80 -9.598198E-06  1.443997E-05 -2.416183E-03
        81 -7.746359E-04  1.731979E-05 -2.416136E-03
        82  7.681225E-04  1.729498E-05  2.354570E-03
        83 -1.452851E-05  1.693904E-05  2.354561E-03
        84 -7.930724E-04  1.801015E-05  2.354449E-03
        85  4.989374E-03 -2.493069E-04 -4.522297E-03
        86  4.987424E-03 -2.816337E-04 -3.059874E-03
        87  4.990253E-03 -1.619504E-04 -1.602864E-03
        88  4.991650E-03  3.531346E-05 -1.407379E-04
        89  4.989490E-03  2.330364E-04  1.337571E-03
        90  4.985973E-03  3.498707E-04  2.844350E-03
        91  4.987878E-03  2.993388E-04  4.393766E-03
        92 -5.016609E-03  3.496337E-04 -4.663841E-03
        93 -5.017873E-03  4.125235E-04 -3.216985E-03
        94 -5.013861E-03  2.857014E-04 -1.692780E-03
        95 -5.011042E-03  6.856182E-05 -1.249598E-04
        96 -5.012241E-03 -1.476411E-04  1.455624E-03
        97 -5.014830E-03 -2.799186E-04  3.020605E-03
        98 -5.013168E-03 -2.521948E-04  4.543348E-03
        99  3.742312E-03 -1.142257E-04 -5.993227E-03
       100  2.443819E-03 -1.187555E-04 -5.992681E-03
       101  1.122889E-03 -4.764528E-05 -5.993851E-03
       102 -1.983801E-04  5.998246E-05 -5.994243E-03
       103 -1.495954E-03  1.629321E-04 -5.992657E-03
       104 -2.744814E-03  2.176199E-04 -5.990696E-03
       105 -3.919972E-03  1.779522E-04 -5.991313E-03
       106  3.632525E-03  1.806790E-04  6.006491E-03
       107  2.316768E-03  2.259432E-04  6.007689E-03
       108  1.044413E-03  1.789320E-04  6.005570E-03
       109 -1.949643E-04  8.447448E-05  6.003908E-03
       110 -1.411450E-03 -1.645001E-05  6.003992E-03
       111 -2.613841E-03 -8.632215E-05  6.005050E-03
       112 -3.808741E-03 -9.049397E-05  6.004181E-03
       113  5.838038E-06  1.376591E-05 -1.224984E-04
       114  1.784315E-05  3.602515E-05 -2.717410E-04
       115 -3.910314E-05  2.140218E-05 -2.289575E-04
       116  1.619047E-05 -1.519627E-05 -1.462432E-04
       117 -4.636384E-05 -3.826086E-05 -3.076963E-04
       118 -3.286985E-05 -1.633357E-05 -2.413118E-04
       119 -2.100248E-05 -1.570643E-05  1.478947E-04
       120  2.782679E-06 -4.440871E-05  3.390805E-04
       121 -1.147974E-05 -2.268417E-05  2.697684E-04
       122  1.205981E-05  1.360578E-05  1.220257E-04
       123  2.793515E-05  3.398991E-05  2.616467E-04
       124  7.206914E-05  1.902142E-05  2.185725E-04
       125 -1.901480E-04  6.077228E-05  1.890105E-05
       126 -2.583981E-04  8.469046E-05  3.087783E-05
       127  1.354015E-06  3.354611E-05  8.666972E-05
       128 -1.402883E-04 -4.516984E-05  1.566546E-05
       129 -1.897828E-04 -6.314722E-05  4.354645E-05
       130  1.922097E-05 -2.194818E-05 -2.724413E-05
       131  1.359736E-04 -4.385174E-05 -3.700040E-05
       132  1.793135E-04 -6.007943E-05 -6.834031E-05
       133 -2.765753E-05 -1.956534E-05  1.508173E-05
       134  1.739790E-04  5.625914E-05  9.467506E-06
       135  2.420725E-04  8.040076E-05  3.316409E-06
       136 -2.294751E-06  3.320033E-05 -6.931118E-05
       137  1.606710E-04  6.361514E-05 -7.958225E-04
       138  1.565813E-04  2.066466E-04 -1.736316E-03
       139 -2.449954E-04  1.534425E-04 -1.623794E-03
       140 -1.886663E-04 -3.918260E-05 -7.400840E-04
       141 -1.262549E-04 -1.596722E-04 -1.570995E-03
       142  2.984370E-04 -1.124329E-04 -1.513524E-03
       143  9.409340E-05 -6.585019E-05  8.813003E-04
       144 -1.237964E-04 -2.156212E-04  1.868799E-03
       145 -4.709041E-04 -1.450033E-04  1.684282E-03
       146 -6.633229E-05  6.440018E-05  8.086146E-04
       147  1.192623E-04  2.040451E-04  1.741528E-03
       148  4.517811E-04  1.478567E-04  1.629774E-03
       149 -3.515674E-04  1.817385E-04 -2.511452E-05
       150 -5.465491E-04  2.650485E-04  2.834553E-04
       151  3.842569E-04  9.221926E-05  7.298288E-04
       152 -3.227700E-04 -1.632993E-04  1.476453E-04
       153 -4.945397E-04 -2.399444E-04 -1.512194E-04
       154  4.064954E-04 -7.311285E-05 -6.723202E-04
       155  2.907701E-04 -1.550507E-04 -2.649194E-04
       156  4.455624E-04 -2.270989E-04 -6.633570E-06
       157 -4.210924E-04 -6.741053E-05  5.979451E-04
       158  2.745858E-04  1.623564E-04  1.495236E-04
       159  4.360766E-04  2.384752E-04 -9.394523E-05
       160 -4.129809E-04  8.455341E-05 -6.029408E-04
       161  2.545920E-04 -1.925011E-07 -2.022707E-03
       162 -1.614606E-04  2.644551E-05 -2.020617E-03
       163  2.035033E-04  2.808647E-05  1.924962E-03
       164 -9.548009E-05  2.153862E-06  1.927324E-03
       165  1.446816E-03  7.233662E-06  2.829668E-04
       166  1.442727E-03  1.667143E-05 -3.560715E-04
       167 -1.312772E-03  1.536772E-05  2.654653E-04
       168 -1.316737E-03  1.521003E-05 -3.325254E-04
       169  1.380696E-03  8.312258E-05 -3.187449E-03
       170  2.261092E-03  5.625460E-04 -6.270871E-03
       171  3.904528E-03  1.311005E-03 -1.068672E-02
       172  4.780150E-03  1.817040E-03 -1.342046E-02
       173  4.075393E-03  1.755091E-03 -1.319746E-02
       174  1.749700E-03  1.148794E-03 -1.059235E-02
       175 -1.526203E-03  4.476637E-04 -7.762319E-03
       176 -1.298852E-03 -5.168574E-05 -3.196297E-03
       177 -7.400917E-04 -5.213194E-04 -6.216109E-03
       178  1.624846E-05 -1.231367E-03 -1.042270E-02
       179  3.019429E-04 -1.680693E-03 -1.286683E-02
       180  1.402792E-04 -1.569384E-03 -1.241629E-02
       181  2.845070E-04 -9.584832E-04 -9.799205E-03
       182  2.012120E-03 -3.360466E-04 -7.299877E-03
       183  1.164452E-03 -6.936864E-05  3.245678E-03
       184  4.038921E-04 -5.634606E-04  6.421899E-03
       185 -5.704308E-04 -1.288186E-03  1.070412E-02
       186 -9.930161E-04 -1.736589E-03  1.313815E-02
       187 -8.079490E-04 -1.604075E-03  1.258015E-02
       188 -7.665497E-04 -9.564900E-04  9.798470E-03
       189 -2.221704E-03 -3.152296E-04  7.209668E-03
       190 -1.357213E-03  9.876668E-05  3.200090E-03
       191 -2.157230E-03  5.900758E-04  6.363703E-03
       192 -3.760701E-03  1.338633E-03  1.078774E-02
       193 -4.662676E-03  1.836577E-03  1.348536E-02
       194 -4.059891E-03  1.766882E-03  1.323159E-02
       195 -1.848152E-03  1.158815E-03  1.062385E-02
       196  1.430063E-03  4.532820E-04  7.781723E-03
       197  1.113363E-03  1.084186E-04 -1.877907E-03
       198 -1.723569E-03  9.218005E-04 -5.904287E-04
       199 -6.301391E-03  2.160885E-03  1.553792E-03
       200 -8.665291E-03  2.764159E-03  3.654761E-03
       201 -7.043400E-03  2.403489E-03  5.110621E-03
       202 -2.272141E-03  1.402543E-03  5.783239E-03
       203  2.353974E-03  4.935299E-04  5.969658E-03
       204  1.067663E-03 -9.280576E-05  1.863326E-03
       205 -1.856595E-03 -9.335864E-04  1.665530E-03
       206 -6.510484E-03 -2.195264E-03  1.587956E-03
       207 -8.894608E-03 -2.805936E-03  6.625368E-04
       208 -7.190965E-03 -2.428705E-03 -1.343410E-03
       209 -2.242656E-03 -1.392492E-03 -3.855931E-03
       210  2.493995E-03 -4.633918E-04 -5.495149E-03
       211 -1.191776E-03 -6.199571E-05 -2.015545E-03
       212  1.733494E-03 -9.024703E-04 -1.614533E-03
       213  6.572967E-03 -2.212594E-03 -1.043779E-03
       214  9.050838E-03 -2.845546E-03  1.143424E-04
       215  7.273347E-03 -2.450183E-03  1.918945E-03
       216  2.183178E-03 -1.382692E-03  3.976456E-03
       217 -2.555164E-03 -4.521708E-04  5.380599E-03
       218 -1.244327E-03  7.960570E-05  1.977555E-03
       219  1.380332E-03  8.357146E-04  4.456444E-04
       220  5.836781E-03  2.043248E-03 -2.391571E-03
       221  8.290768E-03  2.670394E-03 -4.985761E-03
       222  6.925810E-03  2.370064E-03 -6.442744E-03
       223  2.411176E-03  1.425238E-03 -6.681089E-03
       224 -2.155628E-03  5.279487E-04 -6.337187E-03

 forces (fx,fy,fz) for set RIGHT and time  0.1000000E+01

        21  2.031287E+03  9.007966E+02 -2.654293E+03
        22  6.029410E+02 -1.349594E+02  3.023689E+03
        23 -2.660845E+03  7.295621E+02  1.691304E+01
        24  1.878741E+01  7.265240E+02 -3.793186E+02

 internal energy (element, energy) for set ALL and time  0.1000000E+01

         1  6.107030E-02
         2  6.253383E-02
         3  6.663830E-02
         4  6.674457E-02
         5  1.757175E-03
         6  3.942545E-03
         7  2.428269E-03
         8  2.220273E-03
         9  1.903395E-03
        10  3.046141E-03
        11  2.839261E-03
        12  2.680816E-03
        13  2.664818E-02
        14  2.966394E-02
        15  3.647246E-02
        16  2.600968E-02
        17  5.139570E-03
        18  9.557296E-03
        19  2.342449E-02
        20  7.298968E-03
        21  7.621357E-03
        22  8.829713E-03
        23  1.233462E-02
        24  1.282165E-02
        25  1.073948E-02
        26  1.916310E-02
        27  6.287824E-02
        28  4.704805E-02
        29  8.828093E-03
        30  1.197829E-02
        31  1.241822E-02
        32  1.102835E-02
        33  1.020367E-02
        34  1.728072E-02
        35  5.518262E-02
        36  4.741968E-02
        37  6.056988E-03
        38  7.183612E-03
        39  7.651817E-03
        40  6.488146E-03
        41  6.020527E-03
        42  1.259581E-02
        43  4.501928E-02
        44  5.701385E-02
        45  7.519428E-03
        46  7.914148E-03
        47  1.014377E-02
        48  1.021863E-02
        49  9.244936E-03
        50  1.768701E-02
        51  5.086691E-02
        52  3.523881E-02
        53  2.332762E-04
        54  1.584496E-04
        55  5.014855E-04
        56  2.370361E-04
        57  1.947135E-04
        58  3.731220E-04
        59  1.036709E-04
        60  1.282570E-04
        61  1.212374E-01
        62  1.284513E-01
        63  1.311177E-01
        64  1.363081E-01
        65  3.060275E-02
        66  6.525197E-02
        67  2.664632E-02
        68  3.903255E-02
        69  7.163758E-03
        70  9.931753E-04
        71  1.174563E-03
        72  7.797637E-03
        73  5.512009E-03
        74  8.421192E-04
        75  7.737280E-04
        76  5.522144E-03
        77  2.162414E-03
        78  2.884699E-04
        79  3.264964E-04
        80  2.186981E-03
        81  1.230142E-03
        82  2.180931E-04
        83  1.502947E-04
        84  1.103733E-03
        85  5.256690E-02
        86  6.674246E-03
        87  8.625591E-03
        88  5.727034E-02
        89  5.254222E-02
        90  6.616729E-03
        91  8.567831E-03
        92  5.832991E-02
        93  1.956750E-03
        94  3.013663E-04
        95  3.404372E-04
        96  2.775195E-03
        97  2.846806E-03
        98  3.426444E-04
        99  5.256271E-04
       100  3.606378E-03
       101  1.208505E-01
       102  6.917473E-02
       103  2.992802E-02
       104  1.019496E-02
       105  9.116420E-03
       106  2.975866E-02
       107  7.752860E-02
       108  1.491403E-01
       109  1.931817E-01
       110  9.864948E-02
       111  3.633454E-02
       112  9.498779E-03
       113  9.471572E-03
       114  3.009967E-02
       115  6.693945E-02
       116  1.142609E-01
       117  8.126122E-02
       118  5.213653E-02
       119  3.171149E-02
       120  2.203107E-02
       121  2.389934E-02
       122  3.968025E-02
       123  7.404494E-02
       124  1.236959E-01
       125  1.147414E-01
       126  6.610036E-02
       127  3.433123E-02
       128  2.068185E-02
       129  2.007959E-02
       130  2.915197E-02
       131  4.784961E-02
       132  6.825675E-02
       133  4.684959E-03
       134  3.584754E-03
       135  3.809188E-03
       136  5.196512E-03
       137  9.422928E-03
       138  5.198526E-03
       139  7.045080E-03
       140  7.225555E-03
       141  7.955891E-03
       142  5.078093E-03
       143  6.242753E-03
       144  9.069855E-03
       145  4.701076E-03
       146  3.428398E-03
       147  3.930604E-03
       148  4.648754E-03
       149  8.923100E-03
       150  6.178820E-03
       151  5.087405E-03
       152  6.726434E-03
       153  5.618014E-03
       154  3.995935E-03
       155  3.488314E-03
       156  4.849171E-03
       157  5.622593E-03
       158  4.497449E-03
       159  4.001214E-03
       160  4.400434E-03
       161  9.177416E-03
       162  6.815795E-03
       163  6.158123E-03
       164  7.343257E-03
       165  1.361504E-01
       166  1.077995E-01
       167  1.161785E-01
       168  1.329720E-01
       169  1.755085E-01
       170  1.284856E-01
       171  1.507712E-01
       172  1.386840E-01
       173  1.632021E-01
       174  1.129552E-01
       175  1.223290E-01
       176  1.625023E-01
       177  1.617819E-01
       178  1.122230E-01
       179  1.254462E-01
       180  1.474424E-01
       181  1.953383E-01
       182  1.378299E-01
       183  1.322823E-01
       184  1.758331E-01
       185  1.838640E-01
       186  1.294300E-01
       187  1.267838E-01
       188  1.690224E-01
       189  1.700796E-01
       190  1.363401E-01
       191  1.289962E-01
       192  1.574049E-01
       193  1.816528E-01
       194  1.525237E-01
       195  1.453780E-01
       196  1.779764E-01
       197  1.501203E-01
       198  1.899598E-01
       199  1.424571E-01
       200  1.367308E-01
       201  2.341723E-01
       202  2.115320E-01
       203  1.294181E-01
       204  1.694531E-01
       205  1.802323E-01
       206  1.174042E-01
       207  1.746566E-01
       208  1.224029E-01
       209  1.697266E-01
       210  1.898131E-01
       211  1.360359E-01
       212  1.500430E-01
       213  2.180873E-01
       214  1.239647E-01
       215  1.943650E-01
       216  1.004747E-01
       217  1.636447E-01
       218  2.110605E-01
       219  1.675767E-01
       220  2.226255E-01
       221  2.878095E-01
       222  4.068640E-01
       223  7.592198E-02
       224  2.690913E-01
       225  3.428223E-01
       226  1.443595E-01
       227  1.743026E-01
       228  1.187527E-01
       229  3.287793E-01
       230  4.223029E-01
       231  1.021387E-01
       232  3.104041E-01
       233  3.726395E-01
       234  1.662470E-01
       235  2.583644E-01
       236  1.345852E-01
       237  3.576544E-01
       238  3.669606E-01
       239  7.891906E-02
       240  2.837729E-01
       241  3.377964E-01
       242  1.430304E-01
       243  2.397993E-01
       244  1.879129E-01
       245  3.588521E-01
       246  4.282565E-01
       247  8.245549E-02
       248  2.935415E-01
       249  3.693711E-01
       250  1.516844E-01
       251  1.904935E-01
       252  1.338834E-01
       253  1.670996E-01
       254  4.208695E-01
       255  7.508778E-02
       256  2.944023E-01
       257  3.450365E-01
       258  1.279056E-01
       259  2.061933E-01
       260  2.273730E-01
       261  2.245290E-01
       262  4.864343E-01
       263  8.256679E-02
       264  3.538458E-01
       265  4.186282E-01
       266  1.606401E-01
       267  2.697739E-01
       268  2.979430E-01
       269  1.562476E-01
       270  4.875439E-01
       271  9.016845E-02
       272  3.500977E-01
       273  4.052926E-01
       274  1.517817E-01
       275  2.685950E-01
       276  2.427038E-01
       277  1.339788E-01
       278  4.768922E-01
       279  8.319217E-02
       280  3.125569E-01
       281  3.820378E-01
       282  1.587072E-01
       283  1.966224E-01
       284  1.958646E-01

 total internal energy for set ALL and time  0.1000000E+01

        2.903597E+01
