
                        S T E P       1


                                INCREMENT     1


 displacements (vx,vy,vz) for set NALL and time  0.1000000E+01

         1  0.000000E+00 -2.646978E-24  1.323489E-24
         2  0.000000E+00  0.000000E+00 -1.323489E-24
         3  0.000000E+00  2.646978E-24  0.000000E+00
         4  0.000000E+00 -1.323489E-24  3.977084E-22
         5  6.634740E-04 -2.599390E-05 -8.678997E-04
         6  6.628552E-04  2.459751E-05  8.526441E-04
         7 -7.716521E-04 -1.020852E-05 -8.651564E-04
         8 -7.722731E-04  1.392187E-05  8.518345E-04
         9  1.430944E-03 -1.189683E-05 -1.890932E-03
        10  1.429458E-03  6.294522E-06  1.818246E-03
        11 -1.654943E-03  9.841600E-06 -1.893735E-03
        12 -1.654420E-03 -4.076434E-06  1.819656E-03
        13  2.815353E-03  2.871394E-06 -3.511913E-03
        14  2.815413E-03 -6.474256E-06  3.437925E-03
        15 -2.943398E-03  7.299285E-06 -3.512518E-03
        16 -2.943524E-03 -1.719610E-06  3.438367E-03
        17  4.202329E-03  1.122951E-05 -5.059816E-03
        18  4.203796E-03 -3.447752E-06  5.035355E-03
        19 -4.208242E-03 -5.065052E-06 -5.061576E-03
        20 -4.210206E-03  2.363232E-06  5.036806E-03
        21  5.000000E-03 -6.352747E-23 -6.000000E-03
        22  5.000000E-03  0.000000E+00  6.000000E-03
        23 -5.000000E-03 -5.293956E-24 -6.000000E-03
        24 -5.000000E-03 -4.235165E-23  6.000000E-03
        25  1.456349E-03 -3.024123E-05 -1.560887E-03
        26  1.008567E-03 -3.320212E-06  1.525580E-03
        27 -1.222357E-03 -1.205958E-05 -1.560434E-03
        28 -1.659114E-03 -1.083965E-05  1.522514E-03
        29  4.709282E-03  2.961604E-06 -5.295329E-03
        30  5.062762E-03 -4.437777E-06 -5.773396E-03
        31  5.191721E-03  2.774357E-06 -6.044014E-03
        32  3.890755E-03 -3.775994E-06  5.135525E-03
        33  3.957082E-03 -1.104636E-05  5.599902E-03
        34  4.428840E-03  6.323503E-07  6.093663E-03
        35 -3.950253E-03 -9.578509E-06 -5.161983E-03
        36 -4.102867E-03 -1.457917E-05 -5.443306E-03
        37 -4.471578E-03 -8.663877E-06 -5.780480E-03
        38 -4.926523E-03 -7.628376E-06  5.223841E-03
        39 -5.561700E-03 -1.393161E-05  5.488837E-03
        40 -5.501016E-03 -1.331675E-05  5.678690E-03
        41  6.665929E-04 -3.995546E-06  1.941275E-04
        42 -7.701343E-04  4.239128E-06 -2.139346E-04
        43 -2.291153E-04 -2.005243E-05 -8.660687E-04
        44  1.111420E-04  2.229464E-05  8.524096E-04
        45  2.812748E-03 -6.340448E-05 -1.754648E-03
        46  2.813810E-03 -2.352977E-06 -9.373634E-06
        47  2.812669E-03  5.991038E-05  1.721877E-03
        48 -2.946028E-03  6.707625E-05 -1.761121E-03
        49 -2.944880E-03  4.059678E-06 -1.115179E-05
        50 -2.946166E-03 -6.013215E-05  1.726127E-03
        51  1.370292E-03  6.482017E-05 -3.514501E-03
        52 -6.233498E-05  4.937428E-06 -3.513614E-03
        53 -1.495409E-03 -5.560335E-05 -3.514849E-03
        54  1.383555E-03 -6.905314E-05  3.435427E-03
        55 -6.116655E-05 -4.502413E-06  3.436679E-03
        56 -1.507377E-03  6.060436E-05  3.435505E-03
        57  1.345943E-04  7.529652E-05 -6.905925E-04
        58  5.259219E-04  1.803990E-04 -1.427598E-03
        59  2.694658E-04  6.989763E-05 -1.068475E-03
        60 -1.532185E-05 -5.479396E-05 -5.515887E-04
        61 -6.499179E-04 -1.278629E-04 -1.090288E-03
        62 -6.478430E-04 -5.060145E-05 -8.706978E-04
        63  4.642228E-05 -8.005174E-05  7.180303E-04
        64  4.945252E-04 -1.968745E-04  1.509156E-03
        65  4.036004E-04 -7.984485E-05  1.111145E-03
        66 -3.201606E-05  6.333273E-05  5.770217E-04
        67 -2.708489E-04  1.466994E-04  1.170551E-03
        68 -1.262476E-04  6.421310E-05  9.169674E-04
        69 -7.512680E-04  2.382853E-04  1.943338E-05
        70 -1.061329E-03  3.417246E-04 -1.323917E-04
        71 -5.115384E-05  1.409642E-04  7.797074E-05
        72 -7.105565E-04 -2.267895E-04  1.164415E-04
        73 -1.052267E-03 -3.394080E-04  4.564248E-04
        74 -8.495255E-05 -1.487018E-04  1.938519E-04
        75  5.803498E-04 -1.872771E-04 -2.218373E-04
        76  8.414608E-04 -2.769224E-04 -5.815074E-04
        77 -3.775825E-05 -1.055550E-04 -2.543351E-04
        78  5.878278E-04  1.902830E-04  9.767464E-05
        79  8.410138E-04  2.784334E-04  2.642788E-04
        80 -4.366086E-05  1.069241E-04 -3.167191E-05
        81  9.595457E-04  8.643717E-05 -2.888384E-03
        82  8.348083E-04  2.723874E-04 -4.198193E-03
        83 -4.109864E-04  1.374540E-04 -3.831986E-03
        84 -1.298134E-03 -4.895741E-05 -2.728655E-03
        85 -1.055812E-03 -1.813283E-04 -3.779410E-03
        86  3.039820E-04 -6.661430E-05 -3.574798E-03
        87  9.149805E-04 -9.402962E-05  2.837168E-03
        88  3.377743E-04 -2.851555E-04  4.185787E-03
        89 -8.702390E-04 -1.407575E-04  3.783041E-03
        90 -9.734389E-04  8.238009E-05  2.796067E-03
        91 -4.446724E-04  2.592511E-04  4.078905E-03
        92  6.927802E-04  1.180364E-04  3.720873E-03
        93  6.326162E-04  2.690142E-04 -5.600658E-04
        94  9.492907E-05  4.582459E-04  3.353218E-04
        95  1.423288E-03  2.143357E-04  1.501897E-03
        96  6.437707E-04 -2.704948E-04  9.226027E-04
        97  1.002293E-04 -4.611747E-04  6.194948E-06
        98  1.417243E-03 -2.192567E-04 -1.470815E-03
        99 -9.134156E-04 -2.520012E-04 -1.196724E-03
       100 -4.194781E-04 -4.287839E-04 -3.244477E-04
       101 -1.651951E-03 -2.039628E-04  1.279536E-03
       102 -9.163068E-04  2.569779E-04  6.576087E-04
       103 -4.589211E-04  4.249177E-04 -1.506090E-04
       104 -1.687728E-03  2.012761E-04 -1.414201E-03
       105  2.286969E-03  1.851681E-04 -4.986940E-03
       106  9.806417E-04  3.969543E-04 -6.391195E-03
       107 -1.413542E-03  2.390267E-04 -5.879621E-03
       108 -2.303374E-03 -1.477816E-04 -4.857910E-03
       109 -8.241971E-04 -3.297070E-04 -6.106873E-03
       110  1.568145E-03 -1.936491E-04 -5.726791E-03
       111  2.131547E-03 -2.000239E-04  4.982022E-03
       112  4.193048E-04 -4.356185E-04  6.520596E-03
       113 -1.881416E-03 -2.696195E-04  5.968550E-03
       114 -2.266750E-03  1.847885E-04  4.953263E-03
       115 -6.296277E-04  3.850333E-04  6.300248E-03
       116  1.712163E-03  2.222063E-04  5.777849E-03
       117  2.461065E-03  1.661042E-04 -2.004334E-03
       118  2.068533E-03  3.263713E-04  2.454655E-04
       119  3.284202E-03  1.159887E-04  2.889499E-03
       120  2.495445E-03 -1.576734E-04  2.040979E-03
       121  2.153982E-03 -3.033562E-04 -2.529951E-04
       122  3.331981E-03 -9.971021E-05 -2.974118E-03
       123 -2.625941E-03 -1.421843E-04 -2.261640E-03
       124 -2.299176E-03 -2.842714E-04 -3.060987E-05
       125 -3.404386E-03 -9.644406E-05  2.794399E-03
       126 -2.727979E-03  1.173217E-04  2.250537E-03
       127 -2.422838E-03  2.546940E-04  7.685584E-05
       128 -3.425867E-03  8.848622E-05 -2.761898E-03
       129  5.396436E-04 -2.084484E-05 -5.483165E-03
       130 -5.420490E-04  6.312693E-06 -5.606238E-03
       131  4.342687E-04  4.797083E-05  5.310783E-03
       132 -4.741420E-04  2.971651E-05  5.750292E-03
       133  4.721019E-03 -9.239699E-06  1.000325E-03
       134  4.513264E-03 -2.801024E-05 -1.089042E-03
       135 -4.552025E-03  8.450756E-06  7.916321E-04
       136 -4.623708E-03 -2.572332E-05 -7.316078E-04

 forces (fx,fy,fz) for set RIGHT and time  0.1000000E+01

        21  3.014580E+03  1.432851E+02 -4.381393E+03
        22  1.799662E+03  1.343808E+03  4.345969E+03
        23 -3.064541E+03  4.301505E+02 -4.610779E+01
        24 -1.612035E+03 -6.604446E+02  1.084940E+01

 internal energy (element, energy) for set ALL and time  0.1000000E+01

         1  2.280893E-01
         2  2.073445E-01
         3  2.825943E-01
         4  1.712495E-01
         5  1.752178E-02
         6  7.352397E-03
         7  1.665130E-02
         8  1.411931E-03
         9  2.470428E-02
        10  8.816302E-03
        11  1.902444E-03
        12  1.025201E-03
        13  3.162436E-02
        14  3.155288E-02
        15  1.609909E-02
        16  9.509606E-03
        17  1.342123E-02
        18  1.790358E-02
        19  3.390826E-02
        20  1.346931E-02
        21  1.991131E-03
        22  9.893510E-04
        23  4.195655E-03
        24  5.521680E-03
        25  6.801252E-03
        26  5.052994E-03
        27  5.584479E-03
        28  1.713376E-02
        29  4.272963E-03
        30  2.135924E-03
        31  2.358810E-03
        32  3.979999E-03
        33  2.320903E-03
        34  1.241828E-03
        35  2.934252E-03
        36  3.028042E-03
        37  5.578064E-02
        38  3.647128E-02
        39  1.669681E-01
        40  1.247206E-01
        41  1.340227E-01
        42  5.852501E-02
        43  6.710439E-02
        44  1.567301E-01
        45  1.163148E-01
        46  4.226821E-02
        47  7.062261E-02
        48  1.580676E-01
        49  6.086314E-02
        50  3.197624E-02
        51  3.143312E-02
        52  2.313416E-02
        53  9.538670E-03
        54  2.565295E-03
        55  2.921727E-03
        56  1.076205E-02
        57  9.128502E-03
        58  2.716564E-03
        59  2.327994E-03
        60  8.779631E-03
        61  1.659028E-02
        62  3.561299E-03
        63  3.526712E-03
        64  1.783064E-02
        65  1.873557E-02
        66  3.740047E-03
        67  3.577871E-03
        68  1.863685E-02
        69  8.960328E-03
        70  4.224355E-03
        71  1.881874E-02
        72  9.602861E-03
        73  2.499485E-02
        74  2.235587E-02
        75  3.165545E-02
        76  3.862260E-02
        77  1.697618E-01
        78  1.382624E-01
        79  1.441599E-01
        80  1.928016E-01
        81  1.710928E-01
        82  8.697021E-02
        83  1.183862E-01
        84  1.117212E-01
        85  1.726081E-01
        86  1.098347E-01
        87  1.397415E-01
        88  1.989928E-01
        89  1.119952E-01
        90  8.148957E-02
        91  9.432783E-02
        92  1.163874E-01
        93  1.283463E-01
        94  8.853287E-02
        95  7.225994E-02
        96  9.109421E-02
        97  1.278570E-01
        98  9.586627E-02
        99  8.037711E-02
       100  1.010294E-01
       101  1.105394E-01
       102  9.784106E-02
       103  9.246638E-02
       104  8.691069E-02
       105  1.135450E-01
       106  9.035188E-02
       107  8.639448E-02
       108  8.989925E-02
       109  1.077491E+00
       110  1.132130E+00
       111  1.000361E+00
       112  1.128409E+00
       113  1.173158E+00
       114  1.277953E+00
       115  1.323983E+00
       116  1.377202E+00
       117  4.632937E-01
       118  3.765097E-01
       119  4.251423E-01
       120  5.349959E-01
       121  6.162039E-01
       122  4.732603E-01
       123  6.004034E-01
       124  5.348540E-01
       125  5.079456E-01
       126  3.663192E-01
       127  4.259475E-01
       128  5.872420E-01
       129  5.727754E-01
       130  4.082164E-01
       131  4.925672E-01
       132  6.208298E-01
       133  4.581075E-01
       134  3.169220E-01
       135  3.128887E-01
       136  3.774461E-01
       137  4.456156E-01
       138  3.103986E-01
       139  2.980684E-01
       140  3.808445E-01
       141  3.932371E-01
       142  3.114235E-01
       143  2.968057E-01
       144  3.390212E-01
       145  3.998002E-01
       146  3.137761E-01
       147  3.049823E-01
       148  3.436759E-01
       149  3.162791E-01
       150  2.694272E-01
       151  2.957790E-01
       152  3.438405E-01
       153  3.583875E-01
       154  2.847709E-01
       155  3.442539E-01
       156  3.287734E-01
       157  3.297341E-01
       158  2.561364E-01
       159  2.812691E-01
       160  3.859468E-01
       161  3.490006E-01
       162  2.574544E-01
       163  2.910810E-01
       164  3.723847E-01
       165  6.370960E-01
       166  4.528229E-01
       167  4.047982E-01
       168  5.240434E-01
       169  6.101430E-01
       170  4.218064E-01
       171  3.829621E-01
       172  4.883829E-01
       173  5.695691E-01
       174  4.425072E-01
       175  3.949497E-01
       176  4.712957E-01
       177  5.194899E-01
       178  4.526093E-01
       179  3.974489E-01
       180  4.738014E-01
       181  5.354638E-01
       182  4.738927E-01
       183  5.474406E-01
       184  3.663661E-01
       185  4.792402E-01
       186  5.929643E-01
       187  4.555839E-01
       188  4.291267E-01
       189  7.813025E-01
       190  4.021182E-01
       191  5.841392E-01
       192  3.065623E-01
       193  3.201295E-01
       194  5.297292E-01
       195  3.612723E-01
       196  5.595024E-01

 total internal energy for set ALL and time  0.1000000E+01

        5.008000E+01
