
                        S T E P       1


                                INCREMENT     1


 displacements (vx,vy,vz) for set TIP_TOP and time  0.1000000E+01

      4823  1.046769E-01 -3.302018E-03 -2.733790E+00
      4824  1.045471E-01 -3.251114E-03 -2.726396E+00
      4827  1.042489E-01 -3.202385E-03 -2.718968E+00
      4830  1.039705E-01 -2.661291E-03 -2.711905E+00
      4832  1.038497E-01 -1.077346E-03 -2.707270E+00
      4834  1.038151E-01  6.330943E-12 -2.707029E+00
      4836  1.038497E-01  1.077346E-03 -2.707270E+00
      4839  1.039705E-01  2.661292E-03 -2.711905E+00
      4842  1.042489E-01  3.202385E-03 -2.718968E+00
      4845  1.045471E-01  3.251114E-03 -2.726396E+00
      4848  1.046769E-01  3.302018E-03 -2.733790E+00

 forces (fx,fy,fz) for set CLAMP and time  0.1000000E+01

         1  4.248276E+03  2.358945E+03  1.207891E+03
         4  7.485440E+03  8.210659E-09  2.409316E+03
         5  6.096831E+03  3.565776E+03  4.956922E+02
         8  1.055417E+04  1.440651E-08  1.014421E+03
         9  4.113994E+03  2.366254E+03 -2.217040E+01
        12  7.078553E+03  1.198994E-08 -2.210036E+01
        13  2.143780E+03  1.224346E+03 -2.769127E+02
        16  3.685028E+03  8.863669E-09 -5.281551E+02
        17  1.415533E+02  6.757857E+01 -3.256538E+02
        20  2.365434E+02  5.557611E-09 -6.305673E+02
        21 -1.484082E+03 -3.988526E+02 -5.540791E+02
        24 -1.552235E+03  2.047676E-09 -2.796465E+02
        26  4.248276E+03 -2.358945E+03  1.207891E+03
        28  6.096831E+03 -3.565776E+03  4.956922E+02
        30  4.113994E+03 -2.366254E+03 -2.217040E+01
        32  2.143780E+03 -1.224346E+03 -2.769127E+02
        34  1.415533E+02 -6.757857E+01 -3.256538E+02
        36 -1.484082E+03  3.988526E+02 -5.540791E+02
        37 -1.106325E+03 -3.806451E+02 -6.236921E+02
        40 -1.532208E+03 -2.247623E+02 -9.837468E+02
        41 -2.174986E+03 -8.275662E+02 -1.156238E+02
        44 -3.170220E+03 -4.995422E+02 -2.043547E+02
        45 -1.329516E+03 -4.515901E+02  6.714016E+02
        48 -2.128110E+03 -2.738421E+02  1.170199E+03
        50 -1.354763E+03 -1.689619E+02 -8.757749E+02
        52 -2.992169E+03 -3.672911E+02 -2.165831E+02
        54 -2.128772E+03 -1.987759E+02  1.133538E+03
        56 -1.309127E+03 -1.086403E+02 -8.442761E+02
        58 -3.002950E+03 -2.290135E+02 -2.013940E+02
        60 -2.194061E+03 -1.216307E+02  1.162828E+03
        62 -2.080095E+03 -8.493293E+01 -9.593591E+01
        64 -1.534954E+03 -4.029895E+01  8.182354E+02
        66 -1.108817E+03  1.380807E-09 -4.352095E+01
        68 -8.228765E+02  1.032044E-09  4.410759E+02
        70 -2.080095E+03  8.493293E+01 -9.593591E+01
        72 -1.534954E+03  4.029895E+01  8.182354E+02
        74 -1.309127E+03  1.086403E+02 -8.442761E+02
        76 -3.002950E+03  2.290135E+02 -2.013940E+02
        78 -2.194061E+03  1.216307E+02  1.162828E+03
        80 -1.354763E+03  1.689619E+02 -8.757749E+02
        82 -2.992169E+03  3.672911E+02 -2.165831E+02
        84 -2.128772E+03  1.987759E+02  1.133538E+03
        86 -1.532208E+03  2.247623E+02 -9.837468E+02
        88 -3.170220E+03  4.995422E+02 -2.043547E+02
        90 -2.128110E+03  2.738421E+02  1.170199E+03
        92 -1.106325E+03  3.806451E+02 -6.236921E+02
        94 -2.174986E+03  8.275662E+02 -1.156238E+02
        96 -1.329516E+03  4.515901E+02  6.714016E+02

 internal energy (element, energy) for set EALL and time  0.1000000E+01

         1  2.217113E+01
         2  9.431610E+00
         3  3.623314E+00
         4  6.089230E-01
         5  4.499677E-01
         6  2.217113E+01
         7  9.431610E+00
         8  3.623314E+00
         9  6.089230E-01
        10  4.499677E-01
        11  2.081817E+00
        12  2.816593E+00
        13  1.345377E+00
        14  2.098189E+00
        15  1.226020E+00
        16  2.063871E+00
        17  1.225143E+00
        18  2.077624E+00
        19  4.402820E-01
        20  7.610136E-01
        21  4.402820E-01
        22  7.610136E-01
        23  1.225143E+00
        24  2.077624E+00
        25  1.226020E+00
        26  2.063871E+00
        27  1.345377E+00
        28  2.098189E+00
        29  2.081817E+00
        30  2.816593E+00
        31  2.311444E+01
        32  1.208554E+01
        33  4.353054E+00
        34  6.866481E-01
        35  5.801275E-01
        36  2.311444E+01
        37  1.208554E+01
        38  4.353054E+00
        39  6.866481E-01
        40  5.801275E-01
        41  1.792679E+00
        42  2.616983E+00
        43  1.693306E+00
        44  2.524101E+00
        45  1.541793E+00
        46  2.356269E+00
        47  1.561286E+00
        48  2.334770E+00
        49  5.701670E-01
        50  8.502219E-01
        51  5.701670E-01
        52  8.502219E-01
        53  1.561286E+00
        54  2.334770E+00
        55  1.541793E+00
        56  2.356269E+00
        57  1.693306E+00
        58  2.524101E+00
        59  1.792679E+00
        60  2.616983E+00
        61  2.202004E+01
        62  1.218833E+01
        63  4.538537E+00
        64  7.125446E-01
        65  6.294966E-01
        66  2.202004E+01
        67  1.218833E+01
        68  4.538537E+00
        69  7.125446E-01
        70  6.294966E-01
        71  1.518579E+00
        72  2.346903E+00
        73  1.633535E+00
        74  2.473510E+00
        75  1.593587E+00
        76  2.411147E+00
        77  1.593552E+00
        78  2.409777E+00
        79  5.805701E-01
        80  8.859970E-01
        81  5.805701E-01
        82  8.859970E-01
        83  1.593552E+00
        84  2.409777E+00
        85  1.593587E+00
        86  2.411147E+00
        87  1.633535E+00
        88  2.473510E+00
        89  1.518579E+00
        90  2.346903E+00
        91  2.206174E+01
        92  1.226295E+01
        93  4.705039E+00
        94  7.609811E-01
        95  6.448134E-01
        96  2.206174E+01
        97  1.226295E+01
        98  4.705039E+00
        99  7.609811E-01
       100  6.448134E-01
       101  1.455787E+00
       102  2.288656E+00
       103  1.610437E+00
       104  2.463257E+00
       105  1.638505E+00
       106  2.492052E+00
       107  1.646999E+00
       108  2.513901E+00
       109  6.011568E-01
       110  9.200998E-01
       111  6.011568E-01
       112  9.200998E-01
       113  1.646999E+00
       114  2.513901E+00
       115  1.638505E+00
       116  2.492052E+00
       117  1.610437E+00
       118  2.463257E+00
       119  1.455787E+00
       120  2.288656E+00
       121  2.213723E+01
       122  1.217714E+01
       123  4.743010E+00
       124  7.891147E-01
       125  6.476369E-01
       126  2.213723E+01
       127  1.217714E+01
       128  4.743010E+00
       129  7.891147E-01
       130  6.476369E-01
       131  1.434461E+00
       132  2.277432E+00
       133  1.581549E+00
       134  2.448012E+00
       135  1.642034E+00
       136  2.521085E+00
       137  1.666389E+00
       138  2.556140E+00
       139  6.090504E-01
       140  9.332028E-01
       141  6.090504E-01
       142  9.332028E-01
       143  1.666389E+00
       144  2.556140E+00
       145  1.642034E+00
       146  2.521085E+00
       147  1.581549E+00
       148  2.448012E+00
       149  1.434461E+00
       150  2.277432E+00
       151  2.222981E+01
       152  1.206461E+01
       153  4.722050E+00
       154  8.002375E-01
       155  6.404806E-01
       156  2.222981E+01
       157  1.206461E+01
       158  4.722050E+00
       159  8.002375E-01
       160  6.404806E-01
       161  1.435853E+00
       162  2.288592E+00
       163  1.558998E+00
       164  2.432873E+00
       165  1.629694E+00
       166  2.516513E+00
       167  1.663463E+00
       168  2.555640E+00
       169  6.083356E-01
       170  9.320524E-01
       171  6.083356E-01
       172  9.320524E-01
       173  1.663463E+00
       174  2.555640E+00
       175  1.629694E+00
       176  2.516513E+00
       177  1.558998E+00
       178  2.432873E+00
       179  1.435853E+00
       180  2.288592E+00
       181  2.230268E+01
       182  1.196116E+01
       183  4.677673E+00
       184  8.000391E-01
       185  6.274914E-01
       186  2.230268E+01
       187  1.196116E+01
       188  4.677673E+00
       189  8.000391E-01
       190  6.274914E-01
       191  1.445806E+00
       192  2.305480E+00
       193  1.542468E+00
       194  2.417079E+00
       195  1.610453E+00
       196  2.493571E+00
       197  1.646428E+00
       198  2.530128E+00
       199  6.019626E-01
       200  9.221202E-01
       201  6.019626E-01
       202  9.221202E-01
       203  1.646428E+00
       204  2.530128E+00
       205  1.610453E+00
       206  2.493571E+00
       207  1.542468E+00
       208  2.417079E+00
       209  1.445806E+00
       210  2.305480E+00
       211  2.234014E+01
       212  1.187229E+01
       213  4.627472E+00
       214  7.939662E-01
       215  6.114014E-01
       216  2.234014E+01
       217  1.187229E+01
       218  4.627472E+00
       219  7.939662E-01
       220  6.114014E-01
       221  1.457062E+00
       222  2.319674E+00
       223  1.529579E+00
       224  2.400379E+00
       225  1.588486E+00
       226  2.462783E+00
       227  1.621969E+00
       228  2.493749E+00
       229  5.925932E-01
       230  9.084072E-01
       231  5.925932E-01
       232  9.084072E-01
       233  1.621969E+00
       234  2.493749E+00
       235  1.588486E+00
       236  2.462783E+00
       237  1.529579E+00
       238  2.400379E+00
       239  1.457062E+00
       240  2.319674E+00
       241  2.234079E+01
       242  1.179588E+01
       243  4.579985E+00
       244  7.860552E-01
       245  5.941842E-01
       246  2.234079E+01
       247  1.179588E+01
       248  4.579985E+00
       249  7.860552E-01
       250  5.941842E-01
       251  1.466038E+00
       252  2.327989E+00
       253  1.518424E+00
       254  2.383132E+00
       255  1.566104E+00
       256  2.430556E+00
       257  1.594916E+00
       258  2.455267E+00
       259  5.822010E-01
       260  8.940075E-01
       261  5.822010E-01
       262  8.940075E-01
       263  1.594916E+00
       264  2.455267E+00
       265  1.566104E+00
       266  2.430556E+00
       267  1.518424E+00
       268  2.383132E+00
       269  1.466038E+00
       270  2.327989E+00
       271  2.230758E+01
       272  1.172772E+01
       273  4.538435E+00
       274  7.787529E-01
       275  5.770373E-01
       276  2.230758E+01
       277  1.172772E+01
       278  4.538435E+00
       279  7.787529E-01
       280  5.770373E-01
       281  1.471066E+00
       282  2.329914E+00
       283  1.507625E+00
       284  2.365691E+00
       285  1.544363E+00
       286  2.400046E+00
       287  1.568043E+00
       288  2.419133E+00
       289  5.719217E-01
       290  8.805432E-01
       291  5.719217E-01
       292  8.805432E-01
       293  1.568043E+00
       294  2.419133E+00
       295  1.544363E+00
       296  2.400046E+00
       297  1.507625E+00
       298  2.365691E+00
       299  1.471066E+00
       300  2.329914E+00
       301  2.224550E+01
       302  1.166434E+01
       303  4.503472E+00
       304  7.732569E-01
       305  5.605818E-01
       306  2.224550E+01
       307  1.166434E+01
       308  4.503472E+00
       309  7.732569E-01
       310  5.605818E-01
       311  1.471685E+00
       312  2.326218E+00
       313  1.496384E+00
       314  2.348308E+00
       315  1.523669E+00
       316  2.372433E+00
       317  1.542683E+00
       318  2.387021E+00
       319  5.622891E-01
       320  8.686210E-01
       321  5.622891E-01
       322  8.686210E-01
       323  1.542683E+00
       324  2.387021E+00
       325  1.523669E+00
       326  2.372433E+00
       327  1.496384E+00
       328  2.348308E+00
       329  1.471685E+00
       330  2.326218E+00
       331  2.215996E+01
       332  1.160334E+01
       333  4.474522E+00
       334  7.699315E-01
       335  5.450564E-01
       336  2.215996E+01
       337  1.160334E+01
       338  4.474522E+00
       339  7.699315E-01
       340  5.450564E-01
       341  1.468118E+00
       342  2.318106E+00
       343  1.484314E+00
       344  2.331114E+00
       345  1.504053E+00
       346  2.347811E+00
       347  1.519254E+00
       348  2.359081E+00
       349  5.534623E-01
       350  8.582855E-01
       351  5.534623E-01
       352  8.582855E-01
       353  1.519254E+00
       354  2.359081E+00
       355  1.504053E+00
       356  2.347811E+00
       357  1.484314E+00
       358  2.331114E+00
       359  1.468118E+00
       360  2.318106E+00
       361  2.205602E+01
       362  1.154320E+01
       363  4.450516E+00
       364  7.686668E-01
       365  5.304816E-01
       366  2.205602E+01
       367  1.154320E+01
       368  4.450516E+00
       369  7.686668E-01
       370  5.304816E-01
       371  1.460932E+00
       372  2.306779E+00
       373  1.471295E+00
       374  2.314138E+00
       375  1.485368E+00
       376  2.325768E+00
       377  1.497678E+00
       378  2.334743E+00
       379  5.453992E-01
       380  8.493158E-01
       381  5.453992E-01
       382  8.493158E-01
       383  1.497678E+00
       384  2.334743E+00
       385  1.485368E+00
       386  2.325768E+00
       387  1.471295E+00
       388  2.314138E+00
       389  1.460932E+00
       390  2.306779E+00
       391  2.193798E+01
       392  1.148298E+01
       393  4.430269E+00
       394  7.691317E-01
       395  5.167703E-01
       396  2.193798E+01
       397  1.148298E+01
       398  4.430269E+00
       399  7.691317E-01
       400  5.167703E-01
       401  1.450814E+00
       402  2.293238E+00
       403  1.457361E+00
       404  2.297346E+00
       405  1.467399E+00
       406  2.305721E+00
       407  1.477652E+00
       408  2.313202E+00
       409  5.379697E-01
       410  8.414033E-01
       411  5.379697E-01
       412  8.414033E-01
       413  1.477652E+00
       414  2.313202E+00
       415  1.467399E+00
       416  2.305721E+00
       417  1.457361E+00
       418  2.297346E+00
       419  1.450814E+00
       420  2.293238E+00
       421  2.180933E+01
       422  1.142212E+01
       423  4.412672E+00
       424  7.709294E-01
       425  5.037945E-01
       426  2.180933E+01
       427  1.142212E+01
       428  4.412672E+00
       429  7.709294E-01
       430  5.037945E-01
       431  1.438438E+00
       432  2.278237E+00
       433  1.442618E+00
       434  2.280669E+00
       435  1.449928E+00
       436  2.287087E+00
       437  1.458804E+00
       438  2.293659E+00
       439  5.310203E-01
       440  8.342438E-01
       441  5.310203E-01
       442  8.342438E-01
       443  1.458804E+00
       444  2.293659E+00
       445  1.449928E+00
       446  2.287087E+00
       447  1.442618E+00
       448  2.280669E+00
       449  1.438438E+00
       450  2.278237E+00
       451  2.167271E+01
       452  1.136024E+01
       453  4.396777E+00
       454  7.736819E-01
       455  4.914224E-01
       456  2.167271E+01
       457  1.136024E+01
       458  4.396777E+00
       459  7.736819E-01
       460  4.914224E-01
       461  1.424388E+00
       462  2.262300E+00
       463  1.427200E+00
       464  2.264025E+00
       465  1.432766E+00
       466  2.269366E+00
       467  1.440784E+00
       468  2.275430E+00
       469  5.244074E-01
       470  8.275786E-01
       471  5.244074E-01
       472  8.275786E-01
       473  1.440784E+00
       474  2.275430E+00
       475  1.432766E+00
       476  2.269366E+00
       477  1.427200E+00
       478  2.264025E+00
       479  1.424388E+00
       480  2.262300E+00
       481  2.153006E+01
       482  1.129712E+01
       483  4.381821E+00
       484  7.770683E-01
       485  4.795367E-01
       486  2.153006E+01
       487  1.129712E+01
       488  4.381821E+00
       489  7.770683E-01
       490  4.795367E-01
       491  1.409137E+00
       492  2.245764E+00
       493  1.411237E+00
       494  2.247336E+00
       495  1.415760E+00
       496  2.252161E+00
       497  1.423297E+00
       498  2.257979E+00
       499  5.180116E-01
       500  8.212056E-01
       501  5.180116E-01
       502  8.212056E-01
       503  1.423297E+00
       504  2.257979E+00
       505  1.415760E+00
       506  2.252161E+00
       507  1.411237E+00
       508  2.247336E+00
       509  1.409137E+00
       510  2.245764E+00
       511  2.138269E+01
       512  1.123259E+01
       513  4.367226E+00
       514  7.808361E-01
       515  4.680414E-01
       516  2.138269E+01
       517  1.123259E+01
       518  4.367226E+00
       519  7.808361E-01
       520  4.680414E-01
       521  1.393043E+00
       522  2.228830E+00
       523  1.394840E+00
       524  2.230531E+00
       525  1.398798E+00
       526  2.235179E+00
       527  1.406113E+00
       528  2.240911E+00
       529  5.117410E-01
       530  8.149771E-01
       531  5.117410E-01
       532  8.149771E-01
       533  1.406113E+00
       534  2.240911E+00
       535  1.398798E+00
       536  2.235179E+00
       537  1.394840E+00
       538  2.230531E+00
       539  1.393043E+00
       540  2.228830E+00
       541  2.123146E+01
       542  1.116652E+01
       543  4.352566E+00
       544  7.847976E-01
       545  4.568634E-01
       546  2.123146E+01
       547  1.116652E+01
       548  4.352566E+00
       549  7.847976E-01
       550  4.568634E-01
       551  1.376366E+00
       552  2.211605E+00
       553  1.378096E+00
       554  2.213551E+00
       555  1.381799E+00
       556  2.218211E+00
       557  1.389064E+00
       558  2.223951E+00
       559  5.055288E-01
       560  8.087903E-01
       561  5.055288E-01
       562  8.087903E-01
       563  1.389064E+00
       564  2.223951E+00
       565  1.381799E+00
       566  2.218211E+00
       567  1.378096E+00
       568  2.213551E+00
       569  1.376366E+00
       570  2.211605E+00
       571  2.107688E+01
       572  1.109885E+01
       573  4.337545E+00
       574  7.888203E-01
       575  4.459497E-01
       576  2.107688E+01
       577  1.109885E+01
       578  4.337545E+00
       579  7.888203E-01
       580  4.459497E-01
       581  1.359282E+00
       582  2.194135E+00
       583  1.361075E+00
       584  2.196353E+00
       585  1.364712E+00
       586  2.201118E+00
       587  1.372034E+00
       588  2.206919E+00
       589  4.993288E-01
       590  8.025779E-01
       591  4.993288E-01
       592  8.025779E-01
       593  1.372034E+00
       594  2.206919E+00
       595  1.364712E+00
       596  2.201118E+00
       597  1.361075E+00
       598  2.196353E+00
       599  1.359282E+00
       600  2.194135E+00
       601  2.091924E+01
       602  1.102949E+01
       603  4.321965E+00
       604  7.928150E-01
       605  4.352642E-01
       606  2.091924E+01
       607  1.102949E+01
       608  4.321965E+00
       609  7.928150E-01
       610  4.352642E-01
       611  1.341911E+00
       612  2.176434E+00
       613  1.343824E+00
       614  2.178901E+00
       615  1.347502E+00
       616  2.183811E+00
       617  1.354948E+00
       618  2.189697E+00
       619  4.931110E-01
       620  7.962972E-01
       621  4.931110E-01
       622  7.962972E-01
       623  1.354948E+00
       624  2.189697E+00
       625  1.347502E+00
       626  2.183811E+00
       627  1.343824E+00
       628  2.178901E+00
       629  1.341911E+00
       630  2.176434E+00
       631  2.075865E+01
       632  1.095841E+01
       633  4.305697E+00
       634  7.967243E-01
       635  4.247838E-01
       636  2.075865E+01
       637  1.095841E+01
       638  4.305697E+00
       639  7.967243E-01
       640  4.247838E-01
       641  1.324324E+00
       642  2.158494E+00
       643  1.326375E+00
       644  2.161172E+00
       645  1.330152E+00
       646  2.166235E+00
       647  1.337759E+00
       648  2.172219E+00
       649  4.868569E-01
       650  7.899235E-01
       651  4.868569E-01
       652  7.899235E-01
       653  1.337759E+00
       654  2.172219E+00
       655  1.330152E+00
       656  2.166235E+00
       657  1.326375E+00
       658  2.161172E+00
       659  1.324324E+00
       660  2.158494E+00
       661  2.059512E+01
       662  1.088555E+01
       663  4.288662E+00
       664  8.005128E-01
       665  4.144950E-01
       666  2.059512E+01
       667  1.088555E+01
       668  4.288662E+00
       669  8.005128E-01
       670  4.144950E-01
       671  1.306566E+00
       672  2.140301E+00
       673  1.308752E+00
       674  2.143148E+00
       675  1.312651E+00
       676  2.148359E+00
       677  1.320439E+00
       678  2.154446E+00
       679  4.805558E-01
       680  7.834428E-01
       681  4.805558E-01
       682  7.834428E-01
       683  1.320439E+00
       684  2.154446E+00
       685  1.312651E+00
       686  2.148359E+00
       687  1.308752E+00
       688  2.143148E+00
       689  1.306566E+00
       690  2.140301E+00
       691  2.042861E+01
       692  1.081089E+01
       693  4.270809E+00
       694  8.041600E-01
       695  4.043909E-01
       696  2.042861E+01
       697  1.081089E+01
       698  4.270809E+00
       699  8.041600E-01
       700  4.043909E-01
       701  1.288659E+00
       702  2.121838E+00
       703  1.290969E+00
       704  2.124818E+00
       705  1.294996E+00
       706  2.130167E+00
       707  1.302975E+00
       708  2.136359E+00
       709  4.742024E-01
       710  7.768483E-01
       711  4.742024E-01
       712  7.768483E-01
       713  1.302975E+00
       714  2.136359E+00
       715  1.294996E+00
       716  2.130167E+00
       717  1.290969E+00
       718  2.124818E+00
       719  1.288659E+00
       720  2.121838E+00
       721  2.025905E+01
       722  1.073439E+01
       723  4.252110E+00
       724  8.076538E-01
       725  3.944690E-01
       726  2.025905E+01
       727  1.073439E+01
       728  4.252110E+00
       729  8.076538E-01
       730  3.944690E-01
       731  1.270616E+00
       732  2.103089E+00
       733  1.273034E+00
       734  2.106174E+00
       735  1.277186E+00
       736  2.111653E+00
       737  1.285361E+00
       738  2.117951E+00
       739  4.677943E-01
       740  7.701370E-01
       741  4.677943E-01
       742  7.701370E-01
       743  1.285361E+00
       744  2.117951E+00
       745  1.277186E+00
       746  2.111653E+00
       747  1.273034E+00
       748  2.106174E+00
       749  1.270616E+00
       750  2.103089E+00
       751  2.008636E+01
       752  1.065600E+01
       753  4.232546E+00
       754  8.109876E-01
       755  3.847295E-01
       756  2.008636E+01
       757  1.065600E+01
       758  4.232546E+00
       759  8.109876E-01
       760  3.847295E-01
       761  1.252440E+00
       762  2.084041E+00
       763  1.254952E+00
       764  2.087212E+00
       765  1.259223E+00
       766  2.092812E+00
       767  1.267597E+00
       768  2.099218E+00
       769  4.613314E-01
       770  7.633079E-01
       771  4.613314E-01
       772  7.633079E-01
       773  1.267597E+00
       774  2.099218E+00
       775  1.259223E+00
       776  2.092812E+00
       777  1.254952E+00
       778  2.087212E+00
       779  1.252440E+00
       780  2.084041E+00
       781  1.991045E+01
       782  1.057571E+01
       783  4.212101E+00
       784  8.141565E-01
       785  3.751742E-01
       786  1.991045E+01
       787  1.057571E+01
       788  4.212101E+00
       789  8.141565E-01
       790  3.751742E-01
       791  1.234133E+00
       792  2.064685E+00
       793  1.236726E+00
       794  2.067927E+00
       795  1.241109E+00
       796  2.073643E+00
       797  1.249685E+00
       798  2.080161E+00
       799  4.548140E-01
       800  7.563608E-01
       801  4.548140E-01
       802  7.563608E-01
       803  1.249685E+00
       804  2.080161E+00
       805  1.241109E+00
       806  2.073643E+00
       807  1.236726E+00
       808  2.067927E+00
       809  1.234133E+00
       810  2.064685E+00
       811  1.973124E+01
       812  1.049347E+01
       813  4.190763E+00
       814  8.171566E-01
       815  3.658059E-01
       816  1.973124E+01
       817  1.049347E+01
       818  4.190763E+00
       819  8.171566E-01
       820  3.658059E-01
       821  1.215693E+00
       822  2.045010E+00
       823  1.218358E+00
       824  2.048317E+00
       825  1.222847E+00
       826  2.054148E+00
       827  1.231627E+00
       828  2.060779E+00
       829  4.482435E-01
       830  7.492956E-01
       831  4.482435E-01
       832  7.492956E-01
       833  1.231627E+00
       834  2.060779E+00
       835  1.222847E+00
       836  2.054148E+00
       837  1.218358E+00
       838  2.048317E+00
       839  1.215693E+00
       840  2.045010E+00
       841  1.954864E+01
       842  1.040926E+01
       843  4.168519E+00
       844  8.199838E-01
       845  3.566275E-01
       846  1.954864E+01
       847  1.040926E+01
       848  4.168519E+00
       849  8.199838E-01
       850  3.566275E-01
       851  1.197120E+00
       852  2.025011E+00
       853  1.199850E+00
       854  2.028379E+00
       855  1.204441E+00
       856  2.034324E+00
       857  1.213426E+00
       858  2.041072E+00
       859  4.416210E-01
       860  7.421123E-01
       861  4.416210E-01
       862  7.421123E-01
       863  1.213426E+00
       864  2.041072E+00
       865  1.204441E+00
       866  2.034324E+00
       867  1.199850E+00
       868  2.028379E+00
       869  1.197120E+00
       870  2.025011E+00
       871  1.936260E+01
       872  1.032303E+01
       873  4.145353E+00
       874  8.226330E-01
       875  3.476423E-01
       876  1.936260E+01
       877  1.032303E+01
       878  4.145353E+00
       879  8.226330E-01
       880  3.476423E-01
       881  1.178411E+00
       882  2.004683E+00
       883  1.181203E+00
       884  2.008111E+00
       885  1.185892E+00
       886  2.014172E+00
       887  1.195088E+00
       888  2.021041E+00
       889  4.349479E-01
       890  7.348103E-01
       891  4.349479E-01
       892  7.348103E-01
       893  1.195088E+00
       894  2.021041E+00
       895  1.185892E+00
       896  2.014172E+00
       897  1.181203E+00
       898  2.008111E+00
       899  1.178411E+00
       900  2.004683E+00
       901  1.917305E+01
       902  1.023475E+01
       903  4.121250E+00
       904  8.250985E-01
       905  3.388533E-01
       906  1.917305E+01
       907  1.023475E+01
       908  4.121250E+00
       909  8.250985E-01
       910  3.388533E-01
       911  1.159567E+00
       912  1.984021E+00
       913  1.162418E+00
       914  1.987509E+00
       915  1.167204E+00
       916  1.993689E+00
       917  1.176614E+00
       918  2.000682E+00
       919  4.282254E-01
       920  7.273889E-01
       921  4.282254E-01
       922  7.273889E-01
       923  1.176614E+00
       924  2.000682E+00
       925  1.167204E+00
       926  1.993689E+00
       927  1.162418E+00
       928  1.987509E+00
       929  1.159567E+00
       930  1.984021E+00
       931  1.897991E+01
       932  1.014439E+01
       933  4.096191E+00
       934  8.273735E-01
       935  3.302635E-01
       936  1.897991E+01
       937  1.014439E+01
       938  4.096191E+00
       939  8.273735E-01
       940  3.302635E-01
       941  1.140589E+00
       942  1.963022E+00
       943  1.143497E+00
       944  1.966571E+00
       945  1.148379E+00
       946  1.972873E+00
       947  1.158009E+00
       948  1.979995E+00
       949  4.214547E-01
       950  7.198471E-01
       951  4.214547E-01
       952  7.198471E-01
       953  1.158009E+00
       954  1.979995E+00
       955  1.148379E+00
       956  1.972873E+00
       957  1.143497E+00
       958  1.966571E+00
       959  1.140589E+00
       960  1.963022E+00
       961  1.878315E+01
       962  1.005191E+01
       963  4.070158E+00
       964  8.294506E-01
       965  3.218759E-01
       966  1.878315E+01
       967  1.005191E+01
       968  4.070158E+00
       969  8.294506E-01
       970  3.218759E-01
       971  1.121476E+00
       972  1.941682E+00
       973  1.124442E+00
       974  1.945294E+00
       975  1.129420E+00
       976  1.951721E+00
       977  1.139275E+00
       978  1.958975E+00
       979  4.146372E-01
       980  7.121837E-01
       981  4.146372E-01
       982  7.121837E-01
       983  1.139275E+00
       984  1.958975E+00
       985  1.129420E+00
       986  1.951721E+00
       987  1.124442E+00
       988  1.945294E+00
       989  1.121476E+00
       990  1.941682E+00
       991  1.858270E+01
       992  9.957273E+00
       993  4.043131E+00
       994  8.313217E-01
       995  3.136931E-01
       996  1.858270E+01
       997  9.957273E+00
       998  4.043131E+00
       999  8.313217E-01
      1000  3.136931E-01
      1001  1.102231E+00
      1002  1.919996E+00
      1003  1.105255E+00
      1004  1.923674E+00
      1005  1.110331E+00
      1006  1.930231E+00
      1007  1.120417E+00
      1008  1.937620E+00
      1009  4.077739E-01
      1010  7.043975E-01
      1011  4.077739E-01
      1012  7.043975E-01
      1013  1.120417E+00
      1014  1.937620E+00
      1015  1.110331E+00
      1016  1.930231E+00
      1017  1.105255E+00
      1018  1.923674E+00
      1019  1.102231E+00
      1020  1.919996E+00
      1021  1.837850E+01
      1022  9.860444E+00
      1023  4.015087E+00
      1024  8.329779E-01
      1025  3.057178E-01
      1026  1.837850E+01
      1027  9.860444E+00
      1028  4.015087E+00
      1029  8.329779E-01
      1030  3.057178E-01
      1031  1.082855E+00
      1032  1.897963E+00
      1033  1.085938E+00
      1034  1.901709E+00
      1035  1.091113E+00
      1036  1.908398E+00
      1037  1.101437E+00
      1038  1.915925E+00
      1039  4.008660E-01
      1040  6.964869E-01
      1041  4.008660E-01
      1042  6.964869E-01
      1043  1.101437E+00
      1044  1.915925E+00
      1045  1.091113E+00
      1046  1.908398E+00
      1047  1.085938E+00
      1048  1.901709E+00
      1049  1.082855E+00
      1050  1.897963E+00
      1051  1.817052E+01
      1052  9.761387E+00
      1053  3.986006E+00
      1054  8.344101E-01
      1055  2.979526E-01
      1056  1.817052E+01
      1057  9.761387E+00
      1058  3.986006E+00
      1059  8.344101E-01
      1060  2.979526E-01
      1061  1.063352E+00
      1062  1.875578E+00
      1063  1.066494E+00
      1064  1.879393E+00
      1065  1.071771E+00
      1066  1.886219E+00
      1067  1.082340E+00
      1068  1.893889E+00
      1069  3.939150E-01
      1070  6.884506E-01
      1071  3.939150E-01
      1072  6.884506E-01
      1073  1.082340E+00
      1074  1.893889E+00
      1075  1.071771E+00
      1076  1.886219E+00
      1077  1.066494E+00
      1078  1.879393E+00
      1079  1.063352E+00
      1080  1.875578E+00
      1081  1.795869E+01
      1082  9.660067E+00
      1083  3.955865E+00
      1084  8.356086E-01
      1085  2.903999E-01
      1086  1.795869E+01
      1087  9.660067E+00
      1088  3.955865E+00
      1089  8.356086E-01
      1090  2.903999E-01
      1091  1.043724E+00
      1092  1.852838E+00
      1093  1.046927E+00
      1094  1.856724E+00
      1095  1.052307E+00
      1096  1.863690E+00
      1097  1.063128E+00
      1098  1.871505E+00
      1099  3.869221E-01
      1100  6.802871E-01
      1101  3.869221E-01
      1102  6.802871E-01
      1103  1.063128E+00
      1104  1.871505E+00
      1105  1.052307E+00
      1106  1.863690E+00
      1107  1.046927E+00
      1108  1.856724E+00
      1109  1.043724E+00
      1110  1.852838E+00
      1111  1.774297E+01
      1112  9.556448E+00
      1113  3.924642E+00
      1114  8.365633E-01
      1115  2.830619E-01
      1116  1.774297E+01
      1117  9.556448E+00
      1118  3.924642E+00
      1119  8.365633E-01
      1120  2.830619E-01
      1121  1.023974E+00
      1122  1.829738E+00
      1123  1.027240E+00
      1124  1.833698E+00
      1125  1.032726E+00
      1126  1.840808E+00
      1127  1.043807E+00
      1128  1.848772E+00
      1129  3.798887E-01
      1130  6.719948E-01
      1131  3.798887E-01
      1132  6.719948E-01
      1133  1.043807E+00
      1134  1.848772E+00
      1135  1.032726E+00
      1136  1.840808E+00
      1137  1.027240E+00
      1138  1.833698E+00
      1139  1.023974E+00
      1140  1.829738E+00
      1141  1.752331E+01
      1142  9.450495E+00
      1143  3.892314E+00
      1144  8.372641E-01
      1145  2.759411E-01
      1146  1.752331E+01
      1147  9.450495E+00
      1148  3.892314E+00
      1149  8.372641E-01
      1150  2.759411E-01
      1151  1.004107E+00
      1152  1.806276E+00
      1153  1.007436E+00
      1154  1.810311E+00
      1155  1.013030E+00
      1156  1.817569E+00
      1157  1.024379E+00
      1158  1.825684E+00
      1159  3.728164E-01
      1160  6.635724E-01
      1161  3.728164E-01
      1162  6.635724E-01
      1163  1.024379E+00
      1164  1.825684E+00
      1165  1.013030E+00
      1166  1.817569E+00
      1167  1.007436E+00
      1168  1.810311E+00
      1169  1.004107E+00
      1170  1.806276E+00
      1171  1.729967E+01
      1172  9.342173E+00
      1173  3.858858E+00
      1174  8.377002E-01
      1175  2.690395E-01
      1176  1.729967E+01
      1177  9.342173E+00
      1178  3.858858E+00
      1179  8.377002E-01
      1180  2.690395E-01
      1181  9.841258E-01
      1182  1.782447E+00
      1183  9.875204E-01
      1184  1.786558E+00
      1185  9.932254E-01
      1186  1.793968E+00
      1187  1.004849E+00
      1188  1.802238E+00
      1189  3.657066E-01
      1190  6.550183E-01
      1191  3.657066E-01
      1192  6.550183E-01
      1193  1.004849E+00
      1194  1.802238E+00
      1195  9.932254E-01
      1196  1.793968E+00
      1197  9.875204E-01
      1198  1.786558E+00
      1199  9.841258E-01
      1200  1.782447E+00
      1201  1.707200E+01
      1202  9.231449E+00
      1203  3.824251E+00
      1204  8.378609E-01
      1205  2.623594E-01
      1206  1.707200E+01
      1207  9.231449E+00
      1208  3.824251E+00
      1209  8.378609E-01
      1210  2.623594E-01
      1211  9.640351E-01
      1212  1.758248E+00
      1213  9.674967E-01
      1214  1.762438E+00
      1215  9.733151E-01
      1216  1.770002E+00
      1217  9.852233E-01
      1218  1.778430E+00
      1219  3.585613E-01
      1220  6.463311E-01
      1221  3.585613E-01
      1222  6.463311E-01
      1223  9.852233E-01
      1224  1.778430E+00
      1225  9.733151E-01
      1226  1.770002E+00
      1227  9.674967E-01
      1228  1.762438E+00
      1229  9.640351E-01
      1230  1.758248E+00
      1231  1.684026E+01
      1232  9.118287E+00
      1233  3.788471E+00
      1234  8.377351E-01
      1235  2.559026E-01
      1236  1.684026E+01
      1237  9.118287E+00
      1238  3.788471E+00
      1239  8.377351E-01
      1240  2.559026E-01
      1241  9.438395E-01
      1242  1.733676E+00
      1243  9.473696E-01
      1244  1.737945E+00
      1245  9.533041E-01
      1246  1.745668E+00
      1247  9.655055E-01
      1248  1.754258E+00
      1249  3.513821E-01
      1250  6.375095E-01
      1251  3.513821E-01
      1252  6.375095E-01
      1253  9.655055E-01
      1254  1.754258E+00
      1255  9.533041E-01
      1256  1.745668E+00
      1257  9.473696E-01
      1258  1.737945E+00
      1259  9.438395E-01
      1260  1.733676E+00
      1261  1.660440E+01
      1262  9.002656E+00
      1263  3.751494E+00
      1264  8.373114E-01
      1265  2.496712E-01
      1266  1.660440E+01
      1267  9.002656E+00
      1268  3.751494E+00
      1269  8.373114E-01
      1270  2.496712E-01
      1271  9.235438E-01
      1272  1.708726E+00
      1273  9.271442E-01
      1274  1.713076E+00
      1275  9.331977E-01
      1276  1.720962E+00
      1277  9.457013E-01
      1278  1.729717E+00
      1279  3.441709E-01
      1280  6.285521E-01
      1281  3.441709E-01
      1282  6.285521E-01
      1283  9.457013E-01
      1284  1.729717E+00
      1285  9.331977E-01
      1286  1.720962E+00
      1287  9.271442E-01
      1288  1.713076E+00
      1289  9.235438E-01
      1290  1.708726E+00
      1291  1.636439E+01
      1292  8.884523E+00
      1293  3.713297E+00
      1294  8.365783E-01
      1295  2.436670E-01
      1296  1.636439E+01
      1297  8.884523E+00
      1298  3.713297E+00
      1299  8.365783E-01
      1300  2.436670E-01
      1301  9.031533E-01
      1302  1.683395E+00
      1303  9.068258E-01
      1304  1.687828E+00
      1305  9.130010E-01
      1306  1.695881E+00
      1307  9.258164E-01
      1308  1.704804E+00
      1309  3.369299E-01
      1310  6.194577E-01
      1311  3.369299E-01
      1312  6.194577E-01
      1313  9.258164E-01
      1314  1.704804E+00
      1315  9.130010E-01
      1316  1.695881E+00
      1317  9.068258E-01
      1318  1.687828E+00
      1319  9.031533E-01
      1320  1.683395E+00
      1321  1.612019E+01
      1322  8.763856E+00
      1323  3.673857E+00
      1324  8.355240E-01
      1325  2.378917E-01
      1326  1.612019E+01
      1327  8.763856E+00
      1328  3.673857E+00
      1329  8.355240E-01
      1330  2.378917E-01
      1331  8.826737E-01
      1332  1.657680E+00
      1333  8.864200E-01
      1334  1.662198E+00
      1335  8.927199E-01
      1336  1.670422E+00
      1337  9.058568E-01
      1338  1.679516E+00
      1339  3.296612E-01
      1340  6.102249E-01
      1341  3.296612E-01
      1342  6.102249E-01
      1343  9.058568E-01
      1344  1.679516E+00
      1345  8.927199E-01
      1346  1.670422E+00
      1347  8.864200E-01
      1348  1.662198E+00
      1349  8.826737E-01
      1350  1.657680E+00
      1351  1.587176E+01
      1352  8.640627E+00
      1353  3.633153E+00
      1354  8.341365E-01
      1355  2.323468E-01
      1356  1.587176E+01
      1357  8.640627E+00
      1358  3.633153E+00
      1359  8.341365E-01
      1360  2.323468E-01
      1361  8.621107E-01
      1362  1.631578E+00
      1363  8.659327E-01
      1364  1.636183E+00
      1365  8.723602E-01
      1366  1.644581E+00
      1367  8.858290E-01
      1368  1.653850E+00
      1369  3.223671E-01
      1370  6.008527E-01
      1371  3.223671E-01
      1372  6.008527E-01
      1373  8.858290E-01
      1374  1.653850E+00
      1375  8.723602E-01
      1376  1.644581E+00
      1377  8.659327E-01
      1378  1.636183E+00
      1379  8.621107E-01
      1380  1.631578E+00
      1381  1.561908E+01
      1382  8.514807E+00
      1383  3.591162E+00
      1384  8.324037E-01
      1385  2.270340E-01
      1386  1.561908E+01
      1387  8.514807E+00
      1388  3.591162E+00
      1389  8.324037E-01
      1390  2.270340E-01
      1391  8.414706E-01
      1392  1.605086E+00
      1393  8.453702E-01
      1394  1.609779E+00
      1395  8.519285E-01
      1396  1.618356E+00
      1397  8.657398E-01
      1398  1.627804E+00
      1399  3.150501E-01
      1400  5.913399E-01
      1401  3.150501E-01
      1402  5.913399E-01
      1403  8.657398E-01
      1404  1.627804E+00
      1405  8.519285E-01
      1406  1.618356E+00
      1407  8.453702E-01
      1408  1.609779E+00
      1409  8.414706E-01
      1410  1.605086E+00
      1411  1.536211E+01
      1412  8.386367E+00
      1413  3.547862E+00
      1414  8.303132E-01
      1415  2.219544E-01
      1416  1.536211E+01
      1417  8.386367E+00
      1418  3.547862E+00
      1419  8.303132E-01
      1420  2.219544E-01
      1421  8.207602E-01
      1422  1.578202E+00
      1423  8.247393E-01
      1424  1.582984E+00
      1425  8.314314E-01
      1426  1.591744E+00
      1427  8.455963E-01
      1428  1.601374E+00
      1429  3.077127E-01
      1430  5.816854E-01
      1431  3.077127E-01
      1432  5.816854E-01
      1433  8.455963E-01
      1434  1.601374E+00
      1435  8.314314E-01
      1436  1.591744E+00
      1437  8.247393E-01
      1438  1.582984E+00
      1439  8.207602E-01
      1440  1.578202E+00
      1441  1.510084E+01
      1442  8.255284E+00
      1443  3.503232E+00
      1444  8.278526E-01
      1445  2.171095E-01
      1446  1.510084E+01
      1447  8.255284E+00
      1448  3.503232E+00
      1449  8.278526E-01
      1450  2.171095E-01
      1451  7.999862E-01
      1452  1.550923E+00
      1453  8.040468E-01
      1454  1.555795E+00
      1455  8.108762E-01
      1456  1.564743E+00
      1457  8.254062E-01
      1458  1.574559E+00
      1459  3.003576E-01
      1460  5.718884E-01
      1461  3.003576E-01
      1462  5.718884E-01
      1463  8.254062E-01
      1464  1.574559E+00
      1465  8.108762E-01
      1466  1.564743E+00
      1467  8.040468E-01
      1468  1.555795E+00
      1469  7.999862E-01
      1470  1.550923E+00
      1471  1.483523E+01
      1472  8.121532E+00
      1473  3.457252E+00
      1474  8.250092E-01
      1475  2.125001E-01
      1476  1.483523E+01
      1477  8.121532E+00
      1478  3.457252E+00
      1479  8.250092E-01
      1480  2.125001E-01
      1481  7.791562E-01
      1482  1.523246E+00
      1483  7.833005E-01
      1484  1.528212E+00
      1485  7.902703E-01
      1486  1.537352E+00
      1487  8.051773E-01
      1488  1.547357E+00
      1489  2.929878E-01
      1490  5.619481E-01
      1491  2.929878E-01
      1492  5.619481E-01
      1493  8.051773E-01
      1494  1.547357E+00
      1495  7.902703E-01
      1496  1.537352E+00
      1497  7.833005E-01
      1498  1.528212E+00
      1499  7.791562E-01
      1500  1.523246E+00
      1501  1.456527E+01
      1502  7.985092E+00
      1503  3.409900E+00
      1504  8.217703E-01
      1505  2.081273E-01
      1506  1.456527E+01
      1507  7.985092E+00
      1508  3.409900E+00
      1509  8.217703E-01
      1510  2.081273E-01
      1511  7.582780E-01
      1512  1.495171E+00
      1513  7.625080E-01
      1514  1.500231E+00
      1515  7.696217E-01
      1516  1.509568E+00
      1517  7.849182E-01
      1518  1.519766E+00
      1519  2.856063E-01
      1520  5.518635E-01
      1521  2.856063E-01
      1522  5.518635E-01
      1523  7.849182E-01
      1524  1.519766E+00
      1525  7.696217E-01
      1526  1.509568E+00
      1527  7.625080E-01
      1528  1.500231E+00
      1529  7.582780E-01
      1530  1.495171E+00
      1531  1.429095E+01
      1532  7.845944E+00
      1533  3.361158E+00
      1534  8.181231E-01
      1535  2.039917E-01
      1536  1.429095E+01
      1537  7.845944E+00
      1538  3.361158E+00
      1539  8.181231E-01
      1540  2.039917E-01
      1541  7.373598E-01
      1542  1.466696E+00
      1543  7.416777E-01
      1544  1.471851E+00
      1545  7.489388E-01
      1546  1.481390E+00
      1547  7.646378E-01
      1548  1.491785E+00
      1549  2.782162E-01
      1550  5.416343E-01
      1551  2.782162E-01
      1552  5.416343E-01
      1553  7.646378E-01
      1554  1.491785E+00
      1555  7.489388E-01
      1556  1.481390E+00
      1557  7.416777E-01
      1558  1.471851E+00
      1559  7.373598E-01
      1560  1.466696E+00
      1561  1.401227E+01
      1562  7.704071E+00
      1563  3.311007E+00
      1564  8.140547E-01
      1565  2.000939E-01
      1566  1.401227E+01
      1567  7.704071E+00
      1568  3.311007E+00
      1569  8.140547E-01
      1570  2.000939E-01
      1571  7.164103E-01
      1572  1.437820E+00
      1573  7.208185E-01
      1574  1.443072E+00
      1575  7.282306E-01
      1576  1.452817E+00
      1577  7.443454E-01
      1578  1.463412E+00
      1579  2.708210E-01
      1580  5.312598E-01
      1581  2.708210E-01
      1582  5.312598E-01
      1583  7.443454E-01
      1584  1.463412E+00
      1585  7.282306E-01
      1586  1.452817E+00
      1587  7.208185E-01
      1588  1.443072E+00
      1589  7.164103E-01
      1590  1.437820E+00
      1591  1.372922E+01
      1592  7.559462E+00
      1593  3.259430E+00
      1594  8.095523E-01
      1595  1.964343E-01
      1596  1.372922E+01
      1597  7.559462E+00
      1598  3.259430E+00
      1599  8.095523E-01
      1600  1.964343E-01
      1601  6.954388E-01
      1602  1.408542E+00
      1603  6.999395E-01
      1604  1.413893E+00
      1605  7.075062E-01
      1606  1.423849E+00
      1607  7.240509E-01
      1608  1.434649E+00
      1609  2.634242E-01
      1610  5.207398E-01
      1611  2.634242E-01
      1612  5.207398E-01
      1613  7.240509E-01
      1614  1.434649E+00
      1615  7.075062E-01
      1616  1.423849E+00
      1617  6.999395E-01
      1618  1.413893E+00
      1619  6.954388E-01
      1620  1.408542E+00
      1621  1.344181E+01
      1622  7.412105E+00
      1623  3.206412E+00
      1624  8.046031E-01
      1625  1.930132E-01
      1626  1.344181E+01
      1627  7.412105E+00
      1628  3.206412E+00
      1629  8.046031E-01
      1630  1.930132E-01
      1631  6.744548E-01
      1632  1.378862E+00
      1633  6.790505E-01
      1634  1.384315E+00
      1635  6.867756E-01
      1636  1.394486E+00
      1637  7.037648E-01
      1638  1.405494E+00
      1639  2.560296E-01
      1640  5.100740E-01
      1641  2.560296E-01
      1642  5.100740E-01
      1643  7.037648E-01
      1644  1.405494E+00
      1645  6.867756E-01
      1646  1.394486E+00
      1647  6.790505E-01
      1648  1.384315E+00
      1649  6.744548E-01
      1650  1.378862E+00
      1651  1.315005E+01
      1652  7.261996E+00
      1653  3.151937E+00
      1654  7.991942E-01
      1655  1.898304E-01
      1656  1.315005E+01
      1657  7.261996E+00
      1658  3.151937E+00
      1659  7.991942E-01
      1660  1.898304E-01
      1661  6.534686E-01
      1662  1.348782E+00
      1663  6.581617E-01
      1664  1.354336E+00
      1665  6.660491E-01
      1666  1.364729E+00
      1667  6.834979E-01
      1668  1.375948E+00
      1669  2.486410E-01
      1670  4.992626E-01
      1671  2.486410E-01
      1672  4.992626E-01
      1673  6.834979E-01
      1674  1.375948E+00
      1675  6.660491E-01
      1676  1.364729E+00
      1677  6.581617E-01
      1678  1.354336E+00
      1679  6.534686E-01
      1680  1.348782E+00
      1681  1.285397E+01
      1682  7.109132E+00
      1683  3.095992E+00
      1684  7.933132E-01
      1685  1.868857E-01
      1686  1.285397E+01
      1687  7.109132E+00
      1688  3.095992E+00
      1689  7.933132E-01
      1690  1.868857E-01
      1691  6.324910E-01
      1692  1.318301E+00
      1693  6.372840E-01
      1694  1.323959E+00
      1695  6.453376E-01
      1696  1.334578E+00
      1697  6.632618E-01
      1698  1.346013E+00
      1699  2.412627E-01
      1700  4.883056E-01
      1701  2.412627E-01
      1702  4.883056E-01
      1703  6.632618E-01
      1704  1.346013E+00
      1705  6.453376E-01
      1706  1.334578E+00
      1707  6.372840E-01
      1708  1.323959E+00
      1709  6.324910E-01
      1710  1.318301E+00
      1711  1.255358E+01
      1712  6.953517E+00
      1713  3.038567E+00
      1714  7.869476E-01
      1715  1.841787E-01
      1716  1.255358E+01
      1717  6.953517E+00
      1718  3.038567E+00
      1719  7.869476E-01
      1720  1.841787E-01
      1721  6.115333E-01
      1722  1.287422E+00
      1723  6.164288E-01
      1724  1.293186E+00
      1725  6.246525E-01
      1726  1.304036E+00
      1727  6.430686E-01
      1728  1.315690E+00
      1729  2.338989E-01
      1730  4.772037E-01
      1731  2.338989E-01
      1732  4.772037E-01
      1733  6.430686E-01
      1734  1.315690E+00
      1735  6.246525E-01
      1736  1.304036E+00
      1737  6.164288E-01
      1738  1.293186E+00
      1739  6.115333E-01
      1740  1.287422E+00
      1741  1.224894E+01
      1742  6.795158E+00
      1743  2.979652E+00
      1744  7.800852E-01
      1745  1.817088E-01
      1746  1.224894E+01
      1747  6.795158E+00
      1748  2.979652E+00
      1749  7.800852E-01
      1750  1.817088E-01
      1751  5.906073E-01
      1752  1.256148E+00
      1753  5.956079E-01
      1754  1.262018E+00
      1755  6.040058E-01
      1756  1.273105E+00
      1757  6.229308E-01
      1758  1.284982E+00
      1759  2.265543E-01
      1760  4.659575E-01
      1761  2.265543E-01
      1762  4.659575E-01
      1763  6.229308E-01
      1764  1.284982E+00
      1765  6.040058E-01
      1766  1.273105E+00
      1767  5.956079E-01
      1768  1.262018E+00
      1769  5.906073E-01
      1770  1.256148E+00
      1771  1.194009E+01
      1772  6.634069E+00
      1773  2.919239E+00
      1774  7.727143E-01
      1775  1.794749E-01
      1776  1.194009E+01
      1777  6.634069E+00
      1778  2.919239E+00
      1779  7.727143E-01
      1780  1.794749E-01
      1781  5.697257E-01
      1782  1.224481E+00
      1783  5.748340E-01
      1784  1.230459E+00
      1785  5.834101E-01
      1786  1.241789E+00
      1787  6.028618E-01
      1788  1.253892E+00
      1789  2.192335E-01
      1790  4.545680E-01
      1791  2.192335E-01
      1792  4.545680E-01
      1793  6.028618E-01
      1794  1.253892E+00
      1795  5.834101E-01
      1796  1.241789E+00
      1797  5.748340E-01
      1798  1.230459E+00
      1799  5.697257E-01
      1800  1.224481E+00
      1801  1.162709E+01
      1802  6.470270E+00
      1803  2.857327E+00
      1804  7.648235E-01
      1805  1.774759E-01
      1806  1.162709E+01
      1807  6.470270E+00
      1808  2.857327E+00
      1809  7.648235E-01
      1810  1.774759E-01
      1811  5.489018E-01
      1812  1.192425E+00
      1813  5.541202E-01
      1814  1.198513E+00
      1815  5.628786E-01
      1816  1.210091E+00
      1817  5.828756E-01
      1818  1.222425E+00
      1819  2.119417E-01
      1820  4.430364E-01
      1821  2.119417E-01
      1822  4.430364E-01
      1823  5.828756E-01
      1824  1.222425E+00
      1825  5.628786E-01
      1826  1.210091E+00
      1827  5.541202E-01
      1828  1.198513E+00
      1829  5.489018E-01
      1830  1.192425E+00
      1831  1.131001E+01
      1832  6.303789E+00
      1833  2.793911E+00
      1834  7.564020E-01
      1835  1.757105E-01
      1836  1.131001E+01
      1837  6.303789E+00
      1838  2.793911E+00
      1839  7.564020E-01
      1840  1.757105E-01
      1841  5.281493E-01
      1842  1.159986E+00
      1843  5.334806E-01
      1844  1.166185E+00
      1845  5.424253E-01
      1846  1.178017E+00
      1847  5.629868E-01
      1848  1.190586E+00
      1849  2.046841E-01
      1850  4.313645E-01
      1851  2.046841E-01
      1852  4.313645E-01
      1853  5.629868E-01
      1854  1.190586E+00
      1855  5.424253E-01
      1856  1.178017E+00
      1857  5.334806E-01
      1858  1.166185E+00
      1859  5.281493E-01
      1860  1.159986E+00
      1861  1.098894E+01
      1862  6.134659E+00
      1863  2.728996E+00
      1864  7.474394E-01
      1865  1.741769E-01
      1866  1.098894E+01
      1867  6.134659E+00
      1868  2.728996E+00
      1869  7.474394E-01
      1870  1.741769E-01
      1871  5.074831E-01
      1872  1.127169E+00
      1873  5.129296E-01
      1874  1.133482E+00
      1875  5.220647E-01
      1876  1.145574E+00
      1877  5.432107E-01
      1878  1.158381E+00
      1879  1.974662E-01
      1880  4.195543E-01
      1881  1.974662E-01
      1882  4.195543E-01
      1883  5.432107E-01
      1884  1.158381E+00
      1885  5.220647E-01
      1886  1.145574E+00
      1887  5.129296E-01
      1888  1.133482E+00
      1889  5.074831E-01
      1890  1.127169E+00
      1891  1.066399E+01
      1892  5.962923E+00
      1893  2.662586E+00
      1894  7.379263E-01
      1895  1.728731E-01
      1896  1.066399E+01
      1897  5.962923E+00
      1898  2.662586E+00
      1899  7.379263E-01
      1900  1.728731E-01
      1901  4.869185E-01
      1902  1.093981E+00
      1903  4.924825E-01
      1904  1.100409E+00
      1905  5.018120E-01
      1906  1.112769E+00
      1907  5.235635E-01
      1908  1.125818E+00
      1909  1.902938E-01
      1910  4.076083E-01
      1911  1.902938E-01
      1912  4.076083E-01
      1913  5.235635E-01
      1914  1.125818E+00
      1915  5.018120E-01
      1916  1.112769E+00
      1917  4.924825E-01
      1918  1.100409E+00
      1919  4.869185E-01
      1920  1.093981E+00
      1921  1.033527E+01
      1922  5.788634E+00
      1923  2.594690E+00
      1924  7.278539E-01
      1925  1.717971E-01
      1926  1.033527E+01
      1927  5.788634E+00
      1928  2.594690E+00
      1929  7.278539E-01
      1930  1.717971E-01
      1931  4.664717E-01
      1932  1.060429E+00
      1933  4.721553E-01
      1934  1.066975E+00
      1935  4.816832E-01
      1936  1.079610E+00
      1937  5.040619E-01
      1938  1.092906E+00
      1939  1.831731E-01
      1940  3.955295E-01
      1941  1.831731E-01
      1942  3.955295E-01
      1943  5.040619E-01
      1944  1.092906E+00
      1945  4.816832E-01
      1946  1.079610E+00
      1947  4.721553E-01
      1948  1.066975E+00
      1949  4.664717E-01
      1950  1.060429E+00
      1951  1.000292E+01
      1952  5.611854E+00
      1953  2.525324E+00
      1954  7.172147E-01
      1955  1.709463E-01
      1956  1.000292E+01
      1957  5.611854E+00
      1958  2.525324E+00
      1959  7.172147E-01
      1960  1.709463E-01
      1961  4.461597E-01
      1962  1.026523E+00
      1963  4.519649E-01
      1964  1.033190E+00
      1965  4.616950E-01
      1966  1.046108E+00
      1967  4.847237E-01
      1968  1.059656E+00
      1969  1.761104E-01
      1970  3.833213E-01
      1971  1.761104E-01
      1972  3.833213E-01
      1973  4.847237E-01
      1974  1.059656E+00
      1975  4.616950E-01
      1976  1.046108E+00
      1977  4.519649E-01
      1978  1.033190E+00
      1979  4.461597E-01
      1980  1.026523E+00
      1981  9.667086E+00
      1982  5.432655E+00
      1983  2.454505E+00
      1984  7.060019E-01
      1985  1.703181E-01
      1986  9.667086E+00
      1987  5.432655E+00
      1988  2.454505E+00
      1989  7.060019E-01
      1990  1.703181E-01
      1991  4.260000E-01
      1992  9.922726E-01
      1993  4.319285E-01
      1994  9.990647E-01
      1995  4.418648E-01
      1996  1.012275E+00
      1997  4.655675E-01
      1998  1.026080E+00
      1999  1.691126E-01
      2000  3.709882E-01
      2001  1.691126E-01
      2002  3.709882E-01
      2003  4.655675E-01
      2004  1.026080E+00
      2005  4.418648E-01
      2006  1.012275E+00
      2007  4.319285E-01
      2008  9.990647E-01
      2009  4.260000E-01
      2010  9.922726E-01
      2011  9.327957E+00
      2012  5.251125E+00
      2013  2.382258E+00
      2014  6.942103E-01
      2015  1.699096E-01
      2016  9.327957E+00
      2017  5.251125E+00
      2018  2.382258E+00
      2019  6.942103E-01
      2020  1.699096E-01
      2021  4.060111E-01
      2022  9.576897E-01
      2023  4.120644E-01
      2024  9.646111E-01
      2025  4.222107E-01
      2026  9.781243E-01
      2027  4.466126E-01
      2028  9.921927E-01
      2029  1.621867E-01
      2030  3.585349E-01
      2031  1.621867E-01
      2032  3.585349E-01
      2033  4.466126E-01
      2034  9.921927E-01
      2035  4.222107E-01
      2036  9.781243E-01
      2037  4.120644E-01
      2038  9.646111E-01
      2039  4.060111E-01
      2040  9.576897E-01
      2041  8.985729E+00
      2042  5.067361E+00
      2043  2.308613E+00
      2044  6.818362E-01
      2045  1.697177E-01
      2046  8.985729E+00
      2047  5.067361E+00
      2048  2.308613E+00
      2049  6.818362E-01
      2050  1.697177E-01
      2051  3.862119E-01
      2052  9.227875E-01
      2053  3.923913E-01
      2054  9.298438E-01
      2055  4.027517E-01
      2056  9.436723E-01
      2057  4.278796E-01
      2058  9.580111E-01
      2059  1.553402E-01
      2060  3.459673E-01
      2061  1.553402E-01
      2062  3.459673E-01
      2063  4.278796E-01
      2064  9.580111E-01
      2065  4.027517E-01
      2066  9.436723E-01
      2067  3.923913E-01
      2068  9.298438E-01
      2069  3.862119E-01
      2070  9.227875E-01
      2071  8.640631E+00
      2072  4.881477E+00
      2073  2.233607E+00
      2074  6.688774E-01
      2075  1.697394E-01
      2076  8.640631E+00
      2077  4.881477E+00
      2078  2.233607E+00
      2079  6.688774E-01
      2080  1.697394E-01
      2081  3.666219E-01
      2082  8.875812E-01
      2083  3.729285E-01
      2084  8.947793E-01
      2085  3.835075E-01
      2086  9.089372E-01
      2087  4.093900E-01
      2088  9.235547E-01
      2089  1.485812E-01
      2090  3.332922E-01
      2091  1.485812E-01
      2092  3.332922E-01
      2093  4.093900E-01
      2094  9.235547E-01
      2095  3.835075E-01
      2096  9.089372E-01
      2097  3.729285E-01
      2098  8.947793E-01
      2099  3.666219E-01
      2100  8.875812E-01
      2101  8.292918E+00
      2102  4.693603E+00
      2103  2.157284E+00
      2104  6.553339E-01
      2105  1.699714E-01
      2106  8.292918E+00
      2107  4.693603E+00
      2108  2.157284E+00
      2109  6.553339E-01
      2110  1.699714E-01
      2111  3.472606E-01
      2112  8.520884E-01
      2113  3.536957E-01
      2114  8.594366E-01
      2115  3.644984E-01
      2116  8.739404E-01
      2117  3.911664E-01
      2118  8.888463E-01
      2119  1.419181E-01
      2120  3.205176E-01
      2121  1.419181E-01
      2122  3.205176E-01
      2123  3.911664E-01
      2124  8.888463E-01
      2125  3.644984E-01
      2126  8.739404E-01
      2127  3.536957E-01
      2128  8.594366E-01
      2129  3.472606E-01
      2130  8.520884E-01
      2131  7.942874E+00
      2132  4.503884E+00
      2133  2.079695E+00
      2134  6.412078E-01
      2135  1.704108E-01
      2136  7.942874E+00
      2137  4.503884E+00
      2138  2.079695E+00
      2139  6.412078E-01
      2140  1.704108E-01
      2141  3.281476E-01
      2142  8.163300E-01
      2143  3.347129E-01
      2144  8.238380E-01
      2145  3.457455E-01
      2146  8.387067E-01
      2147  3.732329E-01
      2148  8.539125E-01
      2149  1.353599E-01
      2150  3.076526E-01
      2151  1.353599E-01
      2152  3.076526E-01
      2153  3.732329E-01
      2154  8.539125E-01
      2155  3.457455E-01
      2156  8.387067E-01
      2157  3.347129E-01
      2158  8.238380E-01
      2159  3.281476E-01
      2160  8.163300E-01
      2161  7.590819E+00
      2162  4.312485E+00
      2163  2.000902E+00
      2164  6.265039E-01
      2165  1.710550E-01
      2166  7.590819E+00
      2167  4.312485E+00
      2168  2.000902E+00
      2169  6.265039E-01
      2170  1.710550E-01
      2171  3.093021E-01
      2172  7.803307E-01
      2173  3.160002E-01
      2174  7.880096E-01
      2175  3.272707E-01
      2176  8.032647E-01
      2177  3.556147E-01
      2178  8.187840E-01
      2179  1.289163E-01
      2180  2.947080E-01
      2181  1.289163E-01
      2182  2.947080E-01
      2183  3.556147E-01
      2184  8.187840E-01
      2185  3.272707E-01
      2186  8.032647E-01
      2187  3.160002E-01
      2188  7.880096E-01
      2189  3.093021E-01
      2190  7.803307E-01
      2191  7.237105E+00
      2192  4.119593E+00
      2193  1.920975E+00
      2194  6.112302E-01
      2195  1.719018E-01
      2196  7.237105E+00
      2197  4.119593E+00
      2198  1.920975E+00
      2199  6.112302E-01
      2200  1.719018E-01
      2201  2.907423E-01
      2202  7.441204E-01
      2203  2.975773E-01
      2204  7.519823E-01
      2205  3.090963E-01
      2206  7.676480E-01
      2207  3.383388E-01
      2208  7.834964E-01
      2209  1.225976E-01
      2210  2.816962E-01
      2211  1.225976E-01
      2212  2.816962E-01
      2213  3.383388E-01
      2214  7.834964E-01
      2215  3.090963E-01
      2216  7.676480E-01
      2217  2.975773E-01
      2218  7.519823E-01
      2219  2.907423E-01
      2220  7.441204E-01
      2221  6.882125E+00
      2222  3.925413E+00
      2223  1.839993E+00
      2224  5.953985E-01
      2225  1.729504E-01
      2226  6.882125E+00
      2227  3.925413E+00
      2228  1.839993E+00
      2229  5.953985E-01
      2230  1.729504E-01
      2231  2.724850E-01
      2232  7.077359E-01
      2233  2.794638E-01
      2234  7.157928E-01
      2235  2.912456E-01
      2236  7.318957E-01
      2237  3.214341E-01
      2238  7.480909E-01
      2239  1.164148E-01
      2240  2.686317E-01
      2241  1.164148E-01
      2242  2.686317E-01
      2243  3.214341E-01
      2244  7.480909E-01
      2245  2.912456E-01
      2246  7.318957E-01
      2247  2.794638E-01
      2248  7.157928E-01
      2249  2.724850E-01
      2250  7.077359E-01
      2251  6.526308E+00
      2252  3.730175E+00
      2253  1.758048E+00
      2254  5.790251E-01
      2255  1.742013E-01
      2256  6.526308E+00
      2257  3.730175E+00
      2258  1.758048E+00
      2259  5.790251E-01
      2260  1.742013E-01
      2261  2.545451E-01
      2262  6.712226E-01
      2263  2.616785E-01
      2264  6.794856E-01
      2265  2.737424E-01
      2266  6.960534E-01
      2267  3.049315E-01
      2268  7.126153E-01
      2269  1.103797E-01
      2270  2.555309E-01
      2271  1.103797E-01
      2272  2.555309E-01
      2273  3.049315E-01
      2274  7.126153E-01
      2275  2.737424E-01
      2276  6.960534E-01
      2277  2.616785E-01
      2278  6.794856E-01
      2279  2.545451E-01
      2280  6.712226E-01
      2281  6.170126E+00
      2282  3.534131E+00
      2283  1.675246E+00
      2284  5.621317E-01
      2285  1.756571E-01
      2286  6.170126E+00
      2287  3.534131E+00
      2288  1.675246E+00
      2289  5.621317E-01
      2290  1.756571E-01
      2291  2.369344E-01
      2292  6.346373E-01
      2293  2.442393E-01
      2294  6.431142E-01
      2295  2.566118E-01
      2296  6.601744E-01
      2297  2.888646E-01
      2298  6.771243E-01
      2299  1.045052E-01
      2300  2.424128E-01
      2301  1.045052E-01
      2302  2.424128E-01
      2303  2.888646E-01
      2304  6.771243E-01
      2305  2.566118E-01
      2306  6.601744E-01
      2307  2.442393E-01
      2308  6.431142E-01
      2309  2.369344E-01
      2310  6.346373E-01
      2311  5.814094E+00
      2312  3.337561E+00
      2313  1.591705E+00
      2314  5.447467E-01
      2315  1.773239E-01
      2316  5.814094E+00
      2317  3.337561E+00
      2318  1.591705E+00
      2319  5.447467E-01
      2320  1.773239E-01
      2321  2.196619E-01
      2322  5.980512E-01
      2323  2.271636E-01
      2324  6.067433E-01
      2325  2.398799E-01
      2326  6.243209E-01
      2327  2.732702E-01
      2328  6.416807E-01
      2329  9.880470E-02
      2330  2.292990E-01
      2331  9.880470E-02
      2332  2.292990E-01
      2333  2.732702E-01
      2334  6.416807E-01
      2335  2.398799E-01
      2336  6.243209E-01
      2337  2.271636E-01
      2338  6.067433E-01
      2339  2.196619E-01
      2340  5.980512E-01
      2341  5.458769E+00
      2342  3.140770E+00
      2343  1.507559E+00
      2344  5.269069E-01
      2345  1.792117E-01
      2346  5.458769E+00
      2347  3.140770E+00
      2348  1.507559E+00
      2349  5.269069E-01
      2350  1.792117E-01
      2351  2.027328E-01
      2352  5.615532E-01
      2353  2.104680E-01
      2354  5.704512E-01
      2355  2.235749E-01
      2356  5.885646E-01
      2357  2.581891E-01
      2358  6.063553E-01
      2359  9.329284E-02
      2360  2.162137E-01
      2361  9.329284E-02
      2362  2.162137E-01
      2363  2.581891E-01
      2364  6.063553E-01
      2365  2.235749E-01
      2366  5.885646E-01
      2367  2.104680E-01
      2368  5.704512E-01
      2369  2.027328E-01
      2370  5.615532E-01
      2371  5.104749E+00
      2372  2.944090E+00
      2373  1.422960E+00
      2374  5.086592E-01
      2375  1.813365E-01
      2376  5.104749E+00
      2377  2.944090E+00
      2378  1.422960E+00
      2379  5.086592E-01
      2380  1.813365E-01
      2381  1.861486E-01
      2382  5.252541E-01
      2383  1.941696E-01
      2384  5.343316E-01
      2385  2.077282E-01
      2386  5.529880E-01
      2387  2.436671E-01
      2388  5.712280E-01
      2389  8.798492E-02
      2390  2.031840E-01
      2391  8.798492E-02
      2392  2.031840E-01
      2393  2.436671E-01
      2394  5.712280E-01
      2395  2.077282E-01
      2396  5.529880E-01
      2397  1.941696E-01
      2398  5.343316E-01
      2399  1.861486E-01
      2400  5.252541E-01
      2401  4.752676E+00
      2402  2.747884E+00
      2403  1.338078E+00
      2404  4.900631E-01
      2405  1.837214E-01
      2406  4.752676E+00
      2407  2.747884E+00
      2408  1.338078E+00
      2409  4.900631E-01
      2410  1.837214E-01
      2411  1.699085E-01
      2412  4.892901E-01
      2413  1.782875E-01
      2414  4.984962E-01
      2415  1.923756E-01
      2416  5.176844E-01
      2417  2.297564E-01
      2418  5.363865E-01
      2419  8.289699E-02
      2420  1.902393E-01
      2421  8.289699E-02
      2422  1.902393E-01
      2423  2.297564E-01
      2424  5.363865E-01
      2425  1.923756E-01
      2426  5.176844E-01
      2427  1.782875E-01
      2428  4.984962E-01
      2429  1.699085E-01
      2430  4.892901E-01
      2431  4.403232E+00
      2432  2.552543E+00
      2433  1.253109E+00
      2434  4.711936E-01
      2435  1.863990E-01
      2436  4.403232E+00
      2437  2.552543E+00
      2438  1.253109E+00
      2439  4.711936E-01
      2440  1.863990E-01
      2441  1.540111E-01
      2442  4.538268E-01
      2443  1.628458E-01
      2444  4.630757E-01
      2445  1.775608E-01
      2446  4.827575E-01
      2447  2.165174E-01
      2448  5.019255E-01
      2449  7.804553E-02
      2450  1.774113E-01
      2451  7.804553E-02
      2452  1.774113E-01
      2453  2.165174E-01
      2454  5.019255E-01
      2455  1.775608E-01
      2456  4.827575E-01
      2457  1.628458E-01
      2458  4.630757E-01
      2459  1.540111E-01
      2460  4.538268E-01
      2461  4.057139E+00
      2462  2.358491E+00
      2463  1.168271E+00
      2464  4.521443E-01
      2465  1.894134E-01
      2466  4.057139E+00
      2467  2.358491E+00
      2468  1.168271E+00
      2469  4.521443E-01
      2470  1.894134E-01
      2471  1.384595E-01
      2472  4.190618E-01
      2473  1.478790E-01
      2474  4.282210E-01
      2475  1.633384E-01
      2476  4.483198E-01
      2477  2.040211E-01
      2478  4.679437E-01
      2479  7.344701E-02
      2480  1.647328E-01
      2481  7.344701E-02
      2482  1.647328E-01
      2483  2.040211E-01
      2484  4.679437E-01
      2485  1.633384E-01
      2486  4.483198E-01
      2487  1.478790E-01
      2488  4.282210E-01
      2489  1.384595E-01
      2490  4.190618E-01
      2491  3.715156E+00
      2492  2.166188E+00
      2493  1.083815E+00
      2494  4.330317E-01
      2495  1.928220E-01
      2496  3.715156E+00
      2497  2.166188E+00
      2498  1.083815E+00
      2499  4.330317E-01
      2500  1.928220E-01
      2501  1.232699E-01
      2502  3.852274E-01
      2503  1.334405E-01
      2504  3.941023E-01
      2505  1.497812E-01
      2506  4.144889E-01
      2507  1.923519E-01
      2508  4.345398E-01
      2509  6.911718E-02
      2510  1.522362E-01
      2511  6.911718E-02
      2512  1.522362E-01
      2513  1.923519E-01
      2514  4.345398E-01
      2515  1.497812E-01
      2516  4.144889E-01
      2517  1.334405E-01
      2518  3.941023E-01
      2519  1.232699E-01
      2520  3.852274E-01
      2521  3.378085E+00
      2522  1.976135E+00
      2523  1.000029E+00
      2524  4.139994E-01
      2525  1.966973E-01
      2526  3.378085E+00
      2527  1.976135E+00
      2528  1.000029E+00
      2529  4.139994E-01
      2530  1.966973E-01
      2531  1.084862E-01
      2532  3.525902E-01
      2533  1.196171E-01
      2534  3.609079E-01
      2535  1.369896E-01
      2536  3.813830E-01
      2537  1.816123E-01
      2538  4.018051E-01
      2539  6.507010E-02
      2540  1.399511E-01
      2541  6.507010E-02
      2542  1.399511E-01
      2543  1.816123E-01
      2544  4.018051E-01
      2545  1.369896E-01
      2546  3.813830E-01
      2547  1.196171E-01
      2548  3.609079E-01
      2549  1.084862E-01
      2550  3.525902E-01
      2551  3.046772E+00
      2552  1.788883E+00
      2553  9.172461E-01
      2554  3.952228E-01
      2555  2.011267E-01
      2556  3.046772E+00
      2557  1.788883E+00
      2558  9.172461E-01
      2559  3.952228E-01
      2560  2.011267E-01
      2561  9.420465E-02
      2562  3.214517E-01
      2563  1.065514E-01
      2564  3.288419E-01
      2565  1.251064E-01
      2566  3.491145E-01
      2567  1.719293E-01
      2568  3.698151E-01
      2569  6.131664E-02
      2570  1.279018E-01
      2571  6.131664E-02
      2572  1.279018E-01
      2573  1.719293E-01
      2574  3.698151E-01
      2575  1.251064E-01
      2576  3.491145E-01
      2577  1.065514E-01
      2578  3.288419E-01
      2579  9.420465E-02
      2580  3.214517E-01
      2581  2.722120E+00
      2582  1.605044E+00
      2583  8.358564E-01
      2584  3.769147E-01
      2585  2.062103E-01
      2586  2.722120E+00
      2587  1.605044E+00
      2588  8.358564E-01
      2589  3.769147E-01
      2590  2.062103E-01
      2591  8.061357E-02
      2592  2.921474E-01
      2593  9.447749E-02
      2594  2.981239E-01
      2595  1.143405E-01
      2596  3.177846E-01
      2597  1.634643E-01
      2598  3.386202E-01
      2599  5.786258E-02
      2600  1.161038E-01
      2601  5.786258E-02
      2602  1.161038E-01
      2603  1.634643E-01
      2604  3.386202E-01
      2605  1.143405E-01
      2606  3.177846E-01
      2607  9.447749E-02
      2608  2.981239E-01
      2609  8.061357E-02
      2610  2.921474E-01
      2611  2.405103E+00
      2612  1.425318E+00
      2613  7.563285E-01
      2614  3.593309E-01
      2615  2.120535E-01
      2616  2.405103E+00
      2617  1.425318E+00
      2618  7.563285E-01
      2619  3.593309E-01
      2620  2.120535E-01
      2621  6.805365E-02
      2622  2.650493E-01
      2623  8.377399E-02
      2624  2.689952E-01
      2625  1.050018E-01
      2626  2.874840E-01
      2627  1.564314E-01
      2628  3.082403E-01
      2629  5.470610E-02
      2630  1.045638E-01
      2631  5.470610E-02
      2632  1.045638E-01
      2633  1.564314E-01
      2634  3.082403E-01
      2635  1.050018E-01
      2636  2.874840E-01
      2637  8.377399E-02
      2638  2.689952E-01
      2639  6.805365E-02
      2640  2.650493E-01
      2641  2.096786E+00
      2642  1.250524E+00
      2643  6.792361E-01
      2644  3.427749E-01
      2645  2.187513E-01
      2646  2.096786E+00
      2647  1.250524E+00
      2648  6.792361E-01
      2649  3.427749E-01
      2650  2.187513E-01
      2651  5.710637E-02
      2652  2.405745E-01
      2653  7.504167E-02
      2654  2.417383E-01
      2655  9.755549E-02
      2656  2.583085E-01
      2657  1.511308E-01
      2658  2.786748E-01
      2659  5.183512E-02
      2660  9.328601E-02
      2661  5.183512E-02
      2662  9.328601E-02
      2663  1.511308E-01
      2664  2.786748E-01
      2665  9.755549E-02
      2666  2.583085E-01
      2667  7.504167E-02
      2668  2.417383E-01
      2669  5.710637E-02
      2670  2.405745E-01
      2671  1.798356E+00
      2672  1.081644E+00
      2673  6.052974E-01
      2674  3.275999E-01
      2675  2.263615E-01
      2676  1.798356E+00
      2677  1.081644E+00
      2678  6.052974E-01
      2679  3.275999E-01
      2680  2.263615E-01
      2681  4.871145E-02
      2682  2.192017E-01
      2683  6.920648E-02
      2684  2.167205E-01
      2685  9.269945E-02
      2686  2.304092E-01
      2687  1.480098E-01
      2688  2.499501E-01
      2689  4.922505E-02
      2690  8.229668E-02
      2691  4.922505E-02
      2692  8.229668E-02
      2693  1.480098E-01
      2694  2.499501E-01
      2695  9.269945E-02
      2696  2.304092E-01
      2697  6.920648E-02
      2698  2.167205E-01
      2699  4.871145E-02
      2700  2.192017E-01
      2701  1.511154E+00
      2702  9.198960E-01
      2703  5.354199E-01
      2704  3.142006E-01
      2705  2.348631E-01
      2706  1.511154E+00
      2707  9.198960E-01
      2708  5.354199E-01
      2709  3.142006E-01
      2710  2.348631E-01
      2711  4.429663E-02
      2712  2.014931E-01
      2713  6.763724E-02
      2714  1.944747E-01
      2715  9.147287E-02
      2716  2.041050E-01
      2717  1.477791E-01
      2718  2.222467E-01
      2719  4.683957E-02
      2720  7.170813E-02
      2721  4.683957E-02
      2722  7.170813E-02
      2723  1.477791E-01
      2724  2.222467E-01
      2725  9.147287E-02
      2726  2.041050E-01
      2727  6.763724E-02
      2728  1.944747E-01
      2729  4.429663E-02
      2730  2.014931E-01
      2731  1.236744E+00
      2732  7.668105E-01
      2733  4.707292E-01
      2734  3.029779E-01
      2735  2.441071E-01
      2736  1.236744E+00
      2737  7.668105E-01
      2738  4.707292E-01
      2739  3.029779E-01
      2740  2.441071E-01
      2741  4.585595E-02
      2742  1.880981E-01
      2743  7.223006E-02
      2744  1.758169E-01
      2745  9.539035E-02
      2746  1.800978E-01
      2747  1.516278E-01
      2748  1.961805E-01
      2749  4.464055E-02
      2750  6.186028E-02
      2751  4.464055E-02
      2752  6.186028E-02
      2753  1.516278E-01
      2754  1.961805E-01
      2755  9.539035E-02
      2756  1.800978E-01
      2757  7.223006E-02
      2758  1.758169E-01
      2759  4.585595E-02
      2760  1.880981E-01
      2761  9.770693E-01
      2762  6.243049E-01
      2763  4.125163E-01
      2764  2.942456E-01
      2765  2.537926E-01
      2766  9.770693E-01
      2767  6.243049E-01
      2768  4.125163E-01
      2769  2.942456E-01
      2770  2.537926E-01
      2771  5.581152E-02
      2772  1.796699E-01
      2773  8.532954E-02
      2774  1.619624E-01
      2775  1.065681E-01
      2776  1.598273E-01
      2777  1.616204E-01
      2778  1.733540E-01
      2779  4.262226E-02
      2780  5.361068E-02
      2781  4.262226E-02
      2782  5.361068E-02
      2783  1.616204E-01
      2784  1.733540E-01
      2785  1.065681E-01
      2786  1.598273E-01
      2787  8.532954E-02
      2788  1.619624E-01
      2789  5.581152E-02
      2790  1.796699E-01
      2791  7.348272E-01
      2792  4.946685E-01
      2793  3.619639E-01
      2794  2.880252E-01
      2795  2.635652E-01
      2796  7.348272E-01
      2797  4.946685E-01
      2798  3.619639E-01
      2799  2.880252E-01
      2800  2.635652E-01
      2801  7.633393E-02
      2802  1.765728E-01
      2803  1.092048E-01
      2804  1.545058E-01
      2805  1.277261E-01
      2806  1.459477E-01
      2807  1.814101E-01
      2808  1.573486E-01
      2809  4.090178E-02
      2810  4.890559E-02
      2811  4.090178E-02
      2812  4.890559E-02
      2813  1.814101E-01
      2814  1.573486E-01
      2815  1.277261E-01
      2816  1.459477E-01
      2817  1.092048E-01
      2818  1.545058E-01
      2819  7.633393E-02
      2820  1.765728E-01
      2821  5.142571E-01
      2822  3.802551E-01
      2823  3.193822E-01
      2824  2.836918E-01
      2825  2.734117E-01
      2826  5.142571E-01
      2827  3.802551E-01
      2828  3.193822E-01
      2829  2.836918E-01
      2830  2.734117E-01
      2831  1.076531E-01
      2832  1.781887E-01
      2833  1.446182E-01
      2834  1.549234E-01
      2835  1.617573E-01
      2836  1.426889E-01
      2837  2.174738E-01
      2838  1.553353E-01
      2839  3.991823E-02
      2840  5.186302E-02
      2841  3.991823E-02
      2842  5.186302E-02
      2843  2.174738E-01
      2844  1.553353E-01
      2845  1.617573E-01
      2846  1.426889E-01
      2847  1.446182E-01
      2848  1.549234E-01
      2849  1.076531E-01
      2850  1.781887E-01
      2851  3.223559E-01
      2852  2.824321E-01
      2853  2.827141E-01
      2854  2.793850E-01
      2855  2.848304E-01
      2856  3.223559E-01
      2857  2.824321E-01
      2858  2.827141E-01
      2859  2.793850E-01
      2860  2.848304E-01
      2861  1.453941E-01
      2862  1.820054E-01
      2863  1.880545E-01
      2864  1.631614E-01
      2865  2.102425E-01
      2866  1.553930E-01
      2867  2.809469E-01
      2868  1.804241E-01
      2869  4.079243E-02
      2870  7.089234E-02
      2871  4.079243E-02
      2872  7.089234E-02
      2873  2.809469E-01
      2874  1.804241E-01
      2875  2.102425E-01
      2876  1.553930E-01
      2877  1.880545E-01
      2878  1.631614E-01
      2879  1.453941E-01
      2880  1.820054E-01
      2881  1.695654E-01
      2882  1.994971E-01
      2883  2.452553E-01
      2884  2.720460E-01
      2885  3.023396E-01
      2886  1.695654E-01
      2887  1.994971E-01
      2888  2.452553E-01
      2889  2.720460E-01
      2890  3.023396E-01
      2891  1.775344E-01
      2892  1.830864E-01
      2893  2.282783E-01
      2894  1.752925E-01
      2895  2.693841E-01
      2896  1.875498E-01
      2897  3.898846E-01
      2898  2.541569E-01
      2899  4.585830E-02
      2900  1.224546E-01
      2901  4.585830E-02
      2902  1.224546E-01
      2903  3.898846E-01
      2904  2.541569E-01
      2905  2.693841E-01
      2906  1.875498E-01
      2907  2.282783E-01
      2908  1.752925E-01
      2909  1.775344E-01
      2910  1.830864E-01
      2911  6.673398E-02
      2912  1.255113E-01
      2913  1.954663E-01
      2914  2.565333E-01
      2915  3.395452E-01
      2916  6.673398E-02
      2917  1.255113E-01
      2918  1.954663E-01
      2919  2.565333E-01
      2920  3.395452E-01
      2921  1.884592E-01
      2922  1.762669E-01
      2923  2.469395E-01
      2924  1.831633E-01
      2925  3.241388E-01
      2926  2.343498E-01
      2927  5.677209E-01
      2928  4.084052E-01
      2929  5.798653E-02
      2930  2.378418E-01
      2931  5.798653E-02
      2932  2.378418E-01
      2933  5.677209E-01
      2934  4.084052E-01
      2935  3.241388E-01
      2936  2.343498E-01
      2937  2.469395E-01
      2938  1.831633E-01
      2939  1.884592E-01
      2940  1.762669E-01
      2941  1.526098E-02
      2942  5.804340E-02
      2943  1.264475E-01
      2944  2.213871E-01
      2945  4.282295E-01
      2946  1.526098E-02
      2947  5.804340E-02
      2948  1.264475E-01
      2949  2.213871E-01
      2950  4.282295E-01
      2951  1.782664E-01
      2952  1.624403E-01
      2953  2.329806E-01
      2954  1.897019E-01
      2955  3.540184E-01
      2956  2.819350E-01
      2957  8.423418E-01
      2958  6.810736E-01
      2959  8.783106E-02
      2960  4.788685E-01
      2961  8.783106E-02
      2962  4.788685E-01
      2963  8.423418E-01
      2964  6.810736E-01
      2965  3.540184E-01
      2966  2.819350E-01
      2967  2.329806E-01
      2968  1.897019E-01
      2969  1.782664E-01
      2970  1.624403E-01
      2971  6.788881E-04
      2972  1.052078E-02
      2973  4.810636E-02
      2974  1.564202E-01
      2975  4.820814E-01
      2976  6.788881E-04
      2977  1.052078E-02
      2978  4.810636E-02
      2979  1.564202E-01
      2980  4.820814E-01
      2981  1.069770E-01
      2982  1.770447E-01
      2983  1.707694E-01
      2984  1.711930E-01
      2985  3.097920E-01
      2986  3.898498E-01
      2987  1.181416E+00
      2988  1.194208E+00
      2989  1.460124E-01
      2990  9.561014E-01
      2991  1.460124E-01
      2992  9.561014E-01
      2993  1.181416E+00
      2994  1.194208E+00
      2995  3.097920E-01
      2996  3.898498E-01
      2997  1.707694E-01
      2998  1.711930E-01
      2999  1.069770E-01
      3000  1.770447E-01
