
                        S T E P       1


                                INCREMENT     1


 displacements (vx,vy,vz) for set NALL and time  0.1000000E+01

         1  0.000000E+00  7.031035E-25  0.000000E+00
         2  0.000000E+00  0.000000E+00 -6.617445E-25
         3  0.000000E+00 -6.617445E-25  1.085261E-22
         4  0.000000E+00 -6.617445E-25  2.283018E-22
         5  2.195437E-03 -3.301107E-05 -2.447270E-03
         6  2.190247E-03  3.962795E-05  2.516156E-03
         7 -2.126935E-03  4.371815E-05 -2.446264E-03
         8 -2.131916E-03 -2.806614E-05  2.514981E-03
         9  4.221087E-03 -1.870093E-05 -4.921499E-03
        10  4.221566E-03  2.712946E-05  4.903363E-03
        11 -4.115087E-03  1.984870E-05 -4.921408E-03
        12 -4.115376E-03 -1.787176E-05  4.903475E-03
        13  4.498373E-03  1.140125E-07 -5.377928E-03
        14  4.498330E-03  3.260655E-06  5.364515E-03
        15 -4.456378E-03 -4.285407E-06 -5.378029E-03
        16 -4.456681E-03  6.396765E-06  5.364689E-03
        17  4.713769E-03 -1.920886E-06 -5.655706E-03
        18  4.714610E-03  2.484771E-06  5.646363E-03
        19 -4.704758E-03  5.089894E-08 -5.656848E-03
        20 -4.705125E-03 -4.787157E-07  5.647700E-03
        21  5.000000E-03  2.646978E-23 -6.000000E-03
        22  5.000000E-03 -2.117582E-23  6.000000E-03
        23 -5.000000E-03  0.000000E+00 -6.000000E-03
        24 -5.000000E-03 -1.164670E-21  6.000000E-03
        25  6.577324E-05 -6.984805E-06 -1.318727E-04
        26  3.292571E-04 -2.476094E-05 -5.575595E-04
        27  7.740643E-04 -4.166037E-05 -1.159847E-03
        28  1.246141E-03 -4.773217E-05 -1.695855E-03
        29  1.639582E-03 -4.583922E-05 -2.036094E-03
        30  1.907340E-03 -4.283198E-05 -2.193407E-03
        31  2.057725E-03 -4.054134E-05 -2.295947E-03
        32  5.084196E-05  6.589786E-08  1.708063E-05
        33  2.517827E-04 -3.028042E-06  9.962558E-05
        34  6.018908E-04 -7.860332E-06  3.134536E-04
        35  1.012263E-03 -1.082589E-05  6.982773E-04
        36  1.418235E-03 -5.361282E-06  1.226141E-03
        37  1.778833E-03  9.983270E-06  1.798645E-03
        38  2.063785E-03  2.946559E-05  2.267047E-03
        39 -9.849617E-05 -2.766073E-07 -2.565335E-06
        40 -3.536949E-04 -2.056318E-06 -6.173410E-05
        41 -6.900324E-04 -6.655005E-06 -2.545146E-04
        42 -1.045187E-03 -9.405095E-06 -6.017184E-04
        43 -1.376400E-03 -4.538166E-06 -1.083758E-03
        44 -1.658245E-03  9.846332E-06 -1.625330E-03
        45 -1.877463E-03  2.995766E-05 -2.115652E-03
        46 -1.080842E-04 -3.818287E-06  9.232570E-05
        47 -4.550817E-04 -1.883410E-05  4.488146E-04
        48 -9.832144E-04 -3.487418E-05  1.039636E-03
        49 -1.541191E-03 -4.120737E-05  1.650282E-03
        50 -2.000727E-03 -3.756411E-05  2.126734E-03
        51 -2.271211E-03 -3.111773E-05  2.404992E-03
        52 -2.305241E-03 -2.784198E-05  2.502880E-03
        53  3.917037E-03 -6.664181E-05 -3.818031E-03
        54  2.625624E-03 -1.137701E-06  3.781998E-03
        55 -2.908686E-03 -7.157661E-06 -3.864492E-03
        56 -3.414358E-03 -5.178925E-05  3.661182E-03
        57  4.673275E-03 -1.640989E-05 -4.902036E-03
        58  4.907254E-03 -1.581571E-05 -4.891991E-03
        59  4.849608E-03 -1.096670E-05 -5.137397E-03
        60  3.781942E-03  1.393885E-05  5.180876E-03
        61  3.592258E-03  8.205499E-06  5.465123E-03
        62  3.894366E-03  6.552717E-06  5.416722E-03
        63 -3.676725E-03  7.430278E-06 -5.198870E-03
        64 -3.490168E-03  9.463908E-07 -5.488520E-03
        65 -3.824218E-03 -1.354595E-06 -5.436739E-03
        66 -4.551176E-03 -1.453343E-05  4.841227E-03
        67 -4.771992E-03 -1.243988E-05  4.788094E-03
        68 -4.763717E-03 -6.005490E-06  5.078897E-03
        69  5.525131E-03 -6.131364E-06 -5.772473E-03
        70  4.102303E-03 -4.048602E-06  5.765630E-03
        71 -4.094439E-03 -4.912822E-06 -5.774271E-03
        72 -5.520889E-03 -5.505324E-06  5.768230E-03
        73  1.532674E-06  1.143591E-08  1.065751E-06
        74 -1.208016E-06  8.772781E-10 -8.360018E-07
        75  7.678920E-07 -1.673988E-09  8.298359E-07
        76 -1.164019E-06  7.682624E-09 -1.259418E-06
        77  2.196671E-03 -9.822548E-05  9.482087E-05
        78 -2.129467E-03  8.410730E-05  1.402671E-05
        79 -6.842480E-06 -2.683530E-06 -2.445647E-03
        80  4.583018E-05 -1.917129E-05  2.513586E-03
        81  4.222723E-03  4.745056E-06  7.762751E-06
        82 -4.114538E-03  4.967458E-07 -2.626147E-05
        83  3.872281E-05  2.031610E-06 -4.921640E-03
        84  6.671260E-05  3.103968E-06  4.902663E-03
        85  4.498705E-03  1.164829E-06  1.099835E-05
        86 -4.456389E-03  1.579602E-06 -2.336949E-05
        87  6.671520E-06 -2.913494E-06 -5.377657E-03
        88  3.532814E-05  5.688538E-06  5.364892E-03
        89  4.999760E-03 -1.061361E-05 -3.031016E-03
        90  4.999874E-03 -8.310708E-07  1.895189E-05
        91  4.999717E-03  9.752492E-06  3.059031E-03
        92 -5.000299E-03  1.096902E-05 -3.060492E-03
        93 -5.000133E-03 -2.789574E-07 -1.871077E-05
        94 -5.000256E-03 -1.108371E-05  3.032710E-03
        95  2.527315E-03  1.144433E-05 -6.000338E-03
        96 -1.498847E-05  1.633410E-06 -6.000224E-03
        97 -2.549937E-03 -9.609087E-06 -6.000476E-03
        98  2.548471E-03 -1.098238E-05  5.999508E-03
        99  1.397323E-05  2.289421E-07  5.999777E-03
       100 -2.526948E-03  1.092945E-05  5.999674E-03
       101  3.925102E-05  8.681031E-05 -6.656573E-04
       102  6.014125E-04  4.439697E-04 -2.972941E-03
       103  1.561547E-03  9.243401E-04 -5.822597E-03
       104  1.924261E-03  1.158648E-03 -7.116695E-03
       105  1.314535E-03  9.541685E-04 -6.200383E-03
       106 -1.385140E-05  4.293691E-04 -3.944088E-03
       107 -1.243050E-03  6.888271E-05 -2.511004E-03
       108  2.017221E-04 -1.152713E-04 -8.499803E-04
       109  7.926189E-04 -4.964910E-04 -3.309121E-03
       110  1.441914E-03 -9.538584E-04 -6.025849E-03
       111  1.619989E-03 -1.156447E-03 -7.153832E-03
       112  1.245717E-03 -9.389760E-04 -6.175867E-03
       113  7.993421E-04 -4.257912E-04 -3.971152E-03
       114  1.168323E-03 -7.031827E-05 -2.557884E-03
       115 -2.717678E-04 -1.096791E-04  8.141619E-04
       116 -1.162254E-03 -4.976724E-04  3.306742E-03
       117 -2.232324E-03 -9.875555E-04  6.207508E-03
       118 -2.744226E-03 -1.229356E-03  7.536893E-03
       119 -2.478602E-03 -1.036736E-03  6.673214E-03
       120 -1.829167E-03 -5.146848E-04  4.426878E-03
       121 -1.686326E-03 -1.172591E-04  2.832049E-03
       122  3.795380E-05  9.922274E-05  7.485823E-04
       123 -3.351020E-04  4.703946E-04  3.148615E-03
       124 -9.617831E-04  9.491828E-04  5.992375E-03
       125 -1.025983E-03  1.179921E-03  7.271088E-03
       126 -3.053273E-04  9.803949E-04  6.381459E-03
       127  8.746242E-04  4.659787E-04  4.173739E-03
       128  1.716454E-03  9.454102E-05  2.696966E-03
       129 -4.773310E-04  1.488845E-04  9.371319E-05
       130 -2.761603E-03  8.049630E-04  5.191214E-04
       131 -5.884358E-03  1.652316E-03  1.252886E-03
       132 -6.939611E-03  1.926890E-03  1.804605E-03
       133 -4.882120E-03  1.463993E-03  1.941505E-03
       134 -8.882526E-04  6.261858E-04  1.819463E-03
       135  1.780911E-03  1.058823E-04  1.980881E-03
       136 -3.795108E-04 -1.186065E-04  1.746624E-05
       137 -2.402883E-03 -7.018795E-04  4.831403E-04
       138 -5.364982E-03 -1.505679E-03  1.238050E-03
       139 -6.636558E-03 -1.834123E-03  1.435425E-03
       140 -5.122785E-03 -1.496162E-03  7.466084E-04
       141 -1.618428E-03 -7.623082E-04 -5.736017E-04
       142  1.228397E-03 -2.055119E-04 -1.711939E-03
       143  4.028967E-04 -1.259808E-04 -7.770538E-05
       144  2.551504E-03 -7.443065E-04 -3.640327E-04
       145  5.584242E-03 -1.567299E-03 -7.026575E-04
       146  6.622091E-03 -1.837451E-03 -6.343493E-04
       147  4.625984E-03 -1.388552E-03  1.792956E-05
       148  7.498779E-04 -5.757413E-04  1.064799E-03
       149 -1.790677E-03 -8.063655E-05  1.940077E-03
       150  4.009857E-04  1.249168E-04  2.176176E-05
       151  2.456461E-03  7.175343E-04 -4.822399E-04
       152  5.405977E-03  1.518343E-03 -1.505553E-03
       153  6.597321E-03  1.827111E-03 -2.191884E-03
       154  4.962299E-03  1.461533E-03 -2.193312E-03
       155  1.381786E-03  7.120339E-04 -1.780501E-03
       156 -1.348923E-03  1.780573E-04 -1.805200E-03
       157  2.171532E-03  4.768556E-05 -3.085659E-03
       158  2.519420E-03  3.805381E-04 -5.231036E-03
       159  2.888300E-03  8.591850E-04 -8.071015E-03
       160  2.465068E-03  1.115610E-03 -9.479341E-03
       161  1.014444E-03  9.479190E-04 -8.737025E-03
       162 -1.063029E-03  4.526704E-04 -6.610590E-03
       163 -2.825407E-03  8.552924E-05 -5.144195E-03
       164 -1.709738E-03 -9.009465E-05 -3.406086E-03
       165 -7.592173E-04 -4.549135E-04 -5.756798E-03
       166  4.878747E-04 -8.800262E-04 -8.280572E-03
       167  1.435618E-03 -1.065168E-03 -9.311366E-03
       168  1.894526E-03 -8.623319E-04 -8.398177E-03
       169  2.173791E-03 -3.890898E-04 -6.364117E-03
       170  2.965357E-03 -6.414201E-05 -5.073831E-03
       171  1.585506E-03 -3.794024E-05  3.119263E-03
       172  4.799221E-04 -3.577132E-04  5.182941E-03
       173 -9.487885E-04 -8.134231E-04  7.884640E-03
       174 -1.952151E-03 -1.058933E-03  9.231903E-03
       175 -2.305857E-03 -9.040855E-04  8.547039E-03
       176 -2.359642E-03 -4.375938E-04  6.543993E-03
       177 -2.945457E-03 -8.519167E-05  5.134156E-03
       178 -1.587618E-03  3.531656E-05  3.039486E-03
       179 -1.469180E-03  3.528366E-04  5.095485E-03
       180 -1.637364E-03  8.089354E-04  7.807712E-03
       181 -1.274924E-03  1.051218E-03  9.144876E-03
       182 -1.082005E-04  8.915323E-04  8.443759E-03
       183  1.582905E-03  4.267185E-04  6.453031E-03
       184  3.050097E-03  8.527369E-05  5.098143E-03
       185  1.813499E-03  8.614068E-05 -1.665717E-03
       186 -4.714381E-04  7.424015E-04 -5.049368E-04
       187 -3.500894E-03  1.563853E-03  9.278675E-04
       188 -4.564518E-03  1.839835E-03  2.143287E-03
       189 -2.666635E-03  1.412983E-03  2.906140E-03
       190  1.102111E-03  6.222883E-04  3.350008E-03
       191  3.704702E-03  1.145670E-04  3.978365E-03
       192  1.791555E-03 -8.757499E-05  1.851491E-03
       193 -2.293622E-04 -6.702673E-04  1.576059E-03
       194 -3.200438E-03 -1.477737E-03  1.578968E-03
       195 -4.347118E-03 -1.775924E-03  1.013021E-03
       196 -2.592517E-03 -1.383531E-03 -4.170067E-04
       197  1.075763E-03 -6.157072E-04 -2.371207E-03
       198  3.676151E-03 -1.096484E-04 -3.917819E-03
       199 -1.884317E-03 -3.591266E-05 -1.980939E-03
       200  2.110406E-04 -6.393111E-04 -1.665504E-03
       201  3.335638E-03 -1.486815E-03 -1.345132E-03
       202  4.551873E-03 -1.801453E-03 -6.012475E-04
       203  2.744333E-03 -1.395938E-03  7.099645E-04
       204 -1.016782E-03 -6.074735E-04  2.375875E-03
       205 -3.612919E-03 -1.013866E-04  3.815510E-03
       206 -1.770639E-03  8.718033E-05  1.769357E-03
       207  1.444642E-04  6.402024E-04  4.813274E-04
       208  3.019265E-03  1.421600E-03 -1.319547E-03
       209  4.128601E-03  1.710296E-03 -2.710793E-03
       210  2.416792E-03  1.327531E-03 -3.323281E-03
       211 -1.143982E-03  5.824757E-04 -3.434381E-03
       212 -3.621916E-03  1.002064E-04 -3.924925E-03

 forces (fx,fy,fz) for set RIGHT and time  0.1000000E+01

        21  1.114335E+03  1.760557E+02 -9.471050E+02
        22  1.074696E+03 -5.135844E+02  8.952881E+02
        23 -1.114576E+03 -8.933832E+00 -9.316938E+02
        24 -1.093427E+03 -3.473020E+02  9.802577E+02

 internal energy (element, energy) for set ALL and time  0.1000000E+01

         1  8.208440E-03
         2  7.197612E-03
         3  2.695851E-03
         4  3.298811E-03
         5  3.955488E-03
         6  3.045083E-03
         7  3.198909E-03
         8  7.711084E-03
         9  2.770091E-03
        10  4.422347E-03
        11  3.884512E-03
        12  3.456668E-03
        13  2.828997E-03
        14  2.748613E-03
        15  5.039294E-03
        16  9.706776E-03
        17  2.824433E-03
        18  3.960553E-03
        19  3.660853E-03
        20  3.487409E-03
        21  3.111806E-03
        22  2.880919E-03
        23  4.312704E-03
        24  6.899735E-03
        25  6.217918E-03
        26  7.916866E-03
        27  3.096946E-03
        28  2.667596E-03
        29  3.531781E-03
        30  4.084432E-03
        31  3.811700E-03
        32  3.169568E-03
        33  2.698653E-02
        34  4.554918E-02
        35  1.639975E-02
        36  1.311349E-02
        37  1.799706E-02
        38  4.069442E-02
        39  2.223261E-02
        40  2.227305E-02
        41  1.158591E-03
        42  7.609660E-04
        43  7.757442E-04
        44  8.167186E-04
        45  1.263602E-03
        46  9.986398E-04
        47  9.741721E-04
        48  1.025390E-03
        49  1.196918E-03
        50  1.249502E-03
        51  1.219749E-03
        52  1.066300E-03
        53  1.068648E-03
        54  1.108077E-03
        55  1.151780E-03
        56  1.216804E-03
        57  1.284402E-02
        58  1.344580E-02
        59  1.445563E-02
        60  1.613446E-02
        61  9.127648E-05
        62  5.757696E-04
        63  5.561745E-04
        64  5.430058E-04
        65  2.012564E-04
        66  3.946571E-04
        67  1.747531E-04
        68  4.662419E-04
        69  1.686254E-03
        70  4.402761E-03
        71  1.648545E-03
        72  1.792537E-03
        73  9.710997E-04
        74  1.221929E-03
        75  3.566618E-03
        76  1.733524E-03
        77  1.841075E-02
        78  7.443185E-03
        79  5.495245E-03
        80  2.389781E-03
        81  1.180603E-02
        82  1.558053E-02
        83  3.729729E-03
        84  2.022067E-03
        85  5.769283E-03
        86  7.543437E-03
        87  5.864345E-03
        88  4.136673E-03
        89  1.099611E-02
        90  1.333793E-02
        91  1.161476E-02
        92  9.329661E-03
        93  5.019396E-03
        94  3.542999E-03
        95  4.624383E-03
        96  6.352503E-03
        97  4.421640E-03
        98  3.150249E-03
        99  4.910625E-03
       100  6.651754E-03
       101  1.444257E-02
       102  1.279541E-02
       103  1.081820E-02
       104  1.169251E-02
       105  5.633488E-03
       106  6.638117E-04
       107  1.205908E-03
       108  7.031946E-03
       109  5.601491E-03
       110  9.723909E-04
       111  4.914718E-04
       112  4.367091E-03
       113  6.031605E-03
       114  7.461370E-04
       115  1.162242E-03
       116  7.389573E-03
       117  4.919099E-03
       118  8.070745E-04
       119  4.823118E-04
       120  3.848052E-03
       121  1.913193E-01
       122  1.805950E-01
       123  6.560321E-02
       124  1.808570E-01
       125  1.748822E-01
       126  5.305537E-02
       127  2.082863E-01
       128  8.676711E-02
       129  2.451110E-01
       130  1.458973E-01
       131  6.996948E-02
       132  1.826144E-01
       133  1.669461E-01
       134  4.954033E-02
       135  2.053953E-01
       136  9.331903E-02
       137  2.151592E-01
       138  1.536580E-01
       139  5.821963E-02
       140  1.671913E-01
       141  1.622801E-01
       142  4.533259E-02
       143  1.649091E-01
       144  1.085632E-01
       145  2.319593E-01
       146  1.730341E-01
       147  6.449808E-02
       148  1.854968E-01
       149  1.768080E-01
       150  4.790403E-02
       151  1.984644E-01
       152  1.095552E-01
       153  1.349254E-01
       154  1.952473E-01
       155  5.413424E-02
       156  2.029128E-01
       157  1.879674E-01
       158  4.395113E-02
       159  2.743061E-01
       160  1.499203E-01
       161  1.082256E-01
       162  1.975688E-01
       163  4.121600E-02
       164  1.754981E-01
       165  1.831981E-01
       166  5.448812E-02
       167  1.751484E-01
       168  1.660158E-01
       169  1.034648E-01
       170  1.960177E-01
       171  5.803165E-02
       172  2.019035E-01
       173  1.886640E-01
       174  5.071866E-02
       175  2.720038E-01
       176  1.303100E-01
       177  1.048434E-01
       178  2.026479E-01
       179  5.541517E-02
       180  1.952650E-01
       181  1.967082E-01
       182  6.262814E-02
       183  2.114801E-01
       184  1.503267E-01
       185  1.407073E-01
       186  1.851339E-01
       187  5.629096E-02
       188  1.641033E-01
       189  1.677603E-01
       190  5.168110E-02
       191  1.685694E-01
       192  8.749470E-02
       193  1.867272E-01
       194  1.143187E-01
       195  6.189414E-02
       196  1.561692E-01
       197  1.395145E-01
       198  3.770881E-02
       199  1.694797E-01
       200  6.191633E-02
       201  1.438195E-01
       202  1.575581E-01
       203  4.392277E-02
       204  1.410212E-01
       205  1.449517E-01
       206  4.216556E-02
       207  1.438037E-01
       208  9.199228E-02
       209  1.779884E-01
       210  1.816206E-01
       211  5.303700E-02
       212  1.608876E-01
       213  1.628532E-01
       214  4.622981E-02
       215  1.691792E-01
       216  9.051250E-02
       217  1.661650E-01
       218  1.788244E-01
       219  4.857415E-02
       220  1.825944E-01
       221  1.696390E-01
       222  3.979778E-02
       223  2.299848E-01
       224  1.334093E-01
       225  1.028351E-01
       226  2.094853E-01
       227  4.993385E-02
       228  1.980938E-01
       229  1.954521E-01
       230  5.087306E-02
       231  2.473045E-01
       232  1.608883E-01
       233  1.117431E-01
       234  2.161972E-01
       235  5.430939E-02
       236  1.957255E-01
       237  1.904686E-01
       238  5.221453E-02
       239  2.430772E-01
       240  1.296252E-01
       241  7.524782E-02
       242  2.076230E-01
       243  5.494441E-02
       244  1.963355E-01
       245  1.932954E-01
       246  5.558365E-02
       247  2.430160E-01
       248  1.373377E-01
       249  1.696967E-01
       250  1.852160E-01
       251  1.533566E-01
       252  2.014129E-01
       253  2.241432E-01
       254  2.334379E-01
       255  2.411828E-01
       256  2.326443E-01
       257  9.510812E-02
       258  9.986707E-02
       259  9.011939E-02
       260  1.054280E-01
       261  8.406244E-02
       262  9.136907E-02
       263  9.122286E-02
       264  8.441485E-02
       265  1.403737E-01
       266  1.664658E-01
       267  1.464498E-01
       268  1.591459E-01
       269  1.525223E-01
       270  1.563253E-01
       271  1.686743E-01
       272  1.587694E-01

 total internal energy for set ALL and time  0.1000000E+01

        2.225562E+01
