
                        S T E P       1


                                INCREMENT     1


 displacements (vx,vy,vz) for set TIP_TOP and time  0.1000000E+01

      1751 -2.816935E-02 -2.935786E-03 -3.625302E+00
      1752 -2.695888E-02 -2.911767E-03 -3.618443E+00
      1755 -2.584582E-02 -2.820167E-03 -3.611669E+00
      1758 -2.480153E-02 -2.291003E-03 -3.605506E+00
      1760 -2.406745E-02 -9.146929E-04 -3.601612E+00
      1762 -2.401742E-02  8.317138E-11 -3.601384E+00
      1764 -2.406745E-02  9.146930E-04 -3.601612E+00
      1767 -2.480153E-02  2.291003E-03 -3.605506E+00
      1770 -2.584582E-02  2.820167E-03 -3.611669E+00
      1773 -2.695888E-02  2.911768E-03 -3.618443E+00
      1776 -2.816935E-02  2.935786E-03 -3.625302E+00

 forces (fx,fy,fz) for set CLAMP and time  0.1000000E+01

         1  7.927526E+03  9.237072E+03  5.114332E+03
         4  1.464377E+04  4.868177E-08  1.023455E+04
         5  9.271145E+03  1.452479E+04 -5.108480E+02
         8  1.650833E+04  8.958889E-08 -9.673693E+02
         9  6.553862E+03  9.825547E+03 -3.653379E+02
        12  1.163013E+04  7.226511E-08 -6.809421E+02
        13  4.235864E+03  5.833285E+03 -4.651852E+02
        16  7.558583E+03  5.348996E-08 -8.702601E+02
        17  2.008117E+03  1.980921E+03 -6.044377E+02
        20  3.692789E+03  3.252496E-08 -1.192445E+03
        21  3.186062E+03 -5.864410E+02 -3.518043E+03
        24  2.700453E+02  5.709075E-09 -1.414701E+03
        26  7.927526E+03 -9.237072E+03  5.114332E+03
        28  9.271145E+03 -1.452479E+04 -5.108480E+02
        30  6.553862E+03 -9.825547E+03 -3.653379E+02
        32  4.235864E+03 -5.833285E+03 -4.651852E+02
        34  2.008117E+03 -1.980921E+03 -6.044377E+02
        36  3.186062E+03  5.864410E+02 -3.518043E+03
        37  8.910524E+02 -5.965054E+02 -2.507866E+03
        40  3.557179E+03  5.936526E+01 -4.656363E+03
        41 -2.694325E+03 -2.540938E+03 -2.599794E+03
        44 -3.224293E+03 -7.174666E+02 -5.067173E+03
        45 -5.735942E+03 -2.138084E+03  3.768698E+03
        48 -1.139749E+04 -1.017137E+03  7.903320E+03
        50  4.743900E+03 -5.974864E+01 -4.608102E+03
        52 -3.054946E+03 -7.804620E+02 -5.239587E+03
        54 -1.293687E+04 -8.930258E+02  8.662661E+03
        56  5.636370E+03 -2.387929E+02 -5.028427E+03
        58 -3.450517E+03 -8.379729E+02 -5.357000E+03
        60 -1.465956E+04 -7.624580E+02  9.753345E+03
        62 -3.015023E+03 -5.066422E+02 -3.375551E+03
        64 -1.104415E+04 -3.551233E+02  7.412678E+03
        66 -1.797059E+03  8.207798E-09 -1.666595E+03
        68 -6.102517E+03  1.103741E-08  4.135118E+03
        70 -3.015023E+03  5.066422E+02 -3.375551E+03
        72 -1.104415E+04  3.551233E+02  7.412678E+03
        74  5.636370E+03  2.387929E+02 -5.028427E+03
        76 -3.450517E+03  8.379729E+02 -5.357000E+03
        78 -1.465956E+04  7.624580E+02  9.753345E+03
        80  4.743900E+03  5.974864E+01 -4.608102E+03
        82 -3.054946E+03  7.804620E+02 -5.239587E+03
        84 -1.293687E+04  8.930258E+02  8.662661E+03
        86  3.557179E+03 -5.936526E+01 -4.656363E+03
        88 -3.224293E+03  7.174666E+02 -5.067173E+03
        90 -1.139749E+04  1.017137E+03  7.903320E+03
        92  8.910524E+02  5.965054E+02 -2.507866E+03
        94 -2.694325E+03  2.540938E+03 -2.599794E+03
        96 -5.735942E+03  2.138084E+03  3.768698E+03

 internal energy (element, energy) for set EALL and time  0.1000000E+01

         1  2.979083E+02
         2  1.540674E+02
         3  7.127563E+01
         4  2.466759E+01
         5  7.704994E+00
         6  2.979083E+02
         7  1.540674E+02
         8  7.127563E+01
         9  2.466759E+01
        10  7.704994E+00
        11  1.599742E+01
        12  4.184206E+01
        13  1.590126E+01
        14  4.310254E+01
        15  1.784301E+01
        16  4.828521E+01
        17  2.093436E+01
        18  5.543464E+01
        19  8.404341E+00
        20  2.165279E+01
        21  8.404341E+00
        22  2.165279E+01
        23  2.093436E+01
        24  5.543464E+01
        25  1.784301E+01
        26  4.828521E+01
        27  1.590126E+01
        28  4.310254E+01
        29  1.599742E+01
        30  4.184206E+01
        31  2.561666E+02
        32  1.557241E+02
        33  7.543126E+01
        34  2.782179E+01
        35  1.274647E+01
        36  2.561666E+02
        37  1.557241E+02
        38  7.543126E+01
        39  2.782179E+01
        40  1.274647E+01
        41  1.359823E+01
        42  3.001795E+01
        43  1.464325E+01
        44  3.157068E+01
        45  1.514654E+01
        46  3.177478E+01
        47  1.733774E+01
        48  3.223405E+01
        49  6.796321E+00
        50  1.163519E+01
        51  6.796321E+00
        52  1.163519E+01
        53  1.733774E+01
        54  3.223405E+01
        55  1.514654E+01
        56  3.177478E+01
        57  1.464325E+01
        58  3.157068E+01
        59  1.359823E+01
        60  3.001795E+01
        61  1.880405E+02
        62  1.067850E+02
        63  5.112332E+01
        64  1.818371E+01
        65  8.473965E+00
        66  1.880405E+02
        67  1.067850E+02
        68  5.112332E+01
        69  1.818371E+01
        70  8.473965E+00
        71  9.373069E+00
        72  2.128234E+01
        73  9.891974E+00
        74  2.154893E+01
        75  1.050483E+01
        76  2.176755E+01
        77  1.174859E+01
        78  2.190716E+01
        79  4.228917E+00
        80  7.803987E+00
        81  4.228917E+00
        82  7.803987E+00
        83  1.174859E+01
        84  2.190716E+01
        85  1.050483E+01
        86  2.176755E+01
        87  9.891974E+00
        88  2.154893E+01
        89  9.373069E+00
        90  2.128234E+01
        91  1.512952E+02
        92  8.482852E+01
        93  3.897944E+01
        94  1.341280E+01
        95  6.935294E+00
        96  1.512952E+02
        97  8.482852E+01
        98  3.897944E+01
        99  1.341280E+01
       100  6.935294E+00
       101  8.162284E+00
       102  1.621047E+01
       103  8.344426E+00
       104  1.605395E+01
       105  8.641535E+00
       106  1.610866E+01
       107  9.508905E+00
       108  1.618708E+01
       109  3.353557E+00
       110  5.730348E+00
       111  3.353557E+00
       112  5.730348E+00
       113  9.508905E+00
       114  1.618708E+01
       115  8.641535E+00
       116  1.610866E+01
       117  8.344426E+00
       118  1.605395E+01
       119  8.162284E+00
       120  1.621047E+01
       121  1.210843E+02
       122  6.777281E+01
       123  3.086657E+01
       124  1.052094E+01
       125  5.983873E+00
       126  1.210843E+02
       127  6.777281E+01
       128  3.086657E+01
       129  1.052094E+01
       130  5.983873E+00
       131  7.204686E+00
       132  1.263144E+01
       133  7.221411E+00
       134  1.247418E+01
       135  7.272297E+00
       136  1.245800E+01
       137  7.751539E+00
       138  1.242403E+01
       139  2.668793E+00
       140  4.359018E+00
       141  2.668793E+00
       142  4.359018E+00
       143  7.751539E+00
       144  1.242403E+01
       145  7.272297E+00
       146  1.245800E+01
       147  7.221411E+00
       148  1.247418E+01
       149  7.204686E+00
       150  1.263144E+01
       151  9.782270E+01
       152  5.447235E+01
       153  2.455681E+01
       154  8.307449E+00
       155  5.161731E+00
       156  9.782270E+01
       157  5.447235E+01
       158  2.455681E+01
       159  8.307449E+00
       160  5.161731E+00
       161  6.294321E+00
       162  1.006326E+01
       163  6.245313E+00
       164  9.960601E+00
       165  6.180541E+00
       166  9.932047E+00
       167  6.441452E+00
       168  9.843350E+00
       169  2.198374E+00
       170  3.427616E+00
       171  2.198374E+00
       172  3.427616E+00
       173  6.441452E+00
       174  9.843350E+00
       175  6.180541E+00
       176  9.932047E+00
       177  6.245313E+00
       178  9.960601E+00
       179  6.294321E+00
       180  1.006326E+01
       181  7.964251E+01
       182  4.409120E+01
       183  1.963448E+01
       184  6.561156E+00
       185  4.453702E+00
       186  7.964251E+01
       187  4.409120E+01
       188  1.963448E+01
       189  6.561156E+00
       190  4.453702E+00
       191  5.400792E+00
       192  8.167366E+00
       193  5.341411E+00
       194  8.111358E+00
       195  5.250110E+00
       196  8.087919E+00
       197  5.408655E+00
       198  7.991293E+00
       199  1.841739E+00
       200  2.776505E+00
       201  1.841739E+00
       202  2.776505E+00
       203  5.408655E+00
       204  7.991293E+00
       205  5.250110E+00
       206  8.087919E+00
       207  5.341411E+00
       208  8.111358E+00
       209  5.400792E+00
       210  8.167366E+00
       211  6.544387E+01
       212  3.599090E+01
       213  1.581126E+01
       214  5.198514E+00
       215  3.834792E+00
       216  6.544387E+01
       217  3.599090E+01
       218  1.581126E+01
       219  5.198514E+00
       220  3.834792E+00
       221  4.595878E+00
       222  6.732443E+00
       223  4.547449E+00
       224  6.704400E+00
       225  4.469873E+00
       226  6.690491E+00
       227  4.589258E+00
       228  6.608741E+00
       229  1.563875E+00
       230  2.300753E+00
       231  1.563875E+00
       232  2.300753E+00
       233  4.589258E+00
       234  6.608741E+00
       235  4.469873E+00
       236  6.690491E+00
       237  4.547449E+00
       238  6.704400E+00
       239  4.595878E+00
       240  6.732443E+00
       241  5.427508E+01
       242  2.964193E+01
       243  1.283572E+01
       244  4.138935E+00
       245  3.304403E+00
       246  5.427508E+01
       247  2.964193E+01
       248  1.283572E+01
       249  4.138935E+00
       250  3.304403E+00
       251  3.906011E+00
       252  5.617062E+00
       253  3.873888E+00
       254  5.604690E+00
       255  3.820436E+00
       256  5.599880E+00
       257  3.926852E+00
       258  5.539464E+00
       259  1.339892E+00
       260  1.936884E+00
       261  1.339892E+00
       262  1.936884E+00
       263  3.926852E+00
       264  5.539464E+00
       265  3.820436E+00
       266  5.599880E+00
       267  3.873888E+00
       268  5.604690E+00
       269  3.906011E+00
       270  5.617062E+00
       271  4.542372E+01
       272  2.463545E+01
       273  1.051278E+01
       274  3.317884E+00
       275  2.854535E+00
       276  4.542372E+01
       277  2.463545E+01
       278  1.051278E+01
       279  3.317884E+00
       280  2.854535E+00
       281  3.330409E+00
       282  4.730630E+00
       283  3.313340E+00
       284  4.727912E+00
       285  3.282518E+00
       286  4.731081E+00
       287  3.384088E+00
       288  4.691484E+00
       289  1.156025E+00
       290  1.649168E+00
       291  1.156025E+00
       292  1.649168E+00
       293  3.384088E+00
       294  4.691484E+00
       295  3.282518E+00
       296  4.731081E+00
       297  3.313340E+00
       298  4.727912E+00
       299  3.330409E+00
       300  4.730630E+00
       301  3.835159E+01
       302  2.065972E+01
       303  8.690079E+00
       304  2.681137E+00
       305  2.474664E+00
       306  3.835159E+01
       307  2.065972E+01
       308  8.690079E+00
       309  2.681137E+00
       310  2.474664E+00
       311  2.855067E+00
       312  4.015237E+00
       313  2.849879E+00
       314  4.019508E+00
       315  2.836726E+00
       316  4.029747E+00
       317  2.934702E+00
       318  4.008171E+00
       319  1.003407E+00
       320  1.416882E+00
       321  1.003407E+00
       322  1.416882E+00
       323  2.934702E+00
       324  4.008171E+00
       325  2.836726E+00
       326  4.029747E+00
       327  2.849879E+00
       328  4.019508E+00
       329  2.855067E+00
       330  4.015237E+00
       331  3.265434E+01
       332  1.747858E+01
       333  7.250796E+00
       334  2.185482E+00
       335  2.153485E+00
       336  3.265434E+01
       337  1.747858E+01
       338  7.250796E+00
       339  2.185482E+00
       340  2.153485E+00
       341  2.462999E+00
       342  3.432504E+00
       343  2.466432E+00
       344  3.442351E+00
       345  2.465990E+00
       346  3.458721E+00
       347  2.559878E+00
       348  3.451847E+00
       349  8.758480E-01
       350  1.226968E+00
       351  8.758480E-01
       352  1.226968E+00
       353  2.559878E+00
       354  3.451847E+00
       355  2.465990E+00
       356  3.458721E+00
       357  2.466432E+00
       358  3.442351E+00
       359  2.462999E+00
       360  3.432504E+00
       361  2.802766E+01
       362  1.491374E+01
       363  6.106494E+00
       364  1.797590E+00
       365  1.880695E+00
       366  2.802766E+01
       367  1.491374E+01
       368  6.106494E+00
       369  1.797590E+00
       370  1.880695E+00
       371  2.138426E+00
       372  2.955285E+00
       373  2.147791E+00
       374  2.969556E+00
       375  2.156115E+00
       376  2.990916E+00
       377  2.245380E+00
       378  2.995501E+00
       379  7.686583E-01
       380  1.070358E+00
       381  7.686583E-01
       382  1.070358E+00
       383  2.245380E+00
       384  2.995501E+00
       385  2.156115E+00
       386  2.990916E+00
       387  2.147791E+00
       388  2.969556E+00
       389  2.138426E+00
       390  2.955285E+00
       391  2.424135E+01
       392  1.283033E+01
       393  5.190514E+00
       394  1.492284E+00
       395  1.647589E+00
       396  2.424135E+01
       397  1.283033E+01
       398  5.190514E+00
       399  1.492284E+00
       400  1.647589E+00
       401  1.868161E+00
       402  2.563028E+00
       403  1.881439E+00
       404  2.580565E+00
       405  1.895645E+00
       406  2.605618E+00
       407  1.980026E+00
       408  2.618733E+00
       409  6.781360E-01
       410  9.403017E-01
       411  6.781360E-01
       412  9.403017E-01
       413  1.980026E+00
       414  2.618733E+00
       415  1.895645E+00
       416  2.605618E+00
       417  1.881439E+00
       418  2.580565E+00
       419  1.868161E+00
       420  2.563028E+00
       421  2.111993E+01
       422  1.112581E+01
       423  4.452530E+00
       424  1.250720E+00
       425  1.447088E+00
       426  2.111993E+01
       427  1.112581E+01
       428  4.452530E+00
       429  1.250720E+00
       430  1.447088E+00
       431  1.641720E+00
       432  2.239395E+00
       433  1.657421E+00
       434  2.259083E+00
       435  1.675421E+00
       436  2.286536E+00
       437  1.754846E+00
       438  2.305681E+00
       439  6.012946E-01
       440  8.315764E-01
       441  6.012946E-01
       442  8.315764E-01
       443  1.754846E+00
       444  2.305681E+00
       445  1.675421E+00
       446  2.286536E+00
       447  1.657421E+00
       448  2.259083E+00
       449  1.641720E+00
       450  2.239395E+00
       451  1.852843E+01
       452  9.721529E+00
       453  3.854263E+00
       454  1.058786E+00
       455  1.273545E+00
       456  1.852843E+01
       457  9.721529E+00
       458  3.854263E+00
       459  1.058786E+00
       460  1.273545E+00
       461  1.451031E+00
       462  1.970987E+00
       463  1.467916E+00
       464  1.991897E+00
       465  1.488091E+00
       466  2.020653E+00
       467  1.562552E+00
       468  2.043817E+00
       469  5.356909E-01
       470  7.400629E-01
       471  5.356909E-01
       472  7.400629E-01
       473  1.562552E+00
       474  2.043817E+00
       475  1.488091E+00
       476  2.020653E+00
       477  1.467916E+00
       478  1.991897E+00
       479  1.451031E+00
       480  1.970987E+00
       481  1.636192E+01
       482  8.556995E+00
       483  3.366365E+00
       484  9.056196E-01
       485  1.122562E+00
       486  1.636192E+01
       487  8.556995E+00
       488  3.366365E+00
       489  9.056196E-01
       490  1.122562E+00
       491  1.290013E+00
       492  1.746586E+00
       493  1.306869E+00
       494  1.768032E+00
       495  1.327726E+00
       496  1.797300E+00
       497  1.397129E+00
       498  1.822976E+00
       499  4.793032E-01
       500  6.624188E-01
       501  4.793032E-01
       502  6.624188E-01
       503  1.397129E+00
       504  1.822976E+00
       505  1.327726E+00
       506  1.797300E+00
       507  1.306869E+00
       508  1.768032E+00
       509  1.290013E+00
       510  1.746586E+00
       511  1.453796E+01
       512  7.586714E+00
       513  2.966534E+00
       514  7.825146E-01
       515  9.903162E-01
       516  1.453796E+01
       517  7.586714E+00
       518  2.966534E+00
       519  7.825146E-01
       520  9.903162E-01
       521  1.153847E+00
       522  1.556843E+00
       523  1.169751E+00
       524  1.578198E+00
       525  1.189998E+00
       526  1.607184E+00
       527  1.253691E+00
       528  1.633962E+00
       529  4.305051E-01
       530  5.954842E-01
       531  4.305051E-01
       532  5.954842E-01
       533  1.253691E+00
       534  1.633962E+00
       535  1.189998E+00
       536  1.607184E+00
       537  1.169751E+00
       538  1.578198E+00
       539  1.153847E+00
       540  1.556843E+00
       541  1.289334E+01
       542  6.719248E+00
       543  2.615280E+00
       544  6.768011E-01
       545  8.648779E-01
       546  1.289334E+01
       547  6.719248E+00
       548  2.615280E+00
       549  6.768011E-01
       550  8.648779E-01
       551  1.027932E+00
       552  1.385987E+00
       553  1.042662E+00
       554  1.406252E+00
       555  1.061841E+00
       556  1.433653E+00
       557  1.118831E+00
       558  1.459567E+00
       559  3.850490E-01
       560  5.329174E-01
       561  3.850490E-01
       562  5.329174E-01
       563  1.118831E+00
       564  1.459567E+00
       565  1.061841E+00
       566  1.433653E+00
       567  1.042662E+00
       568  1.406252E+00
       569  1.027932E+00
       570  1.385987E+00
       571  1.120175E+01
       572  5.823981E+00
       573  2.260344E+00
       574  5.745062E-01
       575  7.320434E-01
       576  1.120175E+01
       577  5.823981E+00
       578  2.260344E+00
       579  5.745062E-01
       580  7.320434E-01
       581  8.899637E-01
       582  1.213677E+00
       583  9.034006E-01
       584  1.231593E+00
       585  9.213460E-01
       586  1.256003E+00
       587  9.718718E-01
       588  1.279822E+00
       589  3.361497E-01
       590  4.678162E-01
       591  3.361497E-01
       592  4.678162E-01
       593  9.718718E-01
       594  1.279822E+00
       595  9.213460E-01
       596  1.256003E+00
       597  9.034006E-01
       598  1.231593E+00
       599  8.899637E-01
       600  1.213677E+00
       601  9.810047E+00
       602  5.097764E+00
       603  1.978862E+00
       604  4.985774E-01
       605  6.248386E-01
       606  9.810047E+00
       607  5.097764E+00
       608  1.978862E+00
       609  4.985774E-01
       610  6.248386E-01
       611  7.765364E-01
       612  1.070000E+00
       613  7.885519E-01
       614  1.085364E+00
       615  8.051297E-01
       616  1.106712E+00
       617  8.492697E-01
       618  1.127865E+00
       619  2.950682E-01
       620  4.122849E-01
       621  2.950682E-01
       622  4.122849E-01
       623  8.492697E-01
       624  1.127865E+00
       625  8.051297E-01
       626  1.106712E+00
       627  7.885519E-01
       628  1.085364E+00
       629  7.765364E-01
       630  1.070000E+00
       631  8.645386E+00
       632  4.496045E+00
       633  1.751290E+00
       634  4.415194E-01
       635  5.362953E-01
       636  8.645386E+00
       637  4.496045E+00
       638  1.751290E+00
       639  4.415194E-01
       640  5.362953E-01
       641  6.813225E-01
       642  9.483848E-01
       643  6.917301E-01
       644  9.616912E-01
       645  7.066288E-01
       646  9.806209E-01
       647  7.451723E-01
       648  9.996276E-01
       649  2.600463E-01
       650  3.653154E-01
       651  2.600463E-01
       652  3.653154E-01
       653  7.451723E-01
       654  9.996276E-01
       655  7.066288E-01
       656  9.806209E-01
       657  6.917301E-01
       658  9.616912E-01
       659  6.813225E-01
       660  9.483848E-01
       661  7.652465E+00
       662  3.987031E+00
       663  1.563265E+00
       664  3.983163E-01
       665  4.626954E-01
       666  7.652465E+00
       667  3.987031E+00
       668  1.563265E+00
       669  3.983163E-01
       670  4.626954E-01
       671  5.993484E-01
       672  8.438603E-01
       673  6.081764E-01
       674  8.556442E-01
       675  6.214858E-01
       676  8.728300E-01
       677  6.555383E-01
       678  8.901598E-01
       679  2.298399E-01
       680  3.251112E-01
       681  2.298399E-01
       682  3.251112E-01
       683  6.555383E-01
       684  8.901598E-01
       685  6.214858E-01
       686  8.728300E-01
       687  6.081764E-01
       688  8.556442E-01
       689  5.993484E-01
       690  8.438603E-01
       691  6.789393E+00
       692  3.547662E+00
       693  1.404710E+00
       694  3.657561E-01
       695  4.016859E-01
       696  6.789393E+00
       697  3.547662E+00
       698  1.404710E+00
       699  3.657561E-01
       700  4.016859E-01
       701  5.271607E-01
       702  7.523407E-01
       703  5.346133E-01
       704  7.630635E-01
       705  5.466244E-01
       706  7.790772E-01
       707  5.772395E-01
       708  7.951704E-01
       709  2.034236E-01
       710  2.901276E-01
       711  2.034236E-01
       712  2.901276E-01
       713  5.772395E-01
       714  7.951704E-01
       715  5.466244E-01
       716  7.790772E-01
       717  5.346133E-01
       718  7.630635E-01
       719  5.271607E-01
       720  7.523407E-01
       721  6.023802E+00
       722  3.160136E+00
       723  1.267991E+00
       724  3.415570E-01
       725  3.516351E-01
       726  6.023802E+00
       727  3.160136E+00
       728  1.267991E+00
       729  3.415570E-01
       730  3.516351E-01
       731  4.622199E-01
       732  6.705228E-01
       733  4.685694E-01
       734  6.806077E-01
       735  4.796612E-01
       736  6.960135E-01
       737  5.078670E-01
       738  7.113304E-01
       739  1.800178E-01
       740  2.591561E-01
       741  1.800178E-01
       742  2.591561E-01
       743  5.078670E-01
       744  7.113304E-01
       745  4.796612E-01
       746  6.960135E-01
       747  4.685694E-01
       748  6.806077E-01
       749  4.622199E-01
       750  6.705228E-01
       751  5.329801E+00
       752  2.810248E+00
       753  1.147138E+00
       754  3.241377E-01
       755  3.115855E-01
       756  5.329801E+00
       757  2.810248E+00
       758  1.147138E+00
       759  3.241377E-01
       760  3.115855E-01
       761  4.024734E-01
       762  5.959596E-01
       763  4.080800E-01
       764  6.057675E-01
       765  4.187582E-01
       766  6.211097E-01
       767  4.456621E-01
       768  6.361303E-01
       769  1.590443E-01
       770  2.312766E-01
       771  1.590443E-01
       772  2.312766E-01
       773  4.456621E-01
       774  6.361303E-01
       775  4.187582E-01
       776  6.211097E-01
       777  4.080800E-01
       778  6.057675E-01
       779  4.024734E-01
       780  5.959596E-01
       781  4.685829E+00
       782  2.486282E+00
       783  1.037427E+00
       784  3.125329E-01
       785  2.812267E-01
       786  4.685829E+00
       787  2.486282E+00
       788  1.037427E+00
       789  3.125329E-01
       790  2.812267E-01
       791  3.461346E-01
       792  5.272012E-01
       793  3.515382E-01
       794  5.368853E-01
       795  3.625360E-01
       796  5.525864E-01
       797  3.894974E-01
       798  5.677858E-01
       799  1.401003E-01
       800  2.058268E-01
       801  1.401003E-01
       802  2.058268E-01
       803  3.894974E-01
       804  5.677858E-01
       805  3.625360E-01
       806  5.525864E-01
       807  3.515382E-01
       808  5.368853E-01
       809  3.461346E-01
       810  5.272012E-01
       811  4.073136E+00
       812  2.178265E+00
       813  9.351075E-01
       814  3.063812E-01
       815  2.609368E-01
       816  4.073136E+00
       817  2.178265E+00
       818  9.351075E-01
       819  3.063812E-01
       820  2.609368E-01
       821  2.917457E-01
       822  4.639737E-01
       823  2.977428E-01
       824  4.731799E-01
       825  3.101056E-01
       826  4.893208E-01
       827  3.389216E-01
       828  5.051177E-01
       829  1.229345E-01
       830  1.823674E-01
       831  1.229345E-01
       832  1.823674E-01
       833  3.389216E-01
       834  5.051177E-01
       835  3.101056E-01
       836  4.893208E-01
       837  2.977428E-01
       838  4.731799E-01
       839  2.917457E-01
       840  4.639737E-01
       841  3.474940E+00
       842  1.877602E+00
       843  8.372905E-01
       844  3.059488E-01
       845  2.518305E-01
       846  3.474940E+00
       847  1.877602E+00
       848  8.372905E-01
       849  3.059488E-01
       850  2.518305E-01
       851  2.387733E-01
       852  4.074034E-01
       853  2.463409E-01
       854  4.147263E-01
       855  2.613108E-01
       856  4.306234E-01
       857  2.942278E-01
       858  4.472490E-01
       859  1.074177E-01
       860  1.605664E-01
       861  1.074177E-01
       862  1.605664E-01
       863  2.942278E-01
       864  4.472490E-01
       865  2.613108E-01
       866  4.306234E-01
       867  2.463409E-01
       868  4.147263E-01
       869  2.387733E-01
       870  4.074034E-01
       871  2.876608E+00
       872  1.577388E+00
       873  7.421624E-01
       874  3.121040E-01
       875  2.556203E-01
       876  2.876608E+00
       877  1.577388E+00
       878  7.421624E-01
       879  3.121040E-01
       880  2.556203E-01
       881  1.893283E-01
       882  3.603555E-01
       883  1.991326E-01
       884  3.624367E-01
       885  2.174625E-01
       886  3.758427E-01
       887  2.565974E-01
       888  3.929970E-01
       889  9.349492E-02
       890  1.399328E-01
       891  9.349492E-02
       892  1.399328E-01
       893  2.565974E-01
       894  3.929970E-01
       895  2.174625E-01
       896  3.758427E-01
       897  1.991326E-01
       898  3.624367E-01
       899  1.893283E-01
       900  3.603555E-01
       901  2.267376E+00
       902  1.273962E+00
       903  6.497925E-01
       904  3.261555E-01
       905  2.738750E-01
       906  2.267376E+00
       907  1.273962E+00
       908  6.497925E-01
       909  3.261555E-01
       910  2.738750E-01
       911  1.516519E-01
       912  3.281035E-01
       913  1.629587E-01
       914  3.183759E-01
       915  1.831812E-01
       916  3.242447E-01
       917  2.289927E-01
       918  3.403513E-01
       919  8.112923E-02
       920  1.195628E-01
       921  8.112923E-02
       922  1.195628E-01
       923  2.289927E-01
       924  3.403513E-01
       925  1.831812E-01
       926  3.242447E-01
       927  1.629587E-01
       928  3.183759E-01
       929  1.516519E-01
       930  3.281035E-01
       931  1.644399E+00
       932  9.702259E-01
       933  5.636098E-01
       934  3.490442E-01
       935  3.064231E-01
       936  1.644399E+00
       937  9.702259E-01
       938  5.636098E-01
       939  3.490442E-01
       940  3.064231E-01
       941  1.448991E-01
       942  3.188133E-01
       943  1.543882E-01
       944  2.873800E-01
       945  1.703535E-01
       946  2.772552E-01
       947  2.202913E-01
       948  2.891517E-01
       949  7.028183E-02
       950  9.943625E-02
       951  7.028183E-02
       952  9.943625E-02
       953  2.202913E-01
       954  2.891517E-01
       955  1.703535E-01
       956  2.772552E-01
       957  1.543882E-01
       958  2.873800E-01
       959  1.448991E-01
       960  3.188133E-01
       961  1.023885E+00
       962  6.794978E-01
       963  4.899775E-01
       964  3.791114E-01
       965  3.502165E-01
       966  1.023885E+00
       967  6.794978E-01
       968  4.899775E-01
       969  3.791114E-01
       970  3.502165E-01
       971  1.942338E-01
       972  3.388342E-01
       973  2.006139E-01
       974  2.797183E-01
       975  2.044695E-01
       976  2.475098E-01
       977  2.595395E-01
       978  2.540135E-01
       979  6.215665E-02
       980  8.728573E-02
       981  6.215665E-02
       982  8.728573E-02
       983  2.595395E-01
       984  2.540135E-01
       985  2.044695E-01
       986  2.475098E-01
       987  2.006139E-01
       988  2.797183E-01
       989  1.942338E-01
       990  3.388342E-01
       991  4.699701E-01
       992  4.203865E-01
       993  4.199346E-01
       994  4.078665E-01
       995  4.058494E-01
       996  4.699701E-01
       997  4.203865E-01
       998  4.199346E-01
       999  4.078665E-01
      1000  4.058494E-01
      1001  2.869733E-01
      1002  3.684133E-01
      1003  3.087626E-01
      1004  3.034242E-01
      1005  3.191282E-01
      1006  2.771135E-01
      1007  4.280391E-01
      1008  3.075728E-01
      1009  6.088868E-02
      1010  1.247951E-01
      1011  6.088868E-02
      1012  1.247951E-01
      1013  4.280391E-01
      1014  3.075728E-01
      1015  3.191282E-01
      1016  2.771135E-01
      1017  3.087626E-01
      1018  3.034242E-01
      1019  2.869733E-01
      1020  3.684133E-01
      1021  1.147044E-01
      1022  1.930031E-01
      1023  2.949812E-01
      1024  3.956884E-01
      1025  5.545205E-01
      1026  1.147044E-01
      1027  1.930031E-01
      1028  2.949812E-01
      1029  3.956884E-01
      1030  5.545205E-01
      1031  3.151452E-01
      1032  3.419865E-01
      1033  3.728749E-01
      1034  3.211489E-01
      1035  4.881190E-01
      1036  3.974271E-01
      1037  9.316607E-01
      1038  6.523486E-01
      1039  9.591613E-02
      1040  3.583977E-01
      1041  9.591613E-02
      1042  3.583977E-01
      1043  9.316607E-01
      1044  6.523486E-01
      1045  4.881190E-01
      1046  3.974271E-01
      1047  3.728749E-01
      1048  3.211489E-01
      1049  3.151452E-01
      1050  3.419865E-01
      1051  5.110462E-03
      1052  2.394001E-02
      1053  7.367833E-02
      1054  2.030179E-01
      1055  5.970979E-01
      1056  5.110462E-03
      1057  2.394001E-02
      1058  7.367833E-02
      1059  2.030179E-01
      1060  5.970979E-01
      1061  1.733465E-01
      1062  2.766693E-01
      1063  2.444715E-01
      1064  2.792366E-01
      1065  4.547505E-01
      1066  5.447333E-01
      1067  1.627608E+00
      1068  1.491073E+00
      1069  1.582196E-01
      1070  1.129507E+00
      1071  1.582196E-01
      1072  1.129507E+00
      1073  1.627608E+00
      1074  1.491073E+00
      1075  4.547505E-01
      1076  5.447333E-01
      1077  2.444715E-01
      1078  2.792366E-01
      1079  1.733465E-01
      1080  2.766693E-01
