
                        S T E P       1


                                INCREMENT     1


 displacements (vx,vy,vz) for set NALL and time  0.1000000E+01

         1 -6.617445E-25 -8.271806E-26  0.000000E+00
         2 -6.617445E-25  0.000000E+00  0.000000E+00
         3  0.000000E+00  0.000000E+00 -3.176374E-23
         4  0.000000E+00 -3.308722E-25  9.926167E-23
         5  1.754724E-03 -4.947744E-06 -2.095124E-03
         6  1.754614E-03  2.634852E-05  2.121704E-03
         7 -1.762531E-03  2.565698E-05 -2.096076E-03
         8 -1.761556E-03 -8.352728E-06  2.123618E-03
         9  2.260334E-03  1.401570E-05 -2.847657E-03
        10  2.260172E-03  1.875257E-05  2.899639E-03
        11 -2.268179E-03  1.980806E-05 -2.847743E-03
        12 -2.268581E-03  1.154878E-05  2.899399E-03
        13  2.531883E-03  1.401877E-05 -3.204216E-03
        14  2.531533E-03  2.372124E-05  3.231206E-03
        15 -2.533187E-03  2.942806E-05 -3.204298E-03
        16 -2.533575E-03  1.055990E-05  3.231083E-03
        17  2.776862E-03  8.883009E-06 -3.719299E-03
        18  2.777224E-03  3.353764E-05  3.718208E-03
        19 -2.768471E-03  4.033395E-05 -3.719712E-03
        20 -2.768709E-03  4.536661E-06  3.718423E-03
        21  5.000000E-03  0.000000E+00 -6.000000E-03
        22  5.000000E-03  0.000000E+00  6.000000E-03
        23 -5.000000E-03  1.151965E-20 -6.000000E-03
        24 -5.000000E-03 -2.710505E-21  6.000000E-03
        25  9.784631E-04 -4.123980E-05 -1.142516E-03
        26  8.083383E-04 -1.523497E-05  9.628650E-04
        27 -7.615094E-04 -2.031136E-05 -9.153317E-04
        28 -1.035946E-03 -3.007598E-05  1.107531E-03
        29  2.231728E-03 -8.963229E-06 -2.354362E-03
        30  1.670458E-03  1.061289E-05  2.563018E-03
        31 -1.689929E-03  9.261712E-06 -2.599550E-03
        32 -2.134392E-03 -6.766458E-06  2.433840E-03
        33  3.049663E-03 -6.913663E-06 -4.206056E-03
        34  3.402700E-03 -2.168639E-05 -5.207980E-03
        35  4.180980E-03 -9.749272E-07 -6.004482E-03
        36  2.390709E-03  1.415164E-05  4.258614E-03
        37  2.127046E-03 -5.704951E-06  5.515803E-03
        38  3.032911E-03  1.366995E-05  6.434870E-03
        39 -2.339913E-03  2.080601E-05 -4.275475E-03
        40 -1.891040E-03 -6.150496E-07 -5.531852E-03
        41 -2.715071E-03  1.836029E-05 -6.470775E-03
        42 -3.058913E-03 -1.129120E-05  4.189217E-03
        43 -3.346355E-03 -2.536534E-05  5.100524E-03
        44 -4.077629E-03 -6.409519E-06  5.885273E-03
        45  1.688637E-06  1.526274E-09  1.169726E-06
        46 -6.152133E-07 -1.568416E-09 -4.265699E-07
        47  8.137615E-07  8.287114E-09  8.764708E-07
        48 -8.111994E-07  1.133066E-08 -8.794262E-07
        49  2.260707E-03  1.695809E-05  2.814841E-05
        50 -2.267812E-03  1.533033E-05  2.375930E-05
        51 -7.059645E-06  1.715643E-05 -2.847601E-03
        52 -2.447805E-06  1.512064E-05  2.899517E-03
        53  2.531484E-03  8.385840E-06 -1.582570E-03
        54  2.531617E-03  1.699441E-05  1.768128E-05
        55  2.531340E-03  2.742687E-05  1.615569E-03
        56 -2.533005E-03  2.469238E-05 -1.588717E-03
        57 -2.533054E-03  2.228175E-05  1.131131E-05
        58 -2.533210E-03  1.748313E-05  1.612783E-03
        59  1.225966E-03  2.717379E-05 -3.204873E-03
        60 -3.345726E-06  2.123299E-05 -3.204757E-03
        61 -1.230942E-03  1.570542E-05 -3.204898E-03
        62  1.229150E-03  1.462306E-05  3.230871E-03
        63  7.458747E-07  1.659919E-05  3.230847E-03
        64 -1.229083E-03  1.913669E-05  3.230762E-03
        65  2.777758E-03  2.245868E-05  5.917727E-06
        66 -2.767936E-03  2.173410E-05  1.324354E-05
        67  2.000267E-05  2.415324E-05 -3.719524E-03
        68  1.480485E-05  1.941329E-05  3.718021E-03
        69  5.005643E-03  1.806914E-05 -4.871958E-05
        70 -4.998344E-03  6.961576E-05 -5.937086E-05
        71 -9.422115E-05  8.657647E-05 -5.999485E-03
        72 -8.505518E-05  8.230840E-05  5.996977E-03
        73  2.743994E-05  7.880648E-05 -5.986308E-04
        74  4.731241E-04  3.934153E-04 -2.628212E-03
        75  1.229786E-03  8.124728E-04 -5.112795E-03
        76  1.475882E-03  1.019028E-03 -6.251740E-03
        77  9.213642E-04  8.464374E-04 -5.478611E-03
        78 -1.879431E-04  3.917522E-04 -3.523738E-03
        79 -1.130803E-03  6.672303E-05 -2.225666E-03
        80  2.077964E-04 -9.804014E-05 -7.281516E-04
        81  8.497681E-04 -4.343584E-04 -2.897478E-03
        82  1.616314E-03 -8.481836E-04 -5.354284E-03
        83  1.955443E-03 -1.041556E-03 -6.426446E-03
        84  1.718639E-03 -8.620088E-04 -5.622784E-03
        85  1.248906E-03 -4.114986E-04 -3.687197E-03
        86  1.265816E-03 -8.205962E-05 -2.376705E-03
        87 -2.322852E-04 -9.156346E-05  6.848400E-04
        88 -1.000992E-03 -4.260331E-04  2.833878E-03
        89 -1.926849E-03 -8.552795E-04  5.375649E-03
        90 -2.362094E-03 -1.070939E-03  6.560270E-03
        91 -2.115631E-03 -9.071141E-04  5.827096E-03
        92 -1.531960E-03 -4.518591E-04  3.868240E-03
        93 -1.390051E-03 -9.763447E-05  2.446161E-03
        94  2.817735E-05  8.648071E-05  6.518703E-04
        95 -3.234092E-04  4.058793E-04  2.716816E-03
        96 -9.273514E-04  8.145513E-04  5.144222E-03
        97 -1.059913E-03  1.009177E-03  6.223610E-03
        98 -5.051808E-04  8.350161E-04  5.445940E-03
        99  4.855223E-04  3.920641E-04  3.544703E-03
       100  1.253410E-03  7.424428E-05  2.280681E-03
       101 -3.744667E-04  1.168134E-04  7.275698E-05
       102 -2.163692E-03  6.307337E-04  4.055768E-04
       103 -4.616679E-03  1.296219E-03  9.861519E-04
       104 -5.465783E-03  1.516846E-03  1.433971E-03
       105 -3.883955E-03  1.161056E-03  1.566470E-03
       106 -7.720494E-04  5.081951E-04  1.503583E-03
       107  1.354018E-03  9.367027E-05  1.665575E-03
       108 -3.159093E-04 -9.906143E-05  2.660972E-06
       109 -1.937159E-03 -5.671019E-04  3.180781E-04
       110 -4.225695E-03 -1.189054E-03  7.981176E-04
       111 -5.043943E-03 -1.402740E-03  7.882400E-04
       112 -3.578423E-03 -1.074408E-03  8.004870E-05
       113 -6.440449E-04 -4.600181E-04 -1.033983E-03
       114  1.380325E-03 -6.621583E-05 -1.790900E-03
       115  3.227315E-04 -1.008139E-04 -5.729565E-05
       116  2.032193E-03 -5.926990E-04 -2.625341E-04
       117  4.439885E-03 -1.246073E-03 -4.905685E-04
       118  5.259807E-03 -1.459533E-03 -3.895318E-04
       119  3.666619E-03 -1.101187E-03  1.682995E-04
       120  5.736115E-04 -4.525561E-04  1.020209E-03
       121 -1.466857E-03 -5.470866E-05  1.703299E-03
       122  3.352184E-04  1.048239E-04  2.044077E-05
       123  2.048810E-03  5.992959E-04 -4.047646E-04
       124  4.468300E-03  1.256835E-03 -1.266741E-03
       125  5.345713E-03  1.485783E-03 -1.831674E-03
       126  3.824924E-03  1.145174E-03 -1.811295E-03
       127  7.610746E-04  5.038937E-04 -1.459318E-03
       128 -1.342739E-03  9.424036E-05 -1.529629E-03
       129  1.079253E-03  1.245284E-05 -2.353799E-03
       130  4.269580E-04  1.312654E-04 -3.124734E-03
       131 -6.857774E-04  1.224244E-04 -3.182037E-03
       132 -1.144621E-03 -3.929679E-05 -2.669615E-03
       133 -3.868531E-04 -1.238373E-04 -3.247079E-03
       134  7.822312E-04 -7.070371E-05 -3.112454E-03
       135  1.021217E-03 -3.905437E-05  2.687059E-03
       136  2.183063E-04 -1.412330E-04  3.364242E-03
       137 -8.495719E-04 -8.630027E-05  3.211760E-03
       138 -9.220394E-04  2.274163E-05  2.472646E-03
       139 -1.084761E-04  1.304334E-04  3.180667E-03
       140  9.054627E-04  1.075036E-04  3.178277E-03
       141  1.316348E-03  1.435395E-04 -6.461182E-04
       142  1.154625E-03  2.072348E-04  6.400598E-04
       143  1.818059E-03  8.258286E-05  1.780649E-03
       144  1.398961E-03 -9.716073E-05  9.726197E-04
       145  1.259807E-03 -1.540992E-04 -3.459801E-04
       146  1.855229E-03 -4.338756E-05 -1.703901E-03
       147 -1.485995E-03 -7.578295E-05 -1.118267E-03
       148 -1.286812E-03 -1.494988E-04  1.639561E-04
       149 -1.801045E-03 -5.739808E-05  1.637452E-03
       150 -1.272738E-03  1.535516E-04  8.521730E-04
       151 -1.107356E-03  2.188230E-04 -4.250122E-04
       152 -1.772555E-03  9.354429E-05 -1.682595E-03
       153  4.548230E-04  1.951629E-05 -3.477506E-03
       154 -3.442090E-04  2.590019E-05 -3.474376E-03
       155  4.222953E-04  2.818634E-05  3.436592E-03
       156 -3.049717E-04  7.742390E-06  3.438809E-03
       157  2.666464E-03  1.963700E-05  5.061905E-04
       158  2.662722E-03  1.862631E-05 -5.334012E-04
       159 -2.550683E-03 -1.754210E-06  4.830385E-04
       160 -2.554682E-03  4.386613E-05 -5.047731E-04
       161  2.359821E-03  7.409464E-05 -4.237652E-03
       162  2.538948E-03  3.954721E-04 -6.306984E-03
       163  3.136141E-03  8.907103E-04 -9.232129E-03
       164  3.154754E-03  1.211069E-03 -1.096784E-02
       165  2.103860E-03  1.140694E-03 -1.068269E-02
       166  4.033746E-05  7.116541E-04 -8.838615E-03
       167 -2.485177E-03  2.541555E-04 -6.995889E-03
       168 -2.275006E-03 -1.768027E-05 -4.210296E-03
       169 -1.456446E-03 -3.144925E-04 -6.122926E-03
       170 -4.111094E-04 -7.581088E-04 -8.755787E-03
       171  3.571030E-04 -1.022156E-03 -1.019939E-02
       172  8.034752E-04 -9.192420E-04 -9.762438E-03
       173  1.364082E-03 -5.089467E-04 -8.004964E-03
       174  2.828588E-03 -1.398313E-04 -6.529197E-03
       175  2.204906E-03 -3.943992E-05  4.287835E-03
       176  1.268594E-03 -3.520398E-04  6.300367E-03
       177  1.077535E-04 -8.037549E-04  8.973068E-03
       178 -7.246346E-04 -1.067411E-03  1.041031E-02
       179 -1.142812E-03 -9.533659E-04  9.915373E-03
       180 -1.590040E-03 -5.217835E-04  8.061333E-03
       181 -2.906848E-03 -1.360294E-04  6.508665E-03
       182 -2.319701E-03  7.519373E-05  4.280471E-03
       183 -2.411032E-03  3.972845E-04  6.358913E-03
       184 -2.915371E-03  8.777076E-04  9.204053E-03
       185 -2.880604E-03  1.174754E-03  1.082213E-02
       186 -1.849339E-03  1.085449E-03  1.045129E-02
       187  1.334420E-04  6.562561E-04  8.610265E-03
       188  2.581029E-03  2.230039E-04  6.873414E-03
       189  2.561244E-03  8.067373E-05 -2.691786E-03
       190  7.703167E-04  5.948464E-04 -1.234330E-03
       191 -2.093270E-03  1.370608E-03  6.885417E-04
       192 -3.452077E-03  1.718705E-03  2.507972E-03
       193 -2.210774E-03  1.441529E-03  3.867494E-03
       194  9.623533E-04  7.759807E-04  4.729508E-03
       195  3.739728E-03  2.313641E-04  5.358817E-03
       196  2.527836E-03 -4.913301E-05  2.727968E-03
       197  6.192642E-04 -5.985277E-04  2.036434E-03
       198 -2.419389E-03 -1.422832E-03  1.555425E-03
       199 -3.903240E-03 -1.803902E-03  5.647602E-04
       200 -2.649970E-03 -1.525670E-03 -1.159817E-03
       201  6.929876E-04 -8.257698E-04 -3.291469E-03
       202  3.684411E-03 -2.400141E-04 -4.956697E-03
       203 -2.593914E-03 -1.986617E-05 -2.766516E-03
       204 -6.413387E-04 -5.812151E-04 -1.924087E-03
       205  2.595048E-03 -1.457747E-03 -1.114398E-03
       206  4.198873E-03 -1.868092E-03  1.564561E-05
       207  2.909514E-03 -1.580872E-03  1.580679E-03
       208 -5.682700E-04 -8.516704E-04  3.385810E-03
       209 -3.640242E-03 -2.491037E-04  4.887081E-03
       210 -2.635223E-03  5.197700E-05  2.775842E-03
       211 -9.547282E-04  5.366177E-04  1.144205E-03
       212  1.894370E-03  1.309164E-03 -1.237587E-03
       213  3.385991E-03  1.691342E-03 -3.374757E-03
       214  2.364247E-03  1.465510E-03 -4.724503E-03
       215 -6.480172E-04  8.352435E-04 -5.297446E-03
       216 -3.482787E-03  2.789537E-04 -5.595469E-03

 forces (fx,fy,fz) for set RIGHT and time  0.1000000E+01

        21  1.216780E+03  7.392115E+02 -2.305718E+03
        22  5.907201E+02  4.271252E+01  2.133876E+03
        23 -1.941359E+03  5.338887E+02  4.995944E+02
        24  1.237586E+02  3.865175E+02 -3.347445E+02

 internal energy (element, energy) for set ALL and time  0.1000000E+01

         1  6.419008E-02
         2  6.475227E-02
         3  5.843474E-02
         4  4.653977E-02
         5  4.506312E-02
         6  5.126252E-02
         7  5.670244E-02
         8  5.220206E-02
         9  2.933337E-03
        10  6.259381E-03
        11  1.117457E-03
        12  6.940524E-04
        13  4.068645E-03
        14  1.981774E-03
        15  1.048361E-02
        16  5.058403E-03
        17  1.215303E-02
        18  1.217416E-02
        19  1.452402E-02
        20  1.121510E-02
        21  1.623137E-03
        22  3.338914E-03
        23  1.003345E-02
        24  2.830798E-03
        25  1.033758E-02
        26  7.166583E-03
        27  2.776171E-02
        28  2.128081E-02
        29  1.377188E-02
        30  1.528347E-02
        31  2.462756E-02
        32  2.337558E-02
        33  1.236743E-02
        34  7.072704E-03
        35  2.491357E-02
        36  3.716744E-02
        37  7.830551E-03
        38  7.948032E-03
        39  1.618011E-02
        40  2.291901E-02
        41  3.150088E-03
        42  3.581140E-03
        43  5.277597E-04
        44  3.750801E-04
        45  2.106721E-03
        46  6.774878E-04
        47  2.488943E-03
        48  5.783584E-04
        49  8.055178E-04
        50  5.136957E-03
        51  2.573136E-03
        52  4.696624E-03
        53  5.353066E-03
        54  5.610925E-03
        55  4.719194E-03
        56  4.564082E-03
        57  1.674064E-04
        58  2.045288E-04
        59  2.809332E-04
        60  2.657475E-04
        61  2.998850E-04
        62  6.974743E-05
        63  5.514142E-05
        64  2.773478E-04
        65  2.027275E-04
        66  5.672367E-05
        67  6.144575E-05
        68  2.002826E-04
        69  4.380925E-03
        70  6.288023E-04
        71  5.170291E-04
        72  4.168783E-03
        73  5.310966E-03
        74  6.883950E-04
        75  7.768314E-04
        76  5.435488E-03
        77  2.193321E-02
        78  2.345104E-02
        79  1.207426E-02
        80  1.398750E-02
        81  1.013435E-03
        82  2.236209E-03
        83  1.414580E-03
        84  1.867043E-03
        85  9.019785E-02
        86  8.509741E-02
        87  1.163774E-01
        88  8.768183E-02
        89  3.986042E-02
        90  7.315126E-02
        91  5.592832E-02
        92  4.379629E-02
        93  1.456478E-01
        94  1.324058E-01
        95  4.853343E-02
        96  1.341306E-01
        97  1.305002E-01
        98  4.003479E-02
        99  1.441535E-01
       100  7.394692E-02
       101  1.893167E-01
       102  1.200606E-01
       103  5.211398E-02
       104  1.412663E-01
       105  1.323890E-01
       106  3.658594E-02
       107  1.451037E-01
       108  5.278160E-02
       109  1.604244E-01
       110  1.209629E-01
       111  4.329280E-02
       112  1.267251E-01
       113  1.249421E-01
       114  3.529726E-02
       115  1.225930E-01
       116  8.153542E-02
       117  1.722385E-01
       118  1.242961E-01
       119  4.777294E-02
       120  1.364345E-01
       121  1.290935E-01
       122  3.474182E-02
       123  1.454034E-01
       124  8.065187E-02
       125  8.252484E-02
       126  1.203724E-01
       127  3.268618E-02
       128  1.231835E-01
       129  1.152733E-01
       130  2.732873E-02
       131  1.606018E-01
       132  9.057667E-02
       133  7.469804E-02
       134  1.265137E-01
       135  3.179787E-02
       136  1.245938E-01
       137  1.192699E-01
       138  3.012814E-02
       139  1.618181E-01
       140  9.840331E-02
       141  6.590974E-02
       142  1.232151E-01
       143  3.673736E-02
       144  1.275839E-01
       145  1.192462E-01
       146  3.202755E-02
       147  1.708315E-01
       148  8.153235E-02
       149  7.613033E-02
       150  1.430215E-01
       151  4.311395E-02
       152  1.453422E-01
       153  1.395413E-01
       154  4.093775E-02
       155  1.808353E-01
       156  9.184132E-02
       157  8.528661E-02
       158  6.394445E-02
       159  6.669643E-02
       160  7.115412E-02
       161  7.467878E-02
       162  5.709393E-02
       163  6.910093E-02
       164  6.820313E-02
       165  7.769581E-02
       166  5.598387E-02
       167  6.264775E-02
       168  8.215322E-02
       169  8.496001E-02
       170  5.751345E-02
       171  6.280796E-02
       172  7.558811E-02
       173  8.736196E-02
       174  6.099175E-02
       175  5.975768E-02
       176  7.914585E-02
       177  7.794593E-02
       178  5.545443E-02
       179  5.315062E-02
       180  7.009765E-02
       181  8.310555E-02
       182  6.520755E-02
       183  5.835560E-02
       184  6.953173E-02
       185  7.450927E-02
       186  6.647819E-02
       187  6.128596E-02
       188  7.506951E-02
       189  1.037682E-01
       190  1.279207E-01
       191  1.160304E-01
       192  1.114369E-01
       193  1.618169E-01
       194  1.447479E-01
       195  1.428954E-01
       196  1.728618E-01
       197  8.319385E-02
       198  6.776632E-02
       199  8.784871E-02
       200  7.684973E-02
       201  7.578662E-02
       202  8.689746E-02
       203  7.017579E-02
       204  7.257826E-02
       205  9.159100E-02
       206  7.005737E-02
       207  8.338009E-02
       208  5.713067E-02
       209  7.266286E-02
       210  7.969942E-02
       211  7.830217E-02
       212  8.431758E-02
       213  1.348005E-01
       214  1.830251E-01
       215  3.771402E-02
       216  1.293528E-01
       217  1.572014E-01
       218  5.996685E-02
       219  9.159463E-02
       220  6.113299E-02
       221  1.380331E-01
       222  1.721251E-01
       223  4.667349E-02
       224  1.361020E-01
       225  1.529848E-01
       226  5.958004E-02
       227  1.228347E-01
       228  6.954531E-02
       229  1.453298E-01
       230  1.462582E-01
       231  3.557645E-02
       232  1.221011E-01
       233  1.367273E-01
       234  5.023351E-02
       235  1.120753E-01
       236  9.142018E-02
       237  1.633323E-01
       238  1.831771E-01
       239  4.127399E-02
       240  1.397132E-01
       241  1.628270E-01
       242  5.648841E-02
       243  1.076508E-01
       244  6.643558E-02
       245  7.011980E-02
       246  1.717677E-01
       247  3.217144E-02
       248  1.289955E-01
       249  1.425099E-01
       250  4.557204E-02
       251  1.123337E-01
       252  1.085467E-01
       253  9.684477E-02
       254  2.131528E-01
       255  3.752567E-02
       256  1.622571E-01
       257  1.841833E-01
       258  6.261215E-02
       259  1.374179E-01
       260  1.511642E-01
       261  7.331326E-02
       262  2.210310E-01
       263  4.066321E-02
       264  1.635135E-01
       265  1.841687E-01
       266  6.323440E-02
       267  1.378669E-01
       268  1.254516E-01
       269  5.995614E-02
       270  2.018880E-01
       271  3.637288E-02
       272  1.387702E-01
       273  1.628516E-01
       274  6.204570E-02
       275  1.041619E-01
       276  9.639293E-02

 total internal energy for set ALL and time  0.1000000E+01

        1.987851E+01
