
                        S T E P       1


                                INCREMENT     1


 displacements (vx,vy,vz) for set TIP_TOP and time  0.1000000E+01

      4823 -2.616008E-02 -3.187748E-03 -3.907227E+00
      4824 -2.491049E-02 -3.169384E-03 -3.899678E+00
      4827 -2.374607E-02 -3.139103E-03 -3.892100E+00
      4830 -2.267640E-02 -2.618887E-03 -3.884951E+00
      4832 -2.191004E-02 -1.074388E-03 -3.880332E+00
      4834 -2.185969E-02 -4.267231E-11 -3.880113E+00
      4836 -2.191004E-02  1.074388E-03 -3.880332E+00
      4839 -2.267640E-02  2.618887E-03 -3.884951E+00
      4842 -2.374607E-02  3.139103E-03 -3.892100E+00
      4845 -2.491049E-02  3.169383E-03 -3.899678E+00
      4848 -2.616008E-02  3.187748E-03 -3.907227E+00

 forces (fx,fy,fz) for set CLAMP and time  0.1000000E+01

         1  8.323640E+03  4.354616E+03  3.096827E+03
         4  1.498891E+04 -1.066386E-08  6.175539E+03
         5  1.071504E+04  6.418899E+03  6.958567E+02
         8  1.869410E+04 -1.871783E-08  1.473170E+03
         9  7.390160E+03  4.300819E+03  4.711783E+02
        12  1.278388E+04 -1.624713E-08  1.013323E+03
        13  4.705559E+03  2.657624E+03  1.784234E+02
        16  8.148940E+03 -1.370798E-08  4.394191E+02
        17  2.093840E+03  1.087323E+03  1.402601E+01
        20  3.692062E+03 -1.038454E-08  6.616939E+01
        21  1.496451E+02 -2.291165E+02 -9.107939E+02
        24 -1.860373E+02 -4.227903E-09 -3.018332E+02
        26  8.323640E+03 -4.354616E+03  3.096827E+03
        28  1.071504E+04 -6.418899E+03  6.958567E+02
        30  7.390160E+03 -4.300819E+03  4.711783E+02
        32  4.705559E+03 -2.657624E+03  1.784234E+02
        34  2.093840E+03 -1.087323E+03  1.402601E+01
        36  1.496451E+02  2.291165E+02 -9.107939E+02
        37 -9.900769E+02 -3.626627E+02 -1.108017E+03
        40 -5.106477E+02 -1.957868E+02 -1.558435E+03
        41 -3.408088E+03 -1.540398E+03 -1.782538E+03
        44 -4.627023E+03 -1.092541E+03 -3.167812E+03
        45 -3.790299E+03 -1.350765E+03  1.102220E+03
        48 -7.141443E+03 -1.070638E+03  2.454303E+03
        50  2.017630E+02 -2.343847E+02 -1.283255E+03
        52 -4.423386E+03 -1.002206E+03 -3.298782E+03
        54 -8.170688E+03 -8.834659E+02  2.877589E+03
        56  5.127418E+02 -2.903498E+02 -1.316587E+03
        58 -5.013224E+03 -9.609091E+02 -3.409204E+03
        60 -9.571121E+03 -7.914440E+02  3.532049E+03
        62 -4.428781E+03 -5.266007E+02 -1.974990E+03
        64 -7.598870E+03 -3.767216E+02  3.010332E+03
        66 -2.675551E+03 -4.570469E-09 -8.727093E+02
        68 -4.283782E+03 -4.377261E-09  1.762142E+03
        70 -4.428781E+03  5.266007E+02 -1.974990E+03
        72 -7.598870E+03  3.767216E+02  3.010332E+03
        74  5.127418E+02  2.903498E+02 -1.316587E+03
        76 -5.013224E+03  9.609091E+02 -3.409204E+03
        78 -9.571121E+03  7.914440E+02  3.532049E+03
        80  2.017630E+02  2.343847E+02 -1.283255E+03
        82 -4.423386E+03  1.002206E+03 -3.298782E+03
        84 -8.170688E+03  8.834659E+02  2.877589E+03
        86 -5.106477E+02  1.957868E+02 -1.558435E+03
        88 -4.627023E+03  1.092541E+03 -3.167812E+03
        90 -7.141443E+03  1.070638E+03  2.454303E+03
        92 -9.900769E+02  3.626627E+02 -1.108017E+03
        94 -3.408088E+03  1.540398E+03 -1.782538E+03
        96 -3.790299E+03  1.350765E+03  1.102220E+03

 internal energy (element, energy) for set EALL and time  0.1000000E+01

         1  1.574016E+02
         2  6.912342E+01
         3  3.109515E+01
         4  1.004987E+01
         5  1.639179E+00
         6  1.574016E+02
         7  6.912342E+01
         8  3.109515E+01
         9  1.004987E+01
        10  1.639179E+00
        11  4.510638E+00
        12  1.823841E+01
        13  2.841498E+00
        14  1.716526E+01
        15  3.040280E+00
        16  2.061894E+01
        17  4.262769E+00
        18  2.634157E+01
        19  2.208216E+00
        20  1.102403E+01
        21  2.208216E+00
        22  1.102403E+01
        23  4.262769E+00
        24  2.634157E+01
        25  3.040280E+00
        26  2.061894E+01
        27  2.841498E+00
        28  1.716526E+01
        29  4.510638E+00
        30  1.823841E+01
        31  1.456847E+02
        32  8.497156E+01
        33  3.821548E+01
        34  1.306133E+01
        35  4.321470E+00
        36  1.456847E+02
        37  8.497156E+01
        38  3.821548E+01
        39  1.306133E+01
        40  4.321470E+00
        41  3.646967E+00
        42  1.591275E+01
        43  3.976198E+00
        44  1.677548E+01
        45  4.289384E+00
        46  1.776181E+01
        47  6.424940E+00
        48  2.000810E+01
        49  3.191895E+00
        50  7.702943E+00
        51  3.191895E+00
        52  7.702943E+00
        53  6.424940E+00
        54  2.000810E+01
        55  4.289384E+00
        56  1.776181E+01
        57  3.976198E+00
        58  1.677548E+01
        59  3.646967E+00
        60  1.591275E+01
        61  1.252961E+02
        62  7.537352E+01
        63  3.650531E+01
        64  1.289413E+01
        65  5.006048E+00
        66  1.252961E+02
        67  7.537352E+01
        68  3.650531E+01
        69  1.289413E+01
        70  5.006048E+00
        71  3.036929E+00
        72  1.315507E+01
        73  3.690528E+00
        74  1.425135E+01
        75  4.293313E+00
        76  1.479592E+01
        77  6.007714E+00
        78  1.577219E+01
        79  2.580916E+00
        80  5.856817E+00
        81  2.580916E+00
        82  5.856817E+00
        83  6.007714E+00
        84  1.577219E+01
        85  4.293313E+00
        86  1.479592E+01
        87  3.690528E+00
        88  1.425135E+01
        89  3.036929E+00
        90  1.315507E+01
        91  1.145751E+02
        92  6.747100E+01
        93  3.280437E+01
        94  1.168575E+01
        95  4.690588E+00
        96  1.145751E+02
        97  6.747100E+01
        98  3.280437E+01
        99  1.168575E+01
       100  4.690588E+00
       101  2.964086E+00
       102  1.139841E+01
       103  3.743824E+00
       104  1.234438E+01
       105  4.497473E+00
       106  1.286120E+01
       107  5.847459E+00
       108  1.343632E+01
       109  2.287211E+00
       110  4.859377E+00
       111  2.287211E+00
       112  4.859377E+00
       113  5.847459E+00
       114  1.343632E+01
       115  4.497473E+00
       116  1.286120E+01
       117  3.743824E+00
       118  1.234438E+01
       119  2.964086E+00
       120  1.139841E+01
       121  1.039499E+02
       122  6.020922E+01
       123  2.887401E+01
       124  1.017353E+01
       125  4.275982E+00
       126  1.039499E+02
       127  6.020922E+01
       128  2.887401E+01
       129  1.017353E+01
       130  4.275982E+00
       131  2.989069E+00
       132  1.004769E+01
       133  3.719168E+00
       134  1.077163E+01
       135  4.428114E+00
       136  1.126274E+01
       137  5.471385E+00
       138  1.162633E+01
       139  2.029501E+00
       140  4.133690E+00
       141  2.029501E+00
       142  4.133690E+00
       143  5.471385E+00
       144  1.162633E+01
       145  4.428114E+00
       146  1.126274E+01
       147  3.719168E+00
       148  1.077163E+01
       149  2.989069E+00
       150  1.004769E+01
       151  9.397163E+01
       152  5.384303E+01
       153  2.547319E+01
       154  8.866820E+00
       155  3.870846E+00
       156  9.397163E+01
       157  5.384303E+01
       158  2.547319E+01
       159  8.866820E+00
       160  3.870846E+00
       161  3.078643E+00
       162  8.988824E+00
       163  3.656288E+00
       164  9.492499E+00
       165  4.229905E+00
       166  9.903744E+00
       167  5.037000E+00
       168  1.014292E+01
       169  1.810550E+00
       170  3.573322E+00
       171  1.810550E+00
       172  3.573322E+00
       173  5.037000E+00
       174  1.014292E+01
       175  4.229905E+00
       176  9.903744E+00
       177  3.656288E+00
       178  9.492499E+00
       179  3.078643E+00
       180  8.988824E+00
       181  8.477774E+01
       182  4.826701E+01
       183  2.260229E+01
       184  7.789030E+00
       185  3.528566E+00
       186  8.477774E+01
       187  4.826701E+01
       188  2.260229E+01
       189  7.789030E+00
       190  3.528566E+00
       191  3.163461E+00
       192  8.115176E+00
       193  3.568420E+00
       194  8.431496E+00
       195  3.986610E+00
       196  8.739498E+00
       197  4.610535E+00
       198  8.890076E+00
       199  1.623876E+00
       200  3.113726E+00
       201  1.623876E+00
       202  3.113726E+00
       203  4.610535E+00
       204  8.890076E+00
       205  3.986610E+00
       206  8.739498E+00
       207  3.568420E+00
       208  8.431496E+00
       209  3.163461E+00
       210  8.115176E+00
       211  7.646147E+01
       212  4.336039E+01
       213  2.015206E+01
       214  6.893981E+00
       215  3.240640E+00
       216  7.646147E+01
       217  4.336039E+01
       218  2.015206E+01
       219  6.893981E+00
       220  3.240640E+00
       221  3.205301E+00
       222  7.365461E+00
       223  3.460097E+00
       224  7.539536E+00
       225  3.737727E+00
       226  7.748982E+00
       227  4.217038E+00
       228  7.830794E+00
       229  1.463343E+00
       230  2.729920E+00
       231  1.463343E+00
       232  2.729920E+00
       233  4.217038E+00
       234  7.830794E+00
       235  3.737727E+00
       236  7.748982E+00
       237  3.460097E+00
       238  7.539536E+00
       239  3.205301E+00
       240  7.365461E+00
       241  6.902706E+01
       242  3.903418E+01
       243  1.803463E+01
       244  6.135176E+00
       245  2.993037E+00
       246  6.902706E+01
       247  3.903418E+01
       248  1.803463E+01
       249  6.135176E+00
       250  2.993037E+00
       251  3.191768E+00
       252  6.704982E+00
       253  3.333076E+00
       254  6.780807E+00
       255  3.498330E+00
       256  6.909355E+00
       257  3.863722E+00
       258  6.936954E+00
       259  1.325192E+00
       260  2.407808E+00
       261  1.325192E+00
       262  2.407808E+00
       263  3.863722E+00
       264  6.936954E+00
       265  3.498330E+00
       266  6.909355E+00
       267  3.333076E+00
       268  6.780807E+00
       269  3.191768E+00
       270  6.704982E+00
       271  6.241949E+01
       272  3.521353E+01
       273  1.618656E+01
       274  5.480037E+00
       275  2.774598E+00
       276  6.241949E+01
       277  3.521353E+01
       278  1.618656E+01
       279  5.480037E+00
       280  2.774598E+00
       281  3.126655E+00
       282  6.114945E+00
       283  3.189760E+00
       284  6.128558E+00
       285  3.272283E+00
       286  6.196820E+00
       287  3.549384E+00
       288  6.183392E+00
       289  1.206212E+00
       290  2.137626E+00
       291  1.206212E+00
       292  2.137626E+00
       293  3.549384E+00
       294  6.183392E+00
       295  3.272283E+00
       296  6.196820E+00
       297  3.189760E+00
       298  6.128558E+00
       299  3.126655E+00
       300  6.114945E+00
       301  5.656017E+01
       302  3.183487E+01
       303  1.456305E+01
       304  4.907224E+00
       305  2.578202E+00
       306  5.656017E+01
       307  3.183487E+01
       308  1.456305E+01
       309  4.907224E+00
       310  2.578202E+00
       311  3.021085E+00
       312  5.584543E+00
       313  3.034203E+00
       314  5.562295E+00
       315  3.059797E+00
       316  5.588842E+00
       317  3.270002E+00
       318  5.546404E+00
       319  1.103490E+00
       320  1.910814E+00
       321  1.103490E+00
       322  1.910814E+00
       323  3.270002E+00
       324  5.546404E+00
       325  3.059797E+00
       326  5.588842E+00
       327  3.034203E+00
       328  5.562295E+00
       329  3.021085E+00
       330  5.584543E+00
       331  5.136535E+01
       332  2.884289E+01
       333  1.313080E+01
       334  4.402531E+00
       335  2.399522E+00
       336  5.136535E+01
       337  2.884289E+01
       338  1.313080E+01
       339  4.402531E+00
       340  2.399522E+00
       341  2.887750E+00
       342  5.106765E+00
       343  2.871305E+00
       344  5.066379E+00
       345  2.860279E+00
       346  5.065974E+00
       347  3.020978E+00
       348  5.004828E+00
       349  1.014356E+00
       350  1.719673E+00
       351  1.014356E+00
       352  1.719673E+00
       353  3.020978E+00
       354  5.004828E+00
       355  2.860279E+00
       356  5.065974E+00
       357  2.871305E+00
       358  5.066379E+00
       359  2.887750E+00
       360  5.106765E+00
       361  4.675506E+01
       362  2.618923E+01
       363  1.186368E+01
       364  3.955924E+00
       365  2.235893E+00
       366  4.675506E+01
       367  2.618923E+01
       368  1.186368E+01
       369  3.955924E+00
       370  2.235893E+00
       371  2.738064E+00
       372  4.676245E+00
       373  2.705903E+00
       374  4.628820E+00
       375  2.673208E+00
       376  4.612306E+00
       377  2.798059E+00
       378  4.540686E+00
       379  9.364581E-01
       380  1.557481E+00
       381  9.364581E-01
       382  1.557481E+00
       383  2.798059E+00
       384  4.540686E+00
       385  2.673208E+00
       386  4.612306E+00
       387  2.705903E+00
       388  4.628820E+00
       389  2.738064E+00
       390  4.676245E+00
       391  4.265669E+01
       392  2.383158E+01
       393  1.074026E+01
       394  3.559779E+00
       395  2.085557E+00
       396  4.265669E+01
       397  2.383158E+01
       398  1.074026E+01
       399  3.559779E+00
       400  2.085557E+00
       401  2.581107E+00
       402  4.288340E+00
       403  2.542135E+00
       404  4.240343E+00
       405  2.498219E+00
       406  4.215236E+00
       407  2.597589E+00
       408  4.139313E+00
       409  8.678094E-01
       410  1.418620E+00
       411  8.678094E-01
       412  1.418620E+00
       413  2.597589E+00
       414  4.139313E+00
       415  2.498219E+00
       416  4.215236E+00
       417  2.542135E+00
       418  4.240343E+00
       419  2.581107E+00
       420  4.288340E+00
       421  3.900600E+01
       422  2.173304E+01
       423  9.742452E+00
       424  3.207925E+00
       425  1.947224E+00
       426  3.900600E+01
       427  2.173304E+01
       428  9.742452E+00
       429  3.207925E+00
       430  1.947224E+00
       431  2.423520E+00
       432  3.938790E+00
       433  2.383176E+00
       434  3.893665E+00
       435  2.334998E+00
       436  3.864928E+00
       437  2.416512E+00
       438  3.789055E+00
       439  8.067842E-01
       440  1.298551E+00
       441  8.067842E-01
       442  1.298551E+00
       443  2.416512E+00
       444  3.789055E+00
       445  2.334998E+00
       446  3.864928E+00
       447  2.383176E+00
       448  3.893665E+00
       449  2.423520E+00
       450  3.938790E+00
       451  3.574682E+01
       452  1.986146E+01
       453  8.854726E+00
       454  2.895136E+00
       455  1.819845E+00
       456  3.574682E+01
       457  1.986146E+01
       458  8.854726E+00
       459  2.895136E+00
       460  1.819845E+00
       461  2.269819E+00
       462  3.623634E+00
       463  2.231222E+00
       464  3.582971E+00
       465  2.183177E+00
       466  3.553733E+00
       467  2.252290E+00
       468  3.480800E+00
       469  7.520854E-01
       470  1.193704E+00
       471  7.520854E-01
       472  1.193704E+00
       473  2.252290E+00
       474  3.480800E+00
       475  2.183177E+00
       476  3.553733E+00
       477  2.231222E+00
       478  3.582971E+00
       479  2.269819E+00
       480  3.623634E+00
       481  3.283043E+01
       482  1.818894E+01
       483  8.063642E+00
       484  2.616868E+00
       485  1.702502E+00
       486  3.283043E+01
       487  1.818894E+01
       488  8.063642E+00
       489  2.616868E+00
       490  1.702502E+00
       491  2.122836E+00
       492  3.339220E+00
       493  2.087611E+00
       494  3.303540E+00
       495  2.042296E+00
       496  3.275670E+00
       497  2.102817E+00
       498  3.207459E+00
       499  7.026920E-01
       500  1.101305E+00
       501  7.026920E-01
       502  1.101305E+00
       503  2.102817E+00
       504  3.207459E+00
       505  2.042296E+00
       506  3.275670E+00
       507  2.087611E+00
       508  3.303540E+00
       509  2.122836E+00
       510  3.339220E+00
       511  3.021465E+01
       512  1.669121E+01
       513  7.357513E+00
       514  2.369120E+00
       515  1.594357E+00
       516  3.021465E+01
       517  1.669121E+01
       518  7.357513E+00
       519  2.369120E+00
       520  1.594357E+00
       521  1.984163E+00
       522  3.082227E+00
       523  1.953007E+00
       524  3.051476E+00
       525  1.911803E+00
       526  3.026016E+00
       527  1.966336E+00
       528  2.963508E+00
       529  6.578048E-01
       530  1.019215E+00
       531  6.578048E-01
       532  1.019215E+00
       533  1.966336E+00
       534  2.963508E+00
       535  1.911803E+00
       536  3.026016E+00
       537  1.953007E+00
       538  3.051476E+00
       539  1.984163E+00
       540  3.082227E+00
       541  2.786304E+01
       542  1.534725E+01
       543  6.726154E+00
       544  2.148351E+00
       545  1.494634E+00
       546  2.786304E+01
       547  1.534725E+01
       548  6.726154E+00
       549  2.148351E+00
       550  1.494634E+00
       551  1.854519E+00
       552  2.849669E+00
       553  1.827580E+00
       554  2.823521E+00
       555  1.791077E+00
       556  2.800982E+00
       557  1.841369E+00
       558  2.744605E+00
       559  6.167978E-01
       560  9.457758E-01
       561  6.167978E-01
       562  9.457758E-01
       563  1.841369E+00
       564  2.744605E+00
       565  1.791077E+00
       566  2.800982E+00
       567  1.827580E+00
       568  2.823521E+00
       569  1.854519E+00
       570  2.849669E+00
       571  2.574412E+01
       572  1.413880E+01
       573  6.160681E+00
       574  1.951419E+00
       575  1.402611E+00
       576  2.574412E+01
       577  1.413880E+01
       578  6.160681E+00
       579  1.951419E+00
       580  1.402611E+00
       581  1.734043E+00
       582  2.638893E+00
       583  1.711160E+00
       584  2.616914E+00
       585  1.679460E+00
       586  2.597481E+00
       587  1.726668E+00
       588  2.547296E+00
       589  5.791761E-01
       590  8.796957E-01
       591  5.791761E-01
       592  8.796957E-01
       593  1.726668E+00
       594  2.547296E+00
       595  1.679460E+00
       596  2.597481E+00
       597  1.711160E+00
       598  2.616914E+00
       599  1.734043E+00
       600  2.638893E+00
       601  2.383063E+01
       602  1.304999E+01
       603  5.653344E+00
       604  1.775546E+00
       605  1.317617E+00
       606  2.383063E+01
       607  1.304999E+01
       608  5.653344E+00
       609  1.775546E+00
       610  1.317617E+00
       611  1.622510E+00
       612  2.447551E+00
       613  1.603368E+00
       614  2.429293E+00
       615  1.576287E+00
       616  2.412955E+00
       617  1.621167E+00
       618  2.368789E+00
       619  5.445433E-01
       620  8.199530E-01
       621  5.445433E-01
       622  8.199530E-01
       623  1.621167E+00
       624  2.368789E+00
       625  1.576287E+00
       626  2.412955E+00
       627  1.603368E+00
       628  2.429293E+00
       629  1.622510E+00
       630  2.447551E+00
       631  2.209896E+01
       632  1.206704E+01
       633  5.197374E+00
       634  1.618277E+00
       635  1.239035E+00
       636  2.209896E+01
       637  1.206704E+01
       638  5.197374E+00
       639  1.618277E+00
       640  1.239035E+00
       641  1.519477E+00
       642  2.273579E+00
       643  1.503700E+00
       644  2.258617E+00
       645  1.480902E+00
       646  2.245250E+00
       647  1.523949E+00
       648  2.206792E+00
       649  5.125767E-01
       650  7.657268E-01
       651  5.125767E-01
       652  7.657268E-01
       653  1.523949E+00
       654  2.206792E+00
       655  1.480902E+00
       656  2.245250E+00
       657  1.503700E+00
       658  2.258617E+00
       659  1.519477E+00
       660  2.273579E+00
       661  2.052863E+01
       662  1.117795E+01
       663  4.786858E+00
       664  1.477447E+00
       665  1.166297E+00
       666  2.052863E+01
       667  1.117795E+01
       668  4.786858E+00
       669  1.477447E+00
       670  1.166297E+00
       671  1.424394E+00
       672  2.115158E+00
       673  1.411594E+00
       674  2.103110E+00
       675  1.392681E+00
       676  2.092531E+00
       677  1.434217E+00
       678  2.059391E+00
       679  4.830082E-01
       680  7.163468E-01
       681  4.830082E-01
       682  7.163468E-01
       683  1.434217E+00
       684  2.059391E+00
       685  1.392681E+00
       686  2.092531E+00
       687  1.411594E+00
       688  2.103110E+00
       689  1.424394E+00
       690  2.115158E+00
       691  1.910181E+01
       692  1.037224E+01
       693  4.416627E+00
       694  1.351151E+00
       695  1.098884E+00
       696  1.910181E+01
       697  1.037224E+01
       698  4.416627E+00
       699  1.351151E+00
       700  1.098884E+00
       701  1.336666E+00
       702  1.970686E+00
       703  1.326476E+00
       704  1.961214E+00
       705  1.311033E+00
       706  1.953211E+00
       707  1.351274E+00
       708  1.924967E+00
       709  4.556109E-01
       710  6.712558E-01
       711  4.556109E-01
       712  6.712558E-01
       713  1.351274E+00
       714  1.924967E+00
       715  1.311033E+00
       716  1.953211E+00
       717  1.326476E+00
       718  1.961214E+00
       719  1.336666E+00
       720  1.970686E+00
       721  1.780292E+01
       722  9.640759E+00
       723  4.082156E+00
       724  1.237716E+00
       725  1.036328E+00
       726  1.780292E+01
       727  9.640759E+00
       728  4.082156E+00
       729  1.237716E+00
       730  1.036328E+00
       731  1.255698E+00
       732  1.838750E+00
       733  1.247783E+00
       734  1.831556E+00
       735  1.235412E+00
       736  1.825909E+00
       737  1.274503E+00
       738  1.802130E+00
       739  4.301895E-01
       740  6.299835E-01
       741  4.301895E-01
       742  6.299835E-01
       743  1.274503E+00
       744  1.802130E+00
       745  1.235412E+00
       746  1.825909E+00
       747  1.247783E+00
       748  1.831556E+00
       749  1.255698E+00
       750  1.838750E+00
       751  1.661837E+01
       752  8.975500E+00
       753  3.779482E+00
       754  1.135670E+00
       755  9.781999E-01
       756  1.661837E+01
       757  8.975500E+00
       758  3.779482E+00
       759  1.135670E+00
       760  9.781999E-01
       761  1.180919E+00
       762  1.718100E+00
       763  1.174981E+00
       764  1.712923E+00
       765  1.165313E+00
       766  1.709410E+00
       767  1.203357E+00
       768  1.689677E+00
       769  4.065731E-01
       770  5.921276E-01
       771  4.065731E-01
       772  5.921276E-01
       773  1.203357E+00
       774  1.689677E+00
       775  1.165313E+00
       776  1.709410E+00
       777  1.174981E+00
       778  1.712923E+00
       779  1.180919E+00
       780  1.718100E+00
       781  1.553621E+01
       782  8.369431E+00
       783  3.505128E+00
       784  1.043724E+00
       785  9.241162E-01
       786  1.553621E+01
       787  8.369431E+00
       788  3.505128E+00
       789  1.043724E+00
       790  9.241162E-01
       791  1.111792E+00
       792  1.607628E+00
       793  1.107570E+00
       794  1.604236E+00
       795  1.100274E+00
       796  1.602643E+00
       797  1.137347E+00
       798  1.586555E+00
       799  3.846102E-01
       800  5.573398E-01
       801  3.846102E-01
       802  5.573398E-01
       803  1.137347E+00
       804  1.586555E+00
       805  1.100274E+00
       806  1.602643E+00
       807  1.107570E+00
       808  1.604236E+00
       809  1.111792E+00
       810  1.607628E+00
       811  1.454597E+01
       812  7.816372E+00
       813  3.256042E+00
       814  9.607477E-01
       815  8.737289E-01
       816  1.454597E+01
       817  7.816372E+00
       818  3.256042E+00
       819  9.607477E-01
       820  8.737289E-01
       821  1.047825E+00
       822  1.506345E+00
       823  1.045094E+00
       824  1.504533E+00
       825  1.039873E+00
       826  1.504659E+00
       827  1.076032E+00
       828  1.491840E+00
       829  3.641653E-01
       830  5.253162E-01
       831  3.641653E-01
       832  5.253162E-01
       833  1.076032E+00
       834  1.491840E+00
       835  1.039873E+00
       836  1.504659E+00
       837  1.045094E+00
       838  1.504533E+00
       839  1.047825E+00
       840  1.506345E+00
       841  1.363839E+01
       842  7.310878E+00
       843  3.029537E+00
       844  8.857469E-01
       845  8.267248E-01
       846  1.363839E+01
       847  7.310878E+00
       848  3.029537E+00
       849  8.857469E-01
       850  8.267248E-01
       851  9.885699E-01
       852  1.413374E+00
       853  9.871325E-01
       854  1.412955E+00
       855  9.837265E-01
       856  1.414611E+00
       857  1.019018E+00
       858  1.404713E+00
       859  3.451164E-01
       860  4.957889E-01
       861  3.451164E-01
       862  4.957889E-01
       863  1.019018E+00
       864  1.404713E+00
       865  9.837265E-01
       866  1.414611E+00
       867  9.871325E-01
       868  1.412955E+00
       869  9.885699E-01
       870  1.413374E+00
       871  1.280529E+01
       872  6.848141E+00
       873  2.823247E+00
       874  8.178502E-01
       875  7.828214E-01
       876  1.280529E+01
       877  6.848141E+00
       878  2.823247E+00
       879  8.178502E-01
       880  7.828214E-01
       881  9.336190E-01
       882  1.327928E+00
       883  9.333051E-01
       884  1.328737E+00
       885  9.314850E-01
       886  1.331746E+00
       887  9.659456E-01
       888  1.324449E+00
       889  3.273527E-01
       890  4.685215E-01
       891  3.273527E-01
       892  4.685215E-01
       893  9.659456E-01
       894  1.324449E+00
       895  9.314850E-01
       896  1.331746E+00
       897  9.333051E-01
       898  1.328737E+00
       899  9.336190E-01
       900  1.327928E+00
       901  1.203943E+01
       902  6.423906E+00
       903  2.635084E+00
       904  7.562914E-01
       905  7.417642E-01
       906  1.203943E+01
       907  6.423906E+00
       908  2.635084E+00
       909  7.562914E-01
       910  7.417642E-01
       911  8.826050E-01
       912  1.249303E+00
       913  8.832663E-01
       914  1.251191E+00
       915  8.828308E-01
       916  1.255389E+00
       917  9.164910E-01
       918  1.250399E+00
       919  3.107735E-01
       920  4.433033E-01
       921  3.107735E-01
       922  4.433033E-01
       923  9.164910E-01
       924  1.250399E+00
       925  8.828308E-01
       926  1.255389E+00
       927  8.832663E-01
       928  1.251191E+00
       929  8.826050E-01
       930  1.249303E+00
       931  1.133438E+01
       932  6.034404E+00
       933  2.463205E+00
       934  7.003967E-01
       935  7.033234E-01
       936  1.133438E+01
       937  6.034404E+00
       938  2.463205E+00
       939  7.003967E-01
       940  7.033234E-01
       941  8.351963E-01
       942  1.176870E+00
       943  8.367031E-01
       944  1.179699E+00
       945  8.374752E-01
       946  1.184937E+00
       947  8.703595E-01
       948  1.181988E+00
       949  2.952869E-01
       950  4.199469E-01
       951  2.952869E-01
       952  4.199469E-01
       953  8.703595E-01
       954  1.181988E+00
       955  8.374752E-01
       956  1.184937E+00
       957  8.367031E-01
       958  1.179699E+00
       959  8.351963E-01
       960  1.176870E+00
       961  1.068442E+01
       962  5.676282E+00
       963  2.305974E+00
       964  6.495726E-01
       965  6.672912E-01
       966  1.068442E+01
       967  5.676282E+00
       968  2.305974E+00
       969  6.495726E-01
       970  6.672912E-01
       971  7.910935E-01
       972  1.110063E+00
       973  7.933319E-01
       974  1.113710E+00
       975  7.951551E-01
       976  1.119849E+00
       977  8.272835E-01
       978  1.118699E+00
       979  2.808089E-01
       980  3.982845E-01
       981  2.808089E-01
       982  3.982845E-01
       983  8.272835E-01
       984  1.118699E+00
       985  7.951551E-01
       986  1.119849E+00
       987  7.933319E-01
       988  1.113710E+00
       989  7.910935E-01
       990  1.110063E+00
       991  1.008443E+01
       992  5.346561E+00
       993  2.161945E+00
       994  6.032955E-01
       995  6.334800E-01
       996  1.008443E+01
       997  5.346561E+00
       998  2.161945E+00
       999  6.032955E-01
      1000  6.334800E-01
      1001  7.500261E-01
      1002  1.048373E+00
      1003  7.528953E-01
      1004  1.052726E+00
      1005  7.556311E-01
      1006  1.059641E+00
      1007  7.870193E-01
      1008  1.060070E+00
      1009  2.672624E-01
      1010  3.781657E-01
      1011  2.672624E-01
      1012  3.781657E-01
      1013  7.870193E-01
      1014  1.060070E+00
      1015  7.556311E-01
      1016  1.059641E+00
      1017  7.528953E-01
      1018  1.052726E+00
      1019  7.500261E-01
      1020  1.048373E+00
      1021  9.529859E+00
      1022  5.042582E+00
      1023  2.029831E+00
      1024  5.611030E-01
      1025  6.017194E-01
      1026  9.529859E+00
      1027  5.042582E+00
      1028  2.029831E+00
      1029  5.611030E-01
      1030  6.017194E-01
      1031  7.117490E-01
      1032  9.913420E-01
      1033  7.151595E-01
      1034  9.963002E-01
      1035  7.186847E-01
      1036  1.003875E+00
      1037  7.493449E-01
      1038  1.005685E+00
      1039  2.545771E-01
      1040  3.594556E-01
      1041  2.545771E-01
      1042  3.594556E-01
      1043  7.493449E-01
      1044  1.005685E+00
      1045  7.186847E-01
      1046  1.003875E+00
      1047  7.151595E-01
      1048  9.963002E-01
      1049  7.117490E-01
      1050  9.913420E-01
      1051  9.016610E+00
      1052  4.761968E+00
      1053  1.908488E+00
      1054  5.225862E-01
      1055  5.718549E-01
      1056  9.016610E+00
      1057  4.761968E+00
      1058  1.908488E+00
      1059  5.225862E-01
      1060  5.718549E-01
      1061  6.760400E-01
      1062  9.385589E-01
      1063  6.799118E-01
      1064  9.440295E-01
      1065  6.841164E-01
      1066  9.521609E-01
      1067  7.140578E-01
      1068  9.551718E-01
      1069  2.426881E-01
      1070  3.420326E-01
      1071  2.426881E-01
      1072  3.420326E-01
      1073  7.140578E-01
      1074  9.551718E-01
      1075  6.841164E-01
      1076  9.521609E-01
      1077  6.799118E-01
      1078  9.440295E-01
      1079  6.760400E-01
      1080  9.385589E-01
      1081  8.541019E+00
      1082  4.502594E+00
      1083  1.796896E+00
      1084  4.873825E-01
      1085  5.437461E-01
      1086  8.541019E+00
      1087  4.502594E+00
      1088  1.796896E+00
      1089  4.873825E-01
      1090  5.437461E-01
      1091  6.426969E-01
      1092  8.896519E-01
      1093  6.469583E-01
      1094  8.955515E-01
      1095  6.517438E-01
      1096  9.041442E-01
      1097  6.809731E-01
      1098  9.081947E-01
      1099  2.315360E-01
      1100  3.257875E-01
      1101  2.315360E-01
      1102  3.257875E-01
      1103  6.809731E-01
      1104  9.081947E-01
      1105  6.517438E-01
      1106  9.041442E-01
      1107  6.469583E-01
      1108  8.955515E-01
      1109  6.426969E-01
      1110  8.896519E-01
      1111  8.099787E+00
      1112  4.262555E+00
      1113  1.694144E+00
      1114  4.551702E-01
      1115  5.172648E-01
      1116  8.099787E+00
      1117  4.262555E+00
      1118  1.694144E+00
      1119  4.551702E-01
      1120  5.172648E-01
      1121  6.115355E-01
      1122  8.442856E-01
      1123  6.161221E-01
      1124  8.505388E-01
      1125  6.213999E-01
      1126  8.595070E-01
      1127  6.499219E-01
      1128  8.644512E-01
      1129  2.210663E-01
      1130  3.106215E-01
      1131  2.210663E-01
      1132  3.106215E-01
      1133  6.499219E-01
      1134  8.644512E-01
      1135  6.213999E-01
      1136  8.595070E-01
      1137  6.161221E-01
      1138  8.505388E-01
      1139  6.115355E-01
      1140  8.442856E-01
      1141  7.689947E+00
      1142  4.040140E+00
      1143  1.599419E+00
      1144  4.256635E-01
      1145  4.922943E-01
      1146  7.689947E+00
      1147  4.040140E+00
      1148  1.599419E+00
      1149  4.256635E-01
      1150  4.922943E-01
      1151  5.823877E-01
      1152  8.021572E-01
      1153  5.872412E-01
      1154  8.086959E-01
      1155  5.929319E-01
      1156  8.179619E-01
      1157  6.207497E-01
      1158  8.236685E-01
      1159  2.112286E-01
      1160  2.964455E-01
      1161  2.112286E-01
      1162  2.964455E-01
      1163  6.207497E-01
      1164  8.236685E-01
      1165  5.929319E-01
      1166  8.179619E-01
      1167  5.872412E-01
      1168  8.086959E-01
      1169  5.823877E-01
      1170  8.021572E-01
      1171  7.308820E+00
      1172  3.833808E+00
      1173  1.511991E+00
      1174  3.986075E-01
      1175  4.687277E-01
      1176  7.308820E+00
      1177  3.833808E+00
      1178  1.511991E+00
      1179  3.986075E-01
      1180  4.687277E-01
      1181  5.550996E-01
      1182  7.629927E-01
      1183  5.601674E-01
      1184  7.697555E-01
      1185  5.661993E-01
      1186  7.792492E-01
      1187  5.933150E-01
      1188  7.856001E-01
      1189  2.019769E-01
      1190  2.831788E-01
      1191  2.019769E-01
      1192  2.831788E-01
      1193  5.933150E-01
      1194  7.856001E-01
      1195  5.661993E-01
      1196  7.792492E-01
      1197  5.601674E-01
      1198  7.697555E-01
      1199  5.550996E-01
      1200  7.629927E-01
      1201  6.953988E+00
      1202  3.642173E+00
      1203  1.431208E+00
      1204  3.737754E-01
      1205  4.464674E-01
      1206  6.953988E+00
      1207  3.642173E+00
      1208  1.431208E+00
      1209  3.737754E-01
      1210  4.464674E-01
      1211  5.295300E-01
      1212  7.265437E-01
      1213  5.347647E-01
      1214  7.334754E-01
      1215  5.410733E-01
      1216  7.431339E-01
      1217  5.674882E-01
      1218  7.500227E-01
      1219  1.932687E-01
      1220  2.707482E-01
      1221  1.932687E-01
      1222  2.707482E-01
      1223  5.674882E-01
      1224  7.500227E-01
      1225  5.410733E-01
      1226  7.431339E-01
      1227  5.347647E-01
      1228  7.334754E-01
      1229  5.295300E-01
      1230  7.265437E-01
      1231  6.623262E+00
      1232  3.463983E+00
      1233  1.356481E+00
      1234  3.509641E-01
      1235  4.254237E-01
      1236  6.623262E+00
      1237  3.463983E+00
      1238  1.356481E+00
      1239  3.509641E-01
      1240  4.254237E-01
      1241  5.055495E-01
      1242  6.925854E-01
      1243  5.109083E-01
      1244  6.996363E-01
      1245  5.174354E-01
      1246  7.094031E-01
      1247  5.431505E-01
      1248  7.167343E-01
      1249  1.850646E-01
      1250  2.590874E-01
      1251  1.850646E-01
      1252  2.590874E-01
      1253  5.431505E-01
      1254  7.167343E-01
      1255  5.174354E-01
      1256  7.094031E-01
      1257  5.109083E-01
      1258  6.996363E-01
      1259  5.055495E-01
      1260  6.925854E-01
      1261  6.314657E+00
      1262  3.298106E+00
      1263  1.287281E+00
      1264  3.299921E-01
      1265  4.055144E-01
      1266  6.314657E+00
      1267  3.298106E+00
      1268  1.287281E+00
      1269  3.299921E-01
      1270  4.055144E-01
      1271  4.830389E-01
      1272  6.609133E-01
      1273  4.884832E-01
      1274  6.680390E-01
      1275  4.951765E-01
      1276  6.778633E-01
      1277  5.201929E-01
      1278  6.855513E-01
      1279  1.773287E-01
      1280  2.481362E-01
      1281  1.773287E-01
      1282  2.481362E-01
      1283  5.201929E-01
      1284  6.855513E-01
      1285  4.951765E-01
      1286  6.778633E-01
      1287  4.884832E-01
      1288  6.680390E-01
      1289  4.830389E-01
      1290  6.609133E-01
      1291  6.026373E+00
      1292  3.143520E+00
      1293  1.223134E+00
      1294  3.106968E-01
      1295  3.866636E-01
      1296  6.026373E+00
      1297  3.143520E+00
      1298  1.223134E+00
      1299  3.106968E-01
      1300  3.866636E-01
      1301  4.618887E-01
      1302  6.313415E-01
      1303  4.673835E-01
      1304  6.385024E-01
      1305  4.741961E-01
      1306  6.483390E-01
      1307  4.985149E-01
      1308  6.563070E-01
      1309  1.700276E-01
      1310  2.378396E-01
      1311  1.700276E-01
      1312  2.378396E-01
      1313  4.985149E-01
      1314  6.563070E-01
      1315  4.741961E-01
      1316  6.483390E-01
      1317  4.673835E-01
      1318  6.385024E-01
      1319  4.618887E-01
      1320  6.313415E-01
      1321  5.756773E+00
      1322  2.999294E+00
      1323  1.163608E+00
      1324  2.929322E-01
      1325  3.688019E-01
      1326  5.756773E+00
      1327  2.999294E+00
      1328  1.163608E+00
      1329  2.929322E-01
      1330  3.688019E-01
      1331  4.419978E-01
      1332  6.037010E-01
      1333  4.475119E-01
      1334  6.108616E-01
      1335  4.544014E-01
      1336  6.206703E-01
      1337  4.780246E-01
      1338  6.288498E-01
      1339  1.631304E-01
      1340  2.281476E-01
      1341  1.631304E-01
      1342  2.281476E-01
      1343  4.780246E-01
      1344  6.288498E-01
      1345  4.544014E-01
      1346  6.206703E-01
      1347  4.475119E-01
      1348  6.108616E-01
      1349  4.419978E-01
      1350  6.037010E-01
      1351  5.504367E+00
      1352  2.864587E+00
      1353  1.108315E+00
      1354  2.765672E-01
      1355  3.518651E-01
      1356  5.504367E+00
      1357  2.864587E+00
      1358  1.108315E+00
      1359  2.765672E-01
      1360  3.518651E-01
      1361  4.232727E-01
      1362  5.778373E-01
      1363  4.287781E-01
      1364  5.849662E-01
      1365  4.357071E-01
      1366  5.947115E-01
      1367  4.586368E-01
      1368  6.030413E-01
      1369  1.566087E-01
      1370  2.190145E-01
      1371  1.566087E-01
      1372  2.190145E-01
      1373  4.586368E-01
      1374  6.030413E-01
      1375  4.357071E-01
      1376  5.947115E-01
      1377  4.287781E-01
      1378  5.849662E-01
      1379  4.232727E-01
      1380  5.778373E-01
      1381  5.267795E+00
      1382  2.738630E+00
      1383  1.056903E+00
      1384  2.614835E-01
      1385  3.357939E-01
      1386  5.267795E+00
      1387  2.738630E+00
      1388  1.056903E+00
      1389  2.614835E-01
      1390  3.357939E-01
      1391  4.056273E-01
      1392  5.536096E-01
      1393  4.110990E-01
      1394  5.606791E-01
      1395  4.180338E-01
      1396  5.703297E-01
      1397  4.402735E-01
      1398  5.787553E-01
      1399  1.504362E-01
      1400  2.103987E-01
      1401  1.504362E-01
      1402  2.103987E-01
      1403  4.402735E-01
      1404  5.787553E-01
      1405  4.180338E-01
      1406  5.703297E-01
      1407  4.110990E-01
      1408  5.606791E-01
      1409  4.056273E-01
      1410  5.536096E-01
      1411  5.045817E+00
      1412  2.620727E+00
      1413  1.009053E+00
      1414  2.475750E-01
      1415  3.205338E-01
      1416  5.045817E+00
      1417  2.620727E+00
      1418  1.009053E+00
      1419  2.475750E-01
      1420  3.205338E-01
      1421  3.889817E-01
      1422  5.308891E-01
      1423  3.943975E-01
      1424  5.378748E-01
      1425  4.013085E-01
      1426  5.474032E-01
      1427  4.228624E-01
      1428  5.558763E-01
      1429  1.445885E-01
      1430  2.022618E-01
      1431  1.445885E-01
      1432  2.022618E-01
      1433  4.228624E-01
      1434  5.558763E-01
      1435  4.013085E-01
      1436  5.474032E-01
      1437  3.943975E-01
      1438  5.378748E-01
      1439  3.889817E-01
      1440  5.308891E-01
      1441  4.837296E+00
      1442  2.510239E+00
      1443  9.644758E-01
      1444  2.347454E-01
      1445  3.060343E-01
      1446  4.837296E+00
      1447  2.510239E+00
      1448  9.644758E-01
      1449  2.347454E-01
      1450  3.060343E-01
      1451  3.732619E-01
      1452  5.095577E-01
      1453  3.786023E-01
      1454  5.164383E-01
      1455  3.854634E-01
      1456  5.258207E-01
      1457  4.063368E-01
      1458  5.342989E-01
      1459  1.390430E-01
      1460  1.945689E-01
      1461  1.390430E-01
      1462  1.945689E-01
      1463  4.063368E-01
      1464  5.342989E-01
      1465  3.854634E-01
      1466  5.258207E-01
      1467  3.786023E-01
      1468  5.164383E-01
      1469  3.732619E-01
      1470  5.095577E-01
      1471  4.641194E+00
      1472  2.406585E+00
      1473  9.229070E-01
      1474  2.229082E-01
      1475  2.922490E-01
      1476  4.641194E+00
      1477  2.406585E+00
      1478  9.229070E-01
      1479  2.229082E-01
      1480  2.922490E-01
      1481  3.583994E-01
      1482  4.895071E-01
      1483  3.636474E-01
      1484  4.962641E-01
      1485  3.704357E-01
      1486  5.054802E-01
      1487  3.906351E-01
      1488  5.139261E-01
      1489  1.337787E-01
      1490  1.872878E-01
      1491  1.337787E-01
      1492  1.872878E-01
      1493  3.906351E-01
      1494  5.139261E-01
      1495  3.704357E-01
      1496  5.054802E-01
      1497  3.636474E-01
      1498  4.962641E-01
      1499  3.583994E-01
      1500  4.895071E-01
      1501  4.456557E+00
      1502  2.309231E+00
      1503  8.841069E-01
      1504  2.119848E-01
      1505  2.791347E-01
      1506  4.456557E+00
      1507  2.309231E+00
      1508  8.841069E-01
      1509  2.119848E-01
      1510  2.791347E-01
      1511  3.443305E-01
      1512  4.706378E-01
      1513  3.494711E-01
      1514  4.772555E-01
      1515  3.561669E-01
      1516  4.862879E-01
      1517  3.757003E-01
      1518  4.946689E-01
      1519  1.287762E-01
      1520  1.803888E-01
      1521  1.287762E-01
      1522  1.803888E-01
      1523  3.757003E-01
      1524  4.946689E-01
      1525  3.561669E-01
      1526  4.862879E-01
      1527  3.494711E-01
      1528  4.772555E-01
      1529  3.443305E-01
      1530  4.706378E-01
      1531  4.282506E+00
      1532  2.217689E+00
      1533  8.478562E-01
      1534  2.019042E-01
      1535  2.666518E-01
      1536  4.282506E+00
      1537  2.217689E+00
      1538  8.478562E-01
      1539  2.019042E-01
      1540  2.666518E-01
      1541  3.309957E-01
      1542  4.528582E-01
      1543  3.360165E-01
      1544  4.593231E-01
      1545  3.426029E-01
      1546  4.681576E-01
      1547  3.614794E-01
      1548  4.764457E-01
      1549  1.240173E-01
      1550  1.738448E-01
      1551  1.240173E-01
      1552  1.738448E-01
      1553  3.614794E-01
      1554  4.764457E-01
      1555  3.426029E-01
      1556  4.681576E-01
      1557  3.360165E-01
      1558  4.593231E-01
      1559  3.309957E-01
      1560  4.528582E-01
      1561  4.118235E+00
      1562  2.131511E+00
      1563  8.139546E-01
      1564  1.926020E-01
      1565  2.547635E-01
      1566  4.118235E+00
      1567  2.131511E+00
      1568  8.139546E-01
      1569  1.926020E-01
      1570  2.547635E-01
      1571  3.183402E-01
      1572  4.360839E-01
      1573  3.232304E-01
      1574  4.423849E-01
      1575  3.296932E-01
      1576  4.510098E-01
      1577  3.479234E-01
      1578  4.591809E-01
      1579  1.194851E-01
      1580  1.676306E-01
      1581  1.194851E-01
      1582  1.676306E-01
      1583  3.479234E-01
      1584  4.591809E-01
      1585  3.296932E-01
      1586  4.510098E-01
      1587  3.232304E-01
      1588  4.423849E-01
      1589  3.183402E-01
      1590  4.360839E-01
      1591  3.963000E+00
      1592  2.050283E+00
      1593  7.822188E-01
      1594  1.840197E-01
      1595  2.434360E-01
      1596  3.963000E+00
      1597  2.050283E+00
      1598  7.822188E-01
      1599  1.840197E-01
      1600  2.434360E-01
      1601  3.063122E-01
      1602  4.202368E-01
      1603  3.110632E-01
      1604  4.263650E-01
      1605  3.173908E-01
      1606  4.347712E-01
      1607  3.349867E-01
      1608  4.428051E-01
      1609  1.151640E-01
      1610  1.617229E-01
      1611  1.151640E-01
      1612  1.617229E-01
      1613  3.349867E-01
      1614  4.428051E-01
      1615  3.173908E-01
      1616  4.347712E-01
      1617  3.110632E-01
      1618  4.263650E-01
      1619  3.063122E-01
      1620  4.202368E-01
      1621  3.816112E+00
      1622  1.973626E+00
      1623  7.524805E-01
      1624  1.761042E-01
      1625  2.326381E-01
      1626  3.816112E+00
      1627  1.973626E+00
      1628  7.524805E-01
      1629  1.761042E-01
      1630  2.326381E-01
      1631  2.948640E-01
      1632  4.052447E-01
      1633  2.994688E-01
      1634  4.111930E-01
      1635  3.056519E-01
      1636  4.193740E-01
      1637  3.226270E-01
      1638  4.272541E-01
      1639  1.110393E-01
      1640  1.561002E-01
      1641  1.110393E-01
      1642  1.561002E-01
      1643  3.226270E-01
      1644  4.272541E-01
      1645  3.056519E-01
      1646  4.193740E-01
      1647  2.994688E-01
      1648  4.111930E-01
      1649  2.948640E-01
      1650  4.052447E-01
      1651  3.676934E+00
      1652  1.901187E+00
      1653  7.245850E-01
      1654  1.688073E-01
      1655  2.223410E-01
      1656  3.676934E+00
      1657  1.901187E+00
      1658  7.245850E-01
      1659  1.688073E-01
      1660  2.223410E-01
      1661  2.839506E-01
      1662  3.910406E-01
      1663  2.884039E-01
      1664  3.968039E-01
      1665  2.944355E-01
      1666  4.047553E-01
      1667  3.108048E-01
      1668  4.124683E-01
      1669  1.070974E-01
      1670  1.507426E-01
      1671  1.070974E-01
      1672  1.507426E-01
      1673  3.108048E-01
      1674  4.124683E-01
      1675  2.944355E-01
      1676  4.047553E-01
      1677  2.884039E-01
      1678  3.968039E-01
      1679  2.839506E-01
      1680  3.910406E-01
      1681  3.544876E+00
      1682  1.832642E+00
      1683  6.983900E-01
      1684  1.620851E-01
      1685  2.125185E-01
      1686  3.544876E+00
      1687  1.832642E+00
      1688  6.983900E-01
      1689  1.620851E-01
      1690  2.125185E-01
      1691  2.735300E-01
      1692  3.775624E-01
      1693  2.778281E-01
      1694  3.831372E-01
      1695  2.837033E-01
      1696  3.908569E-01
      1697  2.994835E-01
      1698  3.983925E-01
      1699  1.033254E-01
      1700  1.456315E-01
      1701  1.033254E-01
      1702  1.456315E-01
      1703  2.994835E-01
      1704  3.983925E-01
      1705  2.837033E-01
      1706  3.908569E-01
      1707  2.778281E-01
      1708  3.831372E-01
      1709  2.735300E-01
      1710  3.775624E-01
      1711  3.419387E+00
      1712  1.767689E+00
      1713  6.737639E-01
      1714  1.558976E-01
      1715  2.031463E-01
      1716  3.419387E+00
      1717  1.767689E+00
      1718  6.737639E-01
      1719  1.558976E-01
      1720  2.031463E-01
      1721  2.635628E-01
      1722  3.647520E-01
      1723  2.677035E-01
      1724  3.701366E-01
      1725  2.734194E-01
      1726  3.776245E-01
      1727  2.886286E-01
      1728  3.849754E-01
      1729  9.971135E-02
      1730  1.407497E-01
      1731  9.971135E-02
      1732  1.407497E-01
      1733  2.886286E-01
      1734  3.849754E-01
      1735  2.734194E-01
      1736  3.776245E-01
      1737  2.677035E-01
      1738  3.701366E-01
      1739  2.635628E-01
      1740  3.647520E-01
      1741  3.299957E+00
      1742  1.706047E+00
      1743  6.505852E-01
      1744  1.502084E-01
      1745  1.942024E-01
      1746  3.299957E+00
      1747  1.706047E+00
      1748  6.505852E-01
      1749  1.502084E-01
      1750  1.942024E-01
      1751  2.540121E-01
      1752  3.525554E-01
      1753  2.579945E-01
      1754  3.577495E-01
      1755  2.635502E-01
      1756  3.650076E-01
      1757  2.782082E-01
      1758  3.721694E-01
      1759  9.624410E-02
      1760  1.360812E-01
      1761  9.624410E-02
      1762  1.360812E-01
      1763  2.782082E-01
      1764  3.721694E-01
      1765  2.635502E-01
      1766  3.650076E-01
      1767  2.579945E-01
      1768  3.577495E-01
      1769  2.540121E-01
      1770  3.525554E-01
      1771  3.186107E+00
      1772  1.647455E+00
      1773  6.287409E-01
      1774  1.449843E-01
      1775  1.856668E-01
      1776  3.186107E+00
      1777  1.647455E+00
      1778  6.287409E-01
      1779  1.449843E-01
      1780  1.856668E-01
      1781  2.448433E-01
      1782  3.409218E-01
      1783  2.486679E-01
      1784  3.459267E-01
      1785  2.540641E-01
      1786  3.529588E-01
      1787  2.681923E-01
      1788  3.599296E-01
      1789  9.291311E-02
      1790  1.316107E-01
      1791  9.291311E-02
      1792  1.316107E-01
      1793  2.681923E-01
      1794  3.599296E-01
      1795  2.540641E-01
      1796  3.529588E-01
      1797  2.486679E-01
      1798  3.459267E-01
      1799  2.448433E-01
      1800  3.409218E-01
      1801  3.077390E+00
      1802  1.591669E+00
      1803  6.081262E-01
      1804  1.401950E-01
      1805  1.775215E-01
      1806  3.077390E+00
      1807  1.591669E+00
      1808  6.081262E-01
      1809  1.401950E-01
      1810  1.775215E-01
      1811  2.360237E-01
      1812  3.298037E-01
      1813  2.396922E-01
      1814  3.346222E-01
      1815  2.449314E-01
      1816  3.414341E-01
      1817  2.585528E-01
      1818  3.482146E-01
      1819  8.970853E-02
      1820  1.273243E-01
      1821  8.970853E-02
      1822  1.273243E-01
      1823  2.585528E-01
      1824  3.482146E-01
      1825  2.449314E-01
      1826  3.414341E-01
      1827  2.396922E-01
      1828  3.346222E-01
      1829  2.360237E-01
      1830  3.298037E-01
      1831  2.973384E+00
      1832  1.538458E+00
      1833  5.886432E-01
      1834  1.358130E-01
      1835  1.697503E-01
      1836  2.973384E+00
      1837  1.538458E+00
      1838  5.886432E-01
      1839  1.358130E-01
      1840  1.697503E-01
      1841  2.275226E-01
      1842  3.191562E-01
      1843  2.310380E-01
      1844  3.237924E-01
      1845  2.361240E-01
      1846  3.303917E-01
      1847  2.492635E-01
      1848  3.369851E-01
      1849  8.662109E-02
      1850  1.232086E-01
      1851  8.662109E-02
      1852  1.232086E-01
      1853  2.492635E-01
      1854  3.369851E-01
      1855  2.361240E-01
      1856  3.303917E-01
      1857  2.310380E-01
      1858  3.237924E-01
      1859  2.275226E-01
      1860  3.191562E-01
      1861  2.873695E+00
      1862  1.487609E+00
      1863  5.702001E-01
      1864  1.318129E-01
      1865  1.623389E-01
      1866  2.873695E+00
      1867  1.487609E+00
      1868  5.702001E-01
      1869  1.318129E-01
      1870  1.623389E-01
      1871  2.193112E-01
      1872  3.089369E-01
      1873  2.226772E-01
      1874  3.133965E-01
      1875  2.276158E-01
      1876  3.197927E-01
      1877  2.402998E-01
      1878  3.262044E-01
      1879  8.364209E-02
      1880  1.192512E-01
      1881  8.364209E-02
      1882  1.192512E-01
      1883  2.402998E-01
      1884  3.262044E-01
      1885  2.276158E-01
      1886  3.197927E-01
      1887  2.226772E-01
      1888  3.133965E-01
      1889  2.193112E-01
      1890  3.089369E-01
      1891  2.777948E+00
      1892  1.438917E+00
      1893  5.527109E-01
      1894  1.281718E-01
      1895  1.552748E-01
      1896  2.777948E+00
      1897  1.438917E+00
      1898  5.527109E-01
      1899  1.281718E-01
      1900  1.552748E-01
      1901  2.113623E-01
      1902  2.991057E-01
      1903  2.145838E-01
      1904  3.033955E-01
      1905  2.193818E-01
      1906  3.095999E-01
      1907  2.316385E-01
      1908  3.158379E-01
      1909  8.076338E-02
      1910  1.154403E-01
      1911  8.076338E-02
      1912  1.154403E-01
      1913  2.316385E-01
      1914  3.158379E-01
      1915  2.193818E-01
      1916  3.095999E-01
      1917  2.145838E-01
      1918  3.033955E-01
      1919  2.113623E-01
      1920  2.991057E-01
      1921  2.685790E+00
      1922  1.392189E+00
      1923  5.360942E-01
      1924  1.248686E-01
      1925  1.485474E-01
      1926  2.685790E+00
      1927  1.392189E+00
      1928  5.360942E-01
      1929  1.248686E-01
      1930  1.485474E-01
      1931  2.036504E-01
      1932  2.896241E-01
      1933  2.067329E-01
      1934  2.937526E-01
      1935  2.113986E-01
      1936  2.997784E-01
      1937  2.232579E-01
      1938  3.058526E-01
      1939  7.797726E-02
      1940  1.117646E-01
      1941  7.797726E-02
      1942  1.117646E-01
      1943  2.232579E-01
      1944  3.058526E-01
      1945  2.113986E-01
      1946  2.997784E-01
      1947  2.067329E-01
      1948  2.937526E-01
      1949  2.036504E-01
      1950  2.896241E-01
      1951  2.596884E+00
      1952  1.347244E+00
      1953  5.202731E-01
      1954  1.218839E-01
      1955  1.421480E-01
      1956  2.596884E+00
      1957  1.347244E+00
      1958  5.202731E-01
      1959  1.218839E-01
      1960  1.421480E-01
      1961  1.961512E-01
      1962  2.804555E-01
      1963  1.991013E-01
      1964  2.844325E-01
      1965  2.036441E-01
      1966  2.902947E-01
      1967  2.151376E-01
      1968  2.962175E-01
      1969  7.527654E-02
      1970  1.082135E-01
      1971  7.527654E-02
      1972  1.082135E-01
      1973  2.151376E-01
      1974  2.962175E-01
      1975  2.036441E-01
      1976  2.902947E-01
      1977  1.991013E-01
      1978  2.844325E-01
      1979  1.961512E-01
      1980  2.804555E-01
      1981  2.510909E+00
      1982  1.303906E+00
      1983  5.051743E-01
      1984  1.192001E-01
      1985  1.360694E-01
      1986  2.510909E+00
      1987  1.303906E+00
      1988  5.051743E-01
      1989  1.192001E-01
      1990  1.360694E-01
      1991  1.888422E-01
      1992  2.715646E-01
      1993  1.916668E-01
      1994  2.754013E-01
      1995  1.960973E-01
      1996  2.811172E-01
      1997  2.072586E-01
      1998  2.869032E-01
      1999  7.265450E-02
      2000  1.047768E-01
      2001  7.265450E-02
      2002  1.047768E-01
      2003  2.072586E-01
      2004  2.869032E-01
      2005  1.960973E-01
      2006  2.811172E-01
      2007  1.916668E-01
      2008  2.754013E-01
      2009  1.888422E-01
      2010  2.715646E-01
      2011  2.427558E+00
      2012  1.262007E+00
      2013  4.907276E-01
      2014  1.168012E-01
      2015  1.303068E-01
      2016  2.427558E+00
      2017  1.262007E+00
      2018  4.907276E-01
      2019  1.168012E-01
      2020  1.303068E-01
      2021  1.817020E-01
      2022  2.629173E-01
      2023  1.844087E-01
      2024  2.666265E-01
      2025  1.887385E-01
      2026  2.722153E-01
      2027  1.996030E-01
      2028  2.778813E-01
      2029  7.010485E-02
      2030  1.014446E-01
      2031  7.010485E-02
      2032  1.014446E-01
      2033  1.996030E-01
      2034  2.778813E-01
      2035  1.887385E-01
      2036  2.722153E-01
      2037  1.844087E-01
      2038  2.666265E-01
      2039  1.817020E-01
      2040  2.629173E-01
      2041  2.346539E+00
      2042  1.221388E+00
      2043  4.768659E-01
      2044  1.146722E-01
      2045  1.248570E-01
      2046  2.346539E+00
      2047  1.221388E+00
      2048  4.768659E-01
      2049  1.146722E-01
      2050  1.248570E-01
      2051  1.747103E-01
      2052  2.544807E-01
      2053  1.773071E-01
      2054  2.580767E-01
      2055  1.815490E-01
      2056  2.635598E-01
      2057  1.921541E-01
      2058  2.691250E-01
      2059  6.762177E-02
      2060  9.820772E-02
      2061  6.762177E-02
      2062  9.820772E-02
      2063  1.921541E-01
      2064  2.691250E-01
      2065  1.815490E-01
      2066  2.635598E-01
      2067  1.773071E-01
      2068  2.580767E-01
      2069  1.747103E-01
      2070  2.544807E-01
      2071  2.267566E+00
      2072  1.181892E+00
      2073  4.635239E-01
      2074  1.127998E-01
      2075  1.197189E-01
      2076  2.267566E+00
      2077  1.181892E+00
      2078  4.635239E-01
      2079  1.127998E-01
      2080  1.197189E-01
      2081  1.678479E-01
      2082  2.462226E-01
      2083  1.703435E-01
      2084  2.497215E-01
      2085  1.745112E-01
      2086  2.551228E-01
      2087  1.848964E-01
      2088  2.606087E-01
      2089  6.519992E-02
      2090  9.505696E-02
      2091  6.519992E-02
      2092  9.505696E-02
      2093  1.848964E-01
      2094  2.606087E-01
      2095  1.745112E-01
      2096  2.551228E-01
      2097  1.703435E-01
      2098  2.497215E-01
      2099  1.678479E-01
      2100  2.462226E-01
      2101  2.190368E+00
      2102  1.143369E+00
      2103  4.506386E-01
      2104  1.111715E-01
      2105  1.148937E-01
      2106  2.190368E+00
      2107  1.143369E+00
      2108  4.506386E-01
      2109  1.111715E-01
      2110  1.148937E-01
      2111  1.610964E-01
      2112  2.381120E-01
      2113  1.634999E-01
      2114  2.415315E-01
      2115  1.676086E-01
      2116  2.468773E-01
      2117  1.778157E-01
      2118  2.523078E-01
      2119  6.283445E-02
      2120  9.198365E-02
      2121  6.283445E-02
      2122  9.198365E-02
      2123  1.778157E-01
      2124  2.523078E-01
      2125  1.676086E-01
      2126  2.468773E-01
      2127  1.634999E-01
      2128  2.415315E-01
      2129  1.610964E-01
      2130  2.381120E-01
      2131  2.114678E+00
      2132  1.105671E+00
      2133  4.381484E-01
      2134  1.097761E-01
      2135  1.103850E-01
      2136  2.114678E+00
      2137  1.105671E+00
      2138  4.381484E-01
      2139  1.097761E-01
      2140  1.103850E-01
      2141  1.544380E-01
      2142  2.301186E-01
      2143  1.567592E-01
      2144  2.334782E-01
      2145  1.608255E-01
      2146  2.387977E-01
      2147  1.708990E-01
      2148  2.441991E-01
      2149  6.052102E-02
      2150  8.897937E-02
      2151  6.052102E-02
      2152  8.897937E-02
      2153  1.708990E-01
      2154  2.441991E-01
      2155  1.608255E-01
      2156  2.387977E-01
      2157  1.567592E-01
      2158  2.334782E-01
      2159  1.544380E-01
      2160  2.301186E-01
      2161  2.040240E+00
      2162  1.068655E+00
      2163  4.259931E-01
      2164  1.086038E-01
      2165  1.061986E-01
      2166  2.040240E+00
      2167  1.068655E+00
      2168  4.259931E-01
      2169  1.086038E-01
      2170  1.061986E-01
      2171  1.478547E-01
      2172  2.222135E-01
      2173  1.501046E-01
      2174  2.255345E-01
      2175  1.541470E-01
      2176  2.308594E-01
      2177  1.641348E-01
      2178  2.362606E-01
      2179  5.825590E-02
      2180  8.603610E-02
      2181  5.825590E-02
      2182  8.603610E-02
      2183  1.641348E-01
      2184  2.362606E-01
      2185  1.541470E-01
      2186  2.308594E-01
      2187  1.501046E-01
      2188  2.255345E-01
      2189  1.478547E-01
      2190  2.222135E-01
      2191  1.966801E+00
      2192  1.032180E+00
      2193  4.141138E-01
      2194  1.076458E-01
      2195  1.023434E-01
      2196  1.966801E+00
      2197  1.032180E+00
      2198  4.141138E-01
      2199  1.076458E-01
      2200  1.023434E-01
      2201  1.413284E-01
      2202  2.143691E-01
      2203  1.435197E-01
      2204  2.176745E-01
      2205  1.475595E-01
      2206  2.230394E-01
      2207  1.575132E-01
      2208  2.284719E-01
      2209  5.603599E-02
      2210  8.314619E-02
      2211  5.603599E-02
      2212  8.314619E-02
      2213  1.575132E-01
      2214  2.284719E-01
      2215  1.475595E-01
      2216  2.230394E-01
      2217  1.435197E-01
      2218  2.176745E-01
      2219  1.413284E-01
      2220  2.143691E-01
      2221  1.894115E+00
      2222  9.961058E-01
      2223  4.024524E-01
      2224  1.068947E-01
      2225  9.883122E-02
      2226  1.894115E+00
      2227  9.961058E-01
      2228  4.024524E-01
      2229  1.068947E-01
      2230  9.883122E-02
      2231  1.348398E-01
      2232  2.065601E-01
      2233  1.369876E-01
      2234  2.098741E-01
      2235  1.410499E-01
      2236  2.153166E-01
      2237  1.510262E-01
      2238  2.208144E-01
      2239  5.385891E-02
      2240  8.030250E-02
      2241  5.385891E-02
      2242  8.030250E-02
      2243  1.510262E-01
      2244  2.208144E-01
      2245  1.410499E-01
      2246  2.153166E-01
      2247  1.369876E-01
      2248  2.098741E-01
      2249  1.348398E-01
      2250  2.065601E-01
      2251  1.821940E+00
      2252  9.602953E-01
      2253  3.909525E-01
      2254  1.063452E-01
      2255  9.567757E-02
      2256  1.821940E+00
      2257  9.602953E-01
      2258  3.909525E-01
      2259  1.063452E-01
      2260  9.567757E-02
      2261  1.283676E-01
      2262  1.987642E-01
      2263  1.304913E-01
      2264  2.021118E-01
      2265  1.346061E-01
      2266  2.076720E-01
      2267  1.446682E-01
      2268  2.132717E-01
      2269  5.172310E-02
      2270  7.749852E-02
      2271  5.172310E-02
      2272  7.749852E-02
      2273  1.446682E-01
      2274  2.132717E-01
      2275  1.346061E-01
      2276  2.076720E-01
      2277  1.304913E-01
      2278  2.021118E-01
      2279  1.283676E-01
      2280  1.987642E-01
      2281  1.750034E+00
      2282  9.246114E-01
      2283  3.795588E-01
      2284  1.059939E-01
      2285  9.290183E-02
      2286  1.750034E+00
      2287  9.246114E-01
      2288  3.795588E-01
      2289  1.059939E-01
      2290  9.290183E-02
      2291  1.218878E-01
      2292  1.909633E-01
      2293  1.240122E-01
      2294  1.943694E-01
      2295  1.282169E-01
      2296  2.000894E-01
      2297  1.384360E-01
      2298  2.058301E-01
      2299  4.962793E-02
      2300  7.472850E-02
      2301  4.962793E-02
      2302  7.472850E-02
      2303  1.384360E-01
      2304  2.058301E-01
      2305  1.282169E-01
      2306  2.000894E-01
      2307  1.240122E-01
      2308  1.943694E-01
      2309  1.218878E-01
      2310  1.909633E-01
      2311  1.678159E+00
      2312  8.889181E-01
      2313  3.682180E-01
      2314  1.058405E-01
      2315  9.052807E-02
      2316  1.678159E+00
      2317  8.889181E-01
      2318  3.682180E-01
      2319  1.058405E-01
      2320  9.052807E-02
      2321  1.153723E-01
      2322  1.831450E-01
      2323  1.175307E-01
      2324  1.866330E-01
      2325  1.218720E-01
      2326  1.925562E-01
      2327  1.323302E-01
      2328  1.984793E-01
      2329  4.757377E-02
      2330  7.198774E-02
      2331  4.757377E-02
      2332  7.198774E-02
      2333  1.323302E-01
      2334  1.984793E-01
      2335  1.218720E-01
      2336  1.925562E-01
      2337  1.175307E-01
      2338  1.866330E-01
      2339  1.153723E-01
      2340  1.831450E-01
      2341  1.606072E+00
      2342  8.530795E-01
      2343  3.568794E-01
      2344  1.058884E-01
      2345  8.858586E-02
      2346  1.606072E+00
      2347  8.530795E-01
      2348  3.568794E-01
      2349  1.058884E-01
      2350  8.858586E-02
      2351  1.087884E-01
      2352  1.753047E-01
      2353  1.110253E-01
      2354  1.788942E-01
      2355  1.155626E-01
      2356  1.850639E-01
      2357  1.263554E-01
      2358  1.912128E-01
      2359  4.556213E-02
      2360  6.927272E-02
      2361  4.556213E-02
      2362  6.927272E-02
      2363  1.263554E-01
      2364  1.912128E-01
      2365  1.155626E-01
      2366  1.850639E-01
      2367  1.110253E-01
      2368  1.788942E-01
      2369  1.087884E-01
      2370  1.753047E-01
      2371  1.533528E+00
      2372  8.169601E-01
      2373  3.454963E-01
      2374  1.061464E-01
      2375  8.711120E-02
      2376  1.533528E+00
      2377  8.169601E-01
      2378  3.454963E-01
      2379  1.061464E-01
      2380  8.711120E-02
      2381  1.020977E-01
      2382  1.674482E-01
      2383  1.044726E-01
      2384  1.711521E-01
      2385  1.092818E-01
      2386  1.776091E-01
      2387  1.205216E-01
      2388  1.840284E-01
      2389  4.359573E-02
      2390  6.658135E-02
      2391  4.359573E-02
      2392  6.658135E-02
      2393  1.205216E-01
      2394  1.840284E-01
      2395  1.092818E-01
      2396  1.776091E-01
      2397  1.044726E-01
      2398  1.711521E-01
      2399  1.020977E-01
      2400  1.674482E-01
      2401  1.460278E+00
      2402  7.804249E-01
      2403  3.340272E-01
      2404  1.066298E-01
      2405  8.614771E-02
      2406  1.460278E+00
      2407  7.804249E-01
      2408  3.340272E-01
      2409  1.066298E-01
      2410  8.614771E-02
      2411  9.525620E-02
      2412  1.595940E-01
      2413  9.784859E-02
      2414  1.634140E-01
      2415  1.030254E-01
      2416  1.701935E-01
      2417  1.148454E-01
      2418  1.769287E-01
      2419  4.167851E-02
      2420  6.391305E-02
      2421  4.167851E-02
      2422  6.391305E-02
      2423  1.148454E-01
      2424  1.769287E-01
      2425  1.030254E-01
      2426  1.701935E-01
      2427  9.784859E-02
      2428  1.634140E-01
      2429  9.525620E-02
      2430  1.595940E-01
      2431  1.386058E+00
      2432  7.433397E-01
      2433  3.224383E-01
      2434  1.073633E-01
      2435  8.574794E-02
      2436  1.386058E+00
      2437  7.433397E-01
      2438  3.224383E-01
      2439  1.073633E-01
      2440  8.574794E-02
      2441  8.821613E-02
      2442  1.517767E-01
      2443  9.112988E-02
      2444  1.556975E-01
      2445  9.679396E-02
      2446  1.628244E-01
      2447  1.093514E-01
      2448  1.699203E-01
      2449  3.981562E-02
      2450  6.126865E-02
      2451  3.981562E-02
      2452  6.126865E-02
      2453  1.093514E-01
      2454  1.699203E-01
      2455  9.679396E-02
      2456  1.628244E-01
      2457  9.112988E-02
      2458  1.556975E-01
      2459  8.821613E-02
      2460  1.517767E-01
      2461  1.310597E+00
      2462  7.055730E-01
      2463  3.107066E-01
      2464  1.083832E-01
      2465  8.597478E-02
      2466  1.310597E+00
      2467  7.055730E-01
      2468  3.107066E-01
      2469  1.083832E-01
      2470  8.597478E-02
      2471  8.093014E-02
      2472  1.440505E-01
      2473  8.429863E-02
      2474  1.480311E-01
      2475  9.059618E-02
      2476  1.555136E-01
      2477  1.040746E-01
      2478  1.630128E-01
      2479  3.801325E-02
      2480  5.864983E-02
      2481  3.801325E-02
      2482  5.864983E-02
      2483  1.040746E-01
      2484  1.630128E-01
      2485  9.059618E-02
      2486  1.555136E-01
      2487  8.429863E-02
      2488  1.480311E-01
      2489  8.093014E-02
      2490  1.440505E-01
      2491  1.233602E+00
      2492  6.669982E-01
      2493  2.988246E-01
      2494  1.097406E-01
      2495  8.690271E-02
      2496  1.233602E+00
      2497  6.669982E-01
      2498  2.988246E-01
      2499  1.097406E-01
      2500  8.690271E-02
      2501  7.336056E-02
      2502  1.364927E-01
      2503  7.735052E-02
      2504  1.404563E-01
      2505  8.445407E-02
      2506  1.482763E-01
      2507  9.906287E-02
      2508  1.562154E-01
      2509  3.627823E-02
      2510  5.605805E-02
      2511  3.627823E-02
      2512  5.605805E-02
      2513  9.906287E-02
      2514  1.562154E-01
      2515  8.445407E-02
      2516  1.482763E-01
      2517  7.735052E-02
      2518  1.404563E-01
      2519  7.336056E-02
      2520  1.364927E-01
      2521  1.154766E+00
      2522  6.274988E-01
      2523  2.868058E-01
      2524  1.115055E-01
      2525  8.861848E-02
      2526  1.154766E+00
      2527  6.274988E-01
      2528  2.868058E-01
      2529  1.115055E-01
      2530  8.861848E-02
      2531  6.549668E-02
      2532  1.292088E-01
      2533  7.030964E-02
      2534  1.330282E-01
      2535  7.841259E-02
      2536  1.411278E-01
      2537  9.438101E-02
      2538  1.495329E-01
      2539  3.461748E-02
      2540  5.349255E-02
      2541  3.461748E-02
      2542  5.349255E-02
      2543  9.438101E-02
      2544  1.495329E-01
      2545  7.841259E-02
      2546  1.411278E-01
      2547  7.030964E-02
      2548  1.330282E-01
      2549  6.549668E-02
      2550  1.292088E-01
      2551  1.073763E+00
      2552  5.869760E-01
      2553  2.746933E-01
      2554  1.137706E-01
      2555  9.122072E-02
      2556  1.073763E+00
      2557  5.869760E-01
      2558  2.746933E-01
      2559  1.137706E-01
      2560  9.122072E-02
      2561  5.738453E-02
      2562  1.223393E-01
      2563  6.325349E-02
      2564  1.258189E-01
      2565  7.255531E-02
      2566  1.340816E-01
      2567  9.011738E-02
      2568  1.429584E-01
      2569  3.303707E-02
      2570  5.094755E-02
      2571  3.303707E-02
      2572  5.094755E-02
      2573  9.011738E-02
      2574  1.429584E-01
      2575  7.255531E-02
      2576  1.340816E-01
      2577  6.325349E-02
      2578  1.258189E-01
      2579  5.738453E-02
      2580  1.223393E-01
      2581  9.902518E-01
      2582  5.453617E-01
      2583  2.625710E-01
      2584  1.166545E-01
      2585  9.481747E-02
      2586  9.902518E-01
      2587  5.453617E-01
      2588  2.625710E-01
      2589  1.166545E-01
      2590  9.481747E-02
      2591  4.917537E-02
      2592  1.160707E-01
      2593  5.635356E-02
      2594  1.189242E-01
      2595  6.703022E-02
      2596  1.271478E-01
      2597  8.639631E-02
      2598  1.364675E-01
      2599  3.154110E-02
      2600  4.840918E-02
      2601  3.154110E-02
      2602  4.840918E-02
      2603  8.639631E-02
      2604  1.364675E-01
      2605  6.703022E-02
      2606  1.271478E-01
      2607  5.635356E-02
      2608  1.189242E-01
      2609  4.917537E-02
      2610  1.160707E-01
      2611  9.038890E-01
      2612  5.026382E-01
      2613  2.505770E-01
      2614  1.203048E-01
      2615  9.952078E-02
      2616  9.038890E-01
      2617  5.026382E-01
      2618  2.505770E-01
      2619  1.203048E-01
      2620  9.952078E-02
      2621  4.119988E-02
      2622  1.106538E-01
      2623  4.993782E-02
      2624  1.124798E-01
      2625  6.209087E-02
      2626  1.203402E-01
      2627  8.340177E-02
      2628  1.300158E-01
      2629  3.013050E-02
      2630  4.585411E-02
      2631  3.013050E-02
      2632  4.585411E-02
      2633  8.340177E-02
      2634  1.300158E-01
      2635  6.209087E-02
      2636  1.203402E-01
      2637  4.993782E-02
      2638  1.124798E-01
      2639  4.119988E-02
      2640  1.106538E-01
      2641  8.143562E-01
      2642  4.588665E-01
      2643  2.389192E-01
      2644  1.248968E-01
      2645  1.054378E-01
      2646  8.143562E-01
      2647  4.588665E-01
      2648  2.389192E-01
      2649  1.248968E-01
      2650  1.054378E-01
      2651  3.407356E-02
      2652  1.064335E-01
      2653  4.458089E-02
      2654  1.066923E-01
      2655  5.815975E-02
      2656  1.136982E-01
      2657  8.142305E-02
      2658  1.235524E-01
      2659  2.880255E-02
      2660  4.325483E-02
      2661  2.880255E-02
      2662  4.325483E-02
      2663  8.142305E-02
      2664  1.235524E-01
      2665  5.815975E-02
      2666  1.136982E-01
      2667  4.458089E-02
      2668  1.066923E-01
      2669  3.407356E-02
      2670  1.064335E-01
      2671  7.214120E-01
      2672  4.142251E-01
      2673  2.278878E-01
      2674  1.306262E-01
      2675  1.126594E-01
      2676  7.214120E-01
      2677  4.142251E-01
      2678  2.278878E-01
      2679  1.306262E-01
      2680  1.126594E-01
      2681  2.882981E-02
      2682  1.038913E-01
      2683  4.122255E-02
      2684  1.018972E-01
      2685  5.592130E-02
      2686  1.073444E-01
      2687  8.094111E-02
      2688  1.170711E-01
      2689  2.755268E-02
      2690  4.060219E-02
      2691  2.755268E-02
      2692  4.060219E-02
      2693  8.094111E-02
      2694  1.170711E-01
      2695  5.592130E-02
      2696  1.073444E-01
      2697  4.122255E-02
      2698  1.018972E-01
      2699  2.882981E-02
      2700  1.038913E-01
      2701  6.249928E-01
      2702  3.690541E-01
      2703  2.178526E-01
      2704  1.376914E-01
      2705  1.212541E-01
      2706  6.249928E-01
      2707  3.690541E-01
      2708  2.178526E-01
      2709  1.376914E-01
      2710  1.212541E-01
      2711  2.705269E-02
      2712  1.036948E-01
      2713  4.129802E-02
      2714  9.865104E-02
      2715  5.644916E-02
      2716  1.016007E-01
      2717  8.278749E-02
      2718  1.107390E-01
      2719  2.638206E-02
      2720  3.796578E-02
      2721  2.638206E-02
      2722  3.796578E-02
      2723  8.278749E-02
      2724  1.107390E-01
      2725  5.644916E-02
      2726  1.016007E-01
      2727  4.129802E-02
      2728  9.865104E-02
      2729  2.705269E-02
      2730  1.036948E-01
      2731  5.253995E-01
      2732  3.238916E-01
      2733  2.092176E-01
      2734  1.462548E-01
      2735  1.312829E-01
      2736  5.253995E-01
      2737  3.238916E-01
      2738  2.092176E-01
      2739  1.462548E-01
      2740  1.312829E-01
      2741  3.092484E-02
      2742  1.067241E-01
      2743  4.682252E-02
      2744  9.785605E-02
      2745  6.136014E-02
      2746  9.720160E-02
      2747  8.842766E-02
      2748  1.051729E-01
      2749  2.531784E-02
      2750  3.563059E-02
      2751  2.531784E-02
      2752  3.563059E-02
      2753  8.842766E-02
      2754  1.051729E-01
      2755  6.136014E-02
      2756  9.720160E-02
      2757  4.682252E-02
      2758  9.785605E-02
      2759  3.092484E-02
      2760  1.067241E-01
      2761  4.236248E-01
      2762  2.794613E-01
      2763  2.022788E-01
      2764  1.563718E-01
      2765  1.428787E-01
      2766  4.236248E-01
      2767  2.794613E-01
      2768  2.022788E-01
      2769  1.563718E-01
      2770  1.428787E-01
      2771  4.299849E-02
      2772  1.139941E-01
      2773  6.028782E-02
      2774  1.008724E-01
      2775  7.295336E-02
      2776  9.563063E-02
      2777  1.004523E-01
      2778  1.019695E-01
      2779  2.445848E-02
      2780  3.437695E-02
      2781  2.445848E-02
      2782  3.437695E-02
      2783  1.004523E-01
      2784  1.019695E-01
      2785  7.295336E-02
      2786  9.563063E-02
      2787  6.028782E-02
      2788  1.008724E-01
      2789  4.299849E-02
      2790  1.139941E-01
      2791  3.218762E-01
      2792  2.365244E-01
      2793  1.968889E-01
      2794  1.678642E-01
      2795  1.564668E-01
      2796  3.218762E-01
      2797  2.365244E-01
      2798  1.968889E-01
      2799  1.678642E-01
      2800  1.564668E-01
      2801  6.535480E-02
      2802  1.263234E-01
      2803  8.408516E-02
      2804  1.094800E-01
      2805  9.421343E-02
      2806  9.955537E-02
      2807  1.234019E-01
      2808  1.046361E-01
      2809  2.406716E-02
      2810  3.602591E-02
      2811  2.406716E-02
      2812  3.602591E-02
      2813  1.234019E-01
      2814  1.046361E-01
      2815  9.421343E-02
      2816  9.955537E-02
      2817  8.408516E-02
      2818  1.094800E-01
      2819  6.535480E-02
      2820  1.263234E-01
      2821  2.242555E-01
      2822  1.954616E-01
      2823  1.918039E-01
      2824  1.801113E-01
      2825  1.732409E-01
      2826  2.242555E-01
      2827  1.954616E-01
      2828  1.918039E-01
      2829  1.801113E-01
      2830  1.732409E-01
      2831  9.772494E-02
      2832  1.435288E-01
      2833  1.190077E-01
      2834  1.253575E-01
      2835  1.283566E-01
      2836  1.131277E-01
      2837  1.650875E-01
      2838  1.200682E-01
      2839  2.473765E-02
      2840  4.444975E-02
      2841  2.473765E-02
      2842  4.444975E-02
      2843  1.650875E-01
      2844  1.200682E-01
      2845  1.283566E-01
      2846  1.131277E-01
      2847  1.190077E-01
      2848  1.253575E-01
      2849  9.772494E-02
      2850  1.435288E-01
      2851  1.372277E-01
      2852  1.555168E-01
      2853  1.837240E-01
      2854  1.916835E-01
      2855  1.961776E-01
      2856  1.372277E-01
      2857  1.555168E-01
      2858  1.837240E-01
      2859  1.916835E-01
      2860  1.961776E-01
      2861  1.348892E-01
      2862  1.631909E-01
      2863  1.615176E-01
      2864  1.486084E-01
      2865  1.773568E-01
      2866  1.414844E-01
      2867  2.384718E-01
      2868  1.606008E-01
      2869  2.768939E-02
      2870  6.749938E-02
      2871  2.768939E-02
      2872  6.749938E-02
      2873  2.384718E-01
      2874  1.606008E-01
      2875  1.773568E-01
      2876  1.414844E-01
      2877  1.615176E-01
      2878  1.486084E-01
      2879  1.348892E-01
      2880  1.631909E-01
      2881  6.880340E-02
      2882  1.143779E-01
      2883  1.663667E-01
      2884  2.001450E-01
      2885  2.312821E-01
      2886  6.880340E-02
      2887  1.143779E-01
      2888  1.663667E-01
      2889  2.001450E-01
      2890  2.312821E-01
      2891  1.639154E-01
      2892  1.796462E-01
      2893  2.005305E-01
      2894  1.751979E-01
      2895  2.377760E-01
      2896  1.877807E-01
      2897  3.636102E-01
      2898  2.461079E-01
      2899  3.500280E-02
      2900  1.201921E-01
      2901  3.500280E-02
      2902  1.201921E-01
      2903  3.636102E-01
      2904  2.461079E-01
      2905  2.377760E-01
      2906  1.877807E-01
      2907  2.005305E-01
      2908  1.751979E-01
      2909  1.639154E-01
      2910  1.796462E-01
      2911  2.502070E-02
      2912  7.039742E-02
      2913  1.321171E-01
      2914  1.994634E-01
      2915  2.927583E-01
      2916  2.502070E-02
      2917  7.039742E-02
      2918  1.321171E-01
      2919  1.994634E-01
      2920  2.927583E-01
      2921  1.713266E-01
      2922  1.854846E-01
      2923  2.187323E-01
      2924  1.959138E-01
      2925  2.952311E-01
      2926  2.479026E-01
      2927  5.658727E-01
      2928  4.055490E-01
      2929  4.956337E-02
      2930  2.314344E-01
      2931  4.956337E-02
      2932  2.314344E-01
      2933  5.658727E-01
      2934  4.055490E-01
      2935  2.952311E-01
      2936  2.479026E-01
      2937  2.187323E-01
      2938  1.959138E-01
      2939  1.713266E-01
      2940  1.854846E-01
      2941  4.894884E-03
      2942  2.917923E-02
      2943  8.032094E-02
      2944  1.744117E-01
      2945  4.059760E-01
      2946  4.894884E-03
      2947  2.917923E-02
      2948  8.032094E-02
      2949  1.744117E-01
      2950  4.059760E-01
      2951  1.584312E-01
      2952  1.782287E-01
      2953  2.073858E-01
      2954  2.077481E-01
      2955  3.310016E-01
      2956  3.040836E-01
      2957  8.739657E-01
      2958  6.737123E-01
      2959  8.122842E-02
      2960  4.504642E-01
      2961  8.122842E-02
      2962  4.504642E-01
      2963  8.739657E-01
      2964  6.737123E-01
      2965  3.310016E-01
      2966  3.040836E-01
      2967  2.073858E-01
      2968  2.077481E-01
      2969  1.584312E-01
      2970  1.782287E-01
      2971  1.556703E-04
      2972  4.213202E-03
      2973  2.515855E-02
      2974  1.109220E-01
      2975  4.158062E-01
      2976  1.556703E-04
      2977  4.213202E-03
      2978  2.515855E-02
      2979  1.109220E-01
      2980  4.158062E-01
      2981  8.581211E-02
      2982  1.939311E-01
      2983  1.459102E-01
      2984  1.968125E-01
      2985  2.927113E-01
      2986  4.239584E-01
      2987  1.213475E+00
      2988  1.178662E+00
      2989  1.259290E-01
      2990  9.440101E-01
      2991  1.259290E-01
      2992  9.440101E-01
      2993  1.213475E+00
      2994  1.178662E+00
      2995  2.927113E-01
      2996  4.239584E-01
      2997  1.459102E-01
      2998  1.968125E-01
      2999  8.581211E-02
      3000  1.939311E-01
