
                        S T E P       1


                                INCREMENT     1


 displacements (vx,vy,vz) for set NALL and time  0.1000000E+01

         1  0.000000E+00 -6.617445E-25 -6.617445E-25
         2  0.000000E+00  1.323489E-24 -6.617445E-25
         3  0.000000E+00  0.000000E+00  1.396281E-22
         4  0.000000E+00  0.000000E+00  3.126743E-22
         5  2.907315E-03 -2.976645E-05 -3.226394E-03
         6  2.901806E-03  3.922072E-05  3.228995E-03
         7 -2.845236E-03  3.780848E-05 -3.225477E-03
         8 -2.849887E-03 -2.104324E-05  3.227039E-03
         9  3.720761E-03  2.550335E-07 -4.490139E-03
        10  3.720991E-03  1.756636E-05  4.446681E-03
        11 -3.635554E-03  1.784743E-05 -4.489829E-03
        12 -3.635866E-03  2.367342E-06  4.447249E-03
        13  4.135500E-03  6.188886E-06 -4.951625E-03
        14  4.135532E-03  6.817401E-06  4.871474E-03
        15 -4.048321E-03  8.176122E-06 -4.952568E-03
        16 -4.048092E-03  6.270003E-06  4.872556E-03
        17  4.565359E-03  4.546367E-06 -5.471414E-03
        18  4.565471E-03  1.190186E-05  5.414578E-03
        19 -4.513764E-03 -3.694067E-07 -5.471558E-03
        20 -4.513499E-03  1.301617E-06  5.415250E-03
        21  5.000000E-03  0.000000E+00 -6.000000E-03
        22  5.000000E-03  4.235165E-23  6.000000E-03
        23 -5.000000E-03  0.000000E+00 -6.000000E-03
        24 -5.000000E-03  0.000000E+00  6.000000E-03
        25  8.622640E-05 -7.296849E-06 -1.410920E-04
        26  4.480896E-04 -2.680895E-05 -6.179696E-04
        27  1.083800E-03 -4.657563E-05 -1.335632E-03
        28  1.788670E-03 -5.403514E-05 -2.041755E-03
        29  2.397729E-03 -5.018075E-05 -2.579761E-03
        30  2.798288E-03 -4.234961E-05 -2.915606E-03
        31  2.930624E-03 -3.613346E-05 -3.115578E-03
        32  6.898328E-05 -1.210153E-06  4.496522E-05
        33  3.367281E-04 -7.708045E-06  2.096037E-04
        34  8.076790E-04 -1.567544E-05  5.432650E-04
        35  1.370898E-03 -1.991505E-05  1.060396E-03
        36  1.935233E-03 -1.335980E-05  1.713012E-03
        37  2.429608E-03  4.615474E-06  2.389094E-03
        38  2.789390E-03  2.700903E-05  2.932791E-03
        39 -1.478211E-04 -1.598916E-06 -2.952541E-05
        40 -5.462482E-04 -6.830192E-06 -1.791190E-04
        41 -1.088270E-03 -1.533329E-05 -5.244218E-04
        42 -1.660795E-03 -1.972274E-05 -1.057330E-03
        43 -2.171735E-03 -1.306741E-05 -1.725559E-03
        44 -2.549098E-03  5.036224E-06 -2.410776E-03
        45 -2.735584E-03  2.772838E-05 -2.956912E-03
        46 -1.365045E-04 -3.582462E-06  9.414821E-05
        47 -5.832988E-04 -1.972455E-05  4.821499E-04
        48 -1.281589E-03 -3.796331E-05  1.162021E-03
        49 -2.042252E-03 -4.545070E-05  1.911272E-03
        50 -2.691255E-03 -4.017015E-05  2.553185E-03
        51 -3.087258E-03 -2.958330E-05  2.987537E-03
        52 -3.134047E-03 -2.201699E-05  3.188337E-03
        53  3.845154E-03 -3.632607E-05 -3.841728E-03
        54  2.530083E-03  9.480180E-06  3.924430E-03
        55 -2.680856E-03  8.407549E-06 -3.871156E-03
        56 -3.387618E-03 -2.303118E-05  3.737575E-03
        57  4.596431E-03 -2.834916E-06 -4.792457E-03
        58  3.389834E-03  4.152356E-06  4.728032E-03
        59 -3.318039E-03  6.154245E-06 -4.791158E-03
        60 -4.519520E-03 -1.599569E-06  4.725846E-03
        61  4.688324E-03  2.403802E-06 -5.047565E-03
        62  5.056917E-03 -7.017871E-07 -5.241068E-03
        63  4.992322E-03  3.005312E-06 -5.412706E-03
        64  3.807862E-03  4.731421E-06  4.930920E-03
        65  3.834684E-03  1.372909E-06  5.086424E-03
        66  4.114007E-03  4.152550E-06  5.299978E-03
        67 -3.617116E-03  1.918574E-06 -5.097918E-03
        68 -3.486018E-03 -1.719823E-06 -5.314325E-03
        69 -3.870176E-03  1.438808E-06 -5.439695E-03
        70 -4.564037E-03  4.597336E-07  5.013901E-03
        71 -4.903030E-03 -3.532285E-06  5.217194E-03
        72 -4.859109E-03 -1.455276E-06  5.345814E-03
        73  5.020864E-03  6.507862E-08 -5.579162E-03
        74  5.274132E-03 -3.328161E-06 -5.858117E-03
        75  5.299413E-03  2.178531E-06 -6.043420E-03
        76  4.095368E-03  9.728901E-06  5.559078E-03
        77  4.004447E-03  1.594519E-06  5.920909E-03
        78  4.423341E-03  5.923030E-06  6.144008E-03
        79 -4.213832E-03 -6.805154E-06 -5.556209E-03
        80 -4.220800E-03 -8.447035E-06 -5.713952E-03
        81 -4.485232E-03 -5.817581E-06 -5.861746E-03
        82 -5.208905E-03 -5.361430E-06  5.543666E-03
        83 -5.701038E-03 -8.983362E-06  5.677967E-03
        84 -5.547098E-03 -9.219287E-06  5.780823E-03
        85  2.048619E-06  1.426016E-08  1.424101E-06
        86 -1.622085E-06  2.124767E-09 -1.122174E-06
        87  1.030346E-06 -1.481508E-09  1.113239E-06
        88 -1.557470E-06  9.376871E-09 -1.684853E-06
        89  2.906801E-03 -5.637200E-05 -2.393616E-03
        90  2.906024E-03 -7.265884E-05 -1.574910E-03
        91  2.905949E-03 -7.885727E-05 -7.671173E-04
        92  2.906003E-03 -7.547712E-05  3.341517E-05
        93  2.905931E-03 -6.247739E-05  8.301279E-04
        94  2.905347E-03 -3.949277E-05  1.626295E-03
        95  2.904161E-03 -5.854123E-06  2.425029E-03
        96 -2.845711E-03  3.724915E-05 -2.407843E-03
        97 -2.845920E-03  4.549414E-05 -1.599129E-03
        98 -2.846277E-03  5.723679E-05 -7.965389E-04
        99 -2.846370E-03  6.678726E-05  2.973604E-06
       100 -2.846376E-03  6.880934E-05  8.022880E-04
       101 -2.846646E-03  5.813632E-05  1.604232E-03
       102 -2.847856E-03  2.962191E-05  2.411639E-03
       103  2.201101E-03 -1.932602E-05 -3.226291E-03
       104  1.481585E-03 -1.275515E-05 -3.226674E-03
       105  7.531698E-04 -8.365311E-06 -3.226726E-03
       106  2.074448E-05 -4.343971E-06 -3.226753E-03
       107 -7.106095E-04  8.744165E-07 -3.226673E-03
       108 -1.435623E-03  8.734608E-06 -3.226476E-03
       109 -2.148849E-03  2.066225E-05 -3.225880E-03
       110  2.217308E-03  1.252243E-05  3.227559E-03
       111  1.505806E-03 -5.581329E-06  3.226989E-03
       112  7.755155E-04 -1.679452E-05  3.226739E-03
       113  3.547568E-05 -2.283471E-05  3.226752E-03
       114 -7.054534E-04 -2.520388E-05  3.226830E-03
       115 -1.438683E-03 -2.512954E-05  3.226907E-03
       116 -2.155921E-03 -2.350445E-05  3.226838E-03
       117  3.721928E-03  3.976910E-06 -1.522419E-05
       118 -3.635253E-03  1.347274E-05 -2.880017E-05
       119  3.447445E-05  5.180295E-06 -4.489727E-03
       120  4.532437E-05  1.515183E-05  4.446788E-03
       121  4.564869E-03  5.030909E-06 -2.763072E-03
       122  4.565021E-03  4.809137E-06 -1.703849E-05
       123  4.564652E-03  7.776542E-06  2.722624E-03
       124 -4.514786E-03  1.879997E-06 -2.735737E-03
       125 -4.514211E-03 -7.864350E-06  3.529798E-05
       126 -4.514225E-03 -9.834445E-06  2.773231E-03
       127  2.314184E-03  3.170543E-07 -5.471480E-03
       128  3.623958E-05 -3.437042E-06 -5.471241E-03
       129 -2.247999E-03 -2.158417E-06 -5.470886E-03
       130  2.306184E-03  1.023941E-05  5.415293E-03
       131 -6.713147E-06  8.384599E-06  5.414988E-03
       132 -2.303324E-03  7.226659E-06  5.414976E-03
       133  3.154346E-05  1.170713E-04 -8.948592E-04
       134  6.911774E-04  5.973662E-04 -3.995615E-03
       135  1.821486E-03  1.246503E-03 -7.844016E-03
       136  2.161745E-03  1.572404E-03 -9.639338E-03
       137  1.268727E-03  1.314219E-03 -8.485652E-03
       138 -4.717370E-04  6.190434E-04 -5.496598E-03
       139 -1.935167E-03  1.164205E-04 -3.493210E-03
       140  2.837120E-04 -1.527037E-04 -1.123963E-03
       141  1.147252E-03 -6.597450E-04 -4.393104E-03
       142  2.158288E-03 -1.273749E-03 -8.037491E-03
       143  2.560842E-03 -1.556964E-03 -9.608435E-03
       144  2.184184E-03 -1.286165E-03 -8.394262E-03
       145  1.589683E-03 -6.140286E-04 -5.506442E-03
       146  1.875651E-03 -1.222658E-04 -3.546348E-03
       147 -3.628598E-04 -1.438988E-04  1.067675E-03
       148 -1.563954E-03 -6.523910E-04  4.334696E-03
       149 -3.029058E-03 -1.293935E-03  8.133611E-03
       150 -3.766464E-03 -1.609349E-03  9.868184E-03
       151 -3.464778E-03 -1.354193E-03  8.723401E-03
       152 -2.616822E-03 -6.663206E-04  5.763232E-03
       153 -2.369312E-03 -1.415306E-04  3.656933E-03
       154  5.279276E-05  1.299433E-04  9.802758E-04
       155 -4.156899E-04  6.151983E-04  4.118226E-03
       156 -1.196150E-03  1.239754E-03  7.828250E-03
       157 -1.235435E-03  1.538178E-03  9.483244E-03
       158 -2.586866E-04  1.272755E-03  8.298561E-03
       159  1.290787E-03  5.960466E-04  5.394107E-03
       160  2.351668E-03  1.100361E-04  3.461799E-03
       161 -6.239729E-04  1.946825E-04  1.224566E-04
       162 -3.604605E-03  1.050878E-03  6.774474E-04
       163 -7.667539E-03  2.153474E-03  1.632449E-03
       164 -9.012700E-03  2.503902E-03  2.345023E-03
       165 -6.283007E-03  1.889621E-03  2.511261E-03
       166 -1.038017E-03  7.893407E-04  2.337501E-03
       167  2.428309E-03  1.138756E-04  2.537101E-03
       168 -5.022995E-04 -1.571720E-04  1.755737E-05
       169 -3.169326E-03 -9.263640E-04  5.991843E-04
       170 -7.041256E-03 -1.977485E-03  1.523450E-03
       171 -8.625965E-03 -2.387913E-03  1.690529E-03
       172 -6.502617E-03 -1.913257E-03  7.002092E-04
       173 -1.793908E-03 -9.272700E-04 -1.063453E-03
       174  1.877003E-03 -2.097733E-04 -2.462143E-03
       175  5.301702E-04 -1.658486E-04 -1.026930E-04
       176  3.347916E-03 -9.768397E-04 -4.814874E-04
       177  7.309402E-03 -2.052027E-03 -9.307307E-04
       178  8.630195E-03 -2.396355E-03 -8.455740E-04
       179  5.956953E-03 -1.794972E-03  5.904611E-06
       180  8.314168E-04 -7.201447E-04  1.371462E-03
       181 -2.480911E-03 -7.479876E-05  2.500756E-03
       182  5.283397E-04  1.648698E-04  1.624415E-05
       183  3.233789E-03  9.452786E-04 -7.080827E-04
       184  7.088094E-03  1.992177E-03 -2.158609E-03
       185  8.567259E-03  2.376719E-03 -3.154167E-03
       186  6.283286E-03  1.865474E-03 -3.197166E-03
       187  1.471129E-03  8.581954E-04 -2.623469E-03
       188 -2.055636E-03  1.690646E-04 -2.550460E-03
       189  2.131996E-03  4.531743E-05 -3.937068E-03
       190  1.056243E-03  2.070378E-04 -5.001446E-03
       191 -9.694627E-04  1.523603E-04 -4.906235E-03
       192 -1.748810E-03 -9.656906E-05 -4.296577E-03
       193 -7.386665E-04 -2.418377E-04 -5.261415E-03
       194  1.049534E-03 -1.128141E-04 -4.833609E-03
       195  1.470977E-03 -6.739088E-05  4.120988E-03
       196  2.967399E-04 -2.205080E-04  5.128891E-03
       197 -1.259685E-03 -1.342752E-04  4.877151E-03
       198 -1.325644E-03  4.069395E-05  3.858234E-03
       199 -1.757089E-04  2.040806E-04  4.938743E-03
       200  1.336138E-03  1.544464E-04  4.872514E-03
       201  1.715271E-03  3.390525E-04 -1.209212E-03
       202  1.310834E-03  4.716099E-04  6.520396E-04
       203  2.949112E-03  1.389860E-04  2.475447E-03
       204  1.953248E-03 -2.653903E-04  1.606203E-03
       205  1.731317E-03 -3.543547E-04 -2.772359E-04
       206  2.946551E-03 -1.180617E-04 -2.433065E-03
       207 -1.956784E-03 -2.461911E-04 -1.602202E-03
       208 -1.690872E-03 -3.461679E-04  1.557216E-04
       209 -2.930039E-03 -1.034189E-04  2.276409E-03
       210 -1.894721E-03  2.832665E-04  1.302895E-03
       211 -1.745832E-03  3.530640E-04 -4.773725E-04
       212 -2.926035E-03  1.234670E-04 -2.381487E-03
       213  5.988429E-04 -7.787226E-06 -5.227249E-03
       214 -5.047187E-04  1.461967E-05 -5.242541E-03
       215  5.312721E-04  1.275934E-05  5.121233E-03
       216 -4.338509E-04  6.761509E-06  5.168074E-03
       217  4.369312E-03  1.018378E-05  7.583558E-04
       218  4.350405E-03 -8.862783E-07 -8.350070E-04
       219 -4.242860E-03  1.152186E-05  7.516631E-04
       220 -4.236649E-03 -3.124195E-06 -7.906164E-04
       221  6.377032E-04 -1.922842E-05 -5.673441E-03
       222 -6.745458E-04 -3.896309E-06 -5.803956E-03
       223  6.061744E-04  4.119173E-05  5.561353E-03
       224 -6.400831E-04  2.631633E-05  5.886080E-03
       225  4.842563E-03 -4.227688E-06  9.159015E-04
       226  4.725873E-03 -1.263959E-05 -9.300578E-04
       227 -4.765531E-03  1.752628E-05  7.073536E-04
       228 -4.795083E-03 -2.504802E-05 -6.194723E-04

 forces (fx,fy,fz) for set RIGHT and time  0.1000000E+01

        21  1.610532E+03 -2.860105E+02 -2.857151E+03
        22  1.258565E+03  1.234309E+02  2.625025E+03
        23 -1.887910E+03  8.335527E+02  3.512260E+02
        24 -1.017467E+03 -1.437182E+03 -1.374188E+02

 internal energy (element, energy) for set ALL and time  0.1000000E+01

         1  1.042815E-02
         2  1.072600E-02
         3  4.261435E-03
         4  3.975164E-03
         5  4.933501E-03
         6  4.913526E-03
         7  5.346949E-03
         8  1.381169E-02
         9  5.122163E-03
        10  7.769865E-03
        11  6.090599E-03
        12  5.023095E-03
        13  4.252789E-03
        14  4.688274E-03
        15  8.042222E-03
        16  1.330505E-02
        17  6.198368E-03
        18  8.164659E-03
        19  6.506082E-03
        20  5.667972E-03
        21  5.243206E-03
        22  6.062704E-03
        23  1.068372E-02
        24  1.473798E-02
        25  8.985437E-03
        26  1.151702E-02
        27  5.242630E-03
        28  3.975670E-03
        29  4.931756E-03
        30  6.440659E-03
        31  7.281045E-03
        32  5.803861E-03
        33  2.269379E-02
        34  2.680437E-02
        35  1.286919E-02
        36  6.296990E-03
        37  1.509641E-02
        38  2.067075E-02
        39  1.797709E-02
        40  1.022562E-02
        41  1.859760E-03
        42  1.488625E-03
        43  1.674783E-03
        44  1.125272E-03
        45  6.193892E-04
        46  1.012734E-03
        47  1.140223E-03
        48  7.721849E-04
        49  2.510041E-04
        50  5.757899E-05
        51  2.491315E-04
        52  2.990707E-03
        53  7.472839E-04
        54  2.081334E-04
        55  6.252762E-04
        56  1.171250E-02
        57  4.230264E-04
        58  1.033855E-04
        59  6.739738E-04
        60  1.319758E-02
        61  4.499098E-04
        62  1.009711E-04
        63  5.682710E-05
        64  1.568149E-04
        65  3.014515E-03
        66  8.987204E-04
        67  2.391993E-03
        68  3.829254E-03
        69  1.806431E-02
        70  2.739995E-03
        71  1.682644E-03
        72  4.513911E-03
        73  1.327359E-02
        74  1.505865E-03
        75  5.467073E-04
        76  1.915143E-03
        77  1.246877E-03
        78  8.093819E-04
        79  1.819151E-03
        80  2.064361E-03
        81  3.110380E-03
        82  7.641570E-03
        83  2.860476E-03
        84  3.355473E-03
        85  1.823782E-03
        86  2.110264E-03
        87  6.193657E-03
        88  3.207173E-03
        89  3.515652E-03
        90  6.189930E-04
        91  2.925335E-04
        92  2.165205E-04
        93  2.072817E-04
        94  2.624324E-04
        95  4.233355E-04
        96  1.165759E-03
        97  1.852478E-03
        98  2.621197E-04
        99  6.926858E-05
       100  7.660116E-05
       101  1.862360E-04
       102  3.773997E-04
       103  7.157720E-04
       104  1.568936E-03
       105  3.478124E-03
       106  6.906986E-04
       107  1.691302E-04
       108  2.249522E-05
       109  9.895184E-05
       110  3.888321E-04
       111  1.005177E-03
       112  2.784932E-03
       113  3.268890E-03
       114  1.718560E-03
       115  8.295543E-04
       116  4.211299E-04
       117  4.115349E-04
       118  7.805557E-04
       119  1.580541E-03
       120  2.998950E-03
       121  1.295740E-02
       122  1.236087E-02
       123  1.486314E-02
       124  1.579339E-02
       125  1.601000E-02
       126  1.441694E-02
       127  1.986515E-02
       128  2.119503E-02
       129  1.532528E-02
       130  3.773339E-03
       131  2.437963E-02
       132  1.747296E-02
       133  1.693905E-03
       134  1.558654E-04
       135  4.920034E-04
       136  4.737221E-03
       137  4.838432E-03
       138  3.216101E-04
       139  1.162159E-03
       140  4.264303E-03
       141  1.123114E-03
       142  1.829352E-04
       143  2.950129E-04
       144  3.377541E-03
       145  5.760556E-03
       146  4.113712E-04
       147  1.140361E-03
       148  5.427160E-03
       149  8.257808E-03
       150  1.067931E-02
       151  1.703872E-02
       152  1.498913E-02
       153  3.430549E-01
       154  3.226325E-01
       155  1.131813E-01
       156  3.175233E-01
       157  3.123075E-01
       158  9.463676E-02
       159  3.390809E-01
       160  1.439842E-01
       161  4.257117E-01
       162  2.571667E-01
       163  1.176236E-01
       164  3.137358E-01
       165  2.921649E-01
       166  8.493074E-02
       167  3.254495E-01
       168  1.565663E-01
       169  3.697360E-01
       170  2.639019E-01
       171  1.003613E-01
       172  2.880799E-01
       173  2.792854E-01
       174  7.741165E-02
       175  2.832043E-01
       176  1.866446E-01
       177  3.974054E-01
       178  2.952606E-01
       179  1.112473E-01
       180  3.188119E-01
       181  3.028784E-01
       182  8.197953E-02
       183  3.426728E-01
       184  1.874559E-01
       185  2.306461E-01
       186  3.327284E-01
       187  9.355368E-02
       188  3.489370E-01
       189  3.212382E-01
       190  7.440747E-02
       191  4.802388E-01
       192  2.616573E-01
       193  1.906718E-01
       194  3.448455E-01
       195  7.556546E-02
       196  3.155398E-01
       197  3.215997E-01
       198  9.203768E-02
       199  3.439695E-01
       200  3.088545E-01
       201  1.794518E-01
       202  3.368296E-01
       203  1.011336E-01
       204  3.509753E-01
       205  3.254482E-01
       206  8.664536E-02
       207  4.844924E-01
       208  2.309642E-01
       209  1.831629E-01
       210  3.561096E-01
       211  1.019202E-01
       212  3.508403E-01
       213  3.454683E-01
       214  1.063425E-01
       215  4.081559E-01
       216  2.857958E-01
       217  1.841301E-01
       218  1.448102E-01
       219  1.574880E-01
       220  1.870619E-01
       221  2.043533E-01
       222  1.460814E-01
       223  1.584619E-01
       224  1.703552E-01
       225  1.673564E-01
       226  1.175629E-01
       227  1.367853E-01
       228  1.855227E-01
       229  2.047568E-01
       230  1.411374E-01
       231  1.553331E-01
       232  1.962573E-01
       233  2.283823E-01
       234  1.626426E-01
       235  1.215855E-01
       236  1.586592E-01
       237  1.758966E-01
       238  1.304370E-01
       239  1.325549E-01
       240  1.780877E-01
       241  1.845794E-01
       242  1.595126E-01
       243  1.347981E-01
       244  1.576983E-01
       245  1.414179E-01
       246  1.398445E-01
       247  1.350355E-01
       248  1.602559E-01
       249  2.067129E-01
       250  2.209861E-01
       251  1.760631E-01
       252  2.371082E-01
       253  2.937090E-01
       254  3.261754E-01
       255  3.336616E-01
       256  3.051660E-01
       257  1.880322E-01
       258  1.259733E-01
       259  1.555757E-01
       260  9.784147E-02
       261  1.176993E-01
       262  1.542409E-01
       263  1.226765E-01
       264  1.348727E-01
       265  2.350268E-01
       266  1.121612E-01
       267  2.294290E-01
       268  1.009166E-01
       269  1.286443E-01
       270  2.183632E-01
       271  1.019159E-01
       272  1.894341E-01
       273  1.669538E-01
       274  1.557551E-01
       275  1.435720E-01
       276  1.228709E-01
       277  1.486235E-01
       278  1.771868E-01
       279  1.605727E-01
       280  1.558891E-01
       281  2.464138E-01
       282  1.248651E-01
       283  2.425114E-01
       284  1.207175E-01
       285  1.346146E-01
       286  2.306546E-01
       287  1.456598E-01
       288  2.500699E-01

 total internal energy for set ALL and time  0.1000000E+01

        2.941678E+01
