
                        S T E P       1


                                INCREMENT     1


 displacements (vx,vy,vz) for set NALL and time  0.1000000E+01

         1  0.000000E+00  0.000000E+00 -6.617445E-25
         2  0.000000E+00  0.000000E+00  0.000000E+00
         3 -3.308722E-25  6.617445E-25 -6.617445E-25
         4  0.000000E+00  0.000000E+00  6.253485E-23
         5  1.519377E-03  6.837309E-06 -1.598050E-03
         6  1.519527E-03  2.317315E-05  1.617291E-03
         7 -1.512215E-03  2.181577E-05 -1.598310E-03
         8 -1.512802E-03  5.315180E-06  1.617337E-03
         9  1.873100E-03  1.223130E-05 -2.226017E-03
        10  1.873442E-03  1.858978E-05  2.267841E-03
        11 -1.871026E-03  1.879379E-05 -2.225681E-03
        12 -1.871344E-03  2.028025E-05  2.267341E-03
        13  1.971750E-03  9.725088E-06 -2.390710E-03
        14  1.971390E-03  2.581237E-05  2.377118E-03
        15 -1.995066E-03  2.911410E-05 -2.391620E-03
        16 -1.994808E-03  1.975971E-05  2.377849E-03
        17  3.317606E-03  4.846439E-06 -3.887962E-03
        18  3.318169E-03  4.812445E-05  3.878479E-03
        19 -3.316912E-03  5.146924E-05 -3.888575E-03
        20 -3.317029E-03  4.538919E-06  3.879133E-03
        21  5.000000E-03  1.694066E-22 -6.000000E-03
        22  5.000000E-03  0.000000E+00  6.000000E-03
        23 -5.000000E-03  1.694066E-22 -6.000000E-03
        24 -5.000000E-03  2.371692E-21  6.000000E-03
        25  7.377833E-04 -2.679666E-05 -6.541189E-04
        26  6.229229E-04 -1.049038E-05  6.493613E-04
        27 -6.211836E-04 -1.446685E-05 -6.659256E-04
        28 -7.383504E-04 -1.770176E-05  6.607731E-04
        29  3.671207E-03 -1.651117E-05 -4.488486E-03
        30  3.538831E-03 -2.543263E-05 -5.193138E-03
        31  4.080048E-03 -5.817800E-06 -5.920581E-03
        32  3.133858E-03  1.829597E-05  4.660667E-03
        33  2.553425E-03  1.903100E-06  5.779288E-03
        34  3.085068E-03  1.827908E-05  6.540374E-03
        35 -3.083989E-03  1.988604E-05 -4.694148E-03
        36 -2.422432E-03  3.313703E-06 -5.782269E-03
        37 -2.917099E-03  1.933056E-05 -6.523974E-03
        38 -3.694952E-03 -1.581202E-05  4.507628E-03
        39 -3.565907E-03 -2.540214E-05  5.191852E-03
        40 -4.052842E-03 -7.268630E-06  5.875068E-03
        41  6.314129E-07 -8.256009E-07  2.973530E-07
        42  4.553875E-07  6.743196E-07 -1.958859E-07
        43  6.809828E-07  1.506164E-06 -4.461875E-07
        44 -2.644377E-07 -5.265000E-07  1.543977E-07
        45 -1.803214E-07 -1.279227E-07  3.194317E-08
        46 -2.552454E-07  3.965611E-07 -1.410687E-07
        47 -3.716472E-07  1.006587E-06  4.586806E-07
        48 -5.110831E-07  1.281526E-06  2.600998E-07
        49 -1.056829E-07  2.849679E-07  2.977074E-07
        50 -5.347316E-07  1.234080E-06 -5.196730E-07
        51 -7.024756E-07  1.690525E-06 -2.829933E-07
        52 -2.031642E-07  4.626346E-07 -3.040456E-07
        53  1.520268E-03  1.456849E-05  1.175428E-05
        54 -1.512267E-03  1.375483E-05  3.739621E-05
        55  8.750248E-06  1.469003E-05 -1.597679E-03
        56 -1.344134E-05  1.321239E-05  1.617393E-03
        57  3.315113E-03 -5.015152E-05 -1.900228E-03
        58  3.316771E-03  2.938320E-05  2.737472E-05
        59  3.315409E-03  1.060091E-04  1.939576E-03
        60 -3.319347E-03  1.063170E-04 -1.915491E-03
        61 -3.317943E-03  2.935364E-05  3.971392E-05
        62 -3.319488E-03 -4.882548E-05  1.972866E-03
        63  1.647085E-03  6.816590E-05 -3.890951E-03
        64 -1.261361E-05  2.750227E-05 -3.890223E-03
        65 -1.665816E-03 -1.261174E-05 -3.891035E-03
        66  1.661102E-03 -1.696502E-05  3.876078E-03
        67 -2.216884E-05  2.579568E-05  3.876898E-03
        68 -1.693879E-03  6.930479E-05  3.876124E-03
        69  4.995095E-03 -1.454515E-04 -3.007243E-03
        70  4.997351E-03  6.028576E-06 -4.598419E-05
        71  4.994876E-03  1.568872E-04  2.937981E-03
        72 -5.008522E-03  1.921031E-04 -3.098228E-03
        73 -5.004527E-03  2.822673E-05 -5.149207E-05
        74 -5.007207E-03 -1.387347E-04  3.017866E-03
        75  2.465631E-03 -8.661791E-06 -5.997456E-03
        76 -9.577734E-05  6.939016E-05 -5.997797E-03
        77 -2.613147E-03  1.224903E-04 -5.995126E-03
        78  2.421905E-03  1.205699E-04  6.002749E-03
        79 -8.426763E-05  7.336180E-05  6.000800E-03
        80 -2.552212E-03 -7.686875E-07  6.000486E-03
        81  2.262408E-05  6.011906E-05 -4.564455E-04
        82  3.645154E-04  2.995193E-04 -2.000554E-03
        83  9.386427E-04  6.173691E-04 -3.885438E-03
        84  1.115360E-03  7.725637E-04 -4.741786E-03
        85  6.712883E-04  6.389678E-04 -4.142762E-03
        86 -2.082450E-04  2.918280E-04 -2.650258E-03
        87 -9.747084E-04  4.667204E-05 -1.671551E-03
        88  1.662032E-04 -8.015124E-05 -5.969948E-04
        89  6.796293E-04 -3.516213E-04 -2.350984E-03
        90  1.284106E-03 -6.770902E-04 -4.287273E-03
        91  1.528490E-03 -8.114156E-04 -5.040884E-03
        92  1.304580E-03 -6.357070E-04 -4.247514E-03
        93  9.213543E-04 -2.504190E-04 -2.591873E-03
        94  1.006459E-03 -3.354955E-06 -1.614886E-03
        95 -1.795176E-04 -7.532320E-05  5.627928E-04
        96 -7.832664E-04 -3.452527E-04  2.299308E-03
        97 -1.508163E-03 -6.834034E-04  4.304718E-03
        98 -1.828351E-03 -8.378986E-04  5.159848E-03
        99 -1.600019E-03 -6.789047E-04  4.441883E-03
       100 -1.129829E-03 -2.927893E-04  2.780198E-03
       101 -1.088701E-03 -2.290689E-05  1.700354E-03
       102  1.663623E-05  6.628640E-05  5.000313E-04
       103 -2.655680E-04  3.100439E-04  2.076573E-03
       104 -7.399179E-04  6.194520E-04  3.915599E-03
       105 -8.406975E-04  7.618082E-04  4.707608E-03
       106 -3.957098E-04  6.203810E-04  4.074144E-03
       107  4.054941E-04  2.769388E-04  2.599958E-03
       108  1.057130E-03  4.118699E-05  1.664426E-03
       109 -3.211125E-04  1.000954E-04  5.535446E-05
       110 -1.857508E-03  5.413868E-04  3.100952E-04
       111 -3.973271E-03  1.115271E-03  7.525716E-04
       112 -4.726519E-03  1.310685E-03  1.073778E-03
       113 -3.399275E-03  1.012262E-03  1.133662E-03
       114 -7.460287E-04  4.556018E-04  1.049372E-03
       115  1.105945E-03  9.438060E-05  1.192684E-03
       116 -2.624384E-04 -8.225424E-05  1.438090E-05
       117 -1.602277E-03 -4.689715E-04  3.352659E-04
       118 -3.499648E-03 -9.844724E-04  8.476408E-04
       119 -4.198831E-03 -1.166693E-03  9.724774E-04
       120 -3.019425E-03 -9.025541E-04  4.914563E-04
       121 -6.091463E-04 -3.978211E-04 -4.032413E-04
       122  1.111292E-03 -6.284969E-05 -1.137396E-03
       123  2.618727E-04 -8.174779E-05 -5.548721E-05
       124  1.650324E-03 -4.811408E-04 -2.683180E-04
       125  3.616774E-03 -1.014616E-03 -5.428822E-04
       126  4.316136E-03 -1.196216E-03 -5.639028E-04
       127  3.066621E-03 -9.152981E-04 -1.925034E-04
       128  5.764447E-04 -3.930097E-04  4.775707E-04
       129 -1.141008E-03 -5.784557E-05  1.114912E-03
       130  2.891017E-04  9.035352E-05  1.923183E-05
       131  1.754937E-03  5.132851E-04 -3.290948E-04
       132  3.822019E-03  1.075003E-03 -1.033148E-03
       133  4.577290E-03  1.271972E-03 -1.476370E-03
       134  3.289264E-03  9.835254E-04 -1.420691E-03
       135  6.817538E-04  4.377320E-04 -1.088835E-03
       136 -1.123315E-03  8.623244E-05 -1.127174E-03
       137  1.109458E-03  7.454343E-05 -2.142913E-03
       138  4.257260E-04  1.524651E-04 -2.657985E-03
       139 -6.469575E-04  9.868447E-05 -2.487752E-03
       140 -1.075370E-03 -3.515378E-05 -2.094548E-03
       141 -3.839960E-04 -1.036990E-04 -2.565254E-03
       142  6.658748E-04 -5.757498E-05 -2.444495E-03
       143  1.047658E-03 -5.043157E-05  2.210285E-03
       144  2.508676E-04 -1.376957E-04  2.787229E-03
       145 -7.727025E-04 -7.611301E-05  2.588393E-03
       146 -1.071914E-03  7.710140E-05  2.192065E-03
       147 -2.788158E-04  1.543149E-04  2.704590E-03
       148  7.702449E-04  9.725583E-05  2.524671E-03
       149  1.381599E-03  6.396414E-05 -8.188437E-04
       150  1.236535E-03  1.182646E-04  1.894377E-04
       151  1.587424E-03  5.727492E-05  1.317142E-03
       152  1.378229E-03 -3.471265E-05  8.776272E-04
       153  1.246542E-03 -8.552649E-05 -1.120561E-04
       154  1.599777E-03 -2.392636E-05 -1.252783E-03
       155 -1.403879E-03 -2.519745E-05 -8.796098E-04
       156 -1.301068E-03 -6.769753E-05  9.996780E-05
       157 -1.619794E-03 -1.275281E-05  1.261167E-03
       158 -1.396115E-03  5.676887E-05  9.789024E-04
       159 -1.267264E-03  1.086968E-04 -1.441121E-07
       160 -1.593774E-03  5.414578E-05 -1.211154E-03
       161  1.667829E-03  5.031947E-05 -2.727472E-03
       162  1.735665E-03  2.526187E-04 -4.037952E-03
       163  2.011382E-03  5.415630E-04 -5.756079E-03
       164  1.840233E-03  6.810271E-04 -6.529659E-03
       165  9.546431E-04  5.483534E-04 -5.934961E-03
       166 -4.907955E-04  2.227128E-04 -4.537011E-03
       167 -1.971334E-03  2.197716E-05 -3.742591E-03
       168 -1.602873E-03 -9.063337E-06 -2.733131E-03
       169 -9.012824E-04 -2.200965E-04 -4.103361E-03
       170  1.001944E-05 -5.210251E-04 -5.901383E-03
       171  6.461142E-04 -6.569780E-04 -6.664573E-03
       172  9.181171E-04 -5.012800E-04 -5.968216E-03
       173  1.145904E-03 -1.501650E-04 -4.463972E-03
       174  1.973202E-03  4.919082E-05 -3.687167E-03
       175  1.533257E-03 -1.942694E-05  2.746914E-03
       176  7.473966E-04 -2.376937E-04  4.160235E-03
       177 -2.579265E-04 -5.452943E-04  5.988742E-03
       178 -9.649625E-04 -6.922128E-04  6.803769E-03
       179 -1.246401E-03 -5.483019E-04  6.157551E-03
       180 -1.405064E-03 -1.967781E-04  4.647626E-03
       181 -2.098764E-03  2.741294E-05  3.757996E-03
       182 -1.644882E-03  6.187995E-05  2.735210E-03
       183 -1.630203E-03  2.726465E-04  4.103419E-03
       184 -1.819436E-03  5.675494E-04  5.862968E-03
       185 -1.586028E-03  7.028514E-04  6.620352E-03
       186 -6.953071E-04  5.566442E-04  5.966599E-03
       187  6.879152E-04  2.171706E-04  4.512256E-03
       188  2.056007E-03  1.359040E-05  3.712378E-03
       189  1.809733E-03  6.367923E-05 -1.670317E-03
       190  5.065602E-04  4.381907E-04 -8.086849E-04
       191 -1.550722E-03  9.959778E-04  1.724053E-04
       192 -2.451216E-03  1.227589E-03  1.001111E-03
       193 -1.433560E-03  9.999438E-04  1.580996E-03
       194  9.059640E-04  5.093832E-04  2.053850E-03
       195  2.702238E-03  1.588257E-04  2.805635E-03
       196  1.814901E-03 -2.650997E-05  1.660476E-03
       197  6.204716E-04 -3.707922E-04  1.271618E-03
       198 -1.259277E-03 -8.812872E-04  1.183874E-03
       199 -2.095403E-03 -1.097130E-03  8.110182E-04
       200 -1.172545E-03 -8.915980E-04 -1.067393E-04
       201  9.918269E-04 -4.385647E-04 -1.450942E-03
       202  2.698562E-03 -1.059912E-04 -2.753770E-03
       203 -1.857971E-03 -1.703951E-05 -1.737607E-03
       204 -6.396578E-04 -3.675515E-04 -1.264184E-03
       205  1.310551E-03 -8.963420E-04 -9.406192E-04
       206  2.165203E-03 -1.116252E-03 -4.439972E-04
       207  1.193886E-03 -8.989801E-04  3.970814E-04
       208 -1.036599E-03 -4.314411E-04  1.543224E-03
       209 -2.736819E-03 -9.925984E-05  2.739212E-03
       210 -1.853318E-03  6.761490E-05  1.706867E-03
       211 -6.415132E-04  4.175137E-04  7.574201E-04
       212  1.296881E-03  9.439990E-04 -4.461824E-04
       213  2.156964E-03  1.166218E-03 -1.371165E-03
       214  1.196504E-03  9.523488E-04 -1.842843E-03
       215 -1.033678E-03  4.858395E-04 -2.099333E-03
       216 -2.736490E-03  1.538829E-04 -2.765744E-03
       217  3.064780E-03  1.028712E-04 -4.607217E-03
       218  3.212010E-03  4.048015E-04 -6.547295E-03
       219  3.563534E-03  8.364236E-04 -9.094968E-03
       220  3.311782E-03  1.104506E-03 -1.054818E-02
       221  2.079059E-03  1.029098E-03 -1.023135E-02
       222 -4.217617E-05  6.430483E-04 -8.569860E-03
       223 -2.540690E-03  2.342398E-04 -6.920685E-03
       224 -2.969258E-03 -3.926051E-05 -4.572042E-03
       225 -2.281007E-03 -3.119926E-04 -6.325007E-03
       226 -1.304332E-03 -6.866743E-04 -8.546922E-03
       227 -4.570097E-04 -8.986198E-04 -9.706816E-03
       228  2.167962E-04 -7.981653E-04 -9.271978E-03
       229  1.066091E-03 -4.411737E-04 -7.740371E-03
       230  2.723160E-03 -1.218006E-04 -6.461587E-03
       231  2.945183E-03 -5.151173E-05  4.607483E-03
       232  2.162972E-03 -3.353303E-04  6.431113E-03
       233  1.053266E-03 -7.187191E-04  8.698239E-03
       234  1.031677E-04 -9.331680E-04  9.868220E-03
       235 -5.862917E-04 -8.249720E-04  9.392872E-03
       236 -1.351050E-03 -4.502586E-04  7.781401E-03
       237 -2.855708E-03 -1.183384E-04  6.444244E-03
       238 -3.034613E-03  1.090155E-04  4.642896E-03
       239 -3.114428E-03  4.142647E-04  6.605476E-03
       240 -3.403438E-03  8.359898E-04  9.099237E-03
       241 -3.134231E-03  1.090858E-03  1.048569E-02
       242 -1.951328E-03  1.009714E-03  1.014413E-02
       243  8.392383E-05  6.297222E-04  8.511335E-03
       244  2.539317E-03  2.285753E-04  6.896767E-03
       245  3.440015E-03 -2.325899E-05 -2.954956E-03
       246  2.180269E-03  3.389745E-04 -1.600010E-03
       247 -1.504440E-04  9.700697E-04  2.415847E-04
       248 -1.444468E-03  1.299997E-03  2.069861E-03
       249 -7.367711E-04  1.143755E-03  3.548024E-03
       250  1.572838E-03  6.597786E-04  4.590130E-03
       251  3.797442E-03  2.231576E-04  5.345897E-03
       252  3.396703E-03  6.231257E-05  2.993771E-03
       253  1.963001E-03 -3.510912E-04  2.284805E-03
       254 -6.213170E-04 -1.051806E-03  1.661119E-03
       255 -2.065956E-03 -1.421135E-03  5.644201E-04
       256 -1.298903E-03 -1.252968E-03 -1.159969E-03
       257  1.261014E-03 -7.175814E-04 -3.222118E-03
       258  3.733082E-03 -2.332668E-04 -4.888825E-03
       259 -3.414631E-03  7.186778E-05 -3.052394E-03
       260 -1.943017E-03 -3.518827E-04 -2.223577E-03
       261  7.603925E-04 -1.083816E-03 -1.308222E-03
       262  2.249945E-03 -1.463750E-03 -6.451965E-05
       263  1.415132E-03 -1.279374E-03  1.557186E-03
       264 -1.259105E-03 -7.190717E-04  3.360591E-03
       265 -3.759297E-03 -2.286135E-04  4.869305E-03
       266 -3.461226E-03 -3.036714E-05  3.086543E-03
       267 -2.286767E-03  3.093607E-04  1.639617E-03
       268 -1.615998E-05  9.247958E-04 -5.665829E-04
       269  1.316887E-03  1.265191E-03 -2.680108E-03
       270  7.279987E-04  1.136912E-03 -4.195947E-03
       271 -1.465330E-03  6.784562E-04 -5.044240E-03
       272 -3.677202E-03  2.443593E-04 -5.539287E-03

 forces (fx,fy,fz) for set RIGHT and time  0.1000000E+01

        21  8.702483E+02  9.422336E+02 -2.124503E+03
        22  5.447182E+02 -5.745607E+01  2.148934E+03
        23 -1.225498E+03  2.927469E+02  6.210851E+02
        24 -1.921160E+02  7.847200E+02 -6.582737E+02

 internal energy (element, energy) for set ALL and time  0.1000000E+01

         1  3.373998E-02
         2  3.637170E-02
         3  3.060122E-02
         4  2.385365E-02
         5  2.680417E-02
         6  3.102766E-02
         7  2.336206E-02
         8  2.398583E-02
         9  2.564283E-03
        10  2.405278E-03
        11  3.934507E-03
        12  1.168896E-02
        13  9.216348E-03
        14  8.826104E-03
        15  1.085767E-02
        16  8.051370E-03
        17  2.767820E-02
        18  3.146128E-02
        19  2.509671E-02
        20  1.584031E-02
        21  1.041696E-02
        22  6.607911E-03
        23  2.617316E-02
        24  2.239282E-02
        25  1.084974E-02
        26  1.040658E-02
        27  2.400478E-02
        28  2.258386E-02
        29  8.572889E-03
        30  4.596464E-03
        31  2.058608E-02
        32  2.938236E-02
        33  1.169185E-02
        34  7.723892E-03
        35  1.917977E-02
        36  2.194055E-02
        37  1.386294E-03
        38  1.071468E-04
        39  1.436196E-04
        40  1.837850E-03
        41  2.685317E-04
        42  2.091442E-05
        43  1.821115E-05
        44  2.350243E-04
        45  1.139189E-03
        46  9.318376E-05
        47  1.741309E-05
        48  2.322597E-04
        49  1.519011E-03
        50  1.259779E-04
        51  1.626183E-05
        52  2.061857E-04
        53  2.111193E-03
        54  2.247825E-03
        55  3.013467E-03
        56  1.813007E-03
        57  7.745254E-03
        58  7.795034E-03
        59  5.534432E-03
        60  6.597120E-03
        61  2.680178E-02
        62  2.455640E-02
        63  2.015365E-02
        64  1.940478E-02
        65  4.421405E-02
        66  3.937755E-02
        67  1.062405E-02
        68  1.035224E-02
        69  9.926136E-03
        70  2.234132E-03
        71  2.502217E-03
        72  9.358505E-03
        73  1.094368E-02
        74  2.934016E-03
        75  2.213690E-03
        76  9.774571E-03
        77  1.289771E-02
        78  2.715948E-03
        79  3.083313E-03
        80  1.363915E-02
        81  1.334975E-02
        82  3.038069E-03
        83  2.802823E-03
        84  1.292133E-02
        85  4.737271E-02
        86  8.750909E-03
        87  8.327756E-03
        88  4.919044E-02
        89  6.496466E-02
        90  8.653810E-03
        91  7.686670E-03
        92  4.494441E-02
        93  2.050272E-02
        94  1.109454E-02
        95  1.456034E-02
        96  4.476584E-02
        97  3.976459E-02
        98  1.269349E-02
        99  1.011236E-02
       100  1.711824E-02
       101  8.406036E-02
       102  7.663474E-02
       103  2.856921E-02
       104  7.811890E-02
       105  7.563650E-02
       106  2.330224E-02
       107  8.537552E-02
       108  4.472650E-02
       109  1.277911E-01
       110  7.853009E-02
       111  3.891975E-02
       112  9.993989E-02
       113  8.865731E-02
       114  2.408026E-02
       115  1.221226E-01
       116  4.110827E-02
       117  1.071365E-01
       118  7.763359E-02
       119  3.146377E-02
       120  8.802033E-02
       121  8.251736E-02
       122  2.237747E-02
       123  9.909080E-02
       124  5.955723E-02
       125  1.007929E-01
       126  7.245375E-02
       127  2.906661E-02
       128  8.137509E-02
       129  7.563668E-02
       130  2.013460E-02
       131  9.250214E-02
       132  5.112475E-02
       133  6.006596E-02
       134  8.845598E-02
       135  2.325397E-02
       136  8.955097E-02
       137  8.481473E-02
       138  2.042561E-02
       139  1.123813E-01
       140  6.412409E-02
       141  4.979271E-02
       142  8.595548E-02
       143  2.097354E-02
       144  8.348855E-02
       145  8.113458E-02
       146  2.094885E-02
       147  1.026068E-01
       148  6.564977E-02
       149  4.298656E-02
       150  8.061387E-02
       151  2.307391E-02
       152  8.202687E-02
       153  7.828039E-02
       154  2.160421E-02
       155  1.028825E-01
       156  5.125839E-02
       157  5.575591E-02
       158  1.033982E-01
       159  3.067101E-02
       160  1.048510E-01
       161  1.010082E-01
       162  2.947990E-02
       163  1.285401E-01
       164  6.601050E-02
       165  4.156712E-02
       166  3.536876E-02
       167  3.827418E-02
       168  4.559337E-02
       169  5.016274E-02
       170  3.982303E-02
       171  4.804493E-02
       172  4.703525E-02
       173  5.161979E-02
       174  3.988292E-02
       175  4.376983E-02
       176  6.034162E-02
       177  4.573744E-02
       178  3.338736E-02
       179  3.884610E-02
       180  4.832940E-02
       181  5.294601E-02
       182  3.782094E-02
       183  3.320808E-02
       184  4.345964E-02
       185  5.292643E-02
       186  3.630275E-02
       187  3.249901E-02
       188  4.233332E-02
       189  4.253998E-02
       190  3.439947E-02
       191  3.045602E-02
       192  3.565002E-02
       193  5.147199E-02
       194  4.698447E-02
       195  4.055422E-02
       196  4.764754E-02
       197  1.162647E-02
       198  2.127509E-02
       199  1.614427E-02
       200  1.251516E-02
       201  3.378516E-02
       202  2.762461E-02
       203  2.565808E-02
       204  4.017723E-02
       205  6.656593E-02
       206  7.440601E-02
       207  2.606848E-02
       208  7.122691E-02
       209  6.878536E-02
       210  2.243375E-02
       211  9.418305E-02
       212  4.470271E-02
       213  8.564640E-02
       214  9.366067E-02
       215  3.530870E-02
       216  9.178578E-02
       217  8.636745E-02
       218  2.684617E-02
       219  1.324664E-01
       220  4.233619E-02
       221  8.220183E-02
       222  7.889321E-02
       223  2.522452E-02
       224  7.656274E-02
       225  7.400032E-02
       226  2.103711E-02
       227  1.006942E-01
       228  5.687162E-02
       229  8.463261E-02
       230  8.203234E-02
       231  2.897688E-02
       232  8.148108E-02
       233  7.654644E-02
       234  2.161319E-02
       235  1.114597E-01
       236  5.752131E-02
       237  3.654533E-02
       238  8.828008E-02
       239  1.695258E-02
       240  7.280033E-02
       241  7.624420E-02
       242  2.132623E-02
       243  7.979272E-02
       244  4.972535E-02
       245  3.727099E-02
       246  8.493857E-02
       247  1.673587E-02
       248  6.998016E-02
       249  7.441971E-02
       250  2.152707E-02
       251  7.319068E-02
       252  5.375361E-02
       253  2.876103E-02
       254  8.211892E-02
       255  1.722610E-02
       256  6.818997E-02
       257  7.122370E-02
       258  2.146931E-02
       259  7.409195E-02
       260  4.080033E-02
       261  3.360366E-02
       262  9.513565E-02
       263  2.103194E-02
       264  7.936483E-02
       265  8.396833E-02
       266  2.762412E-02
       267  8.615019E-02
       268  4.664194E-02
       269  9.336924E-02
       270  1.152684E-01
       271  2.872223E-02
       272  9.935695E-02
       273  1.167356E-01
       274  4.273460E-02
       275  6.607895E-02
       276  4.380563E-02
       277  8.462029E-02
       278  9.986475E-02
       279  3.408334E-02
       280  9.868298E-02
       281  1.071243E-01
       282  4.076198E-02
       283  8.824862E-02
       284  5.105339E-02
       285  9.094884E-02
       286  8.719228E-02
       287  2.725783E-02
       288  9.031400E-02
       289  9.758578E-02
       290  3.475408E-02
       291  7.986998E-02
       292  6.461041E-02
       293  1.069551E-01
       294  1.139868E-01
       295  3.096930E-02
       296  1.045649E-01
       297  1.202946E-01
       298  4.246012E-02
       299  7.078501E-02
       300  4.800866E-02
       301  4.828953E-02
       302  1.311384E-01
       303  1.971234E-02
       304  7.340940E-02
       305  8.894932E-02
       306  3.312411E-02
       307  5.457115E-02
       308  5.948427E-02
       309  7.523123E-02
       310  1.757118E-01
       311  2.500164E-02
       312  1.021085E-01
       313  1.254589E-01
       314  4.823532E-02
       315  7.628430E-02
       316  8.838534E-02
       317  5.422399E-02
       318  1.719688E-01
       319  2.678980E-02
       320  1.026151E-01
       321  1.225460E-01
       322  4.548348E-02
       323  7.818198E-02
       324  7.506146E-02
       325  3.902267E-02
       326  1.479770E-01
       327  2.306063E-02
       328  7.904171E-02
       329  9.937079E-02
       330  4.203081E-02
       331  5.307318E-02
       332  5.231118E-02

 total internal energy for set ALL and time  0.1000000E+01

        1.606368E+01
