
                        S T E P       1


                                INCREMENT     1


 displacements (vx,vy,vz) for set TIP_TOP and time  0.1000000E+01

       887  8.883324E-02 -2.418750E-03 -3.134007E+00
       888  8.877371E-02 -2.336785E-03 -3.130792E+00
       891  8.865298E-02 -2.044948E-03 -3.127497E+00
       894  8.853809E-02 -1.664154E-03 -3.124921E+00
       896  8.842914E-02 -9.672609E-04 -3.123183E+00
       898  8.849142E-02 -3.515583E-04 -3.122534E+00
       900  8.848847E-02  2.178450E-04 -3.122476E+00
       903  8.851706E-02  9.388065E-04 -3.123382E+00
       906  8.862282E-02  1.314062E-03 -3.125055E+00
       909  8.874257E-02  1.617671E-03 -3.127459E+00
       912  8.880252E-02  1.701928E-03 -3.129786E+00
      1440  8.886248E-02 -2.372255E-03 -3.132369E+00
      1454  8.842886E-02  6.351872E-04 -3.122907E+00
      1478  8.883044E-02  1.654887E-03 -3.128591E+00
      2196  8.866680E-02 -2.261055E-03 -3.129180E+00
      2210  8.843373E-02 -1.360791E-03 -3.123989E+00
      2224  8.844416E-02 -6.612391E-04 -3.122842E+00
      2242  8.863703E-02  1.537954E-03 -3.126293E+00

 forces (fx,fy,fz) for set CLAMP and time  0.1000000E+01

         1  1.805298E+03  3.370745E+03  1.304885E+03
         4  3.167978E+03  4.399875E-01  2.603920E+03
         5  1.902041E+03  5.036694E+03  1.508680E+02
         8  2.950470E+03  4.688749E-01  3.059741E+02
         9  3.443936E+03  8.956418E+03  1.282217E+03
        12  6.169732E+03  2.148204E+00  2.980722E+03
        13  2.823181E+03  8.752625E+03 -9.603292E+02
        16  5.017101E+03  2.894814E+00 -1.913684E+03
        17  9.751253E+02  2.948225E+03 -9.383747E+02
        20  1.720755E+03  1.555591E+00 -1.878949E+03
        21  2.720068E+03 -5.310771E+02 -3.389941E+03
        24 -5.718684E+02  2.151395E-01 -1.318356E+03
        26  1.808430E+03 -3.372027E+03  1.305429E+03
        28  1.909001E+03 -5.039585E+03  1.508629E+02
        30  3.457235E+03 -8.958977E+03  1.284315E+03
        32  2.838421E+03 -8.755811E+03 -9.610911E+02
        34  9.836382E+02 -2.949991E+03 -9.392126E+02
        36  2.717764E+03  5.302429E+02 -3.391028E+03
        37  2.501288E+03 -6.961140E+02 -2.659900E+03
        40  6.024167E+03 -2.527749E+02 -4.874992E+03
        41 -2.457709E+03 -1.939495E+03 -1.769311E+03
        44 -3.824603E+03 -5.493930E+02 -3.374294E+03
        45 -5.192895E+03 -1.244322E+03  4.218240E+03
        48 -1.033114E+04 -2.966889E+02  8.349621E+03
        50  6.330262E+03 -2.424822E+02 -4.798756E+03
        52 -3.820612E+03 -5.070801E+02 -3.431610E+03
        54 -1.066208E+04 -2.635804E+02  8.401519E+03
        56  6.233509E+03 -2.195914E+02 -5.096268E+03
        58 -4.010946E+03 -4.257174E+02 -3.482112E+03
        60 -1.078114E+04 -2.091044E+02  8.707994E+03
        62 -2.626949E+03 -1.843738E+02 -2.113202E+03
        64 -6.691601E+03 -8.434081E+01  5.610454E+03
        66 -1.026049E+03  1.895970E-01 -8.012961E+02
        68 -2.552577E+03  2.050134E-01  2.188363E+03
        70 -2.626761E+03  1.846144E+02 -2.111899E+03
        72 -6.686931E+03  8.503854E+01  5.609259E+03
        74  6.214920E+03  2.187227E+02 -5.100124E+03
        76 -4.010969E+03  4.257943E+02 -3.475847E+03
        78 -1.076260E+04  2.100320E+02  8.704084E+03
        80  6.296671E+03  2.416570E+02 -4.806402E+03
        82 -3.821034E+03  5.071465E+02 -3.420349E+03
        84 -1.062896E+04  2.644769E+02  8.395199E+03
        86  5.975907E+03  2.520062E+02 -4.886428E+03
        88 -3.825474E+03  5.494210E+02 -3.358220E+03
        90 -1.028385E+04  2.974848E+02  8.341028E+03
        92  2.472893E+03  6.978613E+02 -2.666506E+03
        94 -2.458588E+03  1.940048E+03 -1.759293E+03
        96 -5.165447E+03  1.243128E+03  4.213677E+03
       913  2.174531E+03  5.981992E+03  1.099460E+02
       914  3.171930E+03  1.651657E+01  2.605867E+03
       915  3.476527E+03  3.961603E+01  2.679299E+02
       916  2.953054E+03  3.782892E+01  3.034962E+02
       917  3.464565E+03  6.271681E-01  2.763922E+02
       932  3.172550E+03 -1.563901E+01  2.606521E+03
       933  3.477640E+03 -3.828361E+01  2.679034E+02
       934  2.954080E+03 -3.686124E+01  3.034765E+02
       935  2.180762E+03 -5.984933E+03  1.097555E+02
      1513  1.704050E+03  4.303648E+03  2.319209E+02
      1514  2.641702E+03  3.695074E+01  4.727456E+02
      1515  8.681448E+01  6.316865E+01 -1.719257E+03
      1516  2.648210E+03  3.946362E-02  4.791256E+02
      1555  2.642391E+03 -3.683511E+01  4.725702E+02
      1556  8.742444E+01 -6.264245E+01 -1.718996E+03
      1557  1.712020E+03 -4.306459E+03  2.317934E+02

 internal energy (element, energy) for set EALL and time  0.1000000E+01

         1  2.852585E+01
         2  2.040691E+01
         3  2.841006E+01
         4  2.032772E+01
         5  2.997346E+00
         6  2.995210E+00
         7  3.038741E+00
         8  3.022064E+00
         9  3.572990E+00
        10  3.148530E+00
        11  3.543372E+00
        12  3.144989E+00
        13  2.124999E+01
        14  3.060830E+00
        15  3.035050E+00
        16  3.072298E+00
        17  3.042313E+00
        18  3.527431E+00
        19  3.144027E+00
        20  3.521899E+00
        21  3.144496E+00
        22  2.135109E+01
        23  1.512278E+01
        24  1.210837E+01
        25  1.513317E+01
        26  1.202628E+01
        27  1.631536E+01
        28  1.124370E+01
        29  1.640851E+01
        30  1.123367E+01
        31  5.031608E+01
        32  1.684636E+01
        33  5.861253E+00
        34  2.841727E+01
        35  2.033347E+01
        36  2.854778E+01
        37  2.042432E+01
        38  3.072637E+00
        39  3.042667E+00
        40  3.061848E+00
        41  3.036096E+00
        42  3.522234E+00
        43  3.144823E+00
        44  3.528414E+00
        45  3.145002E+00
        46  2.135571E+01
        47  3.040476E+00
        48  3.023819E+00
        49  2.999834E+00
        50  2.997641E+00
        51  3.545036E+00
        52  3.146620E+00
        53  3.575313E+00
        54  3.150814E+00
        55  2.126377E+01
        56  1.513734E+01
        57  1.202823E+01
        58  1.513564E+01
        59  1.211406E+01
        60  1.641201E+01
        61  1.123596E+01
        62  1.632582E+01
        63  1.125018E+01
        64  5.034320E+01
        65  1.685564E+01
        66  5.862855E+00
        67  1.429420E+01
        68  2.385859E+01
        69  1.429333E+01
        70  2.396405E+01
        71  1.478792E+01
        72  2.483723E+01
        73  1.542326E+01
        74  2.616294E+01
        75  3.725219E+00
        76  6.441153E+00
        77  3.724747E+00
        78  6.440098E+00
        79  1.540637E+01
        80  2.613618E+01
        81  1.474961E+01
        82  2.477654E+01
        83  1.423603E+01
        84  2.387204E+01
        85  1.422320E+01
        86  2.374010E+01
        87  2.464977E+01
        88  1.962582E+01
        89  2.466954E+01
        90  1.957591E+01
        91  2.456773E+01
        92  1.895468E+01
        93  2.456683E+01
        94  1.897416E+01
        95  1.518156E+01
        96  1.149419E+01
        97  1.514314E+01
        98  1.144869E+01
        99  1.446088E+01
       100  1.105465E+01
       101  1.449465E+01
       102  1.107455E+01
       103  5.331249E+01
       104  1.968911E+01
       105  8.052893E+00
       106  2.467340E+01
       107  1.957901E+01
       108  2.466130E+01
       109  1.963513E+01
       110  2.457104E+01
       111  1.897795E+01
       112  2.458070E+01
       113  1.896618E+01
       114  1.514541E+01
       115  1.144964E+01
       116  1.518859E+01
       117  1.149702E+01
       118  1.449787E+01
       119  1.107730E+01
       120  1.447063E+01
       121  1.106283E+01
       122  5.332488E+01
       123  1.968838E+01
       124  8.044541E+00
       125  1.426366E+01
       126  2.307691E+01
       127  1.500797E+01
       128  2.430659E+01
       129  1.551954E+01
       130  2.513316E+01
       131  1.617221E+01
       132  2.590456E+01
       133  4.075781E+00
       134  6.479270E+00
       135  4.075046E+00
       136  6.478854E+00
       137  1.615754E+01
       138  2.589134E+01
       139  1.549650E+01
       140  2.509869E+01
       141  1.497502E+01
       142  2.425162E+01
       143  1.421954E+01
       144  2.300195E+01
       145  2.220888E+01
       146  1.786202E+01
       147  2.221211E+01
       148  1.785813E+01
       149  2.176668E+01
       150  1.743027E+01
       151  2.176839E+01
       152  1.743123E+01
       153  9.446056E+01
       154  4.541782E+01
       155  1.622193E+01
       156  6.630581E+00
       157  2.221364E+01
       158  1.785855E+01
       159  2.221325E+01
       160  1.786313E+01
       161  2.177098E+01
       162  1.743392E+01
       163  2.177478E+01
       164  1.743835E+01
       165  9.447451E+01
       166  4.542054E+01
       167  1.621658E+01
       168  6.618651E+00
       169  1.304336E+01
       170  2.130991E+01
       171  1.319272E+01
       172  2.151236E+01
       173  1.333925E+01
       174  2.171322E+01
       175  1.347152E+01
       176  2.170068E+01
       177  3.456108E+00
       178  5.544028E+00
       179  3.455363E+00
       180  5.544055E+00
       181  1.345907E+01
       182  2.169691E+01
       183  1.332538E+01
       184  2.169736E+01
       185  1.317447E+01
       186  2.148386E+01
       187  1.302003E+01
       188  2.127065E+01
       189  2.054298E+01
       190  1.604503E+01
       191  2.054103E+01
       192  1.603970E+01
       193  1.922651E+01
       194  1.527855E+01
       195  1.923862E+01
       196  1.528650E+01
       197  8.133930E+01
       198  3.916949E+01
       199  1.404272E+01
       200  5.856520E+00
       201  2.054213E+01
       202  1.603951E+01
       203  2.054623E+01
       204  1.604442E+01
       205  1.924185E+01
       206  1.528909E+01
       207  1.923558E+01
       208  1.528625E+01
       209  8.134896E+01
       210  3.916756E+01
       211  1.403442E+01
       212  5.842103E+00
       213  1.189498E+01
       214  1.926591E+01
       215  1.177977E+01
       216  1.905299E+01
       217  1.170669E+01
       218  1.891039E+01
       219  1.175886E+01
       220  1.880949E+01
       221  3.133410E+00
       222  5.007916E+00
       223  3.132658E+00
       224  5.008217E+00
       225  1.174723E+01
       226  1.881100E+01
       227  1.169720E+01
       228  1.890618E+01
       229  1.176937E+01
       230  1.904260E+01
       231  1.188415E+01
       232  1.924971E+01
       233  1.252946E+02
       234  7.236304E+01
       235  3.454794E+01
       236  1.224549E+01
       237  5.288628E+00
       238  1.253090E+02
       239  7.236650E+01
       240  3.454273E+01
       241  1.223502E+01
       242  5.271986E+00
       243  1.034682E+01
       244  1.671936E+01
       245  1.030401E+01
       246  1.661719E+01
       247  1.024749E+01
       248  1.650824E+01
       249  1.032457E+01
       250  1.647400E+01
       251  2.869612E+00
       252  4.581114E+00
       253  2.868793E+00
       254  4.581615E+00
       255  1.031310E+01
       256  1.647859E+01
       257  1.024044E+01
       258  1.651045E+01
       259  1.029826E+01
       260  1.661666E+01
       261  1.034315E+01
       262  1.671633E+01
       263  1.088175E+02
       264  6.242692E+01
       265  2.980213E+01
       266  1.057655E+01
       267  4.779900E+00
       268  1.088291E+02
       269  6.242747E+01
       270  2.979473E+01
       271  1.056438E+01
       272  4.761521E+00
       273  8.901553E+00
       274  1.428591E+01
       275  8.844686E+00
       276  1.415576E+01
       277  8.911234E+00
       278  1.428829E+01
       279  9.054684E+00
       280  1.437836E+01
       281  2.633275E+00
       282  4.181822E+00
       283  2.632389E+00
       284  4.182476E+00
       285  9.043470E+00
       286  1.438479E+01
       287  8.905849E+00
       288  1.429402E+01
       289  8.841328E+00
       290  1.416012E+01
       291  8.901199E+00
       292  1.428941E+01
       293  9.391706E+01
       294  5.378843E+01
       295  2.549160E+01
       296  9.025382E+00
       297  4.302138E+00
       298  9.392536E+01
       299  5.378629E+01
       300  2.548219E+01
       301  9.011663E+00
       302  4.282167E+00
       303  7.306751E+00
       304  1.151527E+01
       305  7.633795E+00
       306  1.221950E+01
       307  7.748483E+00
       308  1.242252E+01
       309  7.876707E+00
       310  1.246030E+01
       311  2.399145E+00
       312  3.789600E+00
       313  2.398176E+00
       314  3.790365E+00
       315  7.865753E+00
       316  1.246794E+01
       317  7.744598E+00
       318  1.243074E+01
       319  7.633210E+00
       320  1.222798E+01
       321  7.308378E+00
       322  1.152205E+01
       323  7.983322E+01
       324  4.553686E+01
       325  2.150765E+01
       326  7.626275E+00
       327  3.853581E+00
       328  7.983889E+01
       329  4.553256E+01
       330  2.149651E+01
       331  7.611177E+00
       332  3.832218E+00
       333  5.292159E-01
       334  7.761968E-01
       335  7.359881E-01
       336  9.561507E-01
       337  4.819817E-01
       338  6.575402E-01
       339  7.043468E-01
       340  8.790381E-01
       341  1.113178E+00
       342  1.544845E+00
       343  1.252415E+00
       344  1.624210E+00
       345  8.854041E-01
       346  1.158828E+00
       347  1.121831E+00
       348  1.431426E+00
       349  6.841455E+00
       350  1.097539E+01
       351  6.715686E+00
       352  1.073520E+01
       353  6.787644E+00
       354  1.066190E+01
       355  2.159411E+00
       356  3.388460E+00
       357  2.158370E+00
       358  3.389306E+00
       359  6.776566E+00
       360  1.067001E+01
       361  6.712057E+00
       362  1.074431E+01
       363  6.841960E+00
       364  1.098621E+01
       365  7.364910E-01
       366  9.565754E-01
       367  5.295345E-01
       368  7.759308E-01
       369  7.033845E-01
       370  8.793644E-01
       371  4.810577E-01
       372  6.578683E-01
       373  1.253126E+00
       374  1.625591E+00
       375  1.113494E+00
       376  1.546540E+00
       377  1.122706E+00
       378  1.432069E+00
       379  8.860554E-01
       380  1.158967E+00
       381  6.666625E+01
       382  3.789940E+01
       383  1.782520E+01
       384  6.352671E+00
       385  3.426891E+00
       386  6.667004E+01
       387  3.789338E+01
       388  1.781262E+01
       389  6.336349E+00
       390  3.404227E+00
       391  4.242461E-01
       392  6.136664E-01
       393  6.257791E-01
       394  7.938061E-01
       395  4.029467E-01
       396  5.533662E-01
       397  5.534263E-01
       398  7.036627E-01
       399  8.463540E-01
       400  1.125305E+00
       401  1.016515E+00
       402  1.297827E+00
       403  7.477849E-01
       404  9.862794E-01
       405  9.077994E-01
       406  1.155686E+00
       407  5.673218E+00
       408  9.046066E+00
       409  5.665537E+00
       410  8.989577E+00
       411  5.734212E+00
       412  8.928029E+00
       413  1.913649E+00
       414  2.982336E+00
       415  1.912537E+00
       416  2.983220E+00
       417  5.722660E+00
       418  8.935799E+00
       419  5.661469E+00
       420  8.998378E+00
       421  5.671956E+00
       422  9.054871E+00
       423  6.261078E-01
       424  7.942858E-01
       425  4.246624E-01
       426  6.136115E-01
       427  5.525280E-01
       428  7.039823E-01
       429  4.021114E-01
       430  5.536084E-01
       431  1.017469E+00
       432  1.299603E+00
       433  8.467043E-01
       434  1.126920E+00
       435  9.086157E-01
       436  1.156281E+00
       437  7.484042E-01
       438  9.865861E-01
       439  5.450534E+01
       440  3.087754E+01
       441  1.447620E+01
       442  5.206828E+00
       443  3.021378E+00
       444  5.450775E+01
       445  3.087021E+01
       446  1.446246E+01
       447  5.189480E+00
       448  2.997635E+00
       449  3.632968E-01
       450  5.134407E-01
       451  4.992277E-01
       452  6.365339E-01
       453  3.474232E-01
       454  4.665142E-01
       455  4.596570E-01
       456  5.813774E-01
       457  6.900525E-01
       458  8.931211E-01
       459  8.084541E-01
       460  1.014672E+00
       461  6.159641E-01
       462  7.918359E-01
       463  7.227751E-01
       464  9.029939E-01
       465  4.599090E+00
       466  7.108103E+00
       467  4.599830E+00
       468  7.195933E+00
       469  4.730288E+00
       470  7.248822E+00
       471  1.668825E+00
       472  2.568298E+00
       473  1.667632E+00
       474  2.569283E+00
       475  4.718567E+00
       476  7.256466E+00
       477  4.595442E+00
       478  7.204182E+00
       479  4.597541E+00
       480  7.116403E+00
       481  4.993717E-01
       482  6.369348E-01
       483  3.634806E-01
       484  5.132379E-01
       485  4.590344E-01
       486  5.817212E-01
       487  3.467803E-01
       488  4.668528E-01
       489  8.093165E-01
       490  1.016191E+00
       491  6.902152E-01
       492  8.944028E-01
       493  7.235505E-01
       494  9.035137E-01
       495  6.166569E-01
       496  7.922648E-01
       497  4.344643E+01
       498  2.452619E+01
       499  1.147591E+01
       500  4.196267E+00
       501  2.633907E+00
       502  4.344781E+01
       503  2.451776E+01
       504  1.146112E+01
       505  4.177955E+00
       506  2.609148E+00
       507  3.045417E-01
       508  4.195777E-01
       509  4.079430E-01
       510  5.098956E-01
       511  2.821726E-01
       512  3.638839E-01
       513  3.408052E-01
       514  4.245721E-01
       515  5.532361E-01
       516  7.079652E-01
       517  6.345894E-01
       518  7.921429E-01
       519  4.601748E-01
       520  5.657700E-01
       521  5.101309E-01
       522  5.994375E-01
       523  3.543966E+00
       524  6.600692E-01
       525  8.113396E-01
       526  6.486880E-01
       527  8.018419E-01
       528  5.562573E-01
       529  6.388638E-01
       530  5.928439E-01
       531  7.220501E-01
       532  3.667105E+00
       533  5.753157E+00
       534  3.810179E+00
       535  6.766426E-01
       536  8.334081E-01
       537  6.917728E-01
       538  8.441154E-01
       539  6.159046E-01
       540  7.545738E-01
       541  6.039028E-01
       542  7.408536E-01
       543  1.426296E+00
       544  2.174037E+00
       545  1.424990E+00
       546  2.175198E+00
       547  3.798884E+00
       548  6.919285E-01
       549  8.449521E-01
       550  6.771894E-01
       551  8.349490E-01
       552  6.047148E-01
       553  7.424375E-01
       554  6.166097E-01
       555  7.561504E-01
       556  3.663706E+00
       557  5.762319E+00
       558  3.543273E+00
       559  6.494439E-01
       560  8.030876E-01
       561  6.609548E-01
       562  8.128866E-01
       563  5.935880E-01
       564  7.235509E-01
       565  5.569416E-01
       566  6.398649E-01
       567  4.081142E-01
       568  5.102199E-01
       569  3.046923E-01
       570  4.193669E-01
       571  3.402780E-01
       572  4.247973E-01
       573  2.818126E-01
       574  3.642164E-01
       575  6.354178E-01
       576  7.940174E-01
       577  5.534002E-01
       578  7.092437E-01
       579  5.106673E-01
       580  5.998392E-01
       581  4.607648E-01
       582  5.661743E-01
       583  3.349537E+01
       584  1.885111E+01
       585  8.835697E+00
       586  3.330759E+00
       587  2.281587E+00
       588  3.349593E+01
       589  1.884156E+01
       590  8.819722E+00
       591  3.311330E+00
       592  2.255705E+00
       593  2.295560E-01
       594  3.376497E-01
       595  2.448907E-01
       596  3.492529E-01
       597  2.055288E-01
       598  2.889014E-01
       599  2.095643E-01
       600  2.876823E-01
       601  4.757442E-01
       602  6.470483E-01
       603  4.911977E-01
       604  6.735098E-01
       605  3.907754E-01
       606  5.123061E-01
       607  3.831843E-01
       608  4.944120E-01
       609  2.549801E-01
       610  3.633615E-01
       611  3.303761E-01
       612  4.259516E-01
       613  2.297275E-01
       614  3.059404E-01
       615  3.097668E-01
       616  3.854343E-01
       617  5.179753E-01
       618  6.952120E-01
       619  5.543368E-01
       620  7.050404E-01
       621  3.943427E-01
       622  4.905822E-01
       623  4.820005E-01
       624  5.944881E-01
       625  2.941362E+00
       626  4.610902E+00
       627  3.019323E+00
       628  5.418076E-01
       629  6.636376E-01
       630  5.518518E-01
       631  6.703471E-01
       632  4.799274E-01
       633  5.848168E-01
       634  4.683712E-01
       635  5.702211E-01
       636  1.192095E+00
       637  1.792054E+00
       638  1.190736E+00
       639  1.793153E+00
       640  3.008166E+00
       641  5.520823E-01
       642  6.713938E-01
       643  5.423752E-01
       644  6.651764E-01
       645  4.691301E-01
       646  5.716785E-01
       647  4.806233E-01
       648  5.863339E-01
       649  2.938342E+00
       650  4.620089E+00
       651  3.301354E-01
       652  4.261182E-01
       653  2.551766E-01
       654  3.635223E-01
       655  3.088781E-01
       656  3.855551E-01
       657  2.285357E-01
       658  3.058545E-01
       659  5.552336E-01
       660  7.070186E-01
       661  5.188073E-01
       662  6.974219E-01
       663  4.827054E-01
       664  5.954485E-01
       665  3.947908E-01
       666  4.909514E-01
       667  2.453336E-01
       668  3.494659E-01
       669  2.298993E-01
       670  3.380365E-01
       671  2.086837E-01
       672  2.876675E-01
       673  2.050524E-01
       674  2.887379E-01
       675  4.919725E-01
       676  6.755964E-01
       677  4.765554E-01
       678  6.486851E-01
       679  3.836111E-01
       680  4.948639E-01
       681  3.909560E-01
       682  5.128670E-01
       683  2.458840E+01
       684  1.382920E+01
       685  6.547758E+00
       686  2.614740E+00
       687  1.976419E+00
       688  2.458816E+01
       689  1.381829E+01
       690  6.530237E+00
       691  2.593812E+00
       692  1.948999E+00
       693  1.785569E-01
       694  2.476607E-01
       695  1.795653E-01
       696  2.489381E-01
       697  1.575070E-01
       698  2.134478E-01
       699  1.610668E-01
       700  2.132430E-01
       701  3.295040E-01
       702  4.230505E-01
       703  3.328782E-01
       704  4.314419E-01
       705  2.801544E-01
       706  3.581242E-01
       707  2.778406E-01
       708  3.552769E-01
       709  1.883248E-01
       710  2.629177E-01
       711  2.558055E-01
       712  3.217850E-01
       713  1.713910E-01
       714  2.236644E-01
       715  2.210537E-01
       716  2.752742E-01
       717  3.493018E-01
       718  4.512001E-01
       719  4.013749E-01
       720  4.987768E-01
       721  2.864834E-01
       722  3.571179E-01
       723  3.437303E-01
       724  4.221198E-01
       725  2.183986E+00
       726  3.362606E+00
       727  2.289077E+00
       728  4.072145E-01
       729  4.958515E-01
       730  4.147644E-01
       731  5.008256E-01
       732  3.505886E-01
       733  4.241855E-01
       734  3.429690E-01
       735  4.141917E-01
       736  9.557589E-01
       737  1.409064E+00
       738  9.542556E-01
       739  1.410251E+00
       740  2.277275E+00
       741  4.150179E-01
       742  5.017885E-01
       743  4.077535E-01
       744  4.972371E-01
       745  3.436850E-01
       746  4.155069E-01
       747  3.512545E-01
       748  4.255497E-01
       749  2.179895E+00
       750  3.370342E+00
       751  2.553742E-01
       752  3.218831E-01
       753  1.880753E-01
       754  2.629383E-01
       755  2.200935E-01
       756  2.752933E-01
       757  1.702738E-01
       758  2.235653E-01
       759  4.021125E-01
       760  5.002395E-01
       761  3.498583E-01
       762  4.525692E-01
       763  3.443177E-01
       764  4.229664E-01
       765  2.869032E-01
       766  3.575462E-01
       767  1.793188E-01
       768  2.489883E-01
       769  1.785128E-01
       770  2.477972E-01
       771  1.602105E-01
       772  2.132101E-01
       773  1.570745E-01
       774  2.133415E-01
       775  3.333693E-01
       776  4.325214E-01
       777  3.299741E-01
       778  4.240151E-01
       779  2.782331E-01
       780  3.557025E-01
       781  2.803698E-01
       782  3.586673E-01
       783  1.680557E+01
       784  9.485452E+00
       785  4.594168E+00
       786  2.012191E+00
       787  1.681883E+00
       788  1.680427E+01
       789  9.473150E+00
       790  4.575152E+00
       791  1.989804E+00
       792  1.653097E+00
       793  1.309364E-01
       794  1.772928E-01
       795  1.311945E-01
       796  1.779026E-01
       797  1.108081E-01
       798  1.467403E-01
       799  1.134758E-01
       800  1.470830E-01
       801  2.313887E-01
       802  2.925500E-01
       803  2.329421E-01
       804  2.957795E-01
       805  1.891207E-01
       806  2.382170E-01
       807  1.881084E-01
       808  2.368818E-01
       809  1.361975E-01
       810  1.862462E-01
       811  1.757676E-01
       812  2.195771E-01
       813  1.207659E-01
       814  1.552471E-01
       815  1.531667E-01
       816  1.886572E-01
       817  2.421630E-01
       818  3.061159E-01
       819  2.709615E-01
       820  3.330917E-01
       821  1.955532E-01
       822  2.397085E-01
       823  2.331992E-01
       824  2.839488E-01
       825  1.497765E+00
       826  2.268871E+00
       827  1.614029E+00
       828  2.811030E-01
       829  3.403378E-01
       830  2.889142E-01
       831  3.465116E-01
       832  2.373494E-01
       833  2.854400E-01
       834  2.319959E-01
       835  2.782947E-01
       836  7.219073E-01
       837  1.027039E+00
       838  7.203718E-01
       839  1.028061E+00
       840  1.602764E+00
       841  2.892063E-01
       842  3.474568E-01
       843  2.816144E-01
       844  3.416185E-01
       845  2.325553E-01
       846  2.793785E-01
       847  2.379418E-01
       848  2.867349E-01
       849  1.494125E+00
       850  2.276365E+00
       851  1.752733E-01
       852  2.196021E-01
       853  1.359374E-01
       854  1.862620E-01
       855  1.523645E-01
       856  1.887091E-01
       857  1.198531E-01
       858  1.551685E-01
       859  2.716667E-01
       860  3.345251E-01
       861  2.426679E-01
       862  3.073200E-01
       863  2.337960E-01
       864  2.848425E-01
       865  1.959271E-01
       866  2.401430E-01
       867  1.310113E-01
       868  1.779463E-01
       869  1.309144E-01
       870  1.773979E-01
       871  1.128068E-01
       872  1.470843E-01
       873  1.105280E-01
       874  1.467244E-01
       875  2.333735E-01
       876  2.967673E-01
       877  2.317736E-01
       878  2.933762E-01
       879  1.884476E-01
       880  2.372323E-01
       881  1.893340E-01
       882  2.386257E-01
       883  1.040850E+01
       884  5.921681E+00
       885  2.997906E+00
       886  1.513846E+00
       887  1.395172E+00
       888  1.040556E+01
       889  5.908010E+00
       890  2.977730E+00
       891  1.490347E+00
       892  1.365270E+00
       893  8.692993E-02
       894  1.160652E-01
       895  8.680223E-02
       896  1.163726E-01
       897  6.905374E-02
       898  9.000356E-02
       899  7.075002E-02
       900  9.053332E-02
       901  1.498539E-01
       902  1.877665E-01
       903  1.508888E-01
       904  1.900660E-01
       905  1.144787E-01
       906  1.426537E-01
       907  1.141528E-01
       908  1.417507E-01
       909  8.973450E-02
       910  1.217455E-01
       911  1.137112E-01
       912  1.404997E-01
       913  7.569436E-02
       914  9.624912E-02
       915  9.538344E-02
       916  1.167732E-01
       917  1.567357E-01
       918  1.965227E-01
       919  1.720069E-01
       920  2.104606E-01
       921  1.196630E-01
       922  1.443358E-01
       923  1.433473E-01
       924  1.735111E-01
       925  9.392665E-01
       926  1.412954E+00
       927  1.047191E+00
       928  1.782626E-01
       929  2.143134E-01
       930  1.838211E-01
       931  2.179940E-01
       932  1.458572E-01
       933  1.744768E-01
       934  1.419349E-01
       935  1.687161E-01
       936  5.044569E-01
       937  6.797498E-01
       938  5.026378E-01
       939  6.815645E-01
       940  1.035302E+00
       941  1.841426E-01
       942  2.190411E-01
       943  1.787706E-01
       944  2.156163E-01
       945  1.426946E-01
       946  1.701681E-01
       947  1.464062E-01
       948  1.756291E-01
       949  9.353451E-01
       950  1.419204E+00
       951  1.133998E-01
       952  1.405960E-01
       953  8.948508E-02
       954  1.217158E-01
       955  9.470789E-02
       956  1.166415E-01
       957  7.498561E-02
       958  9.616144E-02
       959  1.724548E-01
       960  2.114340E-01
       961  1.571642E-01
       962  1.976826E-01
       963  1.436230E-01
       964  1.742265E-01
       965  1.199827E-01
       966  1.448184E-01
       967  8.666293E-02
       968  1.163928E-01
       969  8.693569E-02
       970  1.161748E-01
       971  7.016460E-02
       972  9.045723E-02
       973  6.866692E-02
       974  8.986056E-02
       975  1.512805E-01
       976  1.910382E-01
       977  1.502221E-01
       978  1.885543E-01
       979  1.144176E-01
       980  1.422038E-01
       981  1.145913E-01
       982  1.430757E-01
       983  5.434623E+00
       984  3.223846E+00
       985  1.863048E+00
       986  1.181038E+00
       987  1.152402E+00
       988  5.428967E+00
       989  3.207976E+00
       990  1.841394E+00
       991  1.156406E+00
       992  1.120985E+00
       993  4.898731E-02
       994  6.549070E-02
       995  4.877053E-02
       996  6.557591E-02
       997  3.387135E-02
       998  4.613858E-02
       999  3.545615E-02
      1000  4.688062E-02
      1001  8.474206E-02
      1002  1.064402E-01
      1003  8.522188E-02
      1004  1.074898E-01
      1005  6.120230E-02
      1006  7.935540E-02
      1007  6.121190E-02
      1008  7.860474E-02
      1009  5.046249E-02
      1010  6.854586E-02
      1011  6.291413E-02
      1012  7.740453E-02
      1013  3.986074E-02
      1014  5.153785E-02
      1015  5.453760E-02
      1016  6.475260E-02
      1017  8.814561E-02
      1018  1.103664E-01
      1019  9.493730E-02
      1020  1.163206E-01
      1021  6.528532E-02
      1022  8.036911E-02
      1023  7.859182E-02
      1024  9.623728E-02
      1025  5.092826E-01
      1026  7.568918E-01
      1027  6.832690E-02
      1028  8.347752E-02
      1029  1.002867E-01
      1030  1.036332E-01
      1031  5.566216E-02
      1032  6.541584E-02
      1033  7.149189E-02
      1034  6.158671E-02
      1035  1.016051E-01
      1036  1.184488E-01
      1037  1.031971E-01
      1038  1.200417E-01
      1039  7.703541E-02
      1040  9.272936E-02
      1041  7.231303E-02
      1042  8.770192E-02
      1043  3.260482E-01
      1044  3.877739E-01
      1045  3.238831E-01
      1046  3.875091E-01
      1047  9.703814E-02
      1048  1.023072E-01
      1049  6.675693E-02
      1050  8.281418E-02
      1051  6.881851E-02
      1052  6.146478E-02
      1053  5.458025E-02
      1054  6.494749E-02
      1055  1.033074E-01
      1056  1.206262E-01
      1057  1.016692E-01
      1058  1.192933E-01
      1059  7.224627E-02
      1060  8.736986E-02
      1061  7.725517E-02
      1062  9.376227E-02
      1063  5.046335E-01
      1064  7.624383E-01
      1065  6.222219E-02
      1066  7.699282E-02
      1067  5.040945E-02
      1068  6.854565E-02
      1069  5.338795E-02
      1070  6.448322E-02
      1071  3.905674E-02
      1072  5.124029E-02
      1073  9.540187E-02
      1074  1.175866E-01
      1075  8.832997E-02
      1076  1.108184E-01
      1077  7.880722E-02
      1078  9.586584E-02
      1079  6.510834E-02
      1080  7.991328E-02
      1081  4.887466E-02
      1082  6.560175E-02
      1083  4.914874E-02
      1084  6.554303E-02
      1085  3.509568E-02
      1086  4.684860E-02
      1087  3.406610E-02
      1088  4.635700E-02
      1089  8.527005E-02
      1090  1.077149E-01
      1091  8.472179E-02
      1092  1.063919E-01
      1093  6.108789E-02
      1094  7.791184E-02
      1095  6.118732E-02
      1096  7.873731E-02
      1097  1.801813E+00
      1098  1.412106E+00
      1099  1.228474E+00
      1100  1.098170E+00
      1101  1.001989E+00
      1102  1.793380E+00
      1103  1.394452E+00
      1104  1.205131E+00
      1105  1.071478E+00
      1106  9.693514E-01
      1107  1.918292E-02
      1108  2.880263E-02
      1109  1.988681E-02
      1110  2.924633E-02
      1111  1.582617E-02
      1112  1.932458E-02
      1113  2.318272E-02
      1114  2.200239E-02
      1115  4.092302E-02
      1116  5.577494E-02
      1117  4.094929E-02
      1118  5.492606E-02
      1119  2.968486E-02
      1120  4.697320E-02
      1121  3.051872E-02
      1122  4.838432E-02
      1123  2.265649E-02
      1124  3.264573E-02
      1125  3.527942E-02
      1126  3.987111E-02
      1127  2.884769E-02
      1128  2.914791E-02
      1129  4.312344E-02
      1130  4.397408E-02
      1131  4.324605E-02
      1132  5.495782E-02
      1133  4.913297E-02
      1134  6.254523E-02
      1135  3.629185E-02
      1136  4.842602E-02
      1137  5.195019E-02
      1138  6.787084E-02
      1139  3.152332E-01
      1140  4.078456E-01
      1141  3.595803E-02
      1142  4.000697E-02
      1143  6.529602E-02
      1144  5.464217E-02
      1145  4.418350E-02
      1146  3.926501E-02
      1147  4.322533E-02
      1148  3.174281E-02
      1149  4.508735E-02
      1150  5.195038E-02
      1151  4.466612E-02
      1152  5.164546E-02
      1153  3.773142E-02
      1154  4.369852E-02
      1155  3.108657E-02
      1156  3.534798E-02
      1157  1.768436E-01
      1158  1.779053E-01
      1159  1.742975E-01
      1160  1.851320E-01
      1161  6.158062E-02
      1162  5.332105E-02
      1163  3.450807E-02
      1164  3.985954E-02
      1165  4.018916E-02
      1166  3.067108E-02
      1167  4.186038E-02
      1168  3.887221E-02
      1169  4.552498E-02
      1170  5.348152E-02
      1171  4.570554E-02
      1172  5.372793E-02
      1173  3.359510E-02
      1174  3.980634E-02
      1175  3.871549E-02
      1176  4.322679E-02
      1177  3.073957E-01
      1178  4.290503E-02
      1179  5.303527E-02
      1180  4.493191E-02
      1181  5.550541E-02
      1182  4.651713E-02
      1183  5.518196E-02
      1184  5.298756E-02
      1185  6.227849E-02
      1186  3.463989E-02
      1187  4.017918E-02
      1188  2.128711E-02
      1189  3.155354E-02
      1190  4.261043E-02
      1191  4.422215E-02
      1192  2.708025E-02
      1193  2.775314E-02
      1194  4.743648E-02
      1195  5.938179E-02
      1196  4.252976E-02
      1197  5.549308E-02
      1198  5.062069E-02
      1199  6.375065E-02
      1200  3.510612E-02
      1201  4.831284E-02
      1202  1.902111E-02
      1203  2.865805E-02
      1204  1.863560E-02
      1205  2.820073E-02
      1206  2.184703E-02
      1207  2.134245E-02
      1208  1.556191E-02
      1209  1.920516E-02
      1210  4.090337E-02
      1211  5.564640E-02
      1212  4.065854E-02
      1213  5.631283E-02
      1214  3.042753E-02
      1215  4.880970E-02
      1216  2.983977E-02
      1217  4.766717E-02
      1218  1.893174E-01
      1219  3.164479E-01
      1220  5.484703E-01
      1221  8.973679E-01
      1222  1.298279E+00
      1223  1.860078E-01
      1224  3.064965E-01
      1225  5.311145E-01
      1226  8.711678E-01
      1227  1.245758E+00
      1228  2.032245E-02
      1229  2.323271E-02
      1230  3.273911E-02
      1231  1.875745E-02
      1232  2.983425E-02
      1233  4.305161E-02
      1234  6.125387E-02
      1235  2.348584E-02
      1236  2.968248E-02
      1237  4.090782E-02
      1238  2.334622E-02
      1239  4.672149E-02
      1240  5.130580E-02
      1241  5.231340E-02
      1242  2.238032E-02
      1243  5.895781E-02
      1244  4.322797E-02
      1245  2.308697E-02
      1246  7.110754E-02
      1247  3.197462E-02
      1248  8.107720E-02
      1249  3.526080E-02
      1250  1.066266E-01
      1251  4.724371E-02
      1252  2.415421E-02
      1253  4.809196E-02
      1254  2.840854E-02
      1255  5.961974E-02
      1256  3.070745E-02
      1257  6.965530E-02
      1258  4.475666E-02
      1259  9.992059E-02
      1260  4.971956E-01
      1261  4.513320E-01
      1262  1.205937E+00
      1263  2.106317E-02
      1264  4.891249E-02
      1265  2.775351E-02
      1266  6.360982E-02
      1267  6.190358E-02
      1268  1.870293E-01
      1269  1.386745E-01
      1270  2.929733E-01
      1271  1.428153E-01
      1272  1.334709E-02
      1273  4.458487E-02
      1274  1.326810E-02
      1275  4.125879E-02
      1276  8.085744E-02
      1277  2.472010E-01
      1278  6.705241E-02
      1279  2.361744E-01
      1280  1.423392E-01
      1281  7.289235E-01
      1282  1.178833E+00
      1283  2.469681E-02
      1284  6.092249E-02
      1285  1.998496E-02
      1286  4.827066E-02
      1287  1.228854E-01
      1288  3.100235E-01
      1289  6.358476E-02
      1290  1.909187E-01
      1291  4.934124E-01
      1292  4.535592E-01
      1293  6.894994E-02
      1294  3.134925E-02
      1295  4.124473E-02
      1296  2.235416E-02
      1297  1.036810E-01
      1298  4.606269E-02
      1299  7.823378E-02
      1300  3.495563E-02
      1301  2.678919E-02
      1302  5.341692E-02
      1303  2.330947E-02
      1304  4.596660E-02
      1305  4.524110E-02
      1306  1.007774E-01
      1307  3.091643E-02
      1308  6.765597E-02
      1309  3.136667E-02
      1310  1.835860E-02
      1311  1.957305E-02
      1312  2.258015E-02
      1313  5.892612E-02
      1314  2.311363E-02
      1315  2.872652E-02
      1316  4.153318E-02
      1317  2.295300E-02
      1318  4.535408E-02
      1319  2.908741E-02
      1320  4.026507E-02
      1321  2.202476E-02
      1322  5.676566E-02
      1323  4.977308E-02
      1324  5.115995E-02
