
                        S T E P       1


                                INCREMENT     1


 displacements (vx,vy,vz) for set TIP_TOP and time  0.1000000E+01

       887  1.033437E-01 -1.969739E-03 -3.569884E+00
       888  1.033183E-01 -1.940109E-03 -3.565492E+00
       891  1.032592E-01 -1.838919E-03 -3.561235E+00
       894  1.032790E-01 -1.547264E-03 -3.557388E+00
       896  1.033048E-01 -5.690069E-04 -3.554984E+00
       898  1.033277E-01 -3.670277E-05 -3.554858E+00
       900  1.033052E-01  4.956013E-04 -3.554987E+00
       903  1.032806E-01  1.473858E-03 -3.557398E+00
       906  1.032620E-01  1.765514E-03 -3.561254E+00
       909  1.033222E-01  1.866703E-03 -3.565518E+00
       912  1.033487E-01  1.896334E-03 -3.569918E+00
      2707  1.033203E-01 -2.953623E-04 -3.554900E+00
      2720  1.033206E-01  2.219567E-04 -3.554901E+00
      3634  1.032534E-01 -1.146610E-03 -3.555942E+00
      3643  1.032544E-01  1.073205E-03 -3.555948E+00

 forces (fx,fy,fz) for set CLAMP and time  0.1000000E+01

         1  6.117263E+02  1.090490E+03  4.217107E+02
         4  9.601684E+02  9.369562E-03  8.351120E+02
         5  2.043518E+03  5.598643E+03 -3.142079E+01
         8  3.248050E+03  1.439309E-01 -5.606736E+01
         9  1.377735E+03  3.757157E+03 -1.053560E+02
        12  2.177922E+03  3.028690E-01 -1.989547E+02
        13  8.365755E+02  2.086152E+03 -9.127749E+01
        16  1.271229E+03 -2.599341E+00 -2.108640E+02
        17  2.789004E+02  3.898428E+02 -3.011004E+01
        20  3.840739E+02  2.416636E+01 -7.226514E+01
        21  1.172086E+03 -2.901257E+02 -2.262680E+02
        24 -3.078770E+02  4.491344E+00  7.160701E+00
        26  6.115606E+02 -1.090405E+03  4.216875E+02
        28  2.043141E+03 -5.598590E+03 -3.131345E+01
        30  1.378969E+03 -3.757374E+03 -1.053102E+02
        32  8.438309E+02 -2.097774E+03 -1.053309E+02
        34  3.166275E+02 -4.275285E+02 -1.347217E+01
        36  1.171506E+03  2.885332E+02 -2.419168E+02
        37 -9.053143E+01 -1.296371E+03 -3.532985E+03
        40  1.665359E+03 -2.412933E+01 -6.506725E+03
        41 -2.747111E+03 -2.895192E+03 -3.887508E+02
        44 -3.938230E+03 -3.162388E+02 -9.519375E+02
        45 -3.362445E+03 -1.600158E+03  3.842819E+03
        48 -6.536359E+03 -2.939812E+02  7.574748E+03
        50  3.094166E+03 -4.416362E+01 -6.053029E+03
        52 -4.011186E+03 -3.516295E+02 -1.204425E+03
        54 -7.630495E+03 -2.711765E+02  7.619306E+03
        56  3.013769E+03  9.000634E+02 -3.700932E+03
        58 -1.532281E+03  6.318680E+02 -3.488734E+03
        60 -8.475594E+03 -1.736546E+02  7.787128E+03
        62  4.541556E+02  1.105109E+03 -4.203975E+03
        64 -4.883673E+03  1.139170E+03  4.394042E+03
        66 -3.607974E+02  2.042154E-01  5.227762E+01
        68 -1.159857E+03  6.590091E-01  9.490310E+02
        70  6.138405E+02 -1.107169E+03 -4.189871E+03
        72 -5.041880E+03 -1.149489E+03  4.417991E+03
        74  3.005528E+03 -8.924831E+02 -3.703986E+03
        76 -1.466427E+03 -6.417791E+02 -3.473109E+03
        78 -8.520548E+03  1.805067E+02  7.792256E+03
        80  3.078345E+03  4.487629E+01 -6.054615E+03
        82 -4.008969E+03  3.499196E+02 -1.205303E+03
        84 -7.612244E+03  2.688768E+02  7.613360E+03
        86  1.658864E+03  2.517343E+01 -6.508965E+03
        88 -3.938827E+03  3.169232E+02 -9.519153E+02
        90 -6.530871E+03  2.936892E+02  7.574423E+03
        92 -9.205168E+01  1.297331E+03 -3.533976E+03
        94 -2.749363E+03  2.896408E+03 -3.882819E+02
        96 -3.363198E+03  1.600447E+03  3.843729E+03
       913  1.805711E+03  4.268415E+03  8.224611E+02
       914  9.589457E+02  1.115842E+01  8.367282E+02
       915  2.960430E+03  4.998176E+01  1.838681E+03
       916  3.260731E+03  2.730082E+01 -5.846687E+01
       917  2.945948E+03 -2.597773E-02  1.846269E+03
       932  1.704980E+03  4.640052E+03 -5.936424E+01
       933  2.706483E+03  2.069405E+01 -1.131891E+02
       934  2.187782E+03  1.323494E+01 -2.034087E+02
       935  2.695351E+03  6.119596E-01 -1.097172E+02
       946  9.589354E+02 -1.114527E+01  8.367067E+02
       947  2.960598E+03 -5.000220E+01  1.838682E+03
       948  3.260924E+03 -2.696389E+01 -5.830756E+01
       949  1.805422E+03 -4.268275E+03  8.224328E+02
       960  2.707469E+03 -1.946167E+01 -1.126370E+02
       961  2.189458E+03 -1.229385E+01 -2.033454E+02
       962  1.704979E+03 -4.640128E+03 -5.897364E+01
      1358  7.954466E+02  1.978344E+03  4.678319E+01
      1359  9.583435E+02  1.505384E+01  8.396436E+02
      1360  1.140776E+03  2.158818E+01  1.014554E+02
      1361  2.095221E+02  3.854042E+01 -6.460502E+02
      1362  1.136600E+03  1.682676E+01  1.097406E+02
      1377  9.598112E+02  5.883162E+00  8.353721E+02
      1378  1.134279E+03  8.983820E+00  1.139072E+02
      1379  1.946600E+02  1.565768E+01 -6.168785E+02
      1380  1.133568E+03  1.369337E-02  1.154477E+02
      1463  1.101785E+03  2.914707E+03 -4.473642E+01
      1464  1.709770E+03  1.098023E+01 -7.885060E+01
      1465  1.275750E+03  2.350522E+01 -2.233656E+02
      1466  1.707242E+03  8.200080E+00 -1.037582E+02
      1473  9.598069E+02 -5.865591E+00  8.353619E+02
      1474  1.134259E+03 -8.957254E+00  1.139115E+02
      1475  1.946337E+02 -1.569006E+01 -6.168661E+02
      1476  1.136557E+03 -1.680555E+01  1.097501E+02
      1487  9.583251E+02 -1.504828E+01  8.396082E+02
      1488  1.140710E+03 -2.157655E+01  1.014715E+02
      1489  2.094404E+02 -3.856261E+01 -6.460248E+02
      1490  7.951129E+02 -1.978170E+03  4.679392E+01
      1561  1.715211E+03 -1.200128E+01 -9.584954E+01
      1562  1.273742E+03 -1.382753E+01 -2.065502E+02
      1563  1.108180E+03 -2.920261E+03 -5.054816E+01
      2078  5.489416E+02  1.223308E+03 -6.609760E+01
      2079  8.075843E+02  1.927025E+01 -1.828182E+02
      2080  3.847614E+02  4.251903E+01 -8.350957E+01
      2081  8.054462E+02 -2.245353E+00 -1.608719E+02
      2088 -1.571883E+02 -1.786694E+02 -1.432072E+02
      2089 -1.741852E+02 -1.444938E+02 -1.216498E+02
      2090  8.116803E+01 -2.672427E+02  5.548442E+01
      2091 -7.096004E+01  2.981217E+01 -6.296596E+01
      2138  8.069496E+02 -1.388018E+01 -1.643056E+02
      2139  4.005867E+02 -1.282130E+01 -3.885858E+01
      2140  5.631279E+02 -1.233863E+03 -8.418038E+01
      2147 -2.252421E+02  1.619778E+02 -2.662889E+02
      2148  7.581016E+01  2.440763E+02  4.442882E+01
      2149 -1.567771E+02  1.440942E+02 -1.705140E+02
      2764 -4.560578E+02 -1.647929E+01  7.146361E+01
      2765 -2.528440E+02 -6.587705E+00  5.807998E+01
      2766 -3.623050E+02  1.389615E+01  5.994023E+01
      2767 -2.584935E+02 -1.048984E-01  6.441635E+01
      2774 -2.523560E+02  3.437477E+00  5.610226E+01
      2775 -3.622758E+02 -1.440211E+01  6.067046E+01
      2776 -4.669070E+02  1.221862E+01  8.627820E+01
      3645 -6.365624E+01 -2.090911E+02  4.477514E+01
      3646  1.814494E+02  4.474386E+00  4.561882E+01
      3647 -1.131839E+02 -1.368331E+01  8.968041E+01
      3648 -3.233264E+02 -9.928367E+00  7.762216E+01
      3649 -1.950920E+01  1.941985E+02  3.812778E+01
      3679 -2.252743E+01 -1.942100E+02  3.833064E+01
      3680  1.820702E+02 -4.102289E+00  4.065018E+01
      3681 -1.135985E+02  1.356663E+01  8.950884E+01
      3682 -3.225373E+02  1.037710E+01  8.151271E+01
      3683 -6.250739E+01  2.078126E+02  4.462213E+01
      3707 -5.025479E+02 -7.435947E+02 -3.829559E+01
      3708  1.945450E+03  7.075678E+00 -1.082251E+03
      3709 -8.526228E+02  5.659173E+00  1.203437E+02
      3710 -3.009700E+03  2.278930E+02  1.571347E+03
      3731 -2.464875E+02 -8.551605E+02 -2.627693E+02
      3732 -4.678239E+02  7.430396E+00  6.006926E+01
      3733 -1.171786E+03 -2.163165E+00  9.549043E+02
      3734 -4.690884E+02  8.859122E-01  4.567300E+01
      3751 -4.677867E+02 -5.884267E+00  6.159519E+01
      3752 -1.171239E+03  3.858344E+00  9.538221E+02
      3753 -2.541823E+02  8.563778E+02 -2.581972E+02
      3758  1.948490E+03 -6.339843E+00 -1.097059E+03
      3759 -8.644195E+02 -2.114105E-01  1.380756E+02
      3760 -2.999359E+03 -2.282616E+02  1.566133E+03
      3761 -5.070899E+02  7.439559E+02 -3.499126E+01

 internal energy (element, energy) for set EALL and time  0.1000000E+01

         1  5.367049E+00
         2  4.439701E+00
         3  5.320375E+00
         4  4.400255E+00
         5  4.204843E+00
         6  3.826530E+00
         7  4.260492E+00
         8  3.849999E+00
         9  2.626998E+01
        10  5.289594E+00
        11  4.381671E+00
        12  5.275215E+00
        13  4.373360E+00
        14  4.293813E+00
        15  3.860434E+00
        16  4.308429E+00
        17  3.864806E+00
        18  2.613936E+01
        19  4.399089E+00
        20  4.056783E+00
        21  4.367648E+00
        22  4.062480E+00
        23  4.659912E+00
        24  4.081555E+00
        25  4.668933E+00
        26  4.074152E+00
        27  3.732406E+00
        28  3.318585E+00
        29  3.772689E+00
        30  3.357713E+00
        31  3.569206E+00
        32  3.122668E+00
        33  3.548489E+00
        34  3.102759E+00
        35  4.356740E+00
        36  4.068968E+00
        37  4.353862E+00
        38  4.072844E+00
        39  4.671112E+00
        40  4.069037E+00
        41  4.670505E+00
        42  4.066619E+00
        43  3.794932E+00
        44  3.380352E+00
        45  3.804972E+00
        46  3.390994E+00
        47  3.537095E+00
        48  3.091239E+00
        49  3.532713E+00
        50  3.086564E+00
        51  1.845716E+01
        52  1.256278E+01
        53  1.835439E+01
        54  1.248739E+01
        55  2.872810E+00
        56  2.419250E+00
        57  2.908494E+00
        58  2.449497E+00
        59  2.708648E+00
        60  2.319587E+00
        61  2.691104E+00
        62  2.304669E+00
        63  2.007087E+00
        64  1.627799E+00
        65  2.033124E+00
        66  1.650141E+00
        67  1.948093E+00
        68  1.606062E+00
        69  1.935622E+00
        70  1.595868E+00
        71  2.929496E+00
        72  2.467116E+00
        73  2.939528E+00
        74  2.475600E+00
        75  2.680885E+00
        76  2.295940E+00
        77  2.676624E+00
        78  2.292276E+00
        79  2.048345E+00
        80  1.663294E+00
        81  2.055548E+00
        82  1.669311E+00
        83  1.928408E+00
        84  1.590093E+00
        85  1.925418E+00
        86  1.587884E+00
        87  7.962915E+00
        88  4.586914E+00
        89  7.915776E+00
        90  4.563747E+00
        91  1.306559E+00
        92  1.042879E+00
        93  1.326072E+00
        94  1.053674E+00
        95  1.289480E+00
        96  1.018679E+00
        97  1.281563E+00
        98  1.018208E+00
        99  5.464577E+00
       100  1.337070E+00
       101  1.059631E+00
       102  1.341756E+00
       103  1.061696E+00
       104  1.277636E+00
       105  1.019213E+00
       106  1.276395E+00
       107  1.019740E+00
       108  5.509381E+00
       109  2.217671E+00
       110  9.059014E-01
       111  2.207400E+00
       112  9.058919E-01
       113  2.726659E+00
       114  1.062994E+00
       115  2.742553E+00
       116  1.068884E+00
       117  5.934645E-01
       118  1.427275E-01
       119  2.191495E-01
       120  1.409485E-01
       121  2.133682E-01
       122  1.346716E-01
       123  2.772512E-01
       124  1.268723E-01
       125  1.983103E-01
       126  6.170232E-01
       127  1.194437E+00
       128  5.575451E-01
       129  1.173221E-01
       130  2.509364E-01
       131  1.089797E-01
       132  1.991204E-01
       133  1.117430E-01
       134  2.238842E-01
       135  1.115942E-01
       136  1.971479E-01
       137  7.241096E-02
       138  5.841210E-02
       139  6.368675E-02
       140  5.480826E-02
       141  6.998404E-02
       142  8.120233E-02
       143  6.711454E-02
       144  6.878433E-02
       145  1.035107E-01
       146  1.691453E-01
       147  1.006733E-01
       148  1.622187E-01
       149  1.082311E-01
       150  1.794412E-01
       151  1.007292E-01
       152  1.687916E-01
       153  5.275129E+00
       154  4.373292E+00
       155  5.289334E+00
       156  4.381461E+00
       157  4.308319E+00
       158  3.864714E+00
       159  4.293483E+00
       160  3.860166E+00
       161  2.613867E+01
       162  5.319925E+00
       163  4.399907E+00
       164  5.366382E+00
       165  4.439212E+00
       166  4.259950E+00
       167  3.849557E+00
       168  4.204102E+00
       169  3.825937E+00
       170  2.626795E+01
       171  4.353632E+00
       172  4.072611E+00
       173  4.356050E+00
       174  4.068267E+00
       175  4.670316E+00
       176  4.066429E+00
       177  4.670546E+00
       178  4.068467E+00
       179  3.804714E+00
       180  3.390715E+00
       181  3.794160E+00
       182  3.379512E+00
       183  3.532510E+00
       184  3.086333E+00
       185  3.536488E+00
       186  3.090545E+00
       187  4.366494E+00
       188  4.061305E+00
       189  4.397466E+00
       190  4.055121E+00
       191  4.668018E+00
       192  4.073213E+00
       193  4.658680E+00
       194  4.080263E+00
       195  3.771397E+00
       196  3.356308E+00
       197  3.730592E+00
       198  3.316630E+00
       199  3.547463E+00
       200  3.101562E+00
       201  3.567752E+00
       202  3.120930E+00
       203  1.835444E+01
       204  1.248855E+01
       205  1.845745E+01
       206  1.256667E+01
       207  2.939233E+00
       208  2.475291E+00
       209  2.928623E+00
       210  2.466237E+00
       211  2.676341E+00
       212  2.291912E+00
       213  2.680040E+00
       214  2.294857E+00
       215  2.055216E+00
       216  1.668843E+00
       217  2.047345E+00
       218  1.661747E+00
       219  1.925110E+00
       220  1.587832E+00
       221  1.927504E+00
       222  1.589926E+00
       223  2.907041E+00
       224  2.448043E+00
       225  2.870785E+00
       226  2.417199E+00
       227  2.689643E+00
       228  2.302821E+00
       229  2.706525E+00
       230  2.316942E+00
       231  2.031455E+00
       232  1.647614E+00
       233  2.004770E+00
       234  1.624461E+00
       235  1.933989E+00
       236  1.595242E+00
       237  1.945621E+00
       238  1.604644E+00
       239  7.917522E+00
       240  4.561413E+00
       241  7.966523E+00
       242  4.585850E+00
       243  1.341071E+00
       244  1.061356E+00
       245  1.335259E+00
       246  1.058782E+00
       247  1.276565E+00
       248  1.020287E+00
       249  1.278088E+00
       250  1.020389E+00
       251  5.512029E+00
       252  1.323462E+00
       253  1.052836E+00
       254  1.303341E+00
       255  1.042374E+00
       256  1.281880E+00
       257  1.020038E+00
       258  1.289098E+00
       259  1.020386E+00
       260  5.472713E+00
       261  2.207887E+00
       262  9.055525E-01
       263  2.220275E+00
       264  9.043141E-01
       265  2.738702E+00
       266  1.067708E+00
       267  2.717545E+00
       268  1.056992E+00
       269  6.454977E-01
       270  1.165981E+00
       271  6.483346E-01
       272  1.381849E-01
       273  2.102941E-01
       274  1.392695E-01
       275  2.153231E-01
       276  1.125115E-01
       277  1.843113E-01
       278  1.186565E-01
       279  2.580187E-01
       280  6.149567E-02
       281  5.472742E-02
       282  6.180452E-02
       283  5.596872E-02
       284  6.775669E-02
       285  6.588078E-02
       286  7.112108E-02
       287  6.951661E-02
       288  1.010964E-01
       289  1.622616E-01
       290  1.055931E-01
       291  1.691621E-01
       292  9.788743E-02
       293  1.679581E-01
       294  9.893660E-02
       295  1.770626E-01
       296  6.169896E-02
       297  5.657571E-02
       298  6.045292E-02
       299  5.702734E-02
       300  7.331285E-02
       301  6.842753E-02
       302  7.404752E-02
       303  6.723414E-02
       304  1.155097E-01
       305  2.001340E-01
       306  1.232670E-01
       307  2.544724E-01
       308  9.920479E-02
       309  1.943025E-01
       310  9.998679E-02
       311  2.169120E-01
       312  1.741076E+01
       313  2.454088E+01
       314  1.672317E+01
       315  2.523037E+01
       316  1.728198E+01
       317  2.681940E+01
       318  2.025413E+00
       319  2.656129E+00
       320  1.973127E+00
       321  2.748600E+00
       322  1.752350E+00
       323  2.212018E+00
       324  1.872458E+00
       325  2.482782E+00
       326  2.846173E+01
       327  8.073538E-01
       328  1.130623E+00
       329  7.000233E-01
       330  9.186465E-01
       331  7.441894E-01
       332  1.005758E+00
       333  7.524080E-02
       334  8.474009E-02
       335  7.167193E-02
       336  8.135075E-02
       337  8.359138E-02
       338  9.801798E-02
       339  7.911597E-02
       340  9.507745E-02
       341  8.386931E-01
       342  1.373312E+00
       343  1.581572E+00
       344  1.191495E+00
       345  1.536349E+00
       346  1.154224E+00
       347  1.323256E+00
       348  1.049678E+00
       349  1.278747E+00
       350  7.011122E-01
       351  9.191651E-01
       352  8.061618E-01
       353  1.129993E+00
       354  7.193975E-02
       355  8.139761E-02
       356  7.537170E-02
       357  8.463620E-02
       358  7.922230E-02
       359  9.512805E-02
       360  8.376501E-02
       361  9.820860E-02
       362  8.374345E-01
       363  7.511639E-01
       364  1.009113E+00
       365  1.191763E+00
       366  1.534750E+00
       367  1.379392E+00
       368  1.580306E+00
       369  1.044639E+00
       370  1.275787E+00
       371  1.125694E+00
       372  1.297694E+00
       373  1.972989E+00
       374  2.746671E+00
       375  2.027063E+00
       376  2.652745E+00
       377  1.902226E+00
       378  2.502691E+00
       379  1.765722E+00
       380  2.213624E+00
       381  2.816550E+01
       382  1.726305E+01
       383  2.678643E+01
       384  1.672619E+01
       385  2.523144E+01
       386  1.741856E+01
       387  2.454890E+01
       388  3.419010E+01
       389  2.679574E+01
       390  3.419173E+01
       391  2.681395E+01
       392  3.382760E+01
       393  2.586219E+01
       394  3.383573E+01
       395  2.586258E+01
       396  2.019280E+01
       397  1.457821E+01
       398  2.020541E+01
       399  1.457940E+01
       400  1.920397E+01
       401  1.357136E+01
       402  1.920518E+01
       403  1.357737E+01
       404  1.390264E+00
       405  1.129540E+00
       406  1.389110E+00
       407  1.125681E+00
       408  1.351541E+00
       409  1.058678E+00
       410  1.352238E+00
       411  1.061260E+00
       412  8.723306E-01
       413  6.493530E-01
       414  8.664314E-01
       415  6.482363E-01
       416  8.096967E-01
       417  6.008191E-01
       418  8.130332E-01
       419  6.089589E-01
       420  1.387406E+00
       421  1.122189E+00
       422  1.385778E+00
       423  1.118680E+00
       424  1.352670E+00
       425  1.064802E+00
       426  1.352828E+00
       427  1.069602E+00
       428  8.632211E-01
       429  6.460740E-01
       430  8.625510E-01
       431  6.476210E-01
       432  8.185200E-01
       433  6.130556E-01
       434  8.261196E-01
       435  6.175285E-01
       436  8.984466E+00
       437  8.134869E-01
       438  6.200463E-01
       439  8.130815E-01
       440  6.238078E-01
       441  7.458520E-01
       442  5.414870E-01
       443  7.458467E-01
       444  5.443601E-01
       445  8.992499E+00
       446  8.129027E-01
       447  6.238908E-01
       448  8.109430E-01
       449  6.217797E-01
       450  7.455525E-01
       451  5.458412E-01
       452  7.457437E-01
       453  5.489134E-01
       454  4.691958E-01
       455  3.267761E-01
       456  4.739786E-01
       457  3.308421E-01
       458  4.290777E-01
       459  2.862682E-01
       460  4.382871E-01
       461  2.956814E-01
       462  2.162525E-01
       463  1.372244E-01
       464  2.202979E-01
       465  1.447269E-01
       466  1.735780E-01
       467  9.206866E-02
       468  1.792298E-01
       469  1.019034E-01
       470  3.059516E+00
       471  1.264453E+00
       472  4.538410E-01
       473  3.199836E-01
       474  4.610302E-01
       475  3.288680E-01
       476  3.742766E-01
       477  2.394565E-01
       478  3.804535E-01
       479  2.445963E-01
       480  2.194192E-01
       481  1.455984E-01
       482  2.287839E-01
       483  1.605035E-01
       484  1.338737E-01
       485  6.137388E-02
       486  1.372243E-01
       487  6.497024E-02
       488  2.827906E+00
       489  1.182072E+00
       490  9.115523E-02
       491  6.703114E-02
       492  1.042503E-01
       493  6.776898E-02
       494  4.229348E-02
       495  2.487774E-02
       496  5.043083E-02
       497  2.701820E-02
       498  1.022702E-01
       499  2.108220E-01
       500  1.026102E-01
       501  1.851533E-01
       502  3.418841E-02
       503  9.409710E-02
       504  3.544240E-02
       505  9.321269E-02
       506  1.079929E-01
       507  7.252286E-02
       508  1.020429E-01
       509  7.438685E-02
       510  5.219721E-02
       511  2.625986E-02
       512  5.107366E-02
       513  2.589341E-02
       514  9.993398E-02
       515  1.707193E-01
       516  9.661125E-02
       517  1.712821E-01
       518  3.626908E-02
       519  9.045349E-02
       520  3.617570E-02
       521  9.167199E-02
       522  1.050134E-01
       523  1.001888E-01
       524  1.100750E-01
       525  1.056928E-01
       526  2.007896E-02
       527  1.252554E-02
       528  2.196091E-02
       529  1.245481E-02
       530  1.070906E+00
       531  1.125886E-01
       532  1.068159E-01
       533  1.159038E-01
       534  1.115993E-01
       535  2.194497E-02
       536  1.285390E-02
       537  2.091444E-02
       538  1.471597E-02
       539  1.344487E-01
       540  2.108466E-01
       541  1.320656E-01
       542  2.074058E-01
       543  3.948249E-02
       544  1.037280E-01
       545  4.002450E-02
       546  1.039032E-01
       547  3.419269E+01
       548  2.681500E+01
       549  3.419293E+01
       550  2.679919E+01
       551  3.383833E+01
       552  2.586579E+01
       553  3.383521E+01
       554  2.587129E+01
       555  2.020701E+01
       556  1.457840E+01
       557  2.019815E+01
       558  1.457725E+01
       559  1.920854E+01
       560  1.358268E+01
       561  1.921362E+01
       562  1.358681E+01
       563  1.384590E+00
       564  1.115623E+00
       565  1.383688E+00
       566  1.115315E+00
       567  1.352897E+00
       568  1.072462E+00
       569  1.352919E+00
       570  1.073363E+00
       571  5.913669E+00
       572  1.383538E+00
       573  1.115580E+00
       574  1.383867E+00
       575  1.116020E+00
       576  1.352961E+00
       577  1.074472E+00
       578  1.352814E+00
       579  1.075848E+00
       580  5.934174E+00
       581  8.999798E+00
       582  5.451115E+00
       583  9.002051E+00
       584  5.449316E+00
       585  3.059822E+00
       586  1.265190E+00
       587  3.074757E+00
       588  1.272405E+00
       589  2.830638E+00
       590  1.181442E+00
       591  2.829987E+00
       592  1.182315E+00
       593  9.948304E-02
       594  7.783183E-02
       595  1.002416E-01
       596  8.851437E-02
       597  4.871578E-02
       598  2.705272E-02
       599  4.485978E-02
       600  3.285358E-02
       601  1.006486E-01
       602  1.710100E-01
       603  1.139448E-01
       604  1.722709E-01
       605  3.773802E-02
       606  9.052459E-02
       607  4.444638E-02
       608  8.768105E-02
       609  5.112439E-01
       610  1.222959E-01
       611  1.929939E-01
       612  1.210398E-01
       613  2.330921E-01
       614  4.747199E-02
       615  9.207725E-02
       616  4.404683E-02
       617  9.859244E-02
       618  5.538706E-01
       619  9.824275E-01
       620  5.558399E-01
       621  1.080083E+00
       622  1.557654E+00
       623  2.391393E+00
       624  1.638363E+00
       625  2.539893E+00
       626  1.428707E+00
       627  2.291275E+00
       628  1.412266E+00
       629  2.270208E+00
       630  3.881789E+00
       631  4.545079E-01
       632  6.155546E-01
       633  4.683525E-01
       634  6.109666E-01
       635  6.452542E-01
       636  8.120610E-01
       637  6.476422E-01
       638  8.185415E-01
       639  4.000327E+00
       640  4.806260E-01
       641  6.325731E-01
       642  5.455398E-01
       643  6.184252E-01
       644  6.530927E-01
       645  8.155540E-01
       646  6.629519E-01
       647  8.212593E-01
       648  3.612116E+00
       649  5.433069E+00
       650  3.566235E+00
       651  5.322934E+00
       652  1.651080E+00
       653  2.587405E+00
       654  1.662701E+00
       655  2.588595E+00
       656  1.429431E+00
       657  2.280691E+00
       658  1.458204E+00
       659  2.296510E+00
       660  3.995779E+00
       661  5.804835E+00
       662  3.915420E+00
       663  5.592821E+00
       664  3.547970E+00
       665  5.294793E+00
       666  3.518631E+00
       667  5.231424E+00
       668  1.658737E+00
       669  2.597957E+00
       670  1.687892E+00
       671  2.622300E+00
       672  1.536130E+00
       673  2.329533E+00
       674  1.490961E+00
       675  2.259737E+00
       676  3.890713E+00
       677  5.530064E+00
       678  3.905985E+00
       679  5.550915E+00
       680  3.425317E+00
       681  4.887853E+00
       682  3.260720E+00
       683  4.428990E+00
       684  1.743864E+00
       685  2.700780E+00
       686  2.210188E-01
       687  2.887171E-01
       688  2.501601E-01
       689  3.131341E-01
       690  1.655149E-01
       691  2.037016E-01
       692  2.015057E-01
       693  2.210343E-01
       694  2.933486E+00
       695  1.563351E+00
       696  2.272180E+00
       697  1.923504E-01
       698  2.307742E-01
       699  2.463521E-01
       700  2.710338E-01
       701  1.928225E-01
       702  2.237577E-01
       703  2.101334E-01
       704  2.280943E-01
       705  2.319025E+00
       706  3.954720E+00
       707  5.582569E+00
       708  4.011887E+00
       709  5.583225E+00
       710  3.162144E+00
       711  4.165595E+00
       712  3.130058E+00
       713  4.814883E-01
       714  5.503432E-01
       715  4.800362E-01
       716  5.482808E-01
       717  4.753649E-01
       718  5.407644E-01
       719  4.739114E-01
       720  5.382370E-01
       721  7.057583E-01
       722  1.086289E+00
       723  6.548423E-01
       724  9.835136E-01
       725  6.292136E-01
       726  8.414768E-01
       727  6.240005E-01
       728  8.458732E-01
       729  1.488632E+00
       730  2.049222E+00
       731  1.433263E+00
       732  2.046845E+00
       733  1.136460E+00
       734  1.506380E+00
       735  1.139241E+00
       736  1.497395E+00
       737  6.538069E-01
       738  9.865534E-01
       739  6.945141E-01
       740  1.084194E+00
       741  6.229961E-01
       742  8.440785E-01
       743  6.234935E-01
       744  8.381619E-01
       745  1.443355E+00
       746  2.058661E+00
       747  1.527353E+00
       748  2.112718E+00
       749  1.136300E+00
       750  1.493475E+00
       751  1.128959E+00
       752  1.490657E+00
       753  1.891246E+00
       754  2.940430E+00
       755  1.743027E+00
       756  2.727336E+00
       757  1.781683E+00
       758  2.304053E+00
       759  1.555746E+00
       760  2.261873E+00
       761  4.168321E-01
       762  4.792049E-01
       763  4.107136E-01
       764  4.912432E-01
       765  4.138598E-01
       766  5.072865E-01
       767  4.098033E-01
       768  5.045784E-01
       769  5.535146E-01
       770  6.519583E-01
       771  5.912094E-01
       772  7.262772E-01
       773  6.118763E-01
       774  7.285846E-01
       775  6.062412E-01
       776  7.180625E-01
       777  4.021993E+00
       778  5.675632E+00
       779  3.692106E-01
       780  4.244185E-01
       781  3.620159E-01
       782  4.203641E-01
       783  3.558606E-01
       784  4.077430E-01
       785  3.523098E-01
       786  4.057516E-01
       787  4.816388E-01
       788  5.523263E-01
       789  4.840526E-01
       790  5.542186E-01
       791  4.654717E-01
       792  5.286416E-01
       793  4.660450E-01
       794  5.297274E-01
       795  3.142877E+00
       796  4.833773E-01
       797  5.520128E-01
       798  4.965594E-01
       799  5.685222E-01
       800  4.698859E-01
       801  5.293930E-01
       802  4.739218E-01
       803  5.387475E-01
       804  1.696327E+00
       805  2.637367E+00
       806  1.664358E+00
       807  2.605474E+00
       808  1.490087E+00
       809  2.254498E+00
       810  1.536286E+00
       811  2.329129E+00
       812  3.930444E+00
       813  5.585132E+00
       814  3.902621E+00
       815  5.549881E+00
       816  3.254221E+00
       817  4.422591E+00
       818  3.422985E+00
       819  4.882218E+00
       820  1.665591E+00
       821  2.592600E+00
       822  1.653166E+00
       823  2.590266E+00
       824  1.458464E+00
       825  2.296303E+00
       826  1.429664E+00
       827  2.281100E+00
       828  3.922091E+00
       829  5.603870E+00
       830  4.000677E+00
       831  5.813094E+00
       832  3.518126E+00
       833  5.229728E+00
       834  3.548305E+00
       835  5.294601E+00
       836  1.639822E+00
       837  2.541819E+00
       838  1.558373E+00
       839  2.392385E+00
       840  1.412779E+00
       841  2.271148E+00
       842  1.429606E+00
       843  2.292650E+00
       844  4.003494E+00
       845  5.460547E-01
       846  6.190779E-01
       847  4.809106E-01
       848  6.329720E-01
       849  6.635985E-01
       850  8.221286E-01
       851  6.535787E-01
       852  8.161876E-01
       853  3.883327E+00
       854  4.685564E-01
       855  6.112725E-01
       856  4.546010E-01
       857  6.155848E-01
       858  6.480179E-01
       859  8.190726E-01
       860  6.455648E-01
       861  8.124833E-01
       862  3.567508E+00
       863  5.324465E+00
       864  3.614251E+00
       865  5.436191E+00
       866  3.155900E+01
       867  2.427375E+01
       868  3.155746E+01
       869  2.427735E+01
       870  3.902735E+00
       871  3.415009E+00
       872  3.905028E+00
       873  3.415899E+00
       874  3.739762E+00
       875  3.351885E+00
       876  3.738033E+00
       877  3.350883E+00
       878  2.224721E+01
       879  3.906265E+00
       880  3.416372E+00
       881  3.906722E+00
       882  3.416512E+00
       883  3.737155E+00
       884  3.350568E+00
       885  3.736823E+00
       886  3.350497E+00
       887  2.224776E+01
       888  1.789945E+01
       889  1.259208E+01
       890  1.790261E+01
       891  1.259252E+01
       892  2.250210E+00
       893  1.912900E+00
       894  2.250333E+00
       895  1.913805E+00
       896  2.204139E+00
       897  1.866486E+00
       898  2.205409E+00
       899  1.867578E+00
       900  1.156771E+01
       901  1.647546E+01
       902  1.156813E+01
       903  1.192503E+00
       904  9.454474E-01
       905  1.192299E+00
       906  9.453978E-01
       907  1.112933E+00
       908  8.647377E-01
       909  1.112884E+00
       910  8.649352E-01
       911  4.861438E+00
       912  1.191995E+00
       913  9.452504E-01
       914  1.191654E+00
       915  9.451337E-01
       916  1.112823E+00
       917  8.651226E-01
       918  1.112784E+00
       919  8.652877E-01
       920  4.864861E+00
       921  1.091555E+00
       922  8.743365E-01
       923  1.091574E+00
       924  8.743925E-01
       925  1.019545E+00
       926  7.952274E-01
       927  1.019515E+00
       928  7.951594E-01
       929  4.473132E+00
       930  1.091576E+00
       931  8.743823E-01
       932  1.091608E+00
       933  8.743669E-01
       934  1.019475E+00
       935  7.950718E-01
       936  1.019470E+00
       937  7.949849E-01
       938  4.471006E+00
       939  2.457363E+00
       940  9.887925E-01
       941  2.454763E+00
       942  9.883880E-01
       943  2.250894E+00
       944  9.067019E-01
       945  2.249670E+00
       946  9.060010E-01
       947  4.716496E-01
       948  1.256218E-01
       949  1.897320E-01
       950  1.220446E-01
       951  1.780065E-01
       952  3.459597E-02
       953  9.238442E-02
       954  3.529359E-02
       955  9.279760E-02
       956  4.770097E-01
       957  1.191595E-01
       958  1.704030E-01
       959  1.176416E-01
       960  1.687149E-01
       961  3.567447E-02
       962  9.204285E-02
       963  3.599707E-02
       964  9.227284E-02
       965  9.333756E-02
       966  8.098623E-02
       967  9.293945E-02
       968  7.992351E-02
       969  1.655669E-02
       970  1.138618E-02
       971  1.664111E-02
       972  1.100327E-02
       973  1.035056E-01
       974  1.749446E-01
       975  1.041337E-01
       976  1.599820E-01
       977  3.347407E-02
       978  8.983264E-02
       979  3.453101E-02
       980  8.853797E-02
       981  9.261537E-02
       982  7.947634E-02
       983  9.235778E-02
       984  7.956269E-02
       985  1.668558E-02
       986  1.082849E-02
       987  1.664287E-02
       988  1.082638E-02
       989  1.030867E-01
       990  1.495634E-01
       991  1.017298E-01
       992  1.433497E-01
       993  3.476116E-02
       994  8.640226E-02
       995  3.482966E-02
       996  8.447356E-02
       997  3.155937E+01
       998  2.427750E+01
       999  3.156444E+01
      1000  2.427562E+01
      1001  3.906764E+00
      1002  3.416533E+00
      1003  3.906399E+00
      1004  3.416410E+00
      1005  3.736810E+00
      1006  3.350486E+00
      1007  3.737122E+00
      1008  3.350539E+00
      1009  2.224923E+01
      1010  3.905295E+00
      1011  3.416003E+00
      1012  3.903170E+00
      1013  3.415242E+00
      1014  3.737973E+00
      1015  3.350859E+00
      1016  3.739674E+00
      1017  3.351875E+00
      1018  2.225055E+01
      1019  1.790320E+01
      1020  1.259336E+01
      1021  1.790194E+01
      1022  1.259433E+01
      1023  2.250537E+00
      1024  1.913679E+00
      1025  2.250724E+00
      1026  1.912755E+00
      1027  2.205440E+00
      1028  1.867364E+00
      1029  2.204088E+00
      1030  1.866045E+00
      1031  1.156577E+01
      1032  2.251276E+00
      1033  1.912762E+00
      1034  2.251599E+00
      1035  1.912806E+00
      1036  2.203862E+00
      1037  1.865596E+00
      1038  2.203808E+00
      1039  1.865352E+00
      1040  1.156283E+01
      1041  1.191419E+00
      1042  9.450669E-01
      1043  1.191298E+00
      1044  9.450671E-01
      1045  1.112724E+00
      1046  8.653917E-01
      1047  1.112642E+00
      1048  8.654551E-01
      1049  4.866528E+00
      1050  1.191285E+00
      1051  9.451300E-01
      1052  1.191411E+00
      1053  9.452659E-01
      1054  1.112583E+00
      1055  8.655036E-01
      1056  1.112472E+00
      1057  8.654834E-01
      1058  4.868153E+00
      1059  1.091647E+00
      1060  8.743519E-01
      1061  1.091681E+00
      1062  8.743264E-01
      1063  1.019468E+00
      1064  7.948931E-01
      1065  1.019448E+00
      1066  7.947968E-01
      1067  4.469382E+00
      1068  1.091692E+00
      1069  8.743200E-01
      1070  1.091615E+00
      1071  8.742718E-01
      1072  1.019436E+00
      1073  7.947097E-01
      1074  1.019403E+00
      1075  7.946225E-01
      1076  4.467823E+00
      1077  2.454269E+00
      1078  9.883130E-01
      1079  2.455422E+00
      1080  9.887113E-01
      1081  2.248826E+00
      1082  9.060495E-01
      1083  2.248052E+00
      1084  9.061880E-01
      1085  1.051391E-01
      1086  1.040956E-01
      1087  1.029134E-01
      1088  9.382980E-02
      1089  1.748658E-02
      1090  1.400547E-02
      1091  1.787385E-02
      1092  1.220245E-02
      1093  1.156636E-01
      1094  1.685261E-01
      1095  1.114957E-01
      1096  1.689753E-01
      1097  3.687573E-02
      1098  9.273685E-02
      1099  3.642869E-02
      1100  9.350971E-02
      1101  1.019088E-01
      1102  8.847956E-02
      1103  1.012206E-01
      1104  8.604915E-02
      1105  1.878447E-02
      1106  1.192241E-02
      1107  1.936985E-02
      1108  1.202886E-02
      1109  1.107847E-01
      1110  1.760617E-01
      1111  1.127786E-01
      1112  1.881583E-01
      1113  3.623288E-02
      1114  9.511842E-02
      1115  3.551057E-02
      1116  9.517719E-02
      1117  9.169220E-02
      1118  7.933893E-02
      1119  9.056052E-02
      1120  7.607991E-02
      1121  1.678575E-02
      1122  1.102337E-02
      1123  1.692526E-02
      1124  1.118430E-02
      1125  1.001228E-01
      1126  1.431544E-01
      1127  9.832420E-02
      1128  1.492634E-01
      1129  3.511384E-02
      1130  8.455359E-02
      1131  3.544459E-02
      1132  8.670472E-02
      1133  9.018765E-02
      1134  7.476756E-02
      1135  8.994711E-02
      1136  7.515928E-02
      1137  1.691747E-02
      1138  1.149660E-02
      1139  1.691686E-02
      1140  1.195701E-02
      1141  9.810261E-02
      1142  1.601574E-01
      1143  9.718959E-02
      1144  1.762554E-01
      1145  3.546803E-02
      1146  8.936016E-02
      1147  3.443937E-02
      1148  9.113043E-02
      1149  1.562599E+01
      1150  2.310420E+01
      1151  1.609346E+01
      1152  2.575473E+00
      1153  3.053314E+00
      1154  2.629598E+00
      1155  3.030080E+00
      1156  2.788365E+00
      1157  3.376891E+00
      1158  2.909751E+00
      1159  3.503168E+00
      1160  1.789511E+00
      1161  2.176545E+00
      1162  1.551574E+00
      1163  1.982169E+00
      1164  1.804129E+00
      1165  2.275919E+00
      1166  1.350518E+00
      1167  1.848829E+00
      1168  2.611148E+00
      1169  3.119751E+00
      1170  2.533103E+00
      1171  3.912653E-01
      1172  4.439460E-01
      1173  3.996661E-01
      1174  4.697950E-01
      1175  3.497848E-01
      1176  3.826083E-01
      1177  3.652584E-01
      1178  3.951429E-01
      1179  2.806187E+00
      1180  3.454854E+00
      1181  2.422238E+00
      1182  3.395530E-01
      1183  3.742938E-01
      1184  3.468423E-01
      1185  3.763484E-01
      1186  3.936288E-01
      1187  4.489967E-01
      1188  3.827052E-01
      1189  4.493223E-01
      1190  1.513243E+00
      1191  1.986332E+00
      1192  1.708848E-01
      1193  2.020934E-01
      1194  1.935927E-01
      1195  2.180788E-01
      1196  1.688327E-01
      1197  1.969175E-01
      1198  1.703261E-01
      1199  1.914911E-01
      1200  2.341323E-01
      1201  2.707866E-01
      1202  2.398941E-01
      1203  2.774451E-01
      1204  2.286715E-01
      1205  2.665719E-01
      1206  2.257461E-01
      1207  2.643105E-01
      1208  1.310637E+00
      1209  1.793768E+00
      1210  1.498096E-01
      1211  1.795737E-01
      1212  1.723394E-01
      1213  1.958666E-01
      1214  1.532769E-01
      1215  1.782765E-01
      1216  1.490246E-01
      1217  1.705806E-01
      1218  2.115388E-01
      1219  2.445727E-01
      1220  2.190536E-01
      1221  2.521402E-01
      1222  2.070093E-01
      1223  2.402883E-01
      1224  2.017630E-01
      1225  2.354840E-01
      1226  3.064924E-01
      1227  3.492167E-01
      1228  3.085660E-01
      1229  3.535846E-01
      1230  2.946235E-01
      1231  3.322496E-01
      1232  3.018301E-01
      1233  3.415111E-01
      1234  4.060202E-01
      1235  4.712624E-01
      1236  4.068036E-01
      1237  4.642118E-01
      1238  3.717162E-01
      1239  4.077434E-01
      1240  3.844414E-01
      1241  4.316750E-01
      1242  2.657510E+00
      1243  3.448902E+00
      1244  2.723060E-01
      1245  3.097341E-01
      1246  2.771869E-01
      1247  3.157415E-01
      1248  2.841140E-01
      1249  3.230869E-01
      1250  2.796249E-01
      1251  3.192420E-01
      1252  3.510481E-01
      1253  3.881295E-01
      1254  3.567620E-01
      1255  4.012213E-01
      1256  3.750412E-01
      1257  4.334247E-01
      1258  3.662724E-01
      1259  4.162943E-01
      1260  2.390519E+00
      1261  3.079211E+00
      1262  5.384022E-01
      1263  7.265553E-01
      1264  5.299119E-01
      1265  7.220501E-01
      1266  4.976723E-01
      1267  6.594519E-01
      1268  6.602448E-02
      1269  7.617112E-02
      1270  6.501563E-02
      1271  7.533824E-02
      1272  4.714462E-02
      1273  5.747578E-02
      1274  4.709664E-02
      1275  5.789040E-02
      1276  6.578466E-01
      1277  9.692645E-01
      1278  1.268042E+00
      1279  9.674692E-01
      1280  1.268454E+00
      1281  8.705963E-01
      1282  1.125166E+00
      1283  8.705866E-01
      1284  1.126819E+00
      1285  5.292672E-01
      1286  7.218517E-01
      1287  5.348797E-01
      1288  7.252282E-01
      1289  6.496215E-02
      1290  7.530119E-02
      1291  6.589346E-02
      1292  7.605777E-02
      1293  4.711916E-02
      1294  5.789942E-02
      1295  4.716744E-02
      1296  5.748116E-02
      1297  6.573087E-01
      1298  4.939868E-01
      1299  6.581250E-01
      1300  9.675625E-01
      1301  1.268769E+00
      1302  9.707059E-01
      1303  1.269848E+00
      1304  8.703405E-01
      1305  1.126580E+00
      1306  8.696244E-01
      1307  1.124396E+00
      1308  1.522673E+00
      1309  2.010183E+00
      1310  1.509021E+00
      1311  1.987392E+00
      1312  1.356478E+00
      1313  1.811719E+00
      1314  1.309113E+00
      1315  1.795028E+00
      1316  2.665203E+00
      1317  3.456288E+00
      1318  2.594238E+00
      1319  4.070968E-01
      1320  4.664841E-01
      1321  4.057446E-01
      1322  4.726601E-01
      1323  3.906319E-01
      1324  4.358384E-01
      1325  3.779909E-01
      1326  4.130902E-01
      1327  2.387607E+00
      1328  3.077532E+00
      1329  2.375846E+00
      1330  3.595558E-01
      1331  4.031360E-01
      1332  3.550456E-01
      1333  3.916672E-01
      1334  3.642648E-01
      1335  4.145207E-01
      1336  3.738727E-01
      1337  4.318623E-01
      1338  1.551991E+00
      1339  1.979971E+00
      1340  1.788505E+00
      1341  2.174071E+00
      1342  1.351190E+00
      1343  1.850522E+00
      1344  1.804632E+00
      1345  2.275197E+00
      1346  2.527496E+00
      1347  3.979452E-01
      1348  4.667926E-01
      1349  3.903185E-01
      1350  4.426495E-01
      1351  3.646120E-01
      1352  3.960587E-01
      1353  3.492463E-01
      1354  3.820377E-01
      1355  2.607523E+00
      1356  3.114891E+00
      1357  2.423417E+00
      1358  3.461229E-01
      1359  3.768241E-01
      1360  3.396660E-01
      1361  3.744078E-01
      1362  3.825022E-01
      1363  4.488124E-01
      1364  3.938120E-01
      1365  4.491337E-01
      1366  2.806371E+00
      1367  3.455782E+00
      1368  1.609059E+01
      1369  2.627015E+00
      1370  3.026396E+00
      1371  2.574222E+00
      1372  3.051495E+00
      1373  2.909320E+00
      1374  3.503233E+00
      1375  2.787975E+00
      1376  3.376515E+00
      1377  1.562764E+01
      1378  2.310296E+01
      1379  3.584330E+00
      1380  3.150153E+00
      1381  3.584866E+00
      1382  3.150342E+00
      1383  3.426926E+00
      1384  3.066231E+00
      1385  3.427201E+00
      1386  3.066253E+00
      1387  2.040001E+01
      1388  3.585080E+00
      1389  3.150327E+00
      1390  3.585138E+00
      1391  3.150314E+00
      1392  3.427358E+00
      1393  3.066223E+00
      1394  3.427420E+00
      1395  3.066183E+00
      1396  2.040012E+01
      1397  3.256733E+00
      1398  2.851981E+00
      1399  3.255961E+00
      1400  2.851390E+00
      1401  3.098078E+00
      1402  2.772783E+00
      1403  3.099781E+00
      1404  2.773454E+00
      1405  1.841824E+01
      1406  3.255560E+00
      1407  2.851273E+00
      1408  3.255420E+00
      1409  2.851269E+00
      1410  3.100691E+00
      1411  2.773791E+00
      1412  3.101005E+00
      1413  2.773864E+00
      1414  1.841790E+01
      1415  1.512221E+01
      1416  1.069132E+01
      1417  1.512200E+01
      1418  1.069088E+01
      1419  1.375628E+01
      1420  9.797566E+00
      1421  1.375471E+01
      1422  9.795847E+00
      1423  1.015201E+00
      1424  8.156090E-01
      1425  1.015269E+00
      1426  8.156134E-01
      1427  9.480299E-01
      1428  7.426690E-01
      1429  9.480310E-01
      1430  7.426499E-01
      1431  4.206429E+00
      1432  1.015255E+00
      1433  8.155753E-01
      1434  1.015223E+00
      1435  8.155423E-01
      1436  9.480357E-01
      1437  7.426593E-01
      1438  9.480333E-01
      1439  7.426821E-01
      1440  4.207420E+00
      1441  9.459781E-01
      1442  7.675979E-01
      1443  9.458926E-01
      1444  7.675005E-01
      1445  8.689896E-01
      1446  6.841972E-01
      1447  8.688607E-01
      1448  6.840148E-01
      1449  3.999626E+00
      1450  9.457985E-01
      1451  7.673963E-01
      1452  9.457483E-01
      1453  7.673425E-01
      1454  8.687292E-01
      1455  6.838664E-01
      1456  8.686639E-01
      1457  6.837867E-01
      1458  3.996632E+00
      1459  2.141664E+00
      1460  8.601783E-01
      1461  2.142488E+00
      1462  8.607187E-01
      1463  2.140116E+00
      1464  9.563448E-01
      1465  2.137169E+00
      1466  9.544804E-01
      1467  8.129078E-02
      1468  7.015984E-02
      1469  8.106211E-02
      1470  7.318863E-02
      1471  1.336609E-02
      1472  1.307669E-02
      1473  1.346564E-02
      1474  1.256982E-02
      1475  7.228047E-01
      1476  8.121283E-02
      1477  7.453826E-02
      1478  8.150973E-02
      1479  7.452972E-02
      1480  1.347917E-02
      1481  1.202172E-02
      1482  1.345957E-02
      1483  1.199854E-02
      1484  6.815736E-01
      1485  9.785332E-02
      1486  7.970388E-02
      1487  9.773898E-02
      1488  8.140310E-02
      1489  2.282086E-02
      1490  1.307466E-02
      1491  2.298613E-02
      1492  1.427818E-02
      1493  6.674464E-01
      1494  9.772577E-02
      1495  8.193992E-02
      1496  9.786615E-02
      1497  8.187383E-02
      1498  2.320086E-02
      1499  1.445686E-02
      1500  2.327494E-02
      1501  1.377171E-02
      1502  6.050197E-01
      1503  3.585104E+00
      1504  3.150307E+00
      1505  3.584982E+00
      1506  3.150263E+00
      1507  3.427401E+00
      1508  3.066162E+00
      1509  3.427300E+00
      1510  3.066169E+00
      1511  2.039857E+01
      1512  3.584712E+00
      1513  3.150200E+00
      1514  3.584137E+00
      1515  3.149938E+00
      1516  3.427101E+00
      1517  3.066163E+00
      1518  3.426771E+00
      1519  3.066096E+00
      1520  2.039656E+01
      1521  3.255400E+00
      1522  2.851241E+00
      1523  3.255497E+00
      1524  2.851202E+00
      1525  3.100985E+00
      1526  2.773844E+00
      1527  3.100630E+00
      1528  2.773730E+00
      1529  1.841803E+01
      1530  3.255848E+00
      1531  2.851280E+00
      1532  3.256551E+00
      1533  2.851830E+00
      1534  3.099679E+00
      1535  2.773357E+00
      1536  3.097938E+00
      1537  2.772656E+00
      1538  1.841821E+01
      1539  1.512137E+01
      1540  1.069198E+01
      1541  1.512019E+01
      1542  1.069294E+01
      1543  1.375467E+01
      1544  9.795145E+00
      1545  1.375603E+01
      1546  9.796074E+00
      1547  1.015161E+00
      1548  8.155074E-01
      1549  1.015061E+00
      1550  8.154651E-01
      1551  9.480056E-01
      1552  7.426882E-01
      1553  9.479591E-01
      1554  7.426798E-01
      1555  4.207527E+00
      1556  1.014983E+00
      1557  8.154115E-01
      1558  1.014868E+00
      1559  8.152966E-01
      1560  9.479278E-01
      1561  7.426814E-01
      1562  9.479187E-01
      1563  7.427062E-01
      1564  4.206829E+00
      1565  9.457450E-01
      1566  7.673349E-01
      1567  9.457903E-01
      1568  7.673734E-01
      1569  8.686587E-01
      1570  6.837762E-01
      1571  8.687122E-01
      1572  6.838348E-01
      1573  3.996460E+00
      1574  9.458653E-01
      1575  7.674628E-01
      1576  9.459140E-01
      1577  7.675459E-01
      1578  8.688260E-01
      1579  6.839644E-01
      1580  8.689327E-01
      1581  6.841318E-01
      1582  3.999082E+00
      1583  2.142504E+00
      1584  8.603867E-01
      1585  2.141750E+00
      1586  8.594566E-01
      1587  2.137091E+00
      1588  9.545603E-01
      1589  2.139866E+00
      1590  9.564799E-01
      1591  8.163947E-02
      1592  7.444093E-02
      1593  8.160951E-02
      1594  7.431513E-02
      1595  1.347616E-02
      1596  1.200664E-02
      1597  1.352251E-02
      1598  1.204434E-02
      1599  6.819079E-01
      1600  8.166338E-02
      1601  7.287974E-02
      1602  8.206575E-02
      1603  6.977593E-02
      1604  1.352118E-02
      1605  1.259808E-02
      1606  1.341974E-02
      1607  1.310069E-02
      1608  7.237826E-01
      1609  9.785069E-02
      1610  8.188387E-02
      1611  9.767172E-02
      1612  8.197220E-02
      1613  2.327379E-02
      1614  1.377247E-02
      1615  2.319561E-02
      1616  1.445887E-02
      1617  6.048519E-01
      1618  9.766750E-02
      1619  8.144525E-02
      1620  9.778441E-02
      1621  7.974335E-02
      1622  2.297987E-02
      1623  1.428057E-02
      1624  2.281762E-02
      1625  1.307642E-02
      1626  6.670047E-01
      1627  1.432582E+01
      1628  2.217207E+01
      1629  1.626887E+00
      1630  2.061746E+00
      1631  1.682815E+00
      1632  2.183945E+00
      1633  1.608059E+00
      1634  2.052800E+00
      1635  1.609535E+00
      1636  2.104563E+00
      1637  2.311552E+01
      1638  1.616446E+00
      1639  2.096710E+00
      1640  1.356838E+00
      1641  1.762034E+00
      1642  1.439376E+00
      1643  2.006816E+00
      1644  1.204222E+00
      1645  1.710912E+00
      1646  2.646856E+00
      1647  3.226782E+00
      1648  2.281329E+00
      1649  2.833729E+00
      1650  2.683220E+00
      1651  3.363025E+00
      1652  2.343484E+00
      1653  3.195984E+00
      1654  1.300438E+00
      1655  1.720423E+00
      1656  1.315214E+00
      1657  1.719142E+00
      1658  1.142831E+00
      1659  1.632103E+00
      1660  1.151627E+00
      1661  1.634344E+00
      1662  2.245943E+00
      1663  2.830975E+00
      1664  2.248584E+00
      1665  2.871457E+00
      1666  2.336123E+00
      1667  3.321395E+00
      1668  2.361253E+00
      1669  3.313379E+00
      1670  4.632584E-01
      1671  6.210616E-01
      1672  4.585614E-01
      1673  6.188637E-01
      1674  4.154959E-01
      1675  5.978001E-01
      1676  4.085630E-01
      1677  6.051466E-01
      1678  8.157082E-01
      1679  1.046668E+00
      1680  8.129517E-01
      1681  1.043022E+00
      1682  8.522190E-01
      1683  1.166651E+00
      1684  8.526056E-01
      1685  1.167506E+00
      1686  4.585825E-01
      1687  6.188358E-01
      1688  4.629553E-01
      1689  6.211766E-01
      1690  4.085257E-01
      1691  6.051088E-01
      1692  4.153244E-01
      1693  5.976433E-01
      1694  8.129433E-01
      1695  1.042964E+00
      1696  8.157153E-01
      1697  1.046508E+00
      1698  8.525812E-01
      1699  1.167502E+00
      1700  8.521529E-01
      1701  1.166668E+00
      1702  1.312819E+00
      1703  1.718685E+00
      1704  1.298941E+00
      1705  1.717871E+00
      1706  1.151797E+00
      1707  1.634098E+00
      1708  1.142784E+00
      1709  1.632512E+00
      1710  2.248237E+00
      1711  2.870760E+00
      1712  2.245256E+00
      1713  2.831661E+00
      1714  2.361171E+00
      1715  3.313329E+00
      1716  2.336190E+00
      1717  3.321017E+00
      1718  1.356332E+00
      1719  1.761068E+00
      1720  1.616561E+00
      1721  2.096876E+00
      1722  1.204333E+00
      1723  1.711142E+00
      1724  1.439432E+00
      1725  2.006841E+00
      1726  2.281337E+00
      1727  2.834984E+00
      1728  2.646733E+00
      1729  3.226869E+00
      1730  2.343472E+00
      1731  3.195704E+00
      1732  2.683163E+00
      1733  3.363001E+00
      1734  1.683062E+00
      1735  2.184298E+00
      1736  1.626860E+00
      1737  2.061700E+00
      1738  1.609595E+00
      1739  2.104572E+00
      1740  1.608103E+00
      1741  2.052799E+00
      1742  2.311420E+01
      1743  1.432449E+01
      1744  2.216838E+01
      1745  2.133538E+01
      1746  1.651146E+01
      1747  2.132878E+01
      1748  1.651011E+01
      1749  1.918686E+01
      1750  1.487298E+01
      1751  1.918863E+01
      1752  1.487238E+01
      1753  1.229133E+01
      1754  8.708690E+00
      1755  1.229139E+01
      1756  8.709044E+00
      1757  1.108610E+01
      1758  7.838936E+00
      1759  1.108545E+01
      1760  7.838457E+00
      1761  8.426884E-01
      1762  6.838494E-01
      1763  8.423339E-01
      1764  6.835656E-01
      1765  7.627505E-01
      1766  5.938568E-01
      1767  7.629493E-01
      1768  5.942528E-01
      1769  3.487285E+00
      1770  8.421630E-01
      1771  6.834320E-01
      1772  8.420927E-01
      1773  6.833897E-01
      1774  7.630651E-01
      1775  5.944369E-01
      1776  7.631256E-01
      1777  5.945160E-01
      1778  3.488201E+00
      1779  7.400467E-01
      1780  5.935644E-01
      1781  7.403993E-01
      1782  5.938118E-01
      1783  6.965438E-01
      1784  5.455982E-01
      1785  6.962502E-01
      1786  5.452865E-01
      1787  3.047524E+00
      1788  7.405575E-01
      1789  5.938980E-01
      1790  7.406255E-01
      1791  5.939300E-01
      1792  6.960950E-01
      1793  5.451232E-01
      1794  6.960346E-01
      1795  5.450579E-01
      1796  3.047293E+00
      1797  1.881476E+00
      1798  9.760018E-01
      1799  1.881305E+00
      1800  9.744736E-01
      1801  1.521658E+00
      1802  5.872951E-01
      1803  1.521156E+00
      1804  5.869511E-01
      1805  1.487903E-01
      1806  1.506092E-01
      1807  1.471474E-01
      1808  1.583629E-01
      1809  4.576757E-02
      1810  4.042611E-02
      1811  4.519991E-02
      1812  4.911584E-02
      1813  1.565323E+00
      1814  1.471437E-01
      1815  1.616164E-01
      1816  1.475364E-01
      1817  1.606682E-01
      1818  4.647247E-02
      1819  5.055232E-02
      1820  4.733132E-02
      1821  4.810835E-02
      1822  1.222649E+00
      1823  4.203748E-02
      1824  3.669766E-02
      1825  4.273538E-02
      1826  4.299229E-02
      1827  2.152660E-02
      1828  2.614724E-02
      1829  2.128251E-02
      1830  2.875583E-02
      1831  8.040092E-01
      1832  4.407688E-02
      1833  4.415391E-02
      1834  4.492631E-02
      1835  4.217605E-02
      1836  2.152970E-02
      1837  2.952838E-02
      1838  2.157777E-02
      1839  2.817235E-02
      1840  5.773554E-01
      1841  2.132861E+01
      1842  1.650984E+01
      1843  2.133486E+01
      1844  1.651077E+01
      1845  1.918850E+01
      1846  1.487231E+01
      1847  1.918649E+01
      1848  1.487273E+01
      1849  1.229119E+01
      1850  8.709088E+00
      1851  1.229079E+01
      1852  8.708634E+00
      1853  1.108540E+01
      1854  7.838363E+00
      1855  1.108591E+01
      1856  7.838703E+00
      1857  8.420839E-01
      1858  6.833832E-01
      1859  8.421362E-01
      1860  6.834122E-01
      1861  7.631203E-01
      1862  5.945130E-01
      1863  7.630494E-01
      1864  5.944283E-01
      1865  3.488156E+00
      1866  8.422932E-01
      1867  6.835316E-01
      1868  8.426378E-01
      1869  6.837998E-01
      1870  7.629252E-01
      1871  5.942380E-01
      1872  7.627203E-01
      1873  5.938361E-01
      1874  3.487154E+00
      1875  7.406227E-01
      1876  5.939269E-01
      1877  7.405492E-01
      1878  5.938890E-01
      1879  6.960327E-01
      1880  5.450559E-01
      1881  6.960892E-01
      1882  5.451173E-01
      1883  3.047260E+00
      1884  7.403843E-01
      1885  5.937967E-01
      1886  7.400234E-01
      1887  5.935429E-01
      1888  6.962402E-01
      1889  5.452771E-01
      1890  6.965295E-01
      1891  5.455859E-01
      1892  3.047428E+00
      1893  1.881263E+00
      1894  9.743970E-01
      1895  1.881355E+00
      1896  9.758096E-01
      1897  1.521138E+00
      1898  5.869469E-01
      1899  1.521603E+00
      1900  5.872777E-01
      1901  1.475368E-01
      1902  1.606619E-01
      1903  1.471466E-01
      1904  1.615973E-01
      1905  4.732956E-02
      1906  4.810668E-02
      1907  4.646742E-02
      1908  5.054713E-02
      1909  1.222693E+00
      1910  1.471448E-01
      1911  1.583353E-01
      1912  1.487746E-01
      1913  1.505781E-01
      1914  4.519102E-02
      1915  4.910835E-02
      1916  4.575368E-02
      1917  4.041811E-02
      1918  1.565415E+00
      1919  4.492509E-02
      1920  4.217509E-02
      1921  4.407327E-02
      1922  4.415054E-02
      1923  2.157736E-02
      1924  2.817155E-02
      1925  2.152865E-02
      1926  2.952601E-02
      1927  5.773643E-01
      1928  4.272962E-02
      1929  4.298795E-02
      1930  4.202991E-02
      1931  3.669359E-02
      1932  2.128100E-02
      1933  2.875247E-02
      1934  2.152497E-02
      1935  2.614333E-02
      1936  8.040130E-01
      1937  1.248963E+01
      1938  1.973053E+01
      1939  1.229437E+01
      1940  1.944159E+01
      1941  1.180905E+01
      1942  1.857550E+01
      1943  1.146820E+01
      1944  1.877414E+00
      1945  2.210850E+00
      1946  1.854302E+00
      1947  2.184219E+00
      1948  2.065847E+00
      1949  2.503854E+00
      1950  2.022781E+00
      1951  2.469634E+00
      1952  5.278316E-01
      1953  6.000640E-01
      1954  5.417814E-01
      1955  6.255527E-01
      1956  4.505902E-01
      1957  5.666628E-01
      1958  4.114137E-01
      1959  5.879343E-01
      1960  6.172384E+00
      1961  5.417949E-01
      1962  6.255747E-01
      1963  5.278774E-01
      1964  6.001151E-01
      1965  4.114192E-01
      1966  5.879448E-01
      1967  4.505924E-01
      1968  5.666870E-01
      1969  6.172306E+00
      1970  1.146803E+01
      1971  1.854123E+00
      1972  2.184173E+00
      1973  1.877330E+00
      1974  2.210952E+00
      1975  2.022792E+00
      1976  2.469647E+00
      1977  2.065795E+00
      1978  2.503855E+00
      1979  1.180848E+01
      1980  1.857536E+01
      1981  1.229412E+01
      1982  1.944087E+01
      1983  1.248919E+01
      1984  1.972969E+01
      1985  1.767809E+01
      1986  1.368380E+01
      1987  1.767633E+01
      1988  1.368313E+01
      1989  1.637568E+01
      1990  1.264630E+01
      1991  1.637609E+01
      1992  1.264630E+01
      1993  1.019918E+01
      1994  7.236367E+00
      1995  1.019866E+01
      1996  7.235847E+00
      1997  9.409380E+00
      1998  6.658887E+00
      1999  9.409344E+00
      2000  6.658850E+00
      2001  6.920352E-01
      2002  5.581150E-01
      2003  6.916084E-01
      2004  5.579071E-01
      2005  6.428005E-01
      2006  5.036177E-01
      2007  6.429798E-01
      2008  5.038749E-01
      2009  2.898681E+00
      2010  6.913726E-01
      2011  5.577783E-01
      2012  6.912717E-01
      2013  5.577226E-01
      2014  6.430602E-01
      2015  5.039813E-01
      2016  6.430970E-01
      2017  5.040247E-01
      2018  2.897805E+00
      2019  6.277761E-01
      2020  5.037287E-01
      2021  6.281006E-01
      2022  5.038777E-01
      2023  5.951028E-01
      2024  4.676657E-01
      2025  5.948849E-01
      2026  4.674346E-01
      2027  2.612691E+00
      2028  6.282542E-01
      2029  5.039368E-01
      2030  6.283209E-01
      2031  5.039667E-01
      2032  5.947663E-01
      2033  4.673155E-01
      2034  5.947206E-01
      2035  4.672703E-01
      2036  2.612843E+00
      2037  1.542712E+00
      2038  7.533264E-01
      2039  1.540967E+00
      2040  7.508414E-01
      2041  1.314334E+00
      2042  5.086613E-01
      2043  1.314379E+00
      2044  5.088211E-01
      2045  1.158517E-01
      2046  1.109264E-01
      2047  1.139779E-01
      2048  1.175962E-01
      2049  3.058622E-02
      2050  2.130424E-02
      2051  2.996854E-02
      2052  2.600601E-02
      2053  1.255510E+00
      2054  1.139023E-01
      2055  1.200574E-01
      2056  1.140405E-01
      2057  1.185661E-01
      2058  3.050708E-02
      2059  2.675168E-02
      2060  3.089639E-02
      2061  2.544875E-02
      2062  9.938701E-01
      2063  3.220675E-02
      2064  2.834704E-02
      2065  3.298967E-02
      2066  3.161209E-02
      2067  2.097944E-02
      2068  2.462063E-02
      2069  2.085870E-02
      2070  2.684195E-02
      2071  6.514926E-01
      2072  3.401359E-02
      2073  3.167924E-02
      2074  3.455518E-02
      2075  3.027511E-02
      2076  2.122684E-02
      2077  2.727598E-02
      2078  2.125867E-02
      2079  2.592235E-02
      2080  4.783377E-01
      2081  1.767627E+01
      2082  1.368308E+01
      2083  1.767791E+01
      2084  1.368365E+01
      2085  1.637606E+01
      2086  1.264629E+01
      2087  1.637561E+01
      2088  1.264625E+01
      2089  1.019862E+01
      2090  7.235833E+00
      2091  1.019906E+01
      2092  7.236311E+00
      2093  9.409335E+00
      2094  6.658844E+00
      2095  9.409353E+00
      2096  6.658871E+00
      2097  6.912703E-01
      2098  5.577215E-01
      2099  6.913682E-01
      2100  5.577751E-01
      2101  6.430962E-01
      2102  5.040243E-01
      2103  6.430576E-01
      2104  5.039801E-01
      2105  2.897800E+00
      2106  6.916011E-01
      2107  5.579015E-01
      2108  6.920252E-01
      2109  5.581067E-01
      2110  6.429758E-01
      2111  5.038728E-01
      2112  6.427954E-01
      2113  5.036152E-01
      2114  2.898668E+00
      2115  6.283209E-01
      2116  5.039666E-01
      2117  6.282541E-01
      2118  5.039368E-01
      2119  5.947205E-01
      2120  4.672702E-01
      2121  5.947659E-01
      2122  4.673153E-01
      2123  2.612844E+00
      2124  6.281004E-01
      2125  5.038776E-01
      2126  6.277756E-01
      2127  5.037284E-01
      2128  5.948843E-01
      2129  4.674342E-01
      2130  5.951020E-01
      2131  4.676653E-01
      2132  2.612692E+00
      2133  1.540967E+00
      2134  7.508420E-01
      2135  1.542714E+00
      2136  7.533311E-01
      2137  1.314381E+00
      2138  5.088224E-01
      2139  1.314337E+00
      2140  5.086648E-01
      2141  1.140405E-01
      2142  1.185652E-01
      2143  1.139025E-01
      2144  1.200549E-01
      2145  3.089672E-02
      2146  2.544926E-02
      2147  3.050805E-02
      2148  2.675335E-02
      2149  9.938671E-01
      2150  1.139778E-01
      2151  1.175933E-01
      2152  1.158506E-01
      2153  1.109242E-01
      2154  2.997007E-02
      2155  2.600851E-02
      2156  3.058834E-02
      2157  2.130722E-02
      2158  1.255492E+00
      2159  3.455548E-02
      2160  3.027551E-02
      2161  3.401446E-02
      2162  3.168051E-02
      2163  2.125843E-02
      2164  2.592202E-02
      2165  2.122615E-02
      2166  2.727494E-02
      2167  4.783364E-01
      2168  3.299112E-02
      2169  3.161405E-02
      2170  3.220890E-02
      2171  2.834934E-02
      2172  2.085755E-02
      2173  2.684033E-02
      2174  2.097782E-02
      2175  2.461864E-02
      2176  6.514976E-01
      2177  1.055635E+01
      2178  1.672128E+01
      2179  1.050327E+01
      2180  1.657464E+01
      2181  1.060041E+01
      2182  1.672118E+01
      2183  1.082511E+01
      2184  1.693286E+01
      2185  5.289731E-01
      2186  6.283537E-01
      2187  5.165032E-01
      2188  6.390365E-01
      2189  3.814324E-01
      2190  4.965926E-01
      2191  3.540785E-01
      2192  5.147734E-01
      2193  6.157607E+00
      2194  5.164992E-01
      2195  6.390311E-01
      2196  5.289545E-01
      2197  6.283386E-01
      2198  3.540770E-01
      2199  5.147702E-01
      2200  3.814306E-01
      2201  4.965845E-01
      2202  6.157644E+00
      2203  1.082512E+01
      2204  1.693282E+01
      2205  1.060044E+01
      2206  1.672092E+01
      2207  1.050312E+01
      2208  1.657440E+01
      2209  1.055627E+01
      2210  1.672111E+01
      2211  1.512782E+01
      2212  1.167115E+01
      2213  1.512780E+01
      2214  1.167112E+01
      2215  1.387839E+01
      2216  1.070200E+01
      2217  1.387850E+01
      2218  1.070200E+01
      2219  8.679914E+00
      2220  6.150018E+00
      2221  8.679757E+00
      2222  6.149877E+00
      2223  7.951522E+00
      2224  5.620200E+00
      2225  7.951468E+00
      2226  5.620007E+00
      2227  5.885794E-01
      2228  4.749341E-01
      2229  5.881969E-01
      2230  4.747611E-01
      2231  5.465672E-01
      2232  4.286720E-01
      2233  5.468227E-01
      2234  4.289729E-01
      2235  2.458520E+00
      2236  5.880018E-01
      2237  4.746689E-01
      2238  5.879251E-01
      2239  4.746331E-01
      2240  5.469323E-01
      2241  4.291061E-01
      2242  5.469725E-01
      2243  4.291505E-01
      2244  2.457913E+00
      2245  3.707004E+00
      2246  2.208024E+00
      2247  3.706639E+00
      2248  2.207829E+00
      2249  1.315791E+00
      2250  6.554925E-01
      2251  1.313841E+00
      2252  6.536445E-01
      2253  1.111920E+00
      2254  4.331016E-01
      2255  1.111921E+00
      2256  4.334650E-01
      2257  1.042673E-01
      2258  1.003144E-01
      2259  1.022462E-01
      2260  1.079787E-01
      2261  2.650633E-02
      2262  1.992744E-02
      2263  2.700935E-02
      2264  2.282783E-02
      2265  1.157079E+00
      2266  1.023504E-01
      2267  1.108144E-01
      2268  1.027622E-01
      2269  1.093775E-01
      2270  2.719192E-02
      2271  2.327657E-02
      2272  2.683059E-02
      2273  2.290063E-02
      2274  9.039833E-01
      2275  1.983528E-01
      2276  5.465453E-01
      2277  2.026723E-01
      2278  4.518735E-01
      2279  1.512780E+01
      2280  1.167112E+01
      2281  1.512782E+01
      2282  1.167115E+01
      2283  1.387851E+01
      2284  1.070201E+01
      2285  1.387841E+01
      2286  1.070202E+01
      2287  8.679759E+00
      2288  6.149879E+00
      2289  8.679918E+00
      2290  6.150026E+00
      2291  7.951473E+00
      2292  5.620011E+00
      2293  7.951537E+00
      2294  5.620213E+00
      2295  5.879253E-01
      2296  4.746333E-01
      2297  5.880025E-01
      2298  4.746696E-01
      2299  5.469725E-01
      2300  4.291506E-01
      2301  5.469325E-01
      2302  4.291063E-01
      2303  2.457915E+00
      2304  5.881980E-01
      2305  4.747622E-01
      2306  5.885810E-01
      2307  4.749356E-01
      2308  5.468230E-01
      2309  4.289732E-01
      2310  5.465676E-01
      2311  4.286725E-01
      2312  2.458528E+00
      2313  3.706643E+00
      2314  2.207832E+00
      2315  3.707014E+00
      2316  2.208031E+00
      2317  1.313844E+00
      2318  6.536467E-01
      2319  1.315799E+00
      2320  6.554994E-01
      2321  1.111923E+00
      2322  4.334659E-01
      2323  1.111925E+00
      2324  4.331044E-01
      2325  1.027622E-01
      2326  1.093775E-01
      2327  1.023506E-01
      2328  1.108141E-01
      2329  2.683080E-02
      2330  2.290088E-02
      2331  2.719255E-02
      2332  2.327735E-02
      2333  9.039862E-01
      2334  1.022464E-01
      2335  1.079783E-01
      2336  1.042676E-01
      2337  1.003140E-01
      2338  2.701035E-02
      2339  2.282904E-02
      2340  2.650767E-02
      2341  1.992893E-02
      2342  1.157090E+00
      2343  2.026728E-01
      2344  4.518729E-01
      2345  1.983537E-01
      2346  5.465478E-01
      2347  8.893774E+00
      2348  1.413393E+01
      2349  8.923933E+00
      2350  1.418613E+01
      2351  8.910501E+00
      2352  1.415891E+01
      2353  8.976481E+00
      2354  1.408261E+01
      2355  4.409295E-01
      2356  5.180562E-01
      2357  4.392236E-01
      2358  5.357389E-01
      2359  3.151939E-01
      2360  4.096931E-01
      2361  2.997371E-01
      2362  4.178897E-01
      2363  5.074559E+00
      2364  4.392247E-01
      2365  5.357402E-01
      2366  4.409350E-01
      2367  5.180598E-01
      2368  2.997375E-01
      2369  4.178903E-01
      2370  3.151936E-01
      2371  4.096940E-01
      2372  5.074545E+00
      2373  8.976464E+00
      2374  1.408257E+01
      2375  8.910465E+00
      2376  1.415892E+01
      2377  8.923938E+00
      2378  1.418613E+01
      2379  8.893762E+00
      2380  1.413390E+01
      2381  1.264630E+01
      2382  9.759549E+00
      2383  1.264634E+01
      2384  9.759550E+00
      2385  1.147557E+01
      2386  8.853137E+00
      2387  1.147505E+01
      2388  8.852603E+00
      2389  7.259724E+00
      2390  5.145172E+00
      2391  7.259798E+00
      2392  5.145299E+00
      2393  6.575951E+00
      2394  4.647947E+00
      2395  6.575253E+00
      2396  4.647009E+00
      2397  3.414392E+00
      2398  2.070610E+00
      2399  3.414504E+00
      2400  2.070069E+00
      2401  3.068320E+00
      2402  1.828250E+00
      2403  3.067221E+00
      2404  1.827753E+00
      2405  1.123792E+00
      2406  5.907801E-01
      2407  1.122219E+00
      2408  5.853407E-01
      2409  9.226285E-01
      2410  3.649662E-01
      2411  9.229283E-01
      2412  3.642389E-01
      2413  5.110891E-01
      2414  9.935638E-01
      2415  5.232574E-01
      2416  9.174237E-01
      2417  1.784880E-01
      2418  4.153596E-01
      2419  1.842775E-01
      2420  4.311320E-01
      2421  1.264635E+01
      2422  9.759557E+00
      2423  1.264633E+01
      2424  9.759570E+00
      2425  1.147505E+01
      2426  8.852609E+00
      2427  1.147559E+01
      2428  8.853155E+00
      2429  7.259804E+00
      2430  5.145303E+00
      2431  7.259741E+00
      2432  5.145185E+00
      2433  6.575257E+00
      2434  4.647012E+00
      2435  6.575964E+00
      2436  4.647957E+00
      2437  3.414507E+00
      2438  2.070072E+00
      2439  3.414403E+00
      2440  2.070618E+00
      2441  3.067224E+00
      2442  1.827755E+00
      2443  3.068328E+00
      2444  1.828255E+00
      2445  1.122221E+00
      2446  5.853422E-01
      2447  1.123798E+00
      2448  5.907847E-01
      2449  9.229294E-01
      2450  3.642395E-01
      2451  9.226316E-01
      2452  3.649679E-01
      2453  5.232583E-01
      2454  9.174231E-01
      2455  5.110919E-01
      2456  9.935617E-01
      2457  1.842778E-01
      2458  4.311322E-01
      2459  1.784888E-01
      2460  4.153603E-01
      2461  7.381095E+00
      2462  1.172781E+01
      2463  7.395436E+00
      2464  1.172397E+01
      2465  7.428902E+00
      2466  1.175709E+01
      2467  7.545182E+00
      2468  1.177803E+01
      2469  2.749801E+00
      2470  4.252661E+00
      2471  2.749797E+00
      2472  4.252665E+00
      2473  7.545187E+00
      2474  1.177804E+01
      2475  7.428913E+00
      2476  1.175710E+01
      2477  7.395440E+00
      2478  1.172398E+01
      2479  7.381107E+00
      2480  1.172783E+01
      2481  1.043098E+01
      2482  8.025435E+00
      2483  1.043203E+01
      2484  8.026737E+00
      2485  9.375155E+00
      2486  7.215743E+00
      2487  9.374548E+00
      2488  7.213885E+00
      2489  5.944937E+00
      2490  4.193444E+00
      2491  5.946826E+00
      2492  4.195644E+00
      2493  5.397591E+00
      2494  3.858860E+00
      2495  5.394118E+00
      2496  3.854803E+00
      2497  2.773066E+00
      2498  1.697907E+00
      2499  2.775370E+00
      2500  1.698377E+00
      2501  2.576828E+00
      2502  1.551256E+00
      2503  2.574089E+00
      2504  1.546392E+00
      2505  9.540671E-01
      2506  5.427913E-01
      2507  9.518709E-01
      2508  5.366009E-01
      2509  7.438580E-01
      2510  2.696800E-01
      2511  7.437320E-01
      2512  2.709689E-01
      2513  4.841836E-01
      2514  8.953799E-01
      2515  4.955511E-01
      2516  8.460762E-01
      2517  1.265110E-01
      2518  3.218830E-01
      2519  1.342030E-01
      2520  3.170673E-01
      2521  1.043204E+01
      2522  8.026741E+00
      2523  1.043100E+01
      2524  8.025447E+00
      2525  9.374551E+00
      2526  7.213888E+00
      2527  9.375165E+00
      2528  7.215751E+00
      2529  5.946829E+00
      2530  4.195647E+00
      2531  5.944947E+00
      2532  4.193451E+00
      2533  5.394120E+00
      2534  3.854804E+00
      2535  5.397597E+00
      2536  3.858864E+00
      2537  2.775372E+00
      2538  1.698379E+00
      2539  2.773071E+00
      2540  1.697911E+00
      2541  2.574090E+00
      2542  1.546392E+00
      2543  2.576831E+00
      2544  1.551258E+00
      2545  9.518718E-01
      2546  5.366014E-01
      2547  9.540696E-01
      2548  5.427930E-01
      2549  7.437323E-01
      2550  2.709691E-01
      2551  7.438591E-01
      2552  2.696805E-01
      2553  4.955514E-01
      2554  8.460765E-01
      2555  4.841846E-01
      2556  8.953807E-01
      2557  1.342032E-01
      2558  3.170674E-01
      2559  1.265113E-01
      2560  3.218833E-01
      2561  5.947747E+00
      2562  9.434633E+00
      2563  5.982690E+00
      2564  9.476428E+00
      2565  6.055567E+00
      2566  9.573155E+00
      2567  6.247949E+00
      2568  9.700583E+00
      2569  2.291689E+00
      2570  3.517135E+00
      2571  2.291690E+00
      2572  3.517134E+00
      2573  6.247949E+00
      2574  9.700583E+00
      2575  6.055568E+00
      2576  9.573162E+00
      2577  5.982696E+00
      2578  9.476439E+00
      2579  5.947755E+00
      2580  9.434648E+00
      2581  8.007980E+00
      2582  6.216271E+00
      2583  8.008540E+00
      2584  6.218098E+00
      2585  7.191943E+00
      2586  5.528610E+00
      2587  7.190821E+00
      2588  5.526054E+00
      2589  4.629830E+00
      2590  3.337051E+00
      2591  4.633291E+00
      2592  3.337998E+00
      2593  4.123053E+00
      2594  2.924796E+00
      2595  4.119346E+00
      2596  2.922979E+00
      2597  2.326824E+00
      2598  1.611877E+00
      2599  2.330255E+00
      2600  1.609556E+00
      2601  1.918817E+00
      2602  1.207501E+00
      2603  1.922700E+00
      2604  1.206469E+00
      2605  5.105494E+00
      2606  3.370559E+00
      2607  8.008542E+00
      2608  6.218099E+00
      2609  8.007985E+00
      2610  6.216275E+00
      2611  7.190822E+00
      2612  5.526055E+00
      2613  7.191945E+00
      2614  5.528612E+00
      2615  4.633292E+00
      2616  3.337999E+00
      2617  4.629834E+00
      2618  3.337053E+00
      2619  4.119347E+00
      2620  2.922980E+00
      2621  4.123054E+00
      2622  2.924797E+00
      2623  2.330255E+00
      2624  1.609557E+00
      2625  2.326825E+00
      2626  1.611878E+00
      2627  1.922700E+00
      2628  1.206469E+00
      2629  1.918817E+00
      2630  1.207501E+00
      2631  5.105495E+00
      2632  3.370559E+00
      2633  4.670155E+00
      2634  7.398594E+00
      2635  4.680580E+00
      2636  7.395743E+00
      2637  4.684945E+00
      2638  7.399052E+00
      2639  4.815162E+00
      2640  7.375862E+00
      2641  1.749154E+00
      2642  2.639532E+00
      2643  1.749153E+00
      2644  2.639532E+00
      2645  4.815162E+00
      2646  7.375864E+00
      2647  4.684946E+00
      2648  7.399054E+00
      2649  4.680582E+00
      2650  7.395747E+00
      2651  4.670158E+00
      2652  7.398600E+00
      2653  6.164779E+00
      2654  4.822729E+00
      2655  6.165049E+00
      2656  4.822696E+00
      2657  5.429263E+00
      2658  4.212421E+00
      2659  5.427930E+00
      2660  4.211029E+00
      2661  3.669866E+00
      2662  2.739969E+00
      2663  3.672599E+00
      2664  2.740687E+00
      2665  3.180653E+00
      2666  2.380863E+00
      2667  3.182591E+00
      2668  2.377943E+00
      2669  1.187616E+01
      2670  4.535987E+00
      2671  2.641797E+00
      2672  6.165049E+00
      2673  4.822696E+00
      2674  6.164780E+00
      2675  4.822730E+00
      2676  5.427930E+00
      2677  4.211029E+00
      2678  5.429264E+00
      2679  4.212421E+00
      2680  3.672599E+00
      2681  2.740687E+00
      2682  3.669867E+00
      2683  2.739969E+00
      2684  3.182591E+00
      2685  2.377943E+00
      2686  3.180653E+00
      2687  2.380863E+00
      2688  1.187617E+01
      2689  4.535987E+00
      2690  2.641797E+00
      2691  3.569963E+00
      2692  5.647011E+00
      2693  3.580335E+00
      2694  5.646202E+00
      2695  3.599083E+00
      2696  5.663990E+00
      2697  3.706411E+00
      2698  5.674488E+00
      2699  1.333274E+00
      2700  2.034507E+00
      2701  1.333274E+00
      2702  2.034507E+00
      2703  3.706411E+00
      2704  5.674488E+00
      2705  3.599083E+00
      2706  5.663991E+00
      2707  3.580335E+00
      2708  5.646203E+00
      2709  3.569963E+00
      2710  5.647012E+00
      2711  4.767957E+00
      2712  3.733653E+00
      2713  4.768717E+00
      2714  3.732119E+00
      2715  4.117562E+00
      2716  3.120525E+00
      2717  4.116788E+00
      2718  3.121126E+00
      2719  2.858329E+00
      2720  2.134930E+00
      2721  2.858019E+00
      2722  2.131984E+00
      2723  2.321901E+00
      2724  1.711428E+00
      2725  2.325718E+00
      2726  1.712395E+00
      2727  8.479583E+00
      2728  3.282140E+00
      2729  2.154976E+00
      2730  4.768717E+00
      2731  3.732119E+00
      2732  4.767957E+00
      2733  3.733653E+00
      2734  4.116788E+00
      2735  3.121126E+00
      2736  4.117562E+00
      2737  3.120525E+00
      2738  2.858019E+00
      2739  2.131984E+00
      2740  2.858329E+00
      2741  2.134930E+00
      2742  2.325718E+00
      2743  1.712395E+00
      2744  2.321901E+00
      2745  1.711428E+00
      2746  8.479583E+00
      2747  3.282139E+00
      2748  2.154976E+00
      2749  2.643863E+00
      2750  4.177676E+00
      2751  2.668240E+00
      2752  4.203345E+00
      2753  2.703488E+00
      2754  4.254106E+00
      2755  2.838338E+00
      2756  4.297805E+00
      2757  1.029597E+00
      2758  1.540923E+00
      2759  1.029597E+00
      2760  1.540923E+00
      2761  2.838338E+00
      2762  4.297805E+00
      2763  2.703488E+00
      2764  4.254106E+00
      2765  2.668240E+00
      2766  4.203345E+00
      2767  2.643863E+00
      2768  4.177675E+00
      2769  3.316189E+00
      2770  2.606268E+00
      2771  3.315822E+00
      2772  2.605889E+00
      2773  2.867762E+00
      2774  2.333464E+00
      2775  2.867629E+00
      2776  2.332987E+00
      2777  1.324115E+01
      2778  6.439453E+00
      2779  2.650279E+00
      2780  1.766781E+00
      2781  3.315822E+00
      2782  2.605889E+00
      2783  3.316189E+00
      2784  2.606268E+00
      2785  2.867629E+00
      2786  2.332987E+00
      2787  2.867762E+00
      2788  2.333464E+00
      2789  1.324115E+01
      2790  6.439453E+00
      2791  2.650279E+00
      2792  1.766781E+00
      2793  1.876429E+00
      2794  2.964128E+00
      2795  1.900813E+00
      2796  2.992941E+00
      2797  1.935987E+00
      2798  3.043414E+00
      2799  2.064288E+00
      2800  3.080310E+00
      2801  7.463041E-01
      2802  1.096606E+00
      2803  7.463041E-01
      2804  1.096606E+00
      2805  2.064288E+00
      2806  3.080310E+00
      2807  1.935987E+00
      2808  3.043414E+00
      2809  1.900813E+00
      2810  2.992941E+00
      2811  1.876429E+00
      2812  2.964127E+00
      2813  2.391746E+00
      2814  1.814009E+00
      2815  2.391694E+00
      2816  1.813182E+00
      2817  1.893901E+00
      2818  1.542501E+00
      2819  1.894837E+00
      2820  1.543219E+00
      2821  8.599931E+00
      2822  4.341729E+00
      2823  1.978766E+00
      2824  1.442684E+00
      2825  2.391694E+00
      2826  1.813182E+00
      2827  2.391746E+00
      2828  1.814009E+00
      2829  1.894837E+00
      2830  1.543219E+00
      2831  1.893901E+00
      2832  1.542501E+00
      2833  8.599931E+00
      2834  4.341729E+00
      2835  1.978766E+00
      2836  1.442684E+00
      2837  1.255661E+00
      2838  1.989261E+00
      2839  1.276137E+00
      2840  2.011288E+00
      2841  1.308292E+00
      2842  2.054283E+00
      2843  1.436710E+00
      2844  2.087569E+00
      2845  5.187763E-01
      2846  7.358563E-01
      2847  5.187763E-01
      2848  7.358563E-01
      2849  1.436710E+00
      2850  2.087569E+00
      2851  1.308292E+00
      2852  2.054283E+00
      2853  1.276137E+00
      2854  2.011288E+00
      2855  1.255661E+00
      2856  1.989261E+00
      2857  9.182190E+00
      2858  5.345570E+00
      2859  2.856624E+00
      2860  1.500373E+00
      2861  1.203149E+00
      2862  9.182190E+00
      2863  5.345570E+00
      2864  2.856624E+00
      2865  1.500373E+00
      2866  1.203149E+00
      2867  7.990497E-01
      2868  1.282462E+00
      2869  8.030610E-01
      2870  1.266665E+00
      2871  8.222247E-01
      2872  1.280744E+00
      2873  9.464198E-01
      2874  1.301587E+00
      2875  3.374983E-01
      2876  4.491585E-01
      2877  3.374983E-01
      2878  4.491585E-01
      2879  9.464198E-01
      2880  1.301587E+00
      2881  8.222247E-01
      2882  1.280744E+00
      2883  8.030610E-01
      2884  1.266665E+00
      2885  7.990497E-01
      2886  1.282461E+00
      2887  4.479354E+00
      2888  2.793098E+00
      2889  1.739715E+00
      2890  1.171178E+00
      2891  1.051727E+00
      2892  4.479354E+00
      2893  2.793098E+00
      2894  1.739715E+00
      2895  1.171178E+00
      2896  1.051727E+00
      2897  5.371842E-01
      2898  8.528077E-01
      2899  5.093453E-01
      2900  7.576506E-01
      2901  4.881871E-01
      2902  7.001010E-01
      2903  5.846482E-01
      2904  6.942408E-01
      2905  1.988851E-01
      2906  2.278415E-01
      2907  1.988851E-01
      2908  2.278415E-01
      2909  5.846482E-01
      2910  6.942408E-01
      2911  4.881871E-01
      2912  7.001010E-01
      2913  5.093453E-01
      2914  7.576506E-01
      2915  5.371842E-01
      2916  8.528077E-01
      2917  1.374380E+00
      2918  1.140642E+00
      2919  1.041107E+00
      2920  9.616853E-01
      2921  8.941322E-01
      2922  1.374380E+00
      2923  1.140642E+00
      2924  1.041107E+00
      2925  9.616853E-01
      2926  8.941322E-01
      2927  4.202025E-01
      2928  5.472522E-01
      2929  4.222564E-01
      2930  4.520731E-01
      2931  4.137068E-01
      2932  3.980033E-01
      2933  5.237849E-01
      2934  3.825637E-01
      2935  1.094632E-01
      2936  1.252364E-01
      2937  1.094632E-01
      2938  1.252364E-01
      2939  5.237849E-01
      2940  3.825637E-01
      2941  4.137068E-01
      2942  3.980033E-01
      2943  4.222564E-01
      2944  4.520731E-01
      2945  4.202025E-01
      2946  5.472522E-01
      2947  1.337784E-01
      2948  2.290836E-01
      2949  4.078042E-01
      2950  6.834331E-01
      2951  1.011399E+00
      2952  1.337784E-01
      2953  2.290836E-01
      2954  4.078042E-01
      2955  6.834331E-01
      2956  1.011399E+00
      2957  2.268682E-01
      2958  2.377993E-01
      2959  2.677390E-01
      2960  1.896009E-01
      2961  4.040518E-01
      2962  2.984344E-01
      2963  1.090174E-01
      2964  4.383056E-02
      2965  2.084388E-01
      2966  6.524230E-02
      2967  1.618625E-01
      2968  7.138900E-02
      2969  4.406646E-01
      2970  1.486388E-01
      2971  4.106878E-02
      2972  9.482388E-02
      2973  4.958962E-02
      2974  1.415830E-01
      2975  8.176872E-02
      2976  2.104817E-01
      2977  1.624859E-01
      2978  3.973661E-01
      2979  1.304125E-01
      2980  1.713330E-02
      2981  6.201789E-02
      2982  1.649386E-02
      2983  5.781357E-02
      2984  6.352925E-02
      2985  1.997212E-01
      2986  6.688354E-02
      2987  1.931922E-01
      2988  1.304125E-01
      2989  1.649386E-02
      2990  5.781357E-02
      2991  1.713330E-02
      2992  6.201789E-02
      2993  6.688354E-02
      2994  1.931922E-01
      2995  6.352925E-02
      2996  1.997212E-01
      2997  2.084388E-01
      2998  6.524230E-02
      2999  1.090174E-01
      3000  4.383056E-02
      3001  4.406646E-01
      3002  1.486388E-01
      3003  1.618625E-01
      3004  7.138900E-02
      3005  4.958962E-02
      3006  1.415830E-01
      3007  4.106878E-02
      3008  9.482388E-02
      3009  1.624859E-01
      3010  3.973661E-01
      3011  8.176872E-02
      3012  2.104817E-01
      3013  4.040518E-01
      3014  2.984344E-01
      3015  2.677390E-01
      3016  1.896009E-01
      3017  2.268682E-01
      3018  2.377993E-01
