
                        S T E P       1


                                INCREMENT     1


 displacements (vx,vy,vz) for set NALL and time  0.1000000E+01

         1  0.000000E+00 -3.308722E-25  1.654361E-25
         2  0.000000E+00 -3.308722E-25 -3.308722E-25
         3  0.000000E+00  0.000000E+00  8.668853E-23
         4  0.000000E+00  0.000000E+00  1.743697E-22
         5  3.099462E-04 -7.862245E-06 -4.082511E-04
         6  3.103399E-04  8.070547E-06  3.975941E-04
         7 -3.188431E-04  4.880309E-06 -4.084795E-04
         8 -3.194080E-04 -2.640576E-06  3.977788E-04
         9  5.320410E-04 -1.316732E-05 -8.801291E-04
        10  5.327930E-04  1.700713E-05  8.687310E-04
        11 -6.115504E-04  1.577790E-05 -8.800254E-04
        12 -6.121442E-04 -8.659394E-06  8.689326E-04
        13  2.382861E-03 -2.343223E-05 -2.920187E-03
        14  2.382889E-03  2.772198E-05  2.925963E-03
        15 -2.426663E-03  2.337924E-05 -2.918092E-03
        16 -2.428951E-03 -1.637489E-05  2.925895E-03
        17  2.814183E-03 -1.451545E-05 -3.805043E-03
        18  2.814415E-03  1.974341E-05  3.863544E-03
        19 -2.834352E-03  3.764124E-05 -3.801298E-03
        20 -2.835590E-03 -1.280735E-05  3.863662E-03
        21  5.000000E-03 -8.470329E-23 -6.000000E-03
        22  5.000000E-03  8.470329E-23  6.000000E-03
        23 -5.000000E-03  3.642242E-21 -6.000000E-03
        24 -5.000000E-03 -7.623297E-22  6.000000E-03
        25  1.464876E-04 -1.181080E-05 -2.119511E-04
        26  1.381466E-04 -3.277385E-06  1.786826E-04
        27 -1.308992E-04 -2.299369E-06 -2.117585E-04
        28 -1.450899E-04 -6.499507E-06  1.882207E-04
        29  5.874803E-04 -1.974102E-05 -5.838463E-04
        30  4.296055E-04  8.426377E-06  5.770258E-04
        31 -4.102326E-04  2.927563E-06 -5.656925E-04
        32 -4.838590E-04 -1.284597E-05  5.565693E-04
        33  1.721723E-03 -5.693282E-05 -2.012711E-03
        34  1.315021E-03 -6.035691E-06  1.867960E-03
        35 -1.403070E-03 -1.416027E-05 -1.890277E-03
        36 -1.921269E-03 -3.686915E-05  1.916043E-03
        37  2.926374E-03 -3.689507E-05 -3.313251E-03
        38  2.076146E-03  1.090932E-05  3.452251E-03
        39 -2.158979E-03  1.580218E-05 -3.206994E-03
        40 -2.892609E-03 -2.508619E-05  3.437017E-03
        41  4.071350E-03 -3.856196E-05 -4.909590E-03
        42  2.754419E-03 -2.415690E-05  5.069435E-03
        43 -2.727416E-03 -1.585350E-05 -5.339024E-03
        44 -3.863418E-03 -3.637706E-05  4.998733E-03
        45 -7.621035E-07 -5.976366E-10 -5.278754E-07
        46 -9.432264E-07  1.302056E-10 -6.529797E-07
        47  7.052592E-08 -1.529949E-08  8.063313E-08
        48 -5.738883E-08 -1.587020E-08 -5.735237E-08
        49  3.100739E-04 -2.547677E-07  4.233057E-05
        50 -3.194915E-04  3.417692E-06 -1.242753E-05
        51 -3.929686E-05 -2.145268E-06 -4.082117E-04
        52  6.610821E-06  9.256503E-07  3.978405E-04
        53  5.328787E-04 -8.621321E-08 -7.147347E-04
        54  5.331095E-04  6.787105E-06 -5.052495E-04
        55  5.332031E-04  8.975507E-06 -2.654890E-04
        56  5.332131E-04  8.230391E-06 -1.044329E-05
        57  5.332523E-04  6.530396E-06  2.451383E-04
        58  5.332834E-04  5.974240E-06  4.865702E-04
        59  5.332143E-04  8.752924E-06  6.989964E-04
        60 -6.120070E-04  2.123733E-05 -7.169239E-04
        61 -6.119779E-04  2.075231E-05 -5.035065E-04
        62 -6.118906E-04  1.555855E-05 -2.558877E-04
        63 -6.118472E-04  7.296326E-06  8.165276E-06
        64 -6.119695E-04 -1.910963E-06  2.708004E-04
        65 -6.121974E-04 -9.534929E-06  5.139029E-04
        66 -6.123816E-04 -1.273661E-05  7.189502E-04
        67  4.060925E-04 -5.293777E-06 -8.803303E-04
        68  2.645664E-04 -1.768363E-06 -8.805400E-04
        69  1.125705E-04 -1.204233E-06 -8.805645E-04
        70 -4.437187E-05 -1.985739E-06 -8.805848E-04
        71 -2.007680E-04 -2.470652E-06 -8.806089E-04
        72 -3.510925E-04 -9.172469E-07 -8.806025E-04
        73 -4.897340E-04  4.568993E-06 -8.803742E-04
        74  4.032261E-04  6.161078E-06  8.681818E-04
        75  2.570697E-04  2.349742E-06  8.680482E-04
        76  1.004305E-04  3.310881E-06  8.680702E-04
        77 -6.009547E-05  6.552562E-06  8.681019E-04
        78 -2.180056E-04  9.548352E-06  8.680734E-04
        79 -3.668529E-04  9.721131E-06  8.680742E-04
        80 -5.001777E-04  4.455369E-06  8.682607E-04
        81  2.384001E-03 -3.999980E-06 -2.211865E-03
        82  2.384271E-03  4.012811E-06 -1.489139E-03
        83  2.384309E-03  4.088734E-06 -7.557105E-04
        84  2.384287E-03  9.587653E-08 -1.569773E-05
        85  2.384347E-03 -3.872617E-06  7.267381E-04
        86  2.384346E-03 -3.531360E-06  1.467356E-03
        87  2.384057E-03  5.576747E-06  2.201808E-03
        88 -2.426592E-03  1.613854E-05 -2.191981E-03
        89 -2.426639E-03  1.815720E-05 -1.458229E-03
        90 -2.426864E-03  2.499443E-05 -7.197423E-04
        91 -2.426952E-03  3.204823E-05  2.023132E-05
        92 -2.426960E-03  3.514139E-05  7.583073E-04
        93 -2.427088E-03  3.044281E-05  1.490974E-03
        94 -2.427832E-03  1.426228E-05  2.214615E-03
        95  1.794191E-03 -3.249652E-05 -2.919583E-03
        96  1.199173E-03 -3.585103E-05 -2.919508E-03
        97  5.991632E-04 -3.417823E-05 -2.919542E-03
        98 -4.405826E-06 -2.825239E-05 -2.919605E-03
        99 -6.101551E-04 -1.883215E-05 -2.919519E-03
       100 -1.216715E-03 -6.642158E-06 -2.919220E-03
       101 -1.822687E-03  7.657492E-06 -2.918615E-03
       102  1.783857E-03  1.143611E-05  2.925107E-03
       103  1.180017E-03  2.973180E-06  2.924855E-03
       104  5.733375E-04 -6.962023E-08  2.924802E-03
       105 -3.401208E-05 -1.955458E-07  2.924843E-03
       106 -6.398776E-04  2.366694E-07  2.924871E-03
       107 -1.242197E-03 -9.920220E-07  2.924959E-03
       108 -1.839071E-03 -5.928006E-06  2.925119E-03
       109  2.815086E-03 -8.168398E-06 -1.940137E-03
       110  2.815122E-03  1.634638E-06  6.853878E-06
       111  2.815121E-03  1.175743E-05  1.965127E-03
       112 -2.834768E-03  3.931136E-05 -1.905960E-03
       113 -2.834538E-03  2.946155E-05  4.587720E-05
       114 -2.835081E-03  9.839288E-06  1.991068E-03
       115  1.370966E-03 -2.564473E-05 -3.804068E-03
       116  9.903674E-06 -3.816289E-05 -3.803997E-03
       117 -1.360631E-03 -2.553625E-05 -3.803702E-03
       118  1.345788E-03  7.020887E-06  3.862732E-03
       119 -2.260956E-05  8.218742E-07  3.862803E-03
       120 -1.385256E-03 -4.683393E-06  3.862836E-03
       121  5.005076E-03 -2.055187E-06  5.758503E-06
       122 -4.999124E-03  3.639525E-06 -3.222591E-05
       123 -6.852119E-05  3.944026E-05 -5.998334E-03
       124 -3.904587E-05  9.464198E-06  5.998178E-03
       125 -6.194960E-05 -6.576561E-06 -2.139746E-04
       126  1.950657E-05 -9.583534E-07 -2.150722E-04
       127 -4.339250E-05  6.836575E-06  1.877569E-04
       128  9.053855E-05 -2.715238E-06  1.803923E-04
       129  1.427191E-04  8.162854E-06  1.323359E-04
       130  1.407841E-04 -5.859957E-06 -1.445784E-04
       131 -1.412005E-04  6.677836E-06  1.310690E-04
       132 -1.323072E-04 -2.063815E-06 -1.521831E-04
       133 -1.927402E-05 -2.179564E-05 -5.656733E-04
       134  3.631149E-05  1.584760E-05 -5.882103E-04
       135 -1.974007E-05  2.101867E-05  5.632808E-04
       136  4.784610E-05 -1.054246E-05  5.714977E-04
       137  4.874074E-04 -1.266497E-05  2.080811E-04
       138  5.065123E-04  1.582723E-05 -1.636549E-04
       139 -4.465323E-04  2.342223E-06  1.492705E-04
       140 -4.358656E-04  5.651734E-06 -1.507435E-04
       141  4.312798E-04  4.688370E-05 -1.362455E-03
       142  7.462354E-04  3.274498E-04 -3.174355E-03
       143  1.307465E-03  7.332291E-04 -5.581584E-03
       144  1.354463E-03  9.503425E-04 -6.774464E-03
       145  6.156149E-04  8.070181E-04 -6.139875E-03
       146 -6.451437E-04  3.858989E-04 -4.331569E-03
       147 -1.703292E-03  7.405499E-05 -3.087120E-03
       148 -5.041540E-04 -3.813517E-05 -1.337391E-03
       149  7.655043E-05 -3.080244E-04 -3.082438E-03
       150  1.016057E-03 -7.046089E-04 -5.442049E-03
       151  1.640323E-03 -9.196087E-04 -6.627383E-03
       152  1.737699E-03 -7.862582E-04 -6.044475E-03
       153  1.567750E-03 -3.864833E-04 -4.332165E-03
       154  1.775346E-03 -8.816331E-05 -3.151230E-03
       155  2.900191E-04 -4.824024E-05  1.383760E-03
       156 -4.461989E-04 -3.339433E-04  3.228806E-03
       157 -1.507850E-03 -7.432978E-04  5.655988E-03
       158 -2.174422E-03 -9.631269E-04  6.862863E-03
       159 -2.204756E-03 -8.211235E-04  6.234188E-03
       160 -1.880800E-03 -3.976614E-04  4.415447E-03
       161 -1.926748E-03 -7.626418E-05  3.130331E-03
       162 -5.534605E-04  5.846008E-05  1.404928E-03
       163 -7.919219E-04  3.418195E-04  3.238928E-03
       164 -1.187172E-03  7.382843E-04  5.596989E-03
       165 -1.080530E-03  9.416040E-04  6.721552E-03
       166 -2.824137E-04  7.899849E-04  6.051396E-03
       167  9.130725E-04  3.729416E-04  4.264055E-03
       168  1.810520E-03  7.066875E-05  3.064301E-03
       169  2.139695E-04  8.933185E-05 -7.033306E-04
       170 -1.647471E-03  6.247830E-04 -1.819118E-04
       171 -4.420873E-03  1.377490E-03  6.985330E-04
       172 -5.441108E-03  1.642166E-03  1.455219E-03
       173 -3.724549E-03  1.256666E-03  1.848565E-03
       174 -2.731442E-04  5.329945E-04  1.983112E-03
       175  2.044417E-03  8.165214E-05  2.311761E-03
       176  2.257115E-04 -8.278682E-05  7.187394E-04
       177 -1.575783E-03 -6.024630E-04  8.902382E-04
       178 -4.260156E-03 -1.332323E-03  1.267051E-03
       179 -5.273397E-03 -1.596288E-03  1.081684E-03
       180 -3.638100E-03 -1.230496E-03  8.583812E-05
       181 -2.841148E-04 -5.285918E-04 -1.379123E-03
       182  2.013861E-03 -8.186607E-05 -2.418909E-03
       183 -4.176965E-04 -5.031624E-05 -8.187707E-04
       184  1.351403E-03 -5.601881E-04 -8.883153E-04
       185  4.118171E-03 -1.311197E-03 -9.891213E-04
       186  5.169288E-03 -1.583742E-03 -7.149818E-04
       187  3.492613E-03 -1.207537E-03  9.029979E-05
       188  8.510438E-05 -4.934443E-04  1.247149E-03
       189 -2.158604E-03 -5.651806E-05  2.230958E-03
       190 -4.324138E-04  5.344919E-05  8.259967E-04
       191  1.251825E-03  5.406278E-04  2.010278E-04
       192  3.920556E-03  1.266228E-03 -1.024223E-03
       193  4.984570E-03  1.542956E-03 -1.958514E-03
       194  3.432239E-03  1.196282E-03 -2.226592E-03
       195  1.660966E-04  5.132326E-04 -2.059757E-03
       196 -2.059834E-03  8.042752E-05 -2.253593E-03
       197  1.342874E-03 -4.317561E-06 -3.199189E-03
       198  4.684552E-04  7.934539E-05 -3.782027E-03
       199 -8.703099E-04  5.867444E-05 -3.795931E-03
       200 -1.410826E-03 -3.131380E-05 -3.427567E-03
       201 -3.754327E-04 -1.415292E-04 -4.147494E-03
       202  1.015214E-03 -1.129585E-04 -4.126832E-03
       203  1.201097E-03 -4.777394E-05  3.553322E-03
       204  8.242954E-05 -1.736707E-04  4.359615E-03
       205 -1.187175E-03 -1.254498E-04  4.237214E-03
       206 -1.217471E-03  4.803955E-05  3.499208E-03
       207 -1.799969E-04  1.711251E-04  4.300410E-03
       208  1.067583E-03  1.259199E-04  4.205276E-03
       209  1.803252E-03  1.650722E-04 -1.100749E-03
       210  1.697285E-03  2.137563E-04  6.438725E-04
       211  2.452106E-03  6.847557E-05  2.297296E-03
       212  1.785629E-03 -1.651550E-04  1.399993E-03
       213  1.687887E-03 -2.111619E-04 -4.391415E-04
       214  2.449605E-03 -6.394508E-05 -2.322891E-03
       215 -1.975068E-03 -1.279262E-04 -1.403079E-03
       216 -1.909388E-03 -1.666508E-04  3.659711E-04
       217 -2.562265E-03 -4.385456E-05  2.245472E-03
       218 -1.799692E-03  1.854865E-04  1.420308E-03
       219 -1.694146E-03  2.347983E-04 -7.037422E-05
       220 -2.440266E-03  9.164506E-05 -1.821164E-03
       221  2.315562E-03  4.286715E-05 -4.272371E-03
       222  2.376528E-03  3.503002E-04 -6.255078E-03
       223  2.810809E-03  8.135388E-04 -8.996959E-03
       224  2.663430E-03  1.090070E-03 -1.050386E-02
       225  1.500384E-03  9.796215E-04 -1.002872E-02
       226 -5.485032E-04  5.425203E-04 -8.150155E-03
       227 -2.856267E-03  1.458210E-04 -6.561855E-03
       228 -2.241011E-03 -4.010456E-05 -4.414838E-03
       229 -1.331206E-03 -3.330739E-04 -6.303511E-03
       230 -2.126110E-04 -7.515690E-04 -8.789186E-03
       231  6.133765E-04 -9.844074E-04 -1.006766E-02
       232  1.090529E-03 -8.581108E-04 -9.517839E-03
       233  1.632138E-03 -4.441721E-04 -7.743048E-03
       234  2.993465E-03 -9.669818E-05 -6.356424E-03
       235  2.144280E-03 -4.453215E-05  4.374006E-03
       236  1.113823E-03 -3.441258E-04  6.305297E-03
       237 -1.307357E-04 -7.836087E-04  8.907444E-03
       238 -1.020477E-03 -1.037005E-03  1.029096E-02
       239 -1.453823E-03 -9.167555E-04  9.766490E-03
       240 -1.859064E-03 -4.862159E-04  7.917207E-03
       241 -3.064419E-03 -1.128592E-04  6.415895E-03
       242 -2.241475E-03  5.120700E-05  4.379807E-03
       243 -2.179053E-03  3.538824E-04  6.336348E-03
       244 -2.515834E-03  7.928388E-04  8.941744E-03
       245 -2.344594E-03  1.040880E-03  1.030244E-02
       246 -1.253484E-03  9.145662E-04  9.754916E-03
       247  6.681238E-04  4.854514E-04  7.913944E-03
       248  2.895076E-03  1.145028E-04  6.436622E-03
       249  2.543310E-03  7.382265E-05 -2.656160E-03
       250  6.436208E-04  6.195806E-04 -1.182243E-03
       251 -2.327630E-03  1.424725E-03  6.160549E-04
       252 -3.668691E-03  1.769016E-03  2.234324E-03
       253 -2.261593E-03  1.454256E-03  3.401227E-03
       254  1.125772E-03  7.437931E-04  4.185322E-03
       255  3.940403E-03  1.923358E-04  4.980152E-03
       256  2.527336E-03 -7.360565E-05  2.755350E-03
       257  6.669319E-04 -6.092747E-04  2.009011E-03
       258 -2.230228E-03 -1.395392E-03  1.558295E-03
       259 -3.584712E-03 -1.743905E-03  6.556760E-04
       260 -2.281431E-03 -1.453891E-03 -9.690477E-04
       261  1.009843E-03 -7.647182E-04 -3.047970E-03
       262  3.864774E-03 -2.058734E-04 -4.778048E-03
       263 -2.608906E-03 -3.716407E-05 -2.940586E-03
       264 -6.816192E-04 -5.912161E-04 -2.163236E-03
       265  2.435208E-03 -1.435575E-03 -1.377269E-03
       266  3.915498E-03 -1.814917E-03 -2.409183E-04
       267  2.564004E-03 -1.513238E-03  1.353526E-03
       268 -8.790961E-04 -7.912266E-04  3.209142E-03
       269 -3.816706E-03 -2.154039E-04  4.785282E-03
       270 -2.573163E-03  7.264094E-05  2.808588E-03
       271 -7.826322E-04  5.890913E-04  1.149150E-03
       272  2.063936E-03  1.361567E-03 -1.127481E-03
       273  3.394006E-03  1.704047E-03 -3.074263E-03
       274  2.100296E-03  1.416197E-03 -4.229686E-03
       275 -1.136166E-03  7.389252E-04 -4.717329E-03
       276 -3.876741E-03  2.020216E-04 -5.186674E-03

 forces (fx,fy,fz) for set RIGHT and time  0.1000000E+01

        21  9.581652E+02  1.054649E+03 -1.444929E+03
        22  8.696000E+02 -1.160089E+03  9.255637E+02
        23 -1.121464E+03 -3.742235E+02 -4.160748E+02
        24 -7.172865E+02  7.417076E+02  9.326688E+02

 internal energy (element, energy) for set ALL and time  0.1000000E+01

         1  3.707126E-03
         2  4.269452E-03
         3  3.050758E-03
         4  5.542812E-03
         5  4.455935E-03
         6  5.072858E-03
         7  2.483794E-03
         8  2.434413E-03
         9  3.157085E-03
        10  4.067707E-03
        11  5.415411E-03
        12  1.010854E-03
        13  4.535223E-03
        14  4.341655E-03
        15  1.960628E-03
        16  2.377622E-03
        17  2.710085E-02
        18  2.275103E-02
        19  1.507081E-02
        20  1.328136E-02
        21  1.268428E-02
        22  1.721277E-02
        23  1.782609E-02
        24  2.301400E-02
        25  6.946572E-03
        26  1.049167E-02
        27  3.347168E-03
        28  4.326636E-03
        29  6.543607E-03
        30  5.599884E-03
        31  9.412754E-03
        32  6.000923E-03
        33  4.179597E-02
        34  4.140806E-02
        35  6.944845E-02
        36  5.758862E-02
        37  5.250575E-02
        38  9.521113E-02
        39  3.058708E-02
        40  5.755901E-02
        41  6.466757E-04
        42  7.238218E-04
        43  1.044439E-03
        44  1.052024E-03
        45  4.678769E-04
        46  7.057579E-04
        47  5.384702E-04
        48  7.162492E-04
        49  1.842739E-04
        50  1.743123E-03
        51  1.960313E-03
        52  9.633408E-04
        53  6.425687E-04
        54  7.755308E-04
        55  1.674785E-03
        56  5.671716E-04
        57  5.711423E-03
        58  3.018863E-03
        59  1.083904E-03
        60  1.566824E-04
        61  1.402235E-04
        62  1.024704E-03
        63  2.887497E-03
        64  5.248699E-03
        65  7.427308E-03
        66  3.937929E-03
        67  1.341741E-03
        68  1.538308E-04
        69  2.772497E-04
        70  1.730702E-03
        71  4.662905E-03
        72  8.331032E-03
        73  1.606151E-03
        74  7.604676E-04
        75  2.534632E-04
        76  2.802757E-05
        77  4.906846E-05
        78  3.269334E-04
        79  9.026294E-04
        80  1.759221E-03
        81  1.034486E-03
        82  5.011938E-04
        83  1.372515E-04
        84  6.149966E-06
        85  9.658069E-05
        86  4.048192E-04
        87  9.437470E-04
        88  1.618859E-03
        89  9.350154E-04
        90  3.700687E-04
        91  1.543083E-04
        92  3.798332E-05
        93  1.214119E-05
        94  8.123424E-05
        95  2.637915E-04
        96  6.789305E-04
        97  9.557939E-04
        98  3.005783E-04
        99  7.246263E-05
       100  3.746517E-05
       101  1.555999E-04
       102  4.095626E-04
       103  8.741012E-04
       104  1.888649E-03
       105  5.201498E-04
       106  2.034496E-04
       107  1.360943E-04
       108  9.749747E-05
       109  7.462438E-05
       110  6.367705E-05
       111  8.775059E-05
       112  3.691582E-04
       113  5.689328E-04
       114  2.972823E-04
       115  1.784389E-04
       116  1.313538E-04
       117  1.313318E-04
       118  1.729655E-04
       119  2.773691E-04
       120  8.612934E-04
       121  5.141862E-03
       122  8.038029E-04
       123  2.974219E-04
       124  3.167374E-03
       125  2.325994E-03
       126  3.644643E-04
       127  8.164455E-04
       128  4.037065E-03
       129  6.705388E-03
       130  9.233645E-04
       131  1.463438E-03
       132  7.732285E-03
       133  9.001566E-03
       134  1.341622E-03
       135  9.146438E-04
       136  7.793528E-03
       137  5.161341E-02
       138  4.793530E-02
       139  4.313688E-02
       140  4.000298E-02
       141  1.241575E-02
       142  2.030299E-02
       143  1.205287E-02
       144  1.451927E-02
       145  9.195756E-02
       146  6.028718E-02
       147  7.068110E-02
       148  7.346947E-02
       149  7.309374E-02
       150  7.291425E-02
       151  5.634879E-02
       152  7.654806E-02
       153  1.079711E-01
       154  6.408679E-02
       155  9.411752E-02
       156  6.971809E-02
       157  6.207066E-02
       158  1.116529E-01
       159  6.041210E-02
       160  1.053386E-01
       161  8.349479E-02
       162  6.055314E-02
       163  8.864051E-02
       164  7.383051E-02
       165  8.368562E-02
       166  8.019570E-02
       167  7.066621E-02
       168  8.172063E-02
       169  8.876295E-02
       170  7.981095E-02
       171  1.085986E-01
       172  6.977260E-02
       173  6.979705E-02
       174  1.015741E-01
       175  7.983023E-02
       176  1.063640E-01
       177  1.118773E-01
       178  1.368451E-01
       179  4.286007E-02
       180  1.216651E-01
       181  1.244531E-01
       182  4.040480E-02
       183  1.266583E-01
       184  6.425964E-02
       185  1.154070E-01
       186  1.459662E-01
       187  4.522021E-02
       188  1.257356E-01
       189  1.294609E-01
       190  4.042168E-02
       191  1.323317E-01
       192  4.446799E-02
       193  1.238942E-01
       194  1.289508E-01
       195  3.576364E-02
       196  1.150177E-01
       197  1.183036E-01
       198  3.382985E-02
       199  1.190057E-01
       200  7.680462E-02
       201  1.364981E-01
       202  1.316989E-01
       203  4.206782E-02
       204  1.256236E-01
       205  1.250052E-01
       206  3.515510E-02
       207  1.362928E-01
       208  7.617499E-02
       209  7.532668E-02
       210  1.666148E-01
       211  4.017705E-02
       212  1.554705E-01
       213  1.487237E-01
       214  3.576574E-02
       215  2.111887E-01
       216  1.194058E-01
       217  8.768315E-02
       218  1.779432E-01
       219  4.261676E-02
       220  1.665206E-01
       221  1.627263E-01
       222  4.182979E-02
       223  2.210489E-01
       224  1.341316E-01
       225  6.616370E-02
       226  1.784343E-01
       227  4.339843E-02
       228  1.599823E-01
       229  1.549309E-01
       230  4.178258E-02
       231  2.176312E-01
       232  1.073447E-01
       233  6.663362E-02
       234  1.956487E-01
       235  4.894015E-02
       236  1.705599E-01
       237  1.692470E-01
       238  4.971226E-02
       239  2.182451E-01
       240  1.152130E-01
       241  8.497962E-02
       242  7.075985E-02
       243  7.909623E-02
       244  9.482090E-02
       245  8.104137E-02
       246  5.878909E-02
       247  7.409898E-02
       248  6.119563E-02
       249  7.991530E-02
       250  5.523788E-02
       251  6.441317E-02
       252  8.207724E-02
       253  9.485757E-02
       254  6.610960E-02
       255  7.657366E-02
       256  9.551531E-02
       257  8.190418E-02
       258  5.984490E-02
       259  5.963207E-02
       260  8.069784E-02
       261  7.762498E-02
       262  5.763381E-02
       263  5.772470E-02
       264  7.766009E-02
       265  7.641680E-02
       266  6.415880E-02
       267  5.958048E-02
       268  7.447020E-02
       269  7.002334E-02
       270  6.761282E-02
       271  6.439684E-02
       272  7.662142E-02
       273  1.334642E-01
       274  1.713013E-01
       275  4.123588E-02
       276  1.314177E-01
       277  1.477557E-01
       278  4.962485E-02
       279  1.191064E-01
       280  6.752447E-02
       281  1.155510E-01
       282  1.449404E-01
       283  4.606670E-02
       284  1.312621E-01
       285  1.404292E-01
       286  5.069063E-02
       287  1.285754E-01
       288  7.622426E-02
       289  1.336885E-01
       290  1.470172E-01
       291  3.513811E-02
       292  1.196503E-01
       293  1.324908E-01
       294  4.662831E-02
       295  1.135634E-01
       296  9.531401E-02
       297  1.526970E-01
       298  1.619571E-01
       299  4.315460E-02
       300  1.353009E-01
       301  1.461343E-01
       302  4.492788E-02
       303  1.353673E-01
       304  7.473962E-02
       305  7.658525E-02
       306  1.804950E-01
       307  3.441699E-02
       308  1.462235E-01
       309  1.565181E-01
       310  4.636487E-02
       311  1.412575E-01
       312  1.298230E-01
       313  8.800935E-02
       314  1.914889E-01
       315  3.573675E-02
       316  1.550253E-01
       317  1.713754E-01
       318  5.536280E-02
       319  1.398374E-01
       320  1.511033E-01
       321  7.041957E-02
       322  2.037068E-01
       323  3.973860E-02
       324  1.583468E-01
       325  1.736471E-01
       326  5.655905E-02
       327  1.430380E-01
       328  1.263622E-01
       329  6.534902E-02
       330  1.960277E-01
       331  4.068978E-02
       332  1.572900E-01
       333  1.714058E-01
       334  5.727280E-02
       335  1.450250E-01
       336  1.201654E-01

 total internal energy for set ALL and time  0.1000000E+01

        2.032400E+01
