
                        S T E P       1


                                INCREMENT     1


 displacements (vx,vy,vz) for set NALL and time  0.1000000E+01

         1  0.000000E+00 -1.654361E-25 -8.271806E-26
         2  0.000000E+00  0.000000E+00 -3.308722E-25
         3 -3.308722E-25  3.205325E-25  2.911676E-23
         4  8.271806E-26 -1.033976E-26 -6.369291E-24
         5  7.690457E-05 -7.908770E-06 -1.185150E-04
         6  7.704690E-05  3.309541E-06  1.021914E-04
         7 -1.004241E-04  5.655207E-06 -1.195103E-04
         8 -1.009415E-04 -1.866780E-06  1.028447E-04
         9  3.500596E-03 -3.438403E-05 -3.956043E-03
        10  3.500998E-03  3.696320E-05  4.002617E-03
        11 -3.504512E-03  3.597768E-05 -3.957095E-03
        12 -3.505713E-03 -3.326544E-05  4.003546E-03
        13  3.952569E-03  3.229400E-06 -4.712525E-03
        14  3.952066E-03 -5.838127E-06  4.708741E-03
        15 -3.898775E-03  7.049326E-06 -4.714593E-03
        16 -3.898593E-03 -2.341593E-06  4.710936E-03
        17  4.468520E-03 -7.024007E-06 -5.321909E-03
        18  4.470305E-03  8.284715E-06  5.304461E-03
        19 -4.383207E-03  8.008582E-06 -5.324799E-03
        20 -4.385544E-03 -9.009350E-06  5.306654E-03
        21  5.000000E-03 -2.117582E-23 -6.000000E-03
        22  5.000000E-03  0.000000E+00  6.000000E-03
        23 -5.000000E-03  4.235165E-21 -6.000000E-03
        24 -5.000000E-03  2.583450E-21  6.000000E-03
        25  2.767503E-04 -1.860448E-05 -3.537186E-04
        26  7.942654E-04 -4.242904E-05 -9.366786E-04
        27  1.495779E-03 -6.253197E-05 -1.685883E-03
        28  2.229225E-03 -6.996065E-05 -2.421053E-03
        29  2.864418E-03 -6.517420E-05 -3.022854E-03
        30  3.311394E-03 -5.450586E-05 -3.456012E-03
        31  3.524507E-03 -4.405058E-05 -3.752945E-03
        32  1.945767E-04 -5.935711E-07  1.938749E-04
        33  5.192777E-04 -1.033490E-05  4.591459E-04
        34  9.892939E-04 -2.197563E-05  9.259308E-04
        35  1.533168E-03 -2.744390E-05  1.579730E-03
        36  2.095912E-03 -1.980811E-05  2.353890E-03
        37  2.641101E-03  4.053355E-07  3.117871E-03
        38  3.133994E-03  2.449886E-05  3.703155E-03
        39 -2.168656E-04  2.331116E-06 -2.132239E-04
        40 -5.318727E-04 -8.514183E-06 -4.892891E-04
        41 -9.929516E-04 -2.072340E-05 -9.728077E-04
        42 -1.534766E-03 -2.642155E-05 -1.623517E-03
        43 -2.103172E-03 -1.936274E-05 -2.365071E-03
        44 -2.652462E-03 -2.526804E-07 -3.089272E-03
        45 -3.136279E-03  2.234561E-05 -3.660251E-03
        46 -3.077623E-04 -1.274164E-05  3.393873E-04
        47 -8.354500E-04 -3.686128E-05  9.381101E-04
        48 -1.553033E-03 -5.766784E-05  1.718526E-03
        49 -2.305468E-03 -6.534692E-05  2.497648E-03
        50 -2.955528E-03 -5.994286E-05  3.145101E-03
        51 -3.398114E-03 -4.889115E-05  3.594813E-03
        52 -3.570472E-03 -3.921557E-05  3.847461E-03
        53  3.972169E-03 -3.034475E-05 -3.919945E-03
        54  4.163913E-03 -2.642884E-05 -3.814586E-03
        55  4.188310E-03 -1.542222E-05 -4.295308E-03
        56  3.174055E-03  1.368865E-05  4.506776E-03
        57  3.084673E-03  4.596313E-06  4.952899E-03
        58  3.429654E-03  1.627299E-06  4.871807E-03
        59 -3.216107E-03  1.812160E-05 -4.359787E-03
        60 -3.120416E-03  1.092381E-05 -4.733536E-03
        61 -3.411139E-03  1.129916E-05 -4.774005E-03
        62 -3.971772E-03 -3.118587E-05  3.995713E-03
        63 -4.180174E-03 -2.828176E-05  3.928751E-03
        64 -4.192176E-03 -1.877180E-05  4.357701E-03
        65  4.527850E-03 -4.824462E-06 -4.899260E-03
        66  4.914798E-03 -9.703114E-06 -5.161658E-03
        67  4.868303E-03 -7.308001E-06 -5.299385E-03
        68  3.663651E-03 -5.340544E-06  4.714270E-03
        69  3.723962E-03 -7.218345E-06  4.825186E-03
        70  4.020317E-03 -2.345320E-06  5.113036E-03
        71 -3.528861E-03  2.418446E-06 -4.808416E-03
        72 -3.476500E-03 -4.841455E-07 -4.992312E-03
        73 -3.833167E-03  3.438110E-06 -5.186268E-03
        74 -4.443188E-03 -8.130273E-06  4.865552E-03
        75 -4.845473E-03 -1.298621E-05  5.108772E-03
        76 -4.796941E-03 -1.053001E-05  5.245982E-03
        77  4.825309E-07  5.242547E-09  3.361933E-07
        78  3.835503E-07  5.379861E-09  2.677206E-07
        79 -1.356078E-07  7.994047E-09 -1.487926E-07
        80 -2.054670E-07  7.899384E-09 -2.242152E-07
        81  3.500726E-03 -4.177400E-05 -1.819485E-03
        82  3.501545E-03 -1.573488E-06  7.138624E-05
        83  3.501114E-03  3.733028E-05  1.939497E-03
        84 -3.505183E-03  4.444226E-05 -1.902273E-03
        85 -3.504677E-03  8.813415E-06 -2.870774E-05
        86 -3.505661E-03 -3.307095E-05  1.871437E-03
        87  1.663178E-03  5.594181E-06 -3.957651E-03
        88 -5.036254E-05  8.435637E-06 -3.957902E-03
        89 -1.738442E-03  6.544155E-06 -3.958049E-03
        90  1.726611E-03  4.851961E-06  4.001235E-03
        91  3.641738E-05  5.601929E-06  4.001525E-03
        92 -1.673296E-03  2.658850E-06  4.001719E-03
        93  5.000924E-03  8.028775E-06  7.181139E-05
        94 -4.998847E-03  2.553500E-06 -6.504254E-05
        95  1.163171E-05  1.345624E-05 -5.999360E-03
        96  1.264188E-04 -4.828868E-06  6.000718E-03
        97  1.955276E-04  9.268972E-05 -9.580484E-04
        98  1.166039E-03  6.313750E-04 -4.442288E-03
        99  2.638575E-03  1.429039E-03 -9.175962E-03
       100  3.081071E-03  1.858960E-03 -1.153895E-02
       101  1.930002E-03  1.576835E-03 -1.029108E-02
       102 -3.138871E-04  7.449196E-04 -6.719943E-03
       103 -2.226518E-03  1.339449E-04 -4.282657E-03
       104 -9.836425E-06 -9.182694E-05 -9.799312E-04
       105  8.930245E-04 -6.321425E-04 -4.475596E-03
       106  2.331756E-03 -1.414494E-03 -9.136923E-03
       107  3.031220E-03 -1.813930E-03 -1.135073E-02
       108  2.674232E-03 -1.502157E-03 -9.973108E-03
       109  1.920429E-03 -6.682479E-04 -6.400744E-03
       110  2.221429E-03 -9.515813E-05 -4.138810E-03
       111 -1.216047E-04 -1.188640E-04  1.079342E-03
       112 -1.208594E-03 -6.873556E-04  4.749184E-03
       113 -2.833985E-03 -1.490958E-03  9.515381E-03
       114 -3.652157E-03 -1.912112E-03  1.183106E-02
       115 -3.273107E-03 -1.615422E-03  1.051220E-02
       116 -2.346525E-03 -7.674041E-04  6.869681E-03
       117 -2.395857E-03 -1.397078E-04  4.359258E-03
       118 -9.706271E-05  1.020970E-04  9.840027E-04
       119 -8.391373E-04  6.491475E-04  4.529907E-03
       120 -2.073382E-03  1.444561E-03  9.263076E-03
       121 -2.370780E-03  1.861853E-03  1.157007E-02
       122 -1.253026E-03  1.566711E-03  1.027027E-02
       123  7.806668E-04  7.339004E-04  6.702970E-03
       124  2.406699E-03  1.291954E-04  4.304349E-03
       125 -3.469711E-04  1.330927E-04 -1.335360E-05
       126 -3.572283E-03  1.060782E-03  6.228588E-04
       127 -8.552546E-03  2.412073E-03  1.787927E-03
       128 -1.052002E-02  2.920719E-03  2.685840E-03
       129 -7.660338E-03  2.279361E-03  2.950035E-03
       130 -1.636700E-03  1.016384E-03  2.811147E-03
       131  2.612690E-03  1.880929E-04  3.112124E-03
       132 -3.514032E-04 -1.396819E-04  1.709427E-05
       133 -3.444755E-03 -1.032197E-03  6.498569E-04
       134 -8.207430E-03 -2.326693E-03  1.855483E-03
       135 -1.012718E-02 -2.825051E-03  2.164868E-03
       136 -7.422596E-03 -2.220949E-03  1.008981E-03
       137 -1.619227E-03 -1.006450E-03 -1.152111E-03
       138  2.560342E-03 -1.931144E-04 -2.901789E-03
       139  2.717130E-04 -1.193817E-04 -1.781313E-04
       140  3.430510E-03 -1.029114E-03 -5.839418E-04
       141  8.394309E-03 -2.376037E-03 -1.195734E-03
       142  1.036193E-02 -2.884939E-03 -1.220691E-03
       143  7.505061E-03 -2.244355E-03 -3.015042E-04
       144  1.501170E-03 -9.859275E-04  1.331300E-03
       145 -2.668814E-03 -1.729693E-04  2.850190E-03
       146  2.592676E-04  1.204094E-04  1.311977E-04
       147  3.304088E-03  1.000643E-03 -7.517308E-04
       148  8.113218E-03  2.307965E-03 -2.529469E-03
       149  1.005498E-02  2.812455E-03 -3.694627E-03
       150  7.305523E-03  2.198520E-03 -3.662497E-03
       151  1.443807E-03  9.724381E-04 -2.920973E-03
       152 -2.661406E-03  1.736446E-04 -2.961868E-03
       153  5.835051E-04 -1.827393E-05 -5.015602E-03
       154 -4.631620E-04  1.112036E-05 -5.034981E-03
       155  5.085201E-04 -4.404376E-06  4.992450E-03
       156 -4.320709E-04 -1.029261E-06  5.004849E-03
       157  4.268652E-03  8.274792E-06  7.170462E-04
       158  4.202959E-03 -1.813375E-05 -7.940623E-04
       159 -4.131838E-03  2.821976E-05  7.538563E-04
       160 -4.136478E-03 -2.301550E-05 -7.189638E-04
       161  6.386748E-04 -4.400549E-05 -5.540151E-03
       162 -5.524066E-04  4.082191E-05 -5.533201E-03
       163  6.354790E-04  4.321979E-05  5.520435E-03
       164 -5.055880E-04 -4.401314E-05  5.521481E-03
       165  4.599544E-03  2.919997E-05  8.382121E-04
       166  4.598036E-03 -2.998817E-05 -8.287205E-04
       167 -4.515055E-03 -2.528709E-05  7.521146E-04
       168 -4.521041E-03  3.078026E-05 -7.654118E-04

 forces (fx,fy,fz) for set RIGHT and time  0.1000000E+01

        21  1.849066E+03  1.566653E+03 -1.852632E+03
        22  1.584802E+03 -1.665132E+03  1.625099E+03
        23 -1.891250E+03  1.550374E+02 -1.617847E+03
        24 -1.606465E+03 -9.193106E+01  1.812502E+03

 internal energy (element, energy) for set ALL and time  0.1000000E+01

         1  3.848778E-02
         2  3.696175E-02
         3  4.417611E-02
         4  3.906467E-02
         5  1.399703E-02
         6  1.035052E-02
         7  7.258331E-03
         8  7.198843E-03
         9  7.802193E-03
        10  7.955470E-03
        11  8.086901E-03
        12  6.196889E-03
        13  8.861511E-03
        14  9.506111E-03
        15  8.428444E-03
        16  7.470009E-03
        17  6.646052E-03
        18  7.228093E-03
        19  1.088146E-02
        20  1.197717E-02
        21  8.303445E-03
        22  9.319598E-03
        23  7.851152E-03
        24  6.577375E-03
        25  6.017265E-03
        26  6.458800E-03
        27  9.079012E-03
        28  1.173473E-02
        29  1.428229E-02
        30  1.027251E-02
        31  6.944179E-03
        32  6.821877E-03
        33  7.537739E-03
        34  8.307582E-03
        35  8.389159E-03
        36  5.826054E-03
        37  3.118233E-03
        38  1.937187E-03
        39  2.244512E-03
        40  4.158258E-03
        41  1.427242E-03
        42  1.393242E-03
        43  1.412356E-03
        44  1.703834E-03
        45  4.918842E-04
        46  5.025321E-04
        47  5.910259E-04
        48  1.668598E-03
        49  2.005858E-03
        50  1.334760E-03
        51  1.611239E-03
        52  2.517767E-03
        53  4.040719E-04
        54  1.312519E-04
        55  2.394951E-04
        56  6.736812E-04
        57  7.977115E-04
        58  4.186634E-04
        59  5.857745E-04
        60  6.904321E-03
        61  1.711173E-03
        62  2.150433E-04
        63  3.232077E-04
        64  3.891595E-03
        65  1.813953E-03
        66  3.914755E-04
        67  2.314563E-04
        68  3.880158E-04
        69  3.891305E-02
        70  3.517584E-02
        71  4.157847E-02
        72  3.092836E-02
        73  1.366306E-04
        74  5.273806E-04
        75  3.929143E-04
        76  7.470333E-05
        77  7.691260E-05
        78  3.066280E-04
        79  4.030226E-04
        80  6.127063E-05
        81  3.991937E-02
        82  5.347868E-02
        83  1.842811E-02
        84  2.083631E-02
        85  3.214429E-02
        86  5.477372E-03
        87  2.730334E-03
        88  2.361601E-02
        89  2.766377E-02
        90  3.188447E-03
        91  6.349898E-03
        92  3.713122E-02
        93  1.027173E-02
        94  2.295598E-03
        95  4.824941E-04
        96  5.861590E-03
        97  1.054323E-02
        98  9.461969E-04
        99  2.933820E-03
       100  1.518503E-02
       101  2.616740E-02
       102  4.393318E-03
       103  4.074697E-02
       104  1.927474E-02
       105  9.785771E-03
       106  1.462217E-02
       107  1.268426E-02
       108  1.844653E-02
       109  6.880174E-02
       110  9.986521E-02
       111  2.335609E-02
       112  1.237508E-02
       113  5.289152E-02
       114  4.551427E-02
       115  5.500201E-02
       116  1.947123E-02
       117  3.409784E-02
       118  3.608592E-02
       119  3.527854E-02
       120  3.513295E-02
       121  7.129057E-02
       122  7.758035E-02
       123  6.843413E-02
       124  7.460315E-02
       125  4.475761E-01
       126  5.516037E-01
       127  1.652122E-01
       128  4.747056E-01
       129  4.880791E-01
       130  1.586309E-01
       131  4.968510E-01
       132  2.460657E-01
       133  5.291784E-01
       134  5.885055E-01
       135  1.978451E-01
       136  5.323861E-01
       137  5.311129E-01
       138  1.663308E-01
       139  6.160034E-01
       140  2.060732E-01
       141  5.289523E-01
       142  4.959943E-01
       143  1.437645E-01
       144  4.549514E-01
       145  4.617725E-01
       146  1.333816E-01
       147  4.801725E-01
       148  2.970336E-01
       149  5.520554E-01
       150  5.707773E-01
       151  1.664593E-01
       152  5.053915E-01
       153  5.108866E-01
       154  1.448303E-01
       155  5.473280E-01
       156  2.968684E-01
       157  2.340490E-01
       158  5.407210E-01
       159  1.174721E-01
       160  4.745374E-01
       161  4.703518E-01
       162  1.183781E-01
       163  6.026029E-01
       164  3.689436E-01
       165  2.608313E-01
       166  5.664331E-01
       167  1.241481E-01
       168  4.991678E-01
       169  5.036425E-01
       170  1.348942E-01
       171  6.153946E-01
       172  4.172725E-01
       173  1.966743E-01
       174  5.591526E-01
       175  1.350651E-01
       176  4.971633E-01
       177  4.933224E-01
       178  1.405496E-01
       179  6.234244E-01
       180  3.325759E-01
       181  2.112891E-01
       182  6.183250E-01
       183  1.528785E-01
       184  5.441939E-01
       185  5.467954E-01
       186  1.642716E-01
       187  6.695963E-01
       188  3.716905E-01
       189  3.619449E-01
       190  4.585611E-01
       191  3.322808E-01
       192  4.619952E-01
       193  4.683321E-01
       194  5.336635E-01
       195  4.960570E-01
       196  5.435783E-01
       197  2.835874E-01
       198  1.280864E-01
       199  1.721424E-01
       200  1.186790E-01
       201  1.335841E-01
       202  2.327847E-01
       203  1.219859E-01
       204  1.798490E-01
       205  4.686738E-01
       206  1.794667E-01
       207  3.506113E-01
       208  1.409980E-01
       209  1.762437E-01
       210  4.618970E-01
       211  1.539949E-01
       212  3.849317E-01
       213  2.813255E-01
       214  2.209383E-01
       215  2.278200E-01
       216  2.173534E-01
       217  2.498083E-01
       218  2.250286E-01
       219  2.615473E-01
       220  2.319624E-01
       221  2.529114E-01
       222  1.638218E-01
       223  2.629526E-01
       224  1.631824E-01
       225  2.314924E-01
       226  2.899396E-01
       227  2.886478E-01
       228  2.444943E-01

 total internal energy for set ALL and time  0.1000000E+01

        3.805320E+01
