
                        S T E P       1


                                INCREMENT     1


 displacements (vx,vy,vz) for set TIP_TOP and time  0.1000000E+01

      4823  1.092314E-01 -3.096530E-03 -3.066592E+00
      4824  1.090087E-01 -3.040979E-03 -3.059000E+00
      4827  1.086151E-01 -2.970451E-03 -3.051414E+00
      4830  1.082417E-01 -2.376664E-03 -3.044345E+00
      4832  1.081152E-01 -7.015523E-04 -3.040205E+00
      4834  1.080935E-01 -1.522748E-11 -3.040294E+00
      4836  1.081152E-01  7.015523E-04 -3.040205E+00
      4839  1.082417E-01  2.376664E-03 -3.044345E+00
      4842  1.086151E-01  2.970450E-03 -3.051414E+00
      4845  1.090087E-01  3.040979E-03 -3.059000E+00
      4848  1.092314E-01  3.096529E-03 -3.066592E+00

 forces (fx,fy,fz) for set CLAMP and time  0.1000000E+01

         1  6.342913E+03  2.247765E+03  1.829851E+03
         4  1.132455E+04 -1.184655E-08  3.657686E+03
         5  8.451731E+03  3.304184E+03  2.407463E+02
         8  1.466687E+04 -1.890367E-08  6.057504E+02
         9  5.385012E+03  2.082546E+03 -2.716267E+02
        12  9.265948E+03 -1.749745E-08 -4.269832E+02
        13  2.563301E+03  9.836468E+02 -5.302729E+02
        16  4.394532E+03 -1.559392E-08 -9.411306E+02
        17 -2.128096E+02 -9.007708E+01 -5.328615E+02
        20 -4.150532E+02 -1.360423E-08 -9.790823E+02
        21 -2.339143E+03 -4.834026E+02 -7.357787E+02
        24 -3.023635E+03 -9.725848E-09 -4.544469E+02
        26  6.342913E+03 -2.247765E+03  1.829851E+03
        28  8.451731E+03 -3.304184E+03  2.407463E+02
        30  5.385012E+03 -2.082546E+03 -2.716267E+02
        32  2.563301E+03 -9.836468E+02 -5.302729E+02
        34 -2.128096E+02  9.007708E+01 -5.328615E+02
        36 -2.339143E+03  4.834026E+02 -7.357787E+02
        37 -1.344529E+03 -4.784616E+02 -7.618180E+02
        40 -1.810926E+03 -2.824229E+02 -1.186882E+03
        41 -2.699779E+03 -1.062056E+03 -1.730191E+02
        44 -3.890286E+03 -6.436425E+02 -3.009613E+02
        45 -1.672394E+03 -5.897865E+02  8.296572E+02
        48 -2.677633E+03 -3.602355E+02  1.457324E+03
        50 -1.569975E+03 -2.319818E+02 -1.044255E+03
        52 -3.672505E+03 -5.123543E+02 -3.168740E+02
        54 -2.705276E+03 -2.811111E+02  1.423273E+03
        56 -1.514523E+03 -1.708802E+02 -1.007993E+03
        58 -3.718218E+03 -3.632323E+02 -2.981663E+02
        60 -2.822782E+03 -1.950719E+02  1.477562E+03
        62 -3.267831E+03 -1.890241E+02 -1.639538E+02
        64 -2.509957E+03 -9.411666E+01  1.325469E+03
        66 -2.733081E+03 -8.747689E-09 -1.006713E+02
        68 -2.108916E+03 -6.027453E-09  1.120036E+03
        70 -3.267831E+03  1.890241E+02 -1.639538E+02
        72 -2.509957E+03  9.411666E+01  1.325469E+03
        74 -1.514523E+03  1.708802E+02 -1.007993E+03
        76 -3.718218E+03  3.632323E+02 -2.981663E+02
        78 -2.822782E+03  1.950719E+02  1.477562E+03
        80 -1.569975E+03  2.319818E+02 -1.044255E+03
        82 -3.672505E+03  5.123543E+02 -3.168740E+02
        84 -2.705276E+03  2.811111E+02  1.423273E+03
        86 -1.810926E+03  2.824229E+02 -1.186882E+03
        88 -3.890286E+03  6.436425E+02 -3.009613E+02
        90 -2.677633E+03  3.602355E+02  1.457324E+03
        92 -1.344529E+03  4.784616E+02 -7.618180E+02
        94 -2.699779E+03  1.062056E+03 -1.730191E+02
        96 -1.672394E+03  5.897865E+02  8.296572E+02

 internal energy (element, energy) for set EALL and time  0.1000000E+01

         1  3.561469E+01
         2  1.390822E+01
         3  4.754679E+00
         4  6.362525E-01
         5  1.072995E+00
         6  3.561469E+01
         7  1.390822E+01
         8  4.754679E+00
         9  6.362525E-01
        10  1.072995E+00
        11  3.285822E+00
        12  4.719729E+00
        13  2.113519E+00
        14  3.576169E+00
        15  1.926133E+00
        16  3.567553E+00
        17  1.972179E+00
        18  3.673913E+00
        19  1.412839E+00
        20  2.646717E+00
        21  1.412839E+00
        22  2.646717E+00
        23  1.972179E+00
        24  3.673913E+00
        25  1.926133E+00
        26  3.567553E+00
        27  2.113519E+00
        28  3.576169E+00
        29  3.285822E+00
        30  4.719729E+00
        31  3.656746E+01
        32  1.822886E+01
        33  5.910654E+00
        34  7.575052E-01
        35  1.434791E+00
        36  3.656746E+01
        37  1.822886E+01
        38  5.910654E+00
        39  7.575052E-01
        40  1.434791E+00
        41  2.740973E+00
        42  4.332418E+00
        43  2.640299E+00
        44  4.255045E+00
        45  2.433689E+00
        46  4.027736E+00
        47  2.522744E+00
        48  4.060689E+00
        49  1.812033E+00
        50  2.867504E+00
        51  1.812033E+00
        52  2.867504E+00
        53  2.522744E+00
        54  4.060689E+00
        55  2.433689E+00
        56  4.027736E+00
        57  2.640299E+00
        58  4.255045E+00
        59  2.740973E+00
        60  4.332418E+00
        61  3.487141E+01
        62  1.827241E+01
        63  6.372017E+00
        64  8.618551E-01
        65  1.525610E+00
        66  3.487141E+01
        67  1.827241E+01
        68  6.372017E+00
        69  8.618551E-01
        70  1.525610E+00
        71  2.282034E+00
        72  3.865655E+00
        73  2.510146E+00
        74  4.130867E+00
        75  2.500996E+00
        76  4.093683E+00
        77  2.554611E+00
        78  4.157115E+00
        79  1.802397E+00
        80  2.939678E+00
        81  1.802397E+00
        82  2.939678E+00
        83  2.554611E+00
        84  4.157115E+00
        85  2.500996E+00
        86  4.093683E+00
        87  2.510146E+00
        88  4.130867E+00
        89  2.282034E+00
        90  3.865655E+00
        91  3.436436E+01
        92  1.796971E+01
        93  6.471650E+00
        94  9.316329E-01
        95  1.514228E+00
        96  3.436436E+01
        97  1.796971E+01
        98  6.471650E+00
        99  9.316329E-01
       100  1.514228E+00
       101  2.179036E+00
       102  3.758574E+00
       103  2.453493E+00
       104  4.082912E+00
       105  2.548331E+00
       106  4.191013E+00
       107  2.611070E+00
       108  4.283784E+00
       109  1.816833E+00
       110  2.978134E+00
       111  1.816833E+00
       112  2.978134E+00
       113  2.611070E+00
       114  4.283784E+00
       115  2.548331E+00
       116  4.191013E+00
       117  2.453493E+00
       118  4.082912E+00
       119  2.179036E+00
       120  3.758574E+00
       121  3.402689E+01
       122  1.762372E+01
       123  6.418799E+00
       124  9.537644E-01
       125  1.488817E+00
       126  3.402689E+01
       127  1.762372E+01
       128  6.418799E+00
       129  9.537644E-01
       130  1.488817E+00
       131  2.143575E+00
       132  3.729211E+00
       133  2.393450E+00
       134  4.029631E+00
       135  2.527977E+00
       136  4.193383E+00
       137  2.607355E+00
       138  4.290816E+00
       139  1.796658E+00
       140  2.942373E+00
       141  1.796658E+00
       142  2.942373E+00
       143  2.607355E+00
       144  4.290816E+00
       145  2.527977E+00
       146  4.193383E+00
       147  2.393450E+00
       148  4.029631E+00
       149  2.143575E+00
       150  3.729211E+00
       151  3.368059E+01
       152  1.729916E+01
       153  6.312694E+00
       154  9.518523E-01
       155  1.448479E+00
       156  3.368059E+01
       157  1.729916E+01
       158  6.312694E+00
       159  9.518523E-01
       160  1.448479E+00
       161  2.142927E+00
       162  3.731558E+00
       163  2.346026E+00
       164  3.975237E+00
       165  2.484949E+00
       166  4.138749E+00
       167  2.570946E+00
       168  4.228842E+00
       169  1.755129E+00
       170  2.869758E+00
       171  1.755129E+00
       172  2.869758E+00
       173  2.570946E+00
       174  4.228842E+00
       175  2.484949E+00
       176  4.138749E+00
       177  2.346026E+00
       178  3.975237E+00
       179  2.142927E+00
       180  3.731558E+00
       181  3.329084E+01
       182  1.700631E+01
       183  6.198295E+00
       184  9.399437E-01
       185  1.401235E+00
       186  3.329084E+01
       187  1.700631E+01
       188  6.198295E+00
       189  9.399437E-01
       190  1.401235E+00
       191  2.153108E+00
       192  3.736749E+00
       193  2.308672E+00
       194  3.918083E+00
       195  2.433857E+00
       196  4.057228E+00
       197  2.516883E+00
       198  4.134638E+00
       199  1.702382E+00
       200  2.780109E+00
       201  1.702382E+00
       202  2.780109E+00
       203  2.516883E+00
       204  4.134638E+00
       205  2.433857E+00
       206  4.057228E+00
       207  2.308672E+00
       208  3.918083E+00
       209  2.153108E+00
       210  3.736749E+00
       211  3.285652E+01
       212  1.673329E+01
       213  6.089973E+00
       214  9.261924E-01
       215  1.351124E+00
       216  3.285652E+01
       217  1.673329E+01
       218  6.089973E+00
       219  9.261924E-01
       220  1.351124E+00
       221  2.162471E+00
       222  3.731764E+00
       223  2.276708E+00
       224  3.858271E+00
       225  2.380904E+00
       226  3.967068E+00
       227  2.455569E+00
       228  4.031060E+00
       229  1.645534E+00
       230  2.687099E+00
       231  1.645534E+00
       232  2.687099E+00
       233  2.455569E+00
       234  4.031060E+00
       235  2.380904E+00
       236  3.967068E+00
       237  2.276708E+00
       238  3.858271E+00
       239  2.162471E+00
       240  3.731764E+00
       241  3.238477E+01
       242  1.647037E+01
       243  5.990711E+00
       244  9.141089E-01
       245  1.301098E+00
       246  3.238477E+01
       247  1.647037E+01
       248  5.990711E+00
       249  9.141089E-01
       250  1.301098E+00
       251  2.165717E+00
       252  3.712941E+00
       253  2.246817E+00
       254  3.796695E+00
       255  2.329141E+00
       256  3.877624E+00
       257  2.393505E+00
       258  3.929387E+00
       259  1.588932E+00
       260  2.596987E+00
       261  1.588932E+00
       262  2.596987E+00
       263  2.393505E+00
       264  3.929387E+00
       265  2.329141E+00
       266  3.877624E+00
       267  2.246817E+00
       268  3.796695E+00
       269  2.165717E+00
       270  3.712941E+00
       271  3.188561E+01
       272  1.621240E+01
       273  5.899759E+00
       274  9.047103E-01
       275  1.252853E+00
       276  3.188561E+01
       277  1.621240E+01
       278  5.899759E+00
       279  9.047103E-01
       280  1.252853E+00
       281  2.160816E+00
       282  3.680998E+00
       283  2.216803E+00
       284  3.734032E+00
       285  2.279583E+00
       286  3.792523E+00
       287  2.333806E+00
       288  3.833964E+00
       289  1.534647E+00
       290  2.512127E+00
       291  1.534647E+00
       292  2.512127E+00
       293  2.333806E+00
       294  3.833964E+00
       295  2.279583E+00
       296  3.792523E+00
       297  2.216803E+00
       298  3.734032E+00
       299  2.160816E+00
       300  3.680998E+00
       301  3.136854E+01
       302  1.595710E+01
       303  5.815285E+00
       304  8.978157E-01
       305  1.207181E+00
       306  3.136854E+01
       307  1.595710E+01
       308  5.815285E+00
       309  8.978157E-01
       310  1.207181E+00
       311  2.147690E+00
       312  3.638395E+00
       313  2.185503E+00
       314  3.670727E+00
       315  2.232293E+00
       316  3.712487E+00
       317  2.277559E+00
       318  3.745586E+00
       319  1.483390E+00
       320  2.432824E+00
       321  1.483390E+00
       322  2.432824E+00
       323  2.277559E+00
       324  3.745586E+00
       325  2.232293E+00
       326  3.712487E+00
       327  2.185503E+00
       328  3.670727E+00
       329  2.147690E+00
       330  3.638395E+00
       331  3.084132E+01
       332  1.570351E+01
       333  5.735358E+00
       334  8.928082E-01
       335  1.164273E+00
       336  3.084132E+01
       337  1.570351E+01
       338  5.735358E+00
       339  8.928082E-01
       340  1.164273E+00
       341  2.127251E+00
       342  3.587913E+00
       343  2.152432E+00
       344  3.607063E+00
       345  2.186897E+00
       346  3.636982E+00
       347  2.224754E+00
       348  3.663529E+00
       349  1.435160E+00
       350  2.358542E+00
       351  1.435160E+00
       352  2.358542E+00
       353  2.224754E+00
       354  3.663529E+00
       355  2.186897E+00
       356  3.636982E+00
       357  2.152432E+00
       358  3.607063E+00
       359  2.127251E+00
       360  3.587913E+00
       361  3.030965E+01
       362  1.545126E+01
       363  5.658322E+00
       364  8.890161E-01
       365  1.123989E+00
       366  3.030965E+01
       367  1.545126E+01
       368  5.658322E+00
       369  8.890161E-01
       370  1.123989E+00
       371  2.100816E+00
       372  3.532007E+00
       373  2.117535E+00
       374  3.543223E+00
       375  2.142910E+00
       376  3.565085E+00
       377  2.174908E+00
       378  3.586588E+00
       379  1.389648E+00
       380  2.288487E+00
       381  1.389648E+00
       382  2.288487E+00
       383  2.174908E+00
       384  3.586588E+00
       385  2.142910E+00
       386  3.565085E+00
       387  2.117535E+00
       388  3.543223E+00
       389  2.100816E+00
       390  3.532007E+00
       391  2.977735E+01
       392  1.520020E+01
       393  5.582910E+00
       394  8.858746E-01
       395  1.086041E+00
       396  2.977735E+01
       397  1.520020E+01
       398  5.582910E+00
       399  8.858746E-01
       400  1.086041E+00
       401  2.069744E+00
       402  3.472604E+00
       403  2.080991E+00
       404  3.479332E+00
       405  2.099893E+00
       406  3.495885E+00
       407  2.127415E+00
       408  3.513564E+00
       409  1.346450E+00
       410  2.221882E+00
       411  1.346450E+00
       412  2.221882E+00
       413  2.127415E+00
       414  3.513564E+00
       415  2.099893E+00
       416  3.495885E+00
       417  2.080991E+00
       418  3.479332E+00
       419  2.069744E+00
       420  3.472604E+00
       421  2.924682E+01
       422  1.495023E+01
       423  5.508244E+00
       424  8.829716E-01
       425  1.050099E+00
       426  2.924682E+01
       427  1.495023E+01
       428  5.508244E+00
       429  8.829716E-01
       430  1.050099E+00
       431  2.035259E+00
       432  3.411102E+00
       433  2.043086E+00
       434  3.415485E+00
       435  2.057513E+00
       436  3.428629E+00
       437  2.081710E+00
       438  3.443444E+00
       439  1.305178E+00
       440  2.158067E+00
       441  1.305178E+00
       442  2.158067E+00
       443  2.081710E+00
       444  3.443444E+00
       445  2.057513E+00
       446  3.428629E+00
       447  2.043086E+00
       448  3.415485E+00
       449  2.035259E+00
       450  3.411102E+00
       451  2.871936E+01
       452  1.470130E+01
       453  5.433763E+00
       454  8.800386E-01
       455  1.015858E+00
       456  2.871936E+01
       457  1.470130E+01
       458  5.433763E+00
       459  8.800386E-01
       460  1.015858E+00
       461  1.998369E+00
       462  3.348459E+00
       463  2.004138E+00
       464  3.351756E+00
       465  2.015549E+00
       466  3.362758E+00
       467  2.037340E+00
       468  3.375445E+00
       469  1.265500E+00
       470  2.096523E+00
       471  1.265500E+00
       472  2.096523E+00
       473  2.037340E+00
       474  3.375445E+00
       475  2.015549E+00
       476  3.362758E+00
       477  2.004138E+00
       478  3.351756E+00
       479  1.998369E+00
       480  3.348459E+00
       481  2.819559E+01
       482  1.445337E+01
       483  5.359150E+00
       484  8.769204E-01
       485  9.830616E-01
       486  2.819559E+01
       487  1.445337E+01
       488  5.359150E+00
       489  8.769204E-01
       490  9.830616E-01
       491  1.959862E+00
       492  3.285301E+00
       493  1.964443E+00
       494  3.288200E+00
       495  1.973870E+00
       496  3.297880E+00
       497  1.993963E+00
       498  3.308997E+00
       499  1.227157E+00
       500  2.036859E+00
       501  1.227157E+00
       502  2.036859E+00
       503  1.993963E+00
       504  3.308997E+00
       505  1.973870E+00
       506  3.297880E+00
       507  1.964443E+00
       508  3.288200E+00
       509  1.959862E+00
       510  3.285301E+00
       511  2.767572E+01
       512  1.420643E+01
       513  5.284251E+00
       514  8.735413E-01
       515  9.515092E-01
       516  2.767572E+01
       517  1.420643E+01
       518  5.284251E+00
       519  8.735413E-01
       520  9.515092E-01
       521  1.920329E+00
       522  3.222016E+00
       523  1.924262E+00
       524  3.224863E+00
       525  1.932415E+00
       526  3.233735E+00
       527  1.951342E+00
       528  3.243700E+00
       529  1.189947E+00
       530  1.978790E+00
       531  1.189947E+00
       532  1.978790E+00
       533  1.951342E+00
       534  3.243700E+00
       535  1.932415E+00
       536  3.233735E+00
       537  1.924262E+00
       538  3.224863E+00
       539  1.920329E+00
       540  3.222016E+00
       541  2.715974E+01
       542  1.396046E+01
       543  5.209015E+00
       544  8.698769E-01
       545  9.210487E-01
       546  2.715974E+01
       547  1.396046E+01
       548  5.209015E+00
       549  8.698769E-01
       550  9.210487E-01
       551  1.880202E+00
       552  3.158837E+00
       553  1.883807E+00
       554  3.161778E+00
       555  1.891163E+00
       556  3.170160E+00
       557  1.909318E+00
       558  3.179284E+00
       559  1.153726E+00
       560  1.922111E+00
       561  1.153726E+00
       562  1.922111E+00
       563  1.909318E+00
       564  3.179284E+00
       565  1.891163E+00
       566  3.170160E+00
       567  1.883807E+00
       568  3.161778E+00
       569  1.880202E+00
       570  3.158837E+00
       571  2.664751E+01
       572  1.371546E+01
       573  5.133451E+00
       574  8.659315E-01
       575  8.915693E-01
       576  2.664751E+01
       577  1.371546E+01
       578  5.133451E+00
       579  8.659315E-01
       580  8.915693E-01
       581  1.839785E+00
       582  3.095897E+00
       583  1.843249E+00
       584  3.098975E+00
       585  1.850120E+00
       586  3.107058E+00
       587  1.867787E+00
       588  3.115570E+00
       589  1.118389E+00
       590  1.866676E+00
       591  1.118389E+00
       592  1.866676E+00
       593  1.867787E+00
       594  3.115570E+00
       595  1.850120E+00
       596  3.107058E+00
       597  1.843249E+00
       598  3.098975E+00
       599  1.839785E+00
       600  3.095897E+00
       601  2.613888E+01
       602  1.347142E+01
       603  5.057596E+00
       604  8.617235E-01
       605  8.629919E-01
       606  2.613888E+01
       607  1.347142E+01
       608  5.057596E+00
       609  8.617235E-01
       610  8.629919E-01
       611  1.799292E+00
       612  3.033267E+00
       613  1.802717E+00
       614  3.036476E+00
       615  1.809307E+00
       616  3.044376E+00
       617  1.826688E+00
       618  3.052444E+00
       619  1.083860E+00
       620  1.812385E+00
       621  1.083860E+00
       622  1.812385E+00
       623  1.826688E+00
       624  3.052444E+00
       625  1.809307E+00
       626  3.044376E+00
       627  1.802717E+00
       628  3.036476E+00
       629  1.799292E+00
       630  3.033267E+00
       631  2.563372E+01
       632  1.322836E+01
       633  4.981494E+00
       634  8.572761E-01
       635  8.352600E-01
       636  2.563372E+01
       637  1.322836E+01
       638  4.981494E+00
       639  8.572761E-01
       640  8.352600E-01
       641  1.758870E+00
       642  2.970984E+00
       643  1.762309E+00
       644  2.974299E+00
       645  1.768746E+00
       646  2.982086E+00
       647  1.785984E+00
       648  2.989834E+00
       649  1.050086E+00
       650  1.759166E+00
       651  1.050086E+00
       652  1.759166E+00
       653  1.785984E+00
       654  2.989834E+00
       655  1.768746E+00
       656  2.982086E+00
       657  1.762309E+00
       658  2.974299E+00
       659  1.758870E+00
       660  2.970984E+00
       661  2.513190E+01
       662  1.298628E+01
       663  4.905192E+00
       664  8.526121E-01
       665  8.083336E-01
       666  2.513190E+01
       667  1.298628E+01
       668  4.905192E+00
       669  8.526121E-01
       670  8.083336E-01
       671  1.718620E+00
       672  2.909069E+00
       673  1.722098E+00
       674  2.912461E+00
       675  1.728461E+00
       676  2.920178E+00
       677  1.745655E+00
       678  2.927698E+00
       679  1.017030E+00
       680  1.706967E+00
       681  1.017030E+00
       682  1.706967E+00
       683  1.745655E+00
       684  2.927698E+00
       685  1.728461E+00
       686  2.920178E+00
       687  1.722098E+00
       688  2.912461E+00
       689  1.718620E+00
       690  2.909069E+00
       691  2.463332E+01
       692  1.274519E+01
       693  4.828731E+00
       694  8.477511E-01
       695  7.821834E-01
       696  2.463332E+01
       697  1.274519E+01
       698  4.828731E+00
       699  8.477511E-01
       700  7.821834E-01
       701  1.678609E+00
       702  2.847532E+00
       703  1.682134E+00
       704  2.850978E+00
       705  1.688473E+00
       706  2.858653E+00
       707  1.705692E+00
       708  2.866011E+00
       709  9.846660E-01
       710  1.655753E+00
       711  9.846660E-01
       712  1.655753E+00
       713  1.705692E+00
       714  2.866011E+00
       715  1.688473E+00
       716  2.858653E+00
       717  1.682134E+00
       718  2.850978E+00
       719  1.678609E+00
       720  2.847532E+00
       721  2.413792E+01
       722  1.250509E+01
       723  4.752145E+00
       724  8.427087E-01
       725  7.567878E-01
       726  2.413792E+01
       727  1.250509E+01
       728  4.752145E+00
       729  8.427087E-01
       730  7.567878E-01
       731  1.638884E+00
       732  2.786380E+00
       733  1.642458E+00
       734  2.789861E+00
       735  1.648802E+00
       736  2.797514E+00
       737  1.666091E+00
       738  2.804759E+00
       739  9.529733E-01
       740  1.605497E+00
       741  9.529733E-01
       742  1.605497E+00
       743  1.666091E+00
       744  2.804759E+00
       745  1.648802E+00
       746  2.797514E+00
       747  1.642458E+00
       748  2.789861E+00
       749  1.638884E+00
       750  2.786380E+00
       751  2.364567E+01
       752  1.226601E+01
       753  4.675464E+00
       754  8.374969E-01
       755  7.321296E-01
       756  2.364567E+01
       757  1.226601E+01
       758  4.675464E+00
       759  8.374969E-01
       760  7.321296E-01
       761  1.599475E+00
       762  2.725621E+00
       763  1.603095E+00
       764  2.729125E+00
       765  1.609461E+00
       766  2.736770E+00
       767  1.626853E+00
       768  2.743938E+00
       769  9.219380E-01
       770  1.556181E+00
       771  9.219380E-01
       772  1.556181E+00
       773  1.626853E+00
       774  2.743938E+00
       775  1.609461E+00
       776  2.736770E+00
       777  1.603095E+00
       778  2.729125E+00
       779  1.599475E+00
       780  2.725621E+00
       781  2.315655E+01
       782  1.202795E+01
       783  4.598709E+00
       784  8.321242E-01
       785  7.081950E-01
       786  2.315655E+01
       787  1.202795E+01
       788  4.598709E+00
       789  8.321242E-01
       790  7.081950E-01
       791  1.560403E+00
       792  2.665262E+00
       793  1.564067E+00
       794  2.668781E+00
       795  1.570464E+00
       796  2.676430E+00
       797  1.587979E+00
       798  2.683547E+00
       799  8.915486E-01
       800  1.507789E+00
       801  8.915486E-01
       802  1.507789E+00
       803  1.587979E+00
       804  2.683547E+00
       805  1.570464E+00
       806  2.676430E+00
       807  1.564067E+00
       808  2.668781E+00
       809  1.560403E+00
       810  2.665262E+00
       811  2.267054E+01
       812  1.179093E+01
       813  4.521900E+00
       814  8.265963E-01
       815  6.849719E-01
       816  2.267054E+01
       817  1.179093E+01
       818  4.521900E+00
       819  8.265963E-01
       820  6.849719E-01
       821  1.521683E+00
       822  2.605310E+00
       823  1.525387E+00
       824  2.608841E+00
       825  1.531820E+00
       826  2.616502E+00
       827  1.549472E+00
       828  2.623588E+00
       829  8.617963E-01
       830  1.460310E+00
       831  8.617963E-01
       832  1.460310E+00
       833  1.549472E+00
       834  2.623588E+00
       835  1.531820E+00
       836  2.616502E+00
       837  1.525387E+00
       838  2.608841E+00
       839  1.521683E+00
       840  2.605310E+00
       841  2.218765E+01
       842  1.155496E+01
       843  4.445051E+00
       844  8.209170E-01
       845  6.624496E-01
       846  2.218765E+01
       847  1.155496E+01
       848  4.445051E+00
       849  8.209170E-01
       850  6.624496E-01
       851  1.483327E+00
       852  2.545775E+00
       853  1.487066E+00
       854  2.549315E+00
       855  1.493538E+00
       856  2.556997E+00
       857  1.511337E+00
       858  2.564065E+00
       859  8.326735E-01
       860  1.413734E+00
       861  8.326735E-01
       862  1.413734E+00
       863  1.511337E+00
       864  2.564065E+00
       865  1.493538E+00
       866  2.556997E+00
       867  1.487066E+00
       868  2.549315E+00
       869  1.483327E+00
       870  2.545775E+00
       871  2.170790E+01
       872  1.132007E+01
       873  4.368175E+00
       874  8.150883E-01
       875  6.406180E-01
       876  2.170790E+01
       877  1.132007E+01
       878  4.368175E+00
       879  8.150883E-01
       880  6.406180E-01
       881  1.445341E+00
       882  2.486665E+00
       883  1.449113E+00
       884  2.490215E+00
       885  1.455624E+00
       886  2.497922E+00
       887  1.473577E+00
       888  2.504984E+00
       889  8.041735E-01
       890  1.368053E+00
       891  8.041735E-01
       892  1.368053E+00
       893  1.473577E+00
       894  2.504984E+00
       895  1.455624E+00
       896  2.497922E+00
       897  1.449113E+00
       898  2.490215E+00
       899  1.445341E+00
       900  2.486665E+00
       901  2.123131E+01
       902  1.108626E+01
       903  4.291284E+00
       904  8.091114E-01
       905  6.194674E-01
       906  2.123131E+01
       907  1.108626E+01
       908  4.291284E+00
       909  8.091114E-01
       910  6.194674E-01
       911  1.407732E+00
       912  2.427991E+00
       913  1.411535E+00
       914  2.431550E+00
       915  1.418086E+00
       916  2.439288E+00
       917  1.436196E+00
       918  2.446350E+00
       919  7.762905E-01
       920  1.323260E+00
       921  7.762905E-01
       922  1.323260E+00
       923  1.436196E+00
       924  2.446350E+00
       925  1.418086E+00
       926  2.439288E+00
       927  1.411535E+00
       928  2.431550E+00
       929  1.407732E+00
       930  2.427991E+00
       931  2.075791E+01
       932  1.085356E+01
       933  4.214388E+00
       934  8.029866E-01
       935  5.989885E-01
       936  2.075791E+01
       937  1.085356E+01
       938  4.214388E+00
       939  8.029866E-01
       940  5.989885E-01
       941  1.370507E+00
       942  2.369760E+00
       943  1.374338E+00
       944  2.373330E+00
       945  1.380928E+00
       946  2.381103E+00
       947  1.399200E+00
       948  2.388170E+00
       949  7.490189E-01
       950  1.279348E+00
       951  7.490189E-01
       952  1.279348E+00
       953  1.399200E+00
       954  2.388170E+00
       955  1.380928E+00
       956  2.381103E+00
       957  1.374338E+00
       958  2.373330E+00
       959  1.370507E+00
       960  2.369760E+00
       961  2.028771E+01
       962  1.062198E+01
       963  4.137498E+00
       964  7.967136E-01
       965  5.791722E-01
       966  2.028771E+01
       967  1.062198E+01
       968  4.137498E+00
       969  7.967136E-01
       970  5.791722E-01
       971  1.333670E+00
       972  2.311983E+00
       973  1.337527E+00
       974  2.315564E+00
       975  1.344155E+00
       976  2.323375E+00
       977  1.362592E+00
       978  2.330452E+00
       979  7.223534E-01
       980  1.236311E+00
       981  7.223534E-01
       982  1.236311E+00
       983  1.362592E+00
       984  2.330452E+00
       985  1.344155E+00
       986  2.323375E+00
       987  1.337527E+00
       988  2.315564E+00
       989  1.333670E+00
       990  2.311983E+00
       991  1.982076E+01
       992  1.039155E+01
       993  4.060622E+00
       994  7.902920E-01
       995  5.600094E-01
       996  1.982076E+01
       997  1.039155E+01
       998  4.060622E+00
       999  7.902920E-01
      1000  5.600094E-01
      1001  1.297225E+00
      1002  2.254668E+00
      1003  1.301108E+00
      1004  2.258262E+00
      1005  1.307774E+00
      1006  2.266114E+00
      1007  1.326378E+00
      1008  2.273202E+00
      1009  6.962888E-01
      1010  1.194143E+00
      1011  6.962888E-01
      1012  1.194143E+00
      1013  1.326378E+00
      1014  2.273202E+00
      1015  1.307774E+00
      1016  2.266114E+00
      1017  1.301108E+00
      1018  2.258262E+00
      1019  1.297225E+00
      1020  2.254668E+00
      1021  1.935709E+01
      1022  1.016229E+01
      1023  3.983770E+00
      1024  7.837211E-01
      1025  5.414910E-01
      1026  1.935709E+01
      1027  1.016229E+01
      1028  3.983770E+00
      1029  7.837211E-01
      1030  5.414910E-01
      1031  1.261177E+00
      1032  2.197825E+00
      1033  1.265085E+00
      1034  2.201433E+00
      1035  1.271789E+00
      1036  2.209326E+00
      1037  1.290562E+00
      1038  2.216428E+00
      1039  6.708201E-01
      1040  1.152838E+00
      1041  6.708201E-01
      1042  1.152838E+00
      1043  1.290562E+00
      1044  2.216428E+00
      1045  1.271789E+00
      1046  2.209326E+00
      1047  1.265085E+00
      1048  2.201433E+00
      1049  1.261177E+00
      1050  2.197825E+00
      1051  1.889672E+01
      1052  9.934210E+00
      1053  3.906953E+00
      1054  7.770002E-01
      1055  5.236080E-01
      1056  1.889672E+01
      1057  9.934210E+00
      1058  3.906953E+00
      1059  7.770002E-01
      1060  5.236080E-01
      1061  1.225531E+00
      1062  2.141463E+00
      1063  1.229463E+00
      1064  2.145084E+00
      1065  1.236204E+00
      1066  2.153022E+00
      1067  1.255149E+00
      1068  2.160138E+00
      1069  6.459422E-01
      1070  1.112390E+00
      1071  6.459422E-01
      1072  1.112390E+00
      1073  1.255149E+00
      1074  2.160138E+00
      1075  1.236204E+00
      1076  2.153022E+00
      1077  1.229463E+00
      1078  2.145084E+00
      1079  1.225531E+00
      1080  2.141463E+00
      1081  1.843971E+01
      1082  9.707346E+00
      1083  3.830180E+00
      1084  7.701287E-01
      1085  5.063514E-01
      1086  1.843971E+01
      1087  9.707346E+00
      1088  3.830180E+00
      1089  7.701287E-01
      1090  5.063514E-01
      1091  1.190291E+00
      1092  2.085590E+00
      1093  1.194247E+00
      1094  2.089225E+00
      1095  1.201025E+00
      1096  2.097207E+00
      1097  1.220143E+00
      1098  2.104339E+00
      1099  6.216502E-01
      1100  1.072795E+00
      1101  6.216502E-01
      1102  1.072795E+00
      1103  1.220143E+00
      1104  2.104339E+00
      1105  1.201025E+00
      1106  2.097207E+00
      1107  1.194247E+00
      1108  2.089225E+00
      1109  1.190291E+00
      1110  2.085590E+00
      1111  1.798609E+01
      1112  9.481716E+00
      1113  3.753461E+00
      1114  7.631058E-01
      1115  4.897120E-01
      1116  1.798609E+01
      1117  9.481716E+00
      1118  3.753461E+00
      1119  7.631058E-01
      1120  4.897120E-01
      1121  1.155462E+00
      1122  2.030214E+00
      1123  1.159441E+00
      1124  2.033865E+00
      1125  1.166256E+00
      1126  2.041892E+00
      1127  1.185551E+00
      1128  2.049039E+00
      1129  5.979391E-01
      1130  1.034046E+00
      1131  5.979391E-01
      1132  1.034046E+00
      1133  1.185551E+00
      1134  2.049039E+00
      1135  1.166256E+00
      1136  2.041892E+00
      1137  1.159441E+00
      1138  2.033865E+00
      1139  1.155462E+00
      1140  2.030214E+00
      1141  1.753590E+01
      1142  9.257346E+00
      1143  3.676807E+00
      1144  7.559311E-01
      1145  4.736809E-01
      1146  1.753590E+01
      1147  9.257346E+00
      1148  3.676807E+00
      1149  7.559311E-01
      1150  4.736809E-01
      1151  1.121050E+00
      1152  1.975345E+00
      1153  1.125052E+00
      1154  1.979011E+00
      1155  1.131903E+00
      1156  1.987084E+00
      1157  1.151376E+00
      1158  1.994247E+00
      1159  5.748038E-01
      1160  9.961376E-01
      1161  5.748038E-01
      1162  9.961376E-01
      1163  1.151376E+00
      1164  1.994247E+00
      1165  1.131903E+00
      1166  1.987084E+00
      1167  1.125052E+00
      1168  1.979011E+00
      1169  1.121050E+00
      1170  1.975345E+00
      1171  1.708918E+01
      1172  9.034261E+00
      1173  3.600230E+00
      1174  7.486042E-01
      1175  4.582489E-01
      1176  1.708918E+01
      1177  9.034261E+00
      1178  3.600230E+00
      1179  7.486042E-01
      1180  4.582489E-01
      1181  1.087058E+00
      1182  1.920991E+00
      1183  1.091083E+00
      1184  1.924671E+00
      1185  1.097971E+00
      1186  1.932791E+00
      1187  1.117624E+00
      1188  1.939970E+00
      1189  5.522392E-01
      1190  9.590642E-01
      1191  5.522392E-01
      1192  9.590642E-01
      1193  1.117624E+00
      1194  1.939970E+00
      1195  1.097971E+00
      1196  1.932791E+00
      1197  1.091083E+00
      1198  1.924671E+00
      1199  1.087058E+00
      1200  1.920991E+00
      1201  1.664598E+01
      1202  8.812487E+00
      1203  3.523741E+00
      1204  7.411248E-01
      1205  4.434069E-01
      1206  1.664598E+01
      1207  8.812487E+00
      1208  3.523741E+00
      1209  7.411248E-01
      1210  4.434069E-01
      1211  1.053491E+00
      1212  1.867159E+00
      1213  1.057539E+00
      1214  1.870855E+00
      1215  1.064464E+00
      1216  1.879022E+00
      1217  1.084300E+00
      1218  1.886217E+00
      1219  5.302402E-01
      1220  9.228199E-01
      1221  5.302402E-01
      1222  9.228199E-01
      1223  1.084300E+00
      1224  1.886217E+00
      1225  1.064464E+00
      1226  1.879022E+00
      1227  1.057539E+00
      1228  1.870855E+00
      1229  1.053491E+00
      1230  1.867159E+00
      1231  1.620635E+01
      1232  8.592051E+00
      1233  3.447352E+00
      1234  7.334928E-01
      1235  4.291457E-01
      1236  1.620635E+01
      1237  8.592051E+00
      1238  3.447352E+00
      1239  7.334928E-01
      1240  4.291457E-01
      1241  1.020355E+00
      1242  1.813860E+00
      1243  1.024426E+00
      1244  1.817571E+00
      1245  1.031388E+00
      1246  1.825785E+00
      1247  1.051409E+00
      1248  1.832995E+00
      1249  5.088016E-01
      1250  8.873991E-01
      1251  5.088016E-01
      1252  8.873991E-01
      1253  1.051409E+00
      1254  1.832995E+00
      1255  1.031388E+00
      1256  1.825785E+00
      1257  1.024426E+00
      1258  1.817571E+00
      1259  1.020355E+00
      1260  1.813860E+00
      1261  1.577032E+01
      1262  8.372982E+00
      1263  3.371075E+00
      1264  7.257082E-01
      1265  4.154560E-01
      1266  1.577032E+01
      1267  8.372982E+00
      1268  3.371075E+00
      1269  7.257082E-01
      1270  4.154560E-01
      1271  9.876543E-01
      1272  1.761101E+00
      1273  9.917489E-01
      1274  1.764827E+00
      1275  9.987474E-01
      1276  1.773089E+00
      1277  1.018956E+00
      1278  1.780314E+00
      1279  4.879182E-01
      1280  8.527957E-01
      1281  4.879182E-01
      1282  8.527957E-01
      1283  1.018956E+00
      1284  1.780314E+00
      1285  9.987474E-01
      1286  1.773089E+00
      1287  9.917489E-01
      1288  1.764827E+00
      1289  9.876543E-01
      1290  1.761101E+00
      1291  1.533795E+01
      1292  8.155308E+00
      1293  3.294924E+00
      1294  7.177714E-01
      1295  4.023287E-01
      1296  1.533795E+01
      1297  8.155308E+00
      1298  3.294924E+00
      1299  7.177714E-01
      1300  4.023287E-01
      1301  9.553942E-01
      1302  1.708890E+00
      1303  9.595120E-01
      1304  1.712632E+00
      1305  9.665475E-01
      1306  1.720942E+00
      1307  9.869458E-01
      1308  1.728182E+00
      1309  4.675846E-01
      1310  8.190039E-01
      1311  4.675846E-01
      1312  8.190039E-01
      1313  9.869458E-01
      1314  1.728182E+00
      1315  9.665475E-01
      1316  1.720942E+00
      1317  9.595120E-01
      1318  1.712632E+00
      1319  9.553942E-01
      1320  1.708890E+00
      1321  1.490929E+01
      1322  7.939062E+00
      1323  3.218912E+00
      1324  7.096828E-01
      1325  3.897544E-01
      1326  1.490929E+01
      1327  7.939062E+00
      1328  3.218912E+00
      1329  7.096828E-01
      1330  3.897544E-01
      1331  9.235796E-01
      1332  1.657237E+00
      1333  9.277209E-01
      1334  1.660994E+00
      1335  9.347934E-01
      1336  1.669352E+00
      1337  9.553842E-01
      1338  1.676606E+00
      1339  4.477956E-01
      1340  7.860176E-01
      1341  4.477956E-01
      1342  7.860176E-01
      1343  9.553842E-01
      1344  1.676606E+00
      1345  9.347934E-01
      1346  1.669352E+00
      1347  9.277209E-01
      1348  1.660994E+00
      1349  9.235796E-01
      1350  1.657237E+00
      1351  1.448440E+01
      1352  7.724272E+00
      1353  3.143054E+00
      1354  7.014432E-01
      1355  3.777238E-01
      1356  1.448440E+01
      1357  7.724272E+00
      1358  3.143054E+00
      1359  7.014432E-01
      1360  3.777238E-01
      1361  8.922157E-01
      1362  1.606151E+00
      1363  8.963805E-01
      1364  1.609923E+00
      1365  9.034902E-01
      1366  1.618329E+00
      1367  9.242762E-01
      1368  1.625597E+00
      1369  4.285456E-01
      1370  7.538307E-01
      1371  4.285456E-01
      1372  7.538307E-01
      1373  9.242762E-01
      1374  1.625597E+00
      1375  9.034902E-01
      1376  1.618329E+00
      1377  8.963805E-01
      1378  1.609923E+00
      1379  8.922157E-01
      1380  1.606151E+00
      1381  1.406331E+01
      1382  7.510974E+00
      1383  3.067365E+00
      1384  6.930535E-01
      1385  3.662277E-01
      1386  1.406331E+01
      1387  7.510974E+00
      1388  3.067365E+00
      1389  6.930535E-01
      1390  3.662277E-01
      1391  8.613075E-01
      1392  1.555639E+00
      1393  8.654961E-01
      1394  1.559426E+00
      1395  8.726431E-01
      1396  1.567881E+00
      1397  8.936269E-01
      1398  1.575163E+00
      1399  4.098293E-01
      1400  7.224371E-01
      1401  4.098293E-01
      1402  7.224371E-01
      1403  8.936269E-01
      1404  1.575163E+00
      1405  8.726431E-01
      1406  1.567881E+00
      1407  8.654961E-01
      1408  1.559426E+00
      1409  8.613075E-01
      1410  1.555639E+00
      1411  1.364610E+01
      1412  7.299200E+00
      1413  2.991860E+00
      1414  6.845150E-01
      1415  3.552566E-01
      1416  1.364610E+01
      1417  7.299200E+00
      1418  2.991860E+00
      1419  6.845150E-01
      1420  3.552566E-01
      1421  8.308602E-01
      1422  1.505712E+00
      1423  8.350726E-01
      1424  1.509514E+00
      1425  8.422571E-01
      1426  1.518017E+00
      1427  8.634415E-01
      1428  1.525313E+00
      1429  3.916410E-01
      1430  6.918306E-01
      1431  3.916410E-01
      1432  6.918306E-01
      1433  8.634415E-01
      1434  1.525313E+00
      1435  8.422571E-01
      1436  1.518017E+00
      1437  8.350726E-01
      1438  1.509514E+00
      1439  8.308602E-01
      1440  1.505712E+00
      1441  1.323282E+01
      1442  7.088985E+00
      1443  2.916556E+00
      1444  6.758290E-01
      1445  3.448011E-01
      1446  1.323282E+01
      1447  7.088985E+00
      1448  2.916556E+00
      1449  6.758290E-01
      1450  3.448011E-01
      1451  8.008789E-01
      1452  1.456377E+00
      1453  8.051154E-01
      1454  1.460195E+00
      1455  8.123374E-01
      1456  1.468747E+00
      1457  8.337252E-01
      1458  1.476056E+00
      1459  3.739751E-01
      1460  6.620047E-01
      1461  3.739751E-01
      1462  6.620047E-01
      1463  8.337252E-01
      1464  1.476056E+00
      1465  8.123374E-01
      1466  1.468747E+00
      1467  8.051154E-01
      1468  1.460195E+00
      1469  8.008789E-01
      1470  1.456377E+00
      1471  1.282353E+01
      1472  6.880366E+00
      1473  2.841470E+00
      1474  6.669974E-01
      1475  3.348519E-01
      1476  1.282353E+01
      1477  6.880366E+00
      1478  2.841470E+00
      1479  6.669974E-01
      1480  3.348519E-01
      1481  7.713687E-01
      1482  1.407646E+00
      1483  7.756294E-01
      1484  1.411478E+00
      1485  7.828892E-01
      1486  1.420079E+00
      1487  8.044832E-01
      1488  1.427401E+00
      1489  3.568261E-01
      1490  6.329531E-01
      1491  3.568261E-01
      1492  6.329531E-01
      1493  8.044832E-01
      1494  1.427401E+00
      1495  7.828892E-01
      1496  1.420079E+00
      1497  7.756294E-01
      1498  1.411478E+00
      1499  7.713687E-01
      1500  1.407646E+00
      1501  1.241828E+01
      1502  6.673381E+00
      1503  2.766619E+00
      1504  6.580222E-01
      1505  3.253996E-01
      1506  1.241828E+01
      1507  6.673381E+00
      1508  2.766619E+00
      1509  6.580222E-01
      1510  3.253996E-01
      1511  7.423348E-01
      1512  1.359526E+00
      1513  7.466200E-01
      1514  1.363373E+00
      1515  7.539176E-01
      1516  1.372023E+00
      1517  7.757208E-01
      1518  1.379357E+00
      1519  3.401880E-01
      1520  6.046694E-01
      1521  3.401880E-01
      1522  6.046694E-01
      1523  7.757208E-01
      1524  1.379357E+00
      1525  7.539176E-01
      1526  1.372023E+00
      1527  7.466200E-01
      1528  1.363373E+00
      1529  7.423348E-01
      1530  1.359526E+00
      1531  1.201716E+01
      1532  6.468069E+00
      1533  2.692022E+00
      1534  6.489059E-01
      1535  3.164347E-01
      1536  1.201716E+01
      1537  6.468069E+00
      1538  2.692022E+00
      1539  6.489059E-01
      1540  3.164347E-01
      1541  7.137823E-01
      1542  1.312027E+00
      1543  7.180921E-01
      1544  1.315889E+00
      1545  7.254277E-01
      1546  1.324588E+00
      1547  7.474430E-01
      1548  1.331934E+00
      1549  3.240552E-01
      1550  5.771469E-01
      1551  3.240552E-01
      1552  5.771469E-01
      1553  7.474430E-01
      1554  1.331934E+00
      1555  7.254277E-01
      1556  1.324588E+00
      1557  7.180921E-01
      1558  1.315889E+00
      1559  7.137823E-01
      1560  1.312027E+00
      1561  1.162021E+01
      1562  6.264472E+00
      1563  2.617699E+00
      1564  6.396511E-01
      1565  3.079477E-01
      1566  1.162021E+01
      1567  6.264472E+00
      1568  2.617699E+00
      1569  6.396511E-01
      1570  3.079477E-01
      1571  6.857164E-01
      1572  1.265159E+00
      1573  6.900510E-01
      1574  1.269036E+00
      1575  6.974247E-01
      1576  1.277785E+00
      1577  7.196553E-01
      1578  1.285142E+00
      1579  3.084217E-01
      1580  5.503790E-01
      1581  3.084217E-01
      1582  5.503790E-01
      1583  7.196553E-01
      1584  1.285142E+00
      1585  6.974247E-01
      1586  1.277785E+00
      1587  6.900510E-01
      1588  1.269036E+00
      1589  6.857164E-01
      1590  1.265159E+00
      1591  1.122752E+01
      1592  6.062631E+00
      1593  2.543670E+00
      1594  6.302609E-01
      1595  2.999293E-01
      1596  1.122752E+01
      1597  6.062631E+00
      1598  2.543670E+00
      1599  6.302609E-01
      1600  2.999293E-01
      1601  6.581422E-01
      1602  1.218932E+00
      1603  6.625018E-01
      1604  1.222823E+00
      1605  6.699138E-01
      1606  1.231622E+00
      1607  6.923627E-01
      1608  1.238990E+00
      1609  2.932816E-01
      1610  5.243590E-01
      1611  2.932816E-01
      1612  5.243590E-01
      1613  6.923627E-01
      1614  1.238990E+00
      1615  6.699138E-01
      1616  1.231622E+00
      1617  6.625018E-01
      1618  1.222823E+00
      1619  6.581422E-01
      1620  1.218932E+00
      1621  1.083915E+01
      1622  5.862592E+00
      1623  2.469957E+00
      1624  6.207387E-01
      1625  2.923701E-01
      1626  1.083915E+01
      1627  5.862592E+00
      1628  2.469957E+00
      1629  6.207387E-01
      1630  2.923701E-01
      1631  6.310649E-01
      1632  1.173356E+00
      1633  6.354497E-01
      1634  1.177261E+00
      1635  6.429001E-01
      1636  1.186110E+00
      1637  6.655704E-01
      1638  1.193488E+00
      1639  2.786288E-01
      1640  4.990801E-01
      1641  2.786288E-01
      1642  4.990801E-01
      1643  6.655704E-01
      1644  1.193488E+00
      1645  6.429001E-01
      1646  1.186110E+00
      1647  6.354497E-01
      1648  1.177261E+00
      1649  6.310649E-01
      1650  1.173356E+00
      1651  1.045519E+01
      1652  5.664399E+00
      1653  2.396581E+00
      1654  6.110885E-01
      1655  2.852605E-01
      1656  1.045519E+01
      1657  5.664399E+00
      1658  2.396581E+00
      1659  6.110885E-01
      1660  2.852605E-01
      1661  6.044897E-01
      1662  1.128440E+00
      1663  6.088999E-01
      1664  1.132359E+00
      1665  6.163887E-01
      1666  1.141258E+00
      1667  6.392837E-01
      1668  1.148646E+00
      1669  2.644574E-01
      1670  4.745354E-01
      1671  2.644574E-01
      1672  4.745354E-01
      1673  6.392837E-01
      1674  1.148646E+00
      1675  6.163887E-01
      1676  1.141258E+00
      1677  6.088999E-01
      1678  1.132359E+00
      1679  6.044897E-01
      1680  1.128440E+00
      1681  1.007569E+01
      1682  5.468102E+00
      1683  2.323567E+00
      1684  6.013144E-01
      1685  2.785913E-01
      1686  1.007569E+01
      1687  5.468102E+00
      1688  2.323567E+00
      1689  6.013144E-01
      1690  2.785913E-01
      1691  5.784217E-01
      1692  1.084195E+00
      1693  5.828574E-01
      1694  1.088128E+00
      1695  5.903848E-01
      1696  1.097077E+00
      1697  6.135078E-01
      1698  1.104475E+00
      1699  2.507610E-01
      1700  4.507179E-01
      1701  2.507610E-01
      1702  4.507179E-01
      1703  6.135078E-01
      1704  1.104475E+00
      1705  5.903848E-01
      1706  1.097077E+00
      1707  5.828574E-01
      1708  1.088128E+00
      1709  5.784217E-01
      1710  1.084195E+00
      1711  9.700757E+00
      1712  5.273749E+00
      1713  2.250939E+00
      1714  5.914213E-01
      1715  2.723530E-01
      1716  9.700757E+00
      1717  5.273749E+00
      1718  2.250939E+00
      1719  5.914213E-01
      1720  2.723530E-01
      1721  5.528661E-01
      1722  1.040631E+00
      1723  5.573275E-01
      1724  1.044578E+00
      1725  5.648935E-01
      1726  1.053577E+00
      1727  5.882478E-01
      1728  1.060984E+00
      1729  2.375336E-01
      1730  4.276206E-01
      1731  2.375336E-01
      1732  4.276206E-01
      1733  5.882478E-01
      1734  1.060984E+00
      1735  5.648935E-01
      1736  1.053577E+00
      1737  5.573275E-01
      1738  1.044578E+00
      1739  5.528661E-01
      1740  1.040631E+00
      1741  9.330463E+00
      1742  5.081394E+00
      1743  2.178722E+00
      1744  5.814143E-01
      1745  2.665363E-01
      1746  9.330463E+00
      1747  5.081394E+00
      1748  2.178722E+00
      1749  5.814143E-01
      1750  2.665363E-01
      1751  5.278281E-01
      1752  9.977585E-01
      1753  5.323153E-01
      1754  1.001719E+00
      1755  5.399200E-01
      1756  1.010768E+00
      1757  5.635089E-01
      1758  1.018184E+00
      1759  2.247687E-01
      1760  4.052364E-01
      1761  2.247687E-01
      1762  4.052364E-01
      1763  5.635089E-01
      1764  1.018184E+00
      1765  5.399200E-01
      1766  1.010768E+00
      1767  5.323153E-01
      1768  1.001719E+00
      1769  5.278281E-01
      1770  9.977585E-01
      1771  8.964899E+00
      1772  4.891090E+00
      1773  2.106944E+00
      1774  5.712990E-01
      1775  2.611319E-01
      1776  8.964899E+00
      1777  4.891090E+00
      1778  2.106944E+00
      1779  5.712990E-01
      1780  2.611319E-01
      1781  5.033129E-01
      1782  9.555881E-01
      1783  5.078261E-01
      1784  9.595624E-01
      1785  5.154692E-01
      1786  9.686622E-01
      1787  5.392962E-01
      1788  9.760852E-01
      1789  2.124601E-01
      1790  3.835579E-01
      1791  2.124601E-01
      1792  3.835579E-01
      1793  5.392962E-01
      1794  9.760852E-01
      1795  5.154692E-01
      1796  9.686622E-01
      1797  5.078261E-01
      1798  9.595624E-01
      1799  5.033129E-01
      1800  9.555881E-01
      1801  8.604155E+00
      1802  4.702895E+00
      1803  2.035633E+00
      1804  5.610816E-01
      1805  2.561305E-01
      1806  8.604155E+00
      1807  4.702895E+00
      1808  2.035633E+00
      1809  5.610816E-01
      1810  2.561305E-01
      1811  4.793259E-01
      1812  9.141304E-01
      1813  4.838649E-01
      1814  9.181182E-01
      1815  4.915464E-01
      1816  9.272689E-01
      1817  5.156149E-01
      1818  9.346993E-01
      1819  2.006013E-01
      1820  3.625780E-01
      1821  2.006013E-01
      1822  3.625780E-01
      1823  5.156149E-01
      1824  9.346993E-01
      1825  4.915464E-01
      1826  9.272689E-01
      1827  4.838649E-01
      1828  9.181182E-01
      1829  4.793259E-01
      1830  9.141304E-01
      1831  8.248327E+00
      1832  4.516867E+00
      1833  1.964817E+00
      1834  5.507689E-01
      1835  2.515230E-01
      1836  8.248327E+00
      1837  4.516867E+00
      1838  1.964817E+00
      1839  5.507689E-01
      1840  2.515230E-01
      1841  4.558725E-01
      1842  8.733958E-01
      1843  4.604370E-01
      1844  8.773973E-01
      1845  4.681567E-01
      1846  8.865994E-01
      1847  4.924702E-01
      1848  8.940369E-01
      1849  1.891857E-01
      1850  3.422892E-01
      1851  1.891857E-01
      1852  3.422892E-01
      1853  4.924702E-01
      1854  8.940369E-01
      1855  4.681567E-01
      1856  8.865994E-01
      1857  4.604370E-01
      1858  8.773973E-01
      1859  4.558725E-01
      1860  8.733958E-01
      1861  7.897516E+00
      1862  4.333068E+00
      1863  1.894529E+00
      1864  5.403681E-01
      1865  2.473001E-01
      1866  7.897516E+00
      1867  4.333068E+00
      1868  1.894529E+00
      1869  5.403681E-01
      1870  2.473001E-01
      1871  4.329579E-01
      1872  8.333949E-01
      1873  4.375476E-01
      1874  8.374106E-01
      1875  4.453050E-01
      1876  8.466648E-01
      1877  4.698670E-01
      1878  8.541091E-01
      1879  1.782070E-01
      1880  3.226840E-01
      1881  1.782070E-01
      1882  3.226840E-01
      1883  4.698670E-01
      1884  8.541091E-01
      1885  4.453050E-01
      1886  8.466648E-01
      1887  4.375476E-01
      1888  8.374106E-01
      1889  4.329579E-01
      1890  8.333949E-01
      1891  7.551824E+00
      1892  4.151563E+00
      1893  1.824800E+00
      1894  5.298870E-01
      1895  2.434528E-01
      1896  7.551824E+00
      1897  4.151563E+00
      1898  1.824800E+00
      1899  5.298870E-01
      1900  2.434528E-01
      1901  4.105876E-01
      1902  7.941383E-01
      1903  4.152020E-01
      1904  7.981689E-01
      1905  4.229966E-01
      1906  8.074763E-01
      1907  4.478106E-01
      1908  8.149275E-01
      1909  1.676583E-01
      1910  3.037550E-01
      1911  1.676583E-01
      1912  3.037550E-01
      1913  4.478106E-01
      1914  8.149275E-01
      1915  4.229966E-01
      1916  8.074763E-01
      1917  4.152020E-01
      1918  7.981689E-01
      1919  4.105876E-01
      1920  7.941383E-01
      1921  7.211362E+00
      1922  3.972420E+00
      1923  1.755665E+00
      1924  5.193340E-01
      1925  2.399722E-01
      1926  7.211362E+00
      1927  3.972420E+00
      1928  1.755665E+00
      1929  5.193340E-01
      1930  2.399722E-01
      1931  3.887673E-01
      1932  7.556363E-01
      1933  3.934055E-01
      1934  7.596831E-01
      1935  4.012365E-01
      1936  7.690454E-01
      1937  4.263060E-01
      1938  7.765037E-01
      1939  1.575332E-01
      1940  2.854945E-01
      1941  1.575332E-01
      1942  2.854945E-01
      1943  4.263060E-01
      1944  7.765037E-01
      1945  4.012365E-01
      1946  7.690454E-01
      1947  3.934055E-01
      1948  7.596831E-01
      1949  3.887673E-01
      1950  7.556363E-01
      1951  6.876243E+00
      1952  3.795709E+00
      1953  1.687158E+00
      1954  5.087181E-01
      1955  2.368494E-01
      1956  6.876243E+00
      1957  3.795709E+00
      1958  1.687158E+00
      1959  5.087181E-01
      1960  2.368494E-01
      1961  3.675025E-01
      1962  7.178991E-01
      1963  3.721632E-01
      1964  7.219640E-01
      1965  3.800296E-01
      1966  7.313836E-01
      1967  4.053584E-01
      1968  7.388498E-01
      1969  1.478248E-01
      1970  2.678949E-01
      1971  1.478248E-01
      1972  2.678949E-01
      1973  4.053584E-01
      1974  7.388498E-01
      1975  3.800296E-01
      1976  7.313836E-01
      1977  3.721632E-01
      1978  7.219640E-01
      1979  3.675025E-01
      1980  7.178991E-01
      1981  6.546588E+00
      1982  3.621505E+00
      1983  1.619318E+00
      1984  4.980491E-01
      1985  2.340757E-01
      1986  6.546588E+00
      1987  3.621505E+00
      1988  1.619318E+00
      1989  4.980491E-01
      1990  2.340757E-01
      1991  3.467989E-01
      1992  6.809369E-01
      1993  3.514805E-01
      1994  6.850226E-01
      1995  3.593811E-01
      1996  6.945026E-01
      1997  3.849727E-01
      1998  7.019779E-01
      1999  1.385264E-01
      2000  2.509484E-01
      2001  1.385264E-01
      2002  2.509484E-01
      2003  3.849727E-01
      2004  7.019779E-01
      2005  3.593811E-01
      2006  6.945026E-01
      2007  3.514805E-01
      2008  6.850226E-01
      2009  3.467989E-01
      2010  6.809369E-01
      2011  6.222523E+00
      2012  3.449885E+00
      2013  1.552182E+00
      2014  4.873370E-01
      2015  2.316427E-01
      2016  6.222523E+00
      2017  3.449885E+00
      2018  1.552182E+00
      2019  4.873370E-01
      2020  2.316427E-01
      2021  3.266621E-01
      2022  6.447595E-01
      2023  3.313625E-01
      2024  6.488697E-01
      2025  3.392958E-01
      2026  6.584147E-01
      2027  3.651542E-01
      2028  6.659009E-01
      2029  1.296312E-01
      2030  2.346473E-01
      2031  1.296312E-01
      2032  2.346473E-01
      2033  3.651542E-01
      2034  6.659009E-01
      2035  3.392958E-01
      2036  6.584147E-01
      2037  3.313625E-01
      2038  6.488697E-01
      2039  3.266621E-01
      2040  6.447595E-01
      2041  5.904182E+00
      2042  3.280931E+00
      2043  1.485792E+00
      2044  4.765930E-01
      2045  2.295423E-01
      2046  5.904182E+00
      2047  3.280931E+00
      2048  1.485792E+00
      2049  4.765930E-01
      2050  2.295423E-01
      2051  3.070978E-01
      2052  6.093766E-01
      2053  3.118143E-01
      2054  6.135164E-01
      2055  3.197786E-01
      2056  6.231320E-01
      2057  3.459079E-01
      2058  6.306318E-01
      2059  1.211325E-01
      2060  2.189839E-01
      2061  1.211325E-01
      2062  2.189839E-01
      2063  3.459079E-01
      2064  6.306318E-01
      2065  3.197786E-01
      2066  6.231320E-01
      2067  3.118143E-01
      2068  6.135164E-01
      2069  3.070978E-01
      2070  6.093766E-01
      2071  5.591704E+00
      2072  3.114728E+00
      2073  1.420189E+00
      2074  4.658286E-01
      2075  2.277665E-01
      2076  5.591704E+00
      2077  3.114728E+00
      2078  1.420189E+00
      2079  4.658286E-01
      2080  2.277665E-01
      2081  2.881114E-01
      2082  5.747978E-01
      2083  2.928408E-01
      2084  5.789737E-01
      2085  3.008341E-01
      2086  5.886673E-01
      2087  3.272390E-01
      2088  5.961844E-01
      2089  1.130234E-01
      2090  2.039502E-01
      2091  1.130234E-01
      2092  2.039502E-01
      2093  3.272390E-01
      2094  5.961844E-01
      2095  3.008341E-01
      2096  5.886673E-01
      2097  2.928408E-01
      2098  5.789737E-01
      2099  2.881114E-01
      2100  5.747978E-01
      2101  5.285239E+00
      2102  2.951366E+00
      2103  1.355418E+00
      2104  4.550564E-01
      2105  2.263082E-01
      2106  5.285239E+00
      2107  2.951366E+00
      2108  1.355418E+00
      2109  4.550564E-01
      2110  2.263082E-01
      2111  2.697078E-01
      2112  5.410330E-01
      2113  2.744464E-01
      2114  5.452530E-01
      2115  2.824669E-01
      2116  5.550339E-01
      2117  3.091526E-01
      2118  5.625729E-01
      2119  1.052972E-01
      2120  1.895384E-01
      2121  1.052972E-01
      2122  1.895384E-01
      2123  3.091526E-01
      2124  5.625729E-01
      2125  2.824669E-01
      2126  5.550339E-01
      2127  2.744464E-01
      2128  5.452530E-01
      2129  2.697078E-01
      2130  5.410330E-01
      2131  4.984943E+00
      2132  2.790938E+00
      2133  1.291524E+00
      2134  4.442899E-01
      2135  2.251607E-01
      2136  4.984943E+00
      2137  2.790938E+00
      2138  1.291524E+00
      2139  4.442899E-01
      2140  2.251607E-01
      2141  2.518915E-01
      2142  5.080927E-01
      2143  2.566352E-01
      2144  5.123665E-01
      2145  2.646811E-01
      2146  5.222456E-01
      2147  2.916540E-01
      2148  5.298123E-01
      2149  9.794718E-02
      2150  1.757409E-01
      2151  9.794718E-02
      2152  1.757409E-01
      2153  2.916540E-01
      2154  5.298123E-01
      2155  2.646811E-01
      2156  5.222456E-01
      2157  2.566352E-01
      2158  5.123665E-01
      2159  2.518915E-01
      2160  5.080927E-01
      2161  4.690981E+00
      2162  2.633543E+00
      2163  1.228557E+00
      2164  4.335437E-01
      2165  2.243184E-01
      2166  4.690981E+00
      2167  2.633543E+00
      2168  1.228557E+00
      2169  4.335437E-01
      2170  2.243184E-01
      2171  2.346659E-01
      2172  4.759884E-01
      2173  2.394105E-01
      2174  4.803270E-01
      2175  2.474805E-01
      2176  4.903173E-01
      2177  2.747484E-01
      2178  4.979186E-01
      2179  9.096655E-02
      2180  1.625497E-01
      2181  9.096655E-02
      2182  1.625497E-01
      2183  2.747484E-01
      2184  4.979186E-01
      2185  2.474805E-01
      2186  4.903173E-01
      2187  2.394105E-01
      2188  4.803270E-01
      2189  2.346659E-01
      2190  4.759884E-01
      2191  4.403529E+00
      2192  2.479284E+00
      2193  1.166566E+00
      2194  4.228339E-01
      2195  2.237770E-01
      2196  4.403529E+00
      2197  2.479284E+00
      2198  1.166566E+00
      2199  4.228339E-01
      2200  2.237770E-01
      2201  2.180331E-01
      2202  4.447337E-01
      2203  2.227746E-01
      2204  4.491492E-01
      2205  2.308684E-01
      2206  4.592649E-01
      2207  2.584412E-01
      2208  4.669085E-01
      2209  8.434865E-02
      2210  1.499571E-01
      2211  8.434865E-02
      2212  1.499571E-01
      2213  2.584412E-01
      2214  4.669085E-01
      2215  2.308684E-01
      2216  4.592649E-01
      2217  2.227746E-01
      2218  4.491492E-01
      2219  2.180331E-01
      2220  4.447337E-01
      2221  4.122771E+00
      2222  2.328267E+00
      2223  1.105605E+00
      2224  4.121786E-01
      2225  2.235340E-01
      2226  4.122771E+00
      2227  2.328267E+00
      2228  1.105605E+00
      2229  4.121786E-01
      2230  2.235340E-01
      2231  2.019931E-01
      2232  4.143454E-01
      2233  2.067286E-01
      2234  4.188495E-01
      2235  2.148476E-01
      2236  4.291057E-01
      2237  2.427379E-01
      2238  4.367999E-01
      2239  7.808683E-02
      2240  1.379552E-01
      2241  7.808683E-02
      2242  1.379552E-01
      2243  2.427379E-01
      2244  4.367999E-01
      2245  2.148476E-01
      2246  4.291057E-01
      2247  2.067286E-01
      2248  4.188495E-01
      2249  2.019931E-01
      2250  4.143454E-01
      2251  3.848901E+00
      2252  2.180605E+00
      2253  1.045730E+00
      2254  4.015986E-01
      2255  2.235890E-01
      2256  3.848901E+00
      2257  2.180605E+00
      2258  1.045730E+00
      2259  4.015986E-01
      2260  2.235890E-01
      2261  1.865434E-01
      2262  3.848448E-01
      2263  1.912719E-01
      2264  3.894479E-01
      2265  1.994202E-01
      2266  3.998590E-01
      2267  2.276443E-01
      2268  4.076120E-01
      2269  7.217448E-02
      2270  1.265363E-01
      2271  7.217448E-02
      2272  1.265363E-01
      2273  2.276443E-01
      2274  4.076120E-01
      2275  1.994202E-01
      2276  3.998590E-01
      2277  1.912719E-01
      2278  3.894479E-01
      2279  1.865434E-01
      2280  3.848448E-01
      2281  3.582119E+00
      2282  2.036415E+00
      2283  9.870008E-01
      2284  3.911180E-01
      2285  2.239448E-01
      2286  3.582119E+00
      2287  2.036415E+00
      2288  9.870008E-01
      2289  3.911180E-01
      2290  2.239448E-01
      2291  1.716781E-01
      2292  3.562598E-01
      2293  1.764020E-01
      2294  3.609682E-01
      2295  1.845877E-01
      2296  3.715461E-01
      2297  2.131665E-01
      2298  3.793651E-01
      2299  6.660497E-02
      2300  1.156926E-01
      2301  6.660497E-02
      2302  1.156926E-01
      2303  2.131665E-01
      2304  3.793651E-01
      2305  1.845877E-01
      2306  3.715461E-01
      2307  1.764020E-01
      2308  3.609682E-01
      2309  1.716781E-01
      2310  3.562598E-01
      2311  3.322636E+00
      2312  1.895818E+00
      2313  9.294839E-01
      2314  3.807663E-01
      2315  2.246078E-01
      2316  3.322636E+00
      2317  1.895818E+00
      2318  9.294839E-01
      2319  3.807663E-01
      2320  2.246078E-01
      2321  1.573868E-01
      2322  3.286274E-01
      2323  1.621143E-01
      2324  3.334400E-01
      2325  1.703513E-01
      2326  3.441910E-01
      2327  1.993115E-01
      2328  3.520810E-01
      2329  6.137163E-02
      2330  1.054162E-01
      2331  6.137163E-02
      2332  1.054162E-01
      2333  1.993115E-01
      2334  3.520810E-01
      2335  1.703513E-01
      2336  3.441910E-01
      2337  1.621143E-01
      2338  3.334400E-01
      2339  1.573868E-01
      2340  3.286274E-01
      2341  3.070664E+00
      2342  1.758941E+00
      2343  8.732525E-01
      2344  3.705793E-01
      2345  2.255891E-01
      2346  3.070664E+00
      2347  1.758941E+00
      2348  8.732525E-01
      2349  3.705793E-01
      2350  2.255891E-01
      2351  1.436540E-01
      2352  3.019956E-01
      2353  1.484018E-01
      2354  3.068994E-01
      2355  1.567120E-01
      2356  3.178210E-01
      2357  1.860875E-01
      2358  3.257826E-01
      2359  5.646764E-02
      2360  9.569928E-02
      2361  5.646764E-02
      2362  9.569928E-02
      2363  1.860875E-01
      2364  3.257826E-01
      2365  1.567120E-01
      2366  3.178210E-01
      2367  1.484018E-01
      2368  3.068994E-01
      2369  1.436540E-01
      2370  3.019956E-01
      2371  2.826418E+00
      2372  1.625917E+00
      2373  8.183907E-01
      2374  3.606020E-01
      2375  2.269049E-01
      2376  2.826418E+00
      2377  1.625917E+00
      2378  8.183907E-01
      2379  3.606020E-01
      2380  2.269049E-01
      2381  1.304581E-01
      2382  2.764265E-01
      2383  1.352554E-01
      2384  2.813907E-01
      2385  1.436716E-01
      2386  2.924664E-01
      2387  1.735042E-01
      2388  3.004941E-01
      2389  5.188591E-02
      2390  8.653375E-02
      2391  5.188591E-02
      2392  8.653375E-02
      2393  1.735042E-01
      2394  3.004941E-01
      2395  1.436716E-01
      2396  2.924664E-01
      2397  1.352554E-01
      2398  2.813907E-01
      2399  1.304581E-01
      2400  2.764265E-01
      2401  2.590104E+00
      2402  1.496886E+00
      2403  7.649977E-01
      2404  3.508913E-01
      2405  2.285767E-01
      2406  2.590104E+00
      2407  1.496886E+00
      2408  7.649977E-01
      2409  3.508913E-01
      2410  2.285767E-01
      2411  1.177711E-01
      2412  2.519983E-01
      2413  1.226649E-01
      2414  2.569675E-01
      2415  1.312339E-01
      2416  2.681605E-01
      2417  1.615740E-01
      2418  2.762403E-01
      2419  4.761885E-02
      2420  7.791154E-02
      2421  4.761885E-02
      2422  7.791154E-02
      2423  1.615740E-01
      2424  2.762403E-01
      2425  1.312339E-01
      2426  2.681605E-01
      2427  1.226649E-01
      2428  2.569675E-01
      2429  1.177711E-01
      2430  2.519983E-01
      2431  2.361920E+00
      2432  1.371996E+00
      2433  7.131943E-01
      2434  3.415195E-01
      2435  2.306308E-01
      2436  2.361920E+00
      2437  1.371996E+00
      2438  7.131943E-01
      2439  3.415195E-01
      2440  2.306308E-01
      2441  1.055592E-01
      2442  2.288077E-01
      2443  1.106204E-01
      2444  2.336930E-01
      2445  1.194067E-01
      2446  2.449395E-01
      2447  1.503127E-01
      2448  2.530461E-01
      2449  4.365807E-02
      2450  6.982434E-02
      2451  4.365807E-02
      2452  6.982434E-02
      2453  1.503127E-01
      2454  2.530461E-01
      2455  1.194067E-01
      2456  2.449395E-01
      2457  1.106204E-01
      2458  2.336930E-01
      2459  1.055592E-01
      2460  2.288077E-01
      2461  2.142035E+00
      2462  1.251411E+00
      2463  6.631313E-01
      2464  3.325781E-01
      2465  2.330966E-01
      2466  2.142035E+00
      2467  1.251411E+00
      2468  6.631313E-01
      2469  3.325781E-01
      2470  2.330966E-01
      2471  9.378485E-02
      2472  2.069707E-01
      2473  9.911610E-02
      2474  2.116400E-01
      2475  1.082049E-01
      2476  2.228407E-01
      2477  1.397405E-01
      2478  2.309348E-01
      2479  3.999388E-02
      2480  6.226350E-02
      2481  3.999388E-02
      2482  6.226350E-02
      2483  1.397405E-01
      2484  2.309348E-01
      2485  1.082049E-01
      2486  2.228407E-01
      2487  9.911610E-02
      2488  2.116400E-01
      2489  9.378485E-02
      2490  2.069707E-01
      2491  1.930586E+00
      2492  1.135312E+00
      2493  6.149999E-01
      2494  3.241820E-01
      2495  2.360016E-01
      2496  1.930586E+00
      2497  1.135312E+00
      2498  6.149999E-01
      2499  3.241820E-01
      2500  2.360016E-01
      2501  8.241332E-02
      2502  1.866224E-01
      2503  8.815660E-02
      2504  1.908902E-01
      2505  9.765537E-02
      2506  2.019006E-01
      2507  1.298832E-01
      2508  2.099265E-01
      2509  3.661458E-02
      2510  5.521972E-02
      2511  3.661458E-02
      2512  5.521972E-02
      2513  1.298832E-01
      2514  2.099265E-01
      2515  9.765537E-02
      2516  2.019006E-01
      2517  8.815660E-02
      2518  1.908902E-01
      2519  8.241332E-02
      2520  1.866224E-01
      2521  1.727655E+00
      2522  1.023909E+00
      2523  5.690448E-01
      2524  3.164729E-01
      2525  2.393652E-01
      2526  1.727655E+00
      2527  1.023909E+00
      2528  5.690448E-01
      2529  3.164729E-01
      2530  2.393652E-01
      2531  7.142506E-02
      2532  1.679177E-01
      2533  7.776905E-02
      2534  1.715332E-01
      2535  8.780460E-02
      2536  1.821523E-01
      2537  1.207727E-01
      2538  1.900351E-01
      2539  3.350554E-02
      2540  4.868259E-02
      2541  3.350554E-02
      2542  4.868259E-02
      2543  1.207727E-01
      2544  1.900351E-01
      2545  8.780460E-02
      2546  1.821523E-01
      2547  7.776905E-02
      2548  1.715332E-01
      2549  7.142506E-02
      2550  1.679177E-01
      2551  1.533264E+00
      2552  9.174512E-01
      2553  5.255768E-01
      2554  3.096209E-01
      2555  2.431870E-01
      2556  1.533264E+00
      2557  9.174512E-01
      2558  5.255768E-01
      2559  3.096209E-01
      2560  2.431870E-01
      2561  6.084015E-02
      2562  1.510313E-01
      2563  6.802388E-02
      2564  1.536674E-01
      2565  7.873138E-02
      2566  1.636235E-01
      2567  1.124499E-01
      2568  1.712650E-01
      2569  3.064804E-02
      2570  4.263987E-02
      2571  3.064804E-02
      2572  4.263987E-02
      2573  1.124499E-01
      2574  1.712650E-01
      2575  7.873138E-02
      2576  1.636235E-01
      2577  6.802388E-02
      2578  1.536674E-01
      2579  6.084015E-02
      2580  1.510313E-01
      2581  1.347362E+00
      2582  8.162428E-01
      2583  4.849835E-01
      2584  3.038236E-01
      2585  2.474329E-01
      2586  1.347362E+00
      2587  8.162428E-01
      2588  4.849835E-01
      2589  3.038236E-01
      2590  2.474329E-01
      2591  5.076132E-02
      2592  1.361639E-01
      2593  5.907061E-02
      2594  1.374059E-01
      2595  7.056793E-02
      2596  1.463376E-01
      2597  1.049691E-01
      2598  1.536097E-01
      2599  2.801799E-02
      2600  3.707715E-02
      2601  2.801799E-02
      2602  3.707715E-02
      2603  1.049691E-01
      2604  1.536097E-01
      2605  7.056793E-02
      2606  1.463376E-01
      2607  5.907061E-02
      2608  1.374059E-01
      2609  5.076132E-02
      2610  1.361639E-01
      2611  1.169838E+00
      2612  7.206578E-01
      2613  4.477310E-01
      2614  2.992989E-01
      2615  2.520196E-01
      2616  1.169838E+00
      2617  7.206578E-01
      2618  4.477310E-01
      2619  2.992989E-01
      2620  2.520196E-01
      2621  4.144518E-02
      2622  1.235563E-01
      2623  5.119646E-02
      2624  1.228933E-01
      2625  6.353586E-02
      2626  1.303255E-01
      2627  9.841355E-02
      2628  1.370572E-01
      2629  2.558519E-02
      2630  3.197895E-02
      2631  2.558519E-02
      2632  3.197895E-02
      2633  9.841355E-02
      2634  1.370572E-01
      2635  6.353586E-02
      2636  1.303255E-01
      2637  5.119646E-02
      2638  1.228933E-01
      2639  4.144518E-02
      2640  1.235563E-01
      2641  1.000557E+00
      2642  6.311512E-01
      2643  4.143457E-01
      2644  2.962723E-01
      2645  2.568048E-01
      2646  1.000557E+00
      2647  6.311512E-01
      2648  4.143457E-01
      2649  2.962723E-01
      2650  2.568048E-01
      2651  3.341075E-02
      2652  1.135194E-01
      2653  4.491672E-02
      2654  1.103444E-01
      2655  5.800623E-02
      2656  1.156588E-01
      2657  9.293181E-02
      2658  1.216147E-01
      2659  2.331392E-02
      2660  2.733498E-02
      2661  2.331392E-02
      2662  2.733498E-02
      2663  9.293181E-02
      2664  1.216147E-01
      2665  5.800623E-02
      2666  1.156588E-01
      2667  4.491672E-02
      2668  1.103444E-01
      2669  3.341075E-02
      2670  1.135194E-01
      2671  8.394616E-01
      2672  5.482505E-01
      2673  3.853604E-01
      2674  2.949555E-01
      2675  2.615944E-01
      2676  8.394616E-01
      2677  5.482505E-01
      2678  3.853604E-01
      2679  2.949555E-01
      2680  2.615944E-01
      2681  2.758595E-02
      2682  1.064808E-01
      2683  4.110106E-02
      2684  1.001132E-01
      2685  5.459569E-02
      2686  1.025244E-01
      2687  8.882316E-02
      2688  1.073758E-01
      2689  2.116697E-02
      2690  2.315920E-02
      2691  2.116697E-02
      2692  2.315920E-02
      2693  8.882316E-02
      2694  1.073758E-01
      2695  5.459569E-02
      2696  1.025244E-01
      2697  4.110106E-02
      2698  1.001132E-01
      2699  2.758595E-02
      2700  1.064808E-01
      2701  6.867402E-01
      2702  4.725050E-01
      2703  3.611971E-01
      2704  2.955173E-01
      2705  2.661911E-01
      2706  6.867402E-01
      2707  4.725050E-01
      2708  3.611971E-01
      2709  2.955173E-01
      2710  2.661911E-01
      2711  2.546612E-02
      2712  1.030375E-01
      2713  4.112208E-02
      2714  9.280042E-02
      2715  5.430944E-02
      2716  9.137059E-02
      2717  8.671582E-02
      2718  9.467741E-02
      2719  1.911577E-02
      2720  1.953763E-02
      2721  1.911577E-02
      2722  1.953763E-02
      2723  8.671582E-02
      2724  9.467741E-02
      2725  5.430944E-02
      2726  9.137059E-02
      2727  4.112208E-02
      2728  9.280042E-02
      2729  2.546612E-02
      2730  1.030375E-01
      2731  5.431072E-01
      2732  4.043441E-01
      2733  3.419523E-01
      2734  2.980489E-01
      2735  2.705142E-01
      2736  5.431072E-01
      2737  4.043441E-01
      2738  3.419523E-01
      2739  2.980489E-01
      2740  2.705142E-01
      2741  2.919658E-02
      2742  1.039702E-01
      2743  4.696464E-02
      2744  8.938173E-02
      2745  5.872759E-02
      2746  8.315387E-02
      2747  8.791299E-02
      2748  8.442137E-02
      2749  1.716032E-02
      2750  1.673507E-02
      2751  1.716032E-02
      2752  1.673507E-02
      2753  8.791299E-02
      2754  8.442137E-02
      2755  5.872759E-02
      2756  8.315387E-02
      2757  4.696464E-02
      2758  8.938173E-02
      2759  2.919658E-02
      2760  1.039702E-01
      2761  4.101543E-01
      2762  3.437862E-01
      2763  3.270468E-01
      2764  3.025256E-01
      2765  2.748300E-01
      2766  4.101543E-01
      2767  3.437862E-01
      2768  3.270468E-01
      2769  3.025256E-01
      2770  2.748300E-01
      2771  4.137677E-02
      2772  1.101136E-01
      2773  6.114033E-02
      2774  9.128051E-02
      2775  7.018882E-02
      2776  7.969857E-02
      2777  9.501861E-02
      2778  7.867989E-02
      2779  1.536239E-02
      2780  1.541397E-02
      2781  1.536239E-02
      2782  1.541397E-02
      2783  9.501861E-02
      2784  7.867989E-02
      2785  7.018882E-02
      2786  7.969857E-02
      2787  6.114033E-02
      2788  9.128051E-02
      2789  4.137677E-02
      2790  1.101136E-01
      2791  2.906560E-01
      2792  2.899590E-01
      2793  3.147380E-01
      2794  3.087661E-01
      2795  2.801359E-01
      2796  2.906560E-01
      2797  2.899590E-01
      2798  3.147380E-01
      2799  3.087661E-01
      2800  2.801359E-01
      2801  6.423603E-02
      2802  1.219130E-01
      2803  8.609725E-02
      2804  1.001951E-01
      2805  9.182518E-02
      2806  8.409425E-02
      2807  1.129889E-01
      2808  8.173991E-02
      2809  1.389283E-02
      2810  1.706000E-02
      2811  1.389283E-02
      2812  1.706000E-02
      2813  1.129889E-01
      2814  8.173991E-02
      2815  9.182518E-02
      2816  8.409425E-02
      2817  8.609725E-02
      2818  1.001951E-01
      2819  6.423603E-02
      2820  1.219130E-01
      2821  1.885275E-01
      2822  2.405653E-01
      2823  3.015943E-01
      2824  3.164154E-01
      2825  2.887242E-01
      2826  1.885275E-01
      2827  2.405653E-01
      2828  3.015943E-01
      2829  3.164154E-01
      2830  2.887242E-01
      2831  9.777081E-02
      2832  1.384785E-01
      2833  1.226764E-01
      2834  1.173022E-01
      2835  1.270868E-01
      2836  1.008037E-01
      2837  1.507840E-01
      2838  1.017181E-01
      2839  1.308060E-02
      2840  2.475319E-02
      2841  1.308060E-02
      2842  2.475319E-02
      2843  1.507840E-01
      2844  1.017181E-01
      2845  1.270868E-01
      2846  1.008037E-01
      2847  1.226764E-01
      2848  1.173022E-01
      2849  9.777081E-02
      2850  1.384785E-01
      2851  1.079945E-01
      2852  1.918352E-01
      2853  2.823379E-01
      2854  3.248934E-01
      2855  3.052406E-01
      2856  1.079945E-01
      2857  1.918352E-01
      2858  2.823379E-01
      2859  3.248934E-01
      2860  3.052406E-01
      2861  1.370966E-01
      2862  1.564153E-01
      2863  1.673071E-01
      2864  1.414705E-01
      2865  1.780952E-01
      2866  1.346639E-01
      2867  2.235863E-01
      2868  1.527111E-01
      2869  1.345126E-02
      2870  4.456583E-02
      2871  1.345126E-02
      2872  4.456583E-02
      2873  2.235863E-01
      2874  1.527111E-01
      2875  1.780952E-01
      2876  1.346639E-01
      2877  1.673071E-01
      2878  1.414705E-01
      2879  1.370966E-01
      2880  1.564153E-01
      2881  5.173500E-02
      2882  1.402011E-01
      2883  2.504856E-01
      2884  3.336732E-01
      2885  3.380700E-01
      2886  5.173500E-02
      2887  1.402011E-01
      2888  2.504856E-01
      2889  3.336732E-01
      2890  3.380700E-01
      2891  1.699279E-01
      2892  1.693270E-01
      2893  2.087720E-01
      2894  1.668532E-01
      2895  2.413394E-01
      2896  1.872812E-01
      2897  3.552401E-01
      2898  2.565945E-01
      2899  1.568548E-02
      2900  8.769960E-02
      2901  1.568548E-02
      2902  8.769960E-02
      2903  3.552401E-01
      2904  2.565945E-01
      2905  2.413394E-01
      2906  1.872812E-01
      2907  2.087720E-01
      2908  1.668532E-01
      2909  1.699279E-01
      2910  1.693270E-01
      2911  1.873356E-02
      2912  8.651318E-02
      2913  2.006237E-01
      2914  3.400949E-01
      2915  4.060487E-01
      2916  1.873356E-02
      2917  8.651318E-02
      2918  2.006237E-01
      2919  3.400949E-01
      2920  4.060487E-01
      2921  1.814023E-01
      2922  1.703543E-01
      2923  2.292367E-01
      2924  1.831685E-01
      2925  3.019080E-01
      2926  2.503806E-01
      2927  5.781011E-01
      2928  4.428633E-01
      2929  2.001890E-02
      2930  1.733706E-01
      2931  2.001890E-02
      2932  1.733706E-01
      2933  5.781011E-01
      2934  4.428633E-01
      2935  3.019080E-01
      2936  2.503806E-01
      2937  2.292367E-01
      2938  1.831685E-01
      2939  1.814023E-01
      2940  1.703543E-01
      2941  3.910546E-03
      2942  3.950530E-02
      2943  1.329795E-01
      2944  3.326567E-01
      2945  5.638008E-01
      2946  3.910546E-03
      2947  3.950530E-02
      2948  1.329795E-01
      2949  3.326567E-01
      2950  5.638008E-01
      2951  1.728170E-01
      2952  1.599337E-01
      2953  2.181317E-01
      2954  1.923058E-01
      2955  3.375832E-01
      2956  3.074715E-01
      2957  9.292488E-01
      2958  7.466545E-01
      2959  3.201013E-02
      2960  3.350462E-01
      2961  3.201013E-02
      2962  3.350462E-01
      2963  9.292488E-01
      2964  7.466545E-01
      2965  3.375832E-01
      2966  3.074715E-01
      2967  2.181317E-01
      2968  1.923058E-01
      2969  1.728170E-01
      2970  1.599337E-01
      2971  2.179163E-04
      2972  9.289691E-03
      2973  6.196426E-02
      2974  2.994802E-01
      2975  7.827477E-01
      2976  2.179163E-04
      2977  9.289691E-03
      2978  6.196426E-02
      2979  2.994802E-01
      2980  7.827477E-01
      2981  1.058470E-01
      2982  1.738333E-01
      2983  1.682092E-01
      2984  1.718061E-01
      2985  3.193776E-01
      2986  4.203103E-01
      2987  1.384722E+00
      2988  1.288216E+00
      2989  9.058470E-02
      2990  6.704223E-01
      2991  9.058470E-02
      2992  6.704223E-01
      2993  1.384722E+00
      2994  1.288216E+00
      2995  3.193776E-01
      2996  4.203103E-01
      2997  1.682092E-01
      2998  1.718061E-01
      2999  1.058470E-01
      3000  1.738333E-01
