
                        S T E P       1


                                INCREMENT     1


 displacements (vx,vy,vz) for set NALL and time  0.1000000E+01

         1  0.000000E+00  0.000000E+00  6.617445E-25
         2  0.000000E+00  2.646978E-24  1.323489E-24
         3  0.000000E+00  0.000000E+00  2.223461E-22
         4  0.000000E+00 -5.790264E-25 -6.518183E-23
         5  2.962238E-03 -1.249163E-05 -3.186934E-03
         6  2.962757E-03  3.034778E-05  3.219446E-03
         7 -2.864249E-03  2.877238E-05 -3.186851E-03
         8 -2.865535E-03 -1.004810E-05  3.219650E-03
         9  3.319376E-03 -7.107596E-06 -3.956135E-03
        10  3.319637E-03  2.179853E-05  3.945815E-03
        11 -3.246997E-03  2.063492E-05 -3.956339E-03
        12 -3.247078E-03 -9.997219E-07  3.946156E-03
        13  3.682863E-03  3.418156E-07 -4.577154E-03
        14  3.683252E-03  1.335709E-05  4.550365E-03
        15 -3.702333E-03  8.220084E-06 -4.577011E-03
        16 -3.701964E-03  7.086337E-06  4.550685E-03
        17  4.524709E-03  6.028643E-06 -5.605163E-03
        18  4.525253E-03 -5.490057E-06  5.617933E-03
        19 -4.532280E-03 -8.631353E-06 -5.605416E-03
        20 -4.531709E-03  1.030011E-05  5.618711E-03
        21  5.000000E-03 -1.058791E-23 -6.000000E-03
        22  5.000000E-03  2.117582E-23  6.000000E-03
        23 -5.000000E-03  2.117582E-23 -6.000000E-03
        24 -5.000000E-03 -1.990527E-21  6.000000E-03
        25  1.393525E-04 -2.265237E-05 -4.669788E-04
        26  1.019058E-03 -4.596324E-05 -1.642444E-03
        27  2.393252E-03 -2.902068E-05 -2.761047E-03
        28  1.490046E-04 -9.659016E-06  2.684924E-04
        29  8.003783E-04 -2.593198E-05  1.127275E-03
        30  1.980164E-03  3.102591E-07  2.469442E-03
        31 -3.436265E-04 -9.630382E-06 -2.057206E-04
        32 -1.178268E-03 -2.574930E-05 -1.100924E-03
        33 -2.155274E-03 -1.419176E-06 -2.474012E-03
        34 -4.083880E-04 -1.913685E-05  4.656315E-04
        35 -1.551141E-03 -4.365089E-05  1.610955E-03
        36 -2.668214E-03 -2.292480E-05  2.766944E-03
        37  3.694266E-03 -1.948963E-05 -3.552074E-03
        38  2.715811E-03  1.388744E-05  3.562097E-03
        39 -2.575862E-03  1.070725E-05 -3.576103E-03
        40 -3.440757E-03 -1.376357E-05  3.537995E-03
        41  4.690751E-03 -1.562613E-05 -5.224958E-03
        42  3.493430E-03 -1.133511E-05  5.251622E-03
        43 -3.587182E-03 -1.822288E-05 -5.235099E-03
        44 -4.764052E-03 -3.409377E-06  5.231598E-03
        45  5.150070E-03  1.001476E-06 -5.707391E-03
        46  5.520473E-03 -3.044986E-06 -5.850499E-03
        47  5.394055E-03 -4.207719E-06 -5.882420E-03
        48  4.105883E-03 -6.536929E-06  5.632452E-03
        49  4.012961E-03 -8.432310E-06  5.721864E-03
        50  4.359789E-03 -6.946514E-06  5.828228E-03
        51 -4.077783E-03 -8.926990E-06 -5.610021E-03
        52 -3.972861E-03 -1.025711E-05 -5.681476E-03
        53 -4.329956E-03 -7.862030E-06 -5.815362E-03
        54 -5.124047E-03  4.040952E-06  5.749738E-03
        55 -5.431647E-03 -5.439101E-07  5.914376E-03
        56 -5.321263E-03 -2.470788E-06  5.909430E-03
        57  9.774315E-07  1.375346E-07 -9.895919E-09
        58  7.898252E-07  4.303953E-06 -1.367852E-06
        59  1.298584E-06  4.187524E-06 -1.275969E-06
        60 -5.709959E-07 -1.234067E-06  3.648041E-07
        61 -3.835592E-07 -4.992518E-07  1.424523E-07
        62 -5.343999E-07  7.297817E-07 -2.619734E-07
        63 -3.776545E-07  1.055274E-06  6.713351E-07
        64 -3.628253E-07  9.360080E-07  4.215966E-07
        65  6.905721E-08 -1.093368E-07  5.549759E-07
        66 -1.093825E-06  2.524109E-06 -1.065707E-06
        67 -1.434460E-06  3.451717E-06 -5.809987E-07
        68 -4.133618E-07  9.402103E-07 -6.254218E-07
        69  2.961868E-03 -3.221878E-05 -1.478087E-03
        70  2.962574E-03  7.427350E-06  1.888416E-05
        71  2.961942E-03  4.742649E-05  1.515289E-03
        72 -2.865212E-03  3.488862E-05 -1.492648E-03
        73 -2.864873E-03  2.357539E-05  3.645459E-05
        74 -2.865479E-03  4.272736E-06  1.555350E-03
        75  1.459896E-03 -4.225333E-06 -3.186974E-03
        76  2.804592E-05  4.353621E-06 -3.187236E-03
        77 -1.393049E-03  1.520791E-05 -3.186890E-03
        78  1.455366E-03  2.325320E-05  3.219206E-03
        79  1.206144E-05  5.269429E-06  3.218935E-03
        80 -1.413001E-03 -1.011770E-05  3.219111E-03
        81  3.319941E-03  8.788760E-06  2.270038E-05
        82 -3.246848E-03  1.232562E-05  2.277509E-05
        83  2.975217E-05  8.467028E-06 -3.956448E-03
        84  2.890963E-05  1.029964E-05  3.945805E-03
        85  3.682899E-03 -2.080775E-06 -3.508474E-03
        86  3.682972E-03 -5.311921E-07 -2.378035E-03
        87  3.683122E-03  3.334179E-06 -1.205505E-03
        88  3.683203E-03  7.947584E-06 -1.221497E-05
        89  3.683208E-03  1.210632E-05  1.180879E-03
        90  3.683170E-03  1.487084E-05  2.352872E-03
        91  3.683216E-03  1.544919E-05  3.482560E-03
        92 -3.702852E-03  1.715056E-05 -3.519651E-03
        93 -3.702808E-03  1.744517E-05 -2.394664E-03
        94 -3.702657E-03  1.205582E-05 -1.222637E-03
        95 -3.702562E-03  4.100036E-06 -2.623978E-05
        96 -3.702613E-03 -3.298944E-06  1.171941E-03
        97 -3.702687E-03 -7.115391E-06  2.349179E-03
        98 -3.702584E-03 -4.482378E-06  3.482447E-03
        99  2.801631E-03  1.582231E-05 -4.577774E-03
       100  1.882959E-03  1.838133E-05 -4.577900E-03
       101  9.387247E-04  1.225671E-05 -4.577735E-03
       102 -1.797087E-05  2.037355E-06 -4.577645E-03
       103 -9.739206E-04 -7.849752E-06 -4.577734E-03
       104 -1.915655E-03 -1.302611E-05 -4.577879E-03
       105 -2.829360E-03 -9.030574E-06 -4.577697E-03
       106  2.803088E-03 -4.672005E-06  4.549491E-03
       107  1.886316E-03 -7.834613E-06  4.549430E-03
       108  9.446818E-04 -9.500187E-07  4.549642E-03
       109 -9.127892E-06  1.080802E-05  4.549790E-03
       110 -9.627333E-04  2.237449E-05  4.549722E-03
       111 -1.903964E-03  2.877947E-05  4.549597E-03
       112 -2.820707E-03  2.513883E-05  4.549762E-03
       113  4.525219E-03  1.661836E-06  2.150577E-05
       114 -4.532593E-03 -3.938957E-06 -2.079148E-05
       115 -7.450122E-06 -1.629438E-06 -5.604895E-03
       116  2.726836E-05  6.645705E-06  5.618235E-03
       117  4.999503E-03 -1.462301E-05 -3.077314E-03
       118  4.999718E-03 -6.045046E-07  6.371481E-06
       119  4.999456E-03  1.420506E-05  3.086305E-03
       120 -5.000605E-03  1.695005E-05 -3.086605E-03
       121 -5.000347E-03 -2.224617E-06 -4.346193E-06
       122 -5.000693E-03 -2.097939E-05  3.080831E-03
       123  2.567474E-03  1.827830E-05 -6.000662E-03
       124 -1.917497E-06  2.557065E-06 -6.000386E-03
       125 -2.571043E-03 -1.478826E-05 -6.000718E-03
       126  2.570876E-03 -1.691747E-05  5.999288E-03
       127  2.652033E-06  8.191794E-07  5.999621E-03
       128 -2.566195E-03  1.843387E-05  5.999337E-03
       129  3.286439E-05  1.170042E-04 -8.915911E-04
       130  6.932790E-04  5.950453E-04 -3.975062E-03
       131  1.829193E-03  1.242203E-03 -7.810079E-03
       132  2.192853E-03  1.573421E-03 -9.631430E-03
       133  1.337957E-03  1.328750E-03 -8.540238E-03
       134 -3.708444E-04  6.444289E-04 -5.598329E-03
       135 -1.848288E-03  1.313935E-04 -3.546227E-03
       136  2.946127E-04 -1.556227E-04 -1.148440E-03
       137  1.197578E-03 -6.729961E-04 -4.486716E-03
       138  2.256839E-03 -1.295408E-03 -8.184082E-03
       139  2.675456E-03 -1.570847E-03 -9.718000E-03
       140  2.271576E-03 -1.273661E-03 -8.381718E-03
       141  1.623532E-03 -5.737055E-04 -5.373855E-03
       142  1.883390E-03 -8.902890E-05 -3.449939E-03
       143 -3.326960E-04 -1.465723E-04  1.085327E-03
       144 -1.441206E-03 -6.625403E-04  4.399680E-03
       145 -2.769760E-03 -1.311970E-03  8.245597E-03
       146 -3.368834E-03 -1.629692E-03  9.993348E-03
       147 -2.975614E-03 -1.368266E-03  8.819646E-03
       148 -2.143776E-03 -6.681059E-04  5.806411E-03
       149 -2.083645E-03 -1.342788E-04  3.663321E-03
       150  3.306576E-05  1.301447E-04  9.808681E-04
       151 -5.381741E-04  6.167351E-04  4.126160E-03
       152 -1.512254E-03  1.246366E-03  7.864460E-03
       153 -1.760160E-03  1.554792E-03  9.571043E-03
       154 -9.241846E-04  1.301732E-03  8.444444E-03
       155  6.458154E-04  6.311735E-04  5.566518E-03
       156  1.976106E-03  1.330763E-04  3.582196E-03
       157 -6.161880E-04  1.920272E-04  1.213902E-04
       158 -3.553933E-03  1.035632E-03  6.722375E-04
       159 -7.587625E-03  2.129814E-03  1.627159E-03
       160 -9.009125E-03  2.498755E-03  2.357020E-03
       161 -6.453163E-03  1.923957E-03  2.555250E-03
       162 -1.366106E-03  8.566147E-04  2.407190E-03
       163  2.182478E-03  1.644853E-04  2.586248E-03
       164 -5.300796E-04 -1.662116E-04  2.083751E-05
       165 -3.248919E-03 -9.509017E-04  6.285554E-04
       166 -7.108801E-03 -1.999530E-03  1.587873E-03
       167 -8.548412E-03 -2.374462E-03  1.758456E-03
       168 -6.184979E-03 -1.845300E-03  7.336549E-04
       169 -1.322874E-03 -8.272179E-04 -1.064880E-03
       170  2.151705E-03 -1.506432E-04 -2.440907E-03
       171  5.116568E-04 -1.598756E-04 -9.899240E-05
       172  3.248900E-03 -9.475122E-04 -4.650484E-04
       173  7.127232E-03 -1.999794E-03 -9.016968E-04
       174  8.484569E-03 -2.352625E-03 -8.243725E-04
       175  5.981033E-03 -1.789708E-03 -4.006432E-06
       176  1.047707E-03 -7.551087E-04  1.326060E-03
       177 -2.277414E-03 -1.065357E-04  2.457414E-03
       178  5.354698E-04  1.674225E-04  2.216999E-05
       179  3.268692E-03  9.562982E-04 -6.902574E-04
       180  7.123808E-03  2.004027E-03 -2.114367E-03
       181  8.509989E-03  2.365935E-03 -3.055734E-03
       182  6.061203E-03  1.817378E-03 -3.032246E-03
       183  1.149558E-03  7.893278E-04 -2.429713E-03
       184 -2.214207E-03  1.342821E-04 -2.435075E-03
       185  5.794892E-04 -1.053294E-05 -3.570302E-03
       186 -4.576902E-04  2.477645E-05 -3.571659E-03
       187  5.277288E-04  2.877890E-05  3.559348E-03
       188 -3.483912E-04 -1.019328E-05  3.540851E-03
       189  3.200007E-03 -1.048610E-05  7.972691E-04
       190  3.196721E-03  2.492343E-05 -7.684520E-04
       191 -3.045013E-03  2.279380E-05  7.343024E-04
       192 -2.983758E-03  1.075654E-05 -7.279315E-04
       193  4.771919E-04 -2.947616E-05 -4.187428E-03
       194 -4.270275E-04  4.036702E-05 -4.185731E-03
       195  4.942027E-04  4.740126E-05  4.132207E-03
       196 -3.723559E-04 -2.445335E-05  4.134644E-03
       197  3.564391E-03 -1.435540E-05  6.057964E-04
       198  3.561356E-03  2.535285E-05 -6.344388E-04
       199 -3.447922E-03  1.938765E-05  5.838840E-04
       200 -3.451281E-03 -3.418965E-06 -5.908105E-04
       201  2.389810E-03  8.978375E-05 -5.372296E-03
       202  7.553163E-04  2.465786E-04 -6.408750E-03
       203 -1.644216E-03  1.664117E-04 -6.192350E-03
       204 -2.456903E-03 -6.647943E-05 -5.295622E-03
       205 -7.858900E-04 -2.005655E-04 -6.201009E-03
       206  1.638958E-03 -1.360950E-04 -6.067146E-03
       207  2.281664E-03 -9.145056E-05  5.423791E-03
       208  4.984665E-04 -2.569111E-04  6.495051E-03
       209 -1.798451E-03 -1.684755E-04  6.226935E-03
       210 -2.386782E-03  1.036105E-04  5.405635E-03
       211 -5.609220E-04  2.618823E-04  6.458777E-03
       212  1.814767E-03  1.738431E-04  6.218014E-03
       213  3.196087E-03  1.724812E-04 -2.253363E-03
       214  3.010891E-03  2.511080E-04  5.477723E-04
       215  3.921450E-03  8.064757E-05  3.392786E-03
       216  3.149161E-03 -1.743325E-04  2.294258E-03
       217  2.960090E-03 -2.563349E-04 -4.681922E-04
       218  3.915177E-03 -7.857294E-05 -3.333995E-03
       219 -3.292173E-03 -1.429433E-04 -2.447440E-03
       220 -3.138531E-03 -2.162769E-04  2.532731E-04
       221 -3.983869E-03 -6.243649E-05  3.201878E-03
       222 -3.398120E-03  1.263669E-04  2.384029E-03
       223 -3.283832E-03  1.889084E-04 -3.324009E-04
       224 -4.038413E-03  5.397385E-05 -3.250301E-03

 forces (fx,fy,fz) for set RIGHT and time  0.1000000E+01

        21  1.629796E+03 -7.093748E+02 -1.251337E+03
        22  1.528026E+03  3.302530E+02  1.195660E+03
        23 -1.540288E+03  9.664836E+02 -1.096520E+03
        24 -1.630936E+03 -1.414957E+03  1.125751E+03

 internal energy (element, energy) for set ALL and time  0.1000000E+01

         1  2.622959E-02
         2  2.084037E-02
         3  1.520837E-02
         4  1.559379E-02
         5  1.403636E-02
         6  2.616641E-02
         7  1.358689E-02
         8  2.476079E-02
         9  1.365781E-02
        10  1.840051E-02
        11  1.520177E-02
        12  2.704512E-02
        13  3.336031E-02
        14  3.753354E-02
        15  2.125850E-02
        16  2.212932E-02
        17  3.328680E-03
        18  7.255676E-04
        19  3.046628E-03
        20  4.263737E-03
        21  1.035380E-02
        22  1.951609E-03
        23  7.907612E-03
        24  1.920924E-03
        25  4.726233E-03
        26  8.333808E-03
        27  1.027108E-02
        28  4.089653E-03
        29  3.770272E-03
        30  1.182534E-02
        31  3.517028E-03
        32  4.564532E-03
        33  6.104458E-03
        34  5.315827E-03
        35  9.138067E-03
        36  7.106425E-03
        37  9.618676E-04
        38  5.079239E-04
        39  6.222266E-04
        40  1.357640E-03
        41  2.209955E-04
        42  5.499433E-05
        43  6.684010E-05
        44  1.080296E-04
        45  1.164759E-04
        46  4.581662E-05
        47  5.439607E-05
        48  6.336583E-05
        49  1.252096E-03
        50  6.680412E-04
        51  8.212916E-04
        52  1.511063E-03
        53  2.639548E-03
        54  2.040458E-04
        55  6.114320E-04
        56  7.679328E-03
        57  1.282891E-03
        58  1.001726E-04
        59  7.746662E-05
        60  1.001736E-03
        61  2.151108E-03
        62  1.700257E-04
        63  8.086184E-05
        64  1.083915E-03
        65  6.380442E-03
        66  5.289654E-04
        67  6.903433E-05
        68  8.770625E-04
        69  2.524090E-02
        70  3.373147E-03
        71  3.304581E-03
        72  2.414623E-02
        73  1.911572E-02
        74  2.968309E-03
        75  1.698581E-03
        76  1.562718E-02
        77  4.362365E-03
        78  9.195025E-04
        79  3.443232E-04
        80  3.588800E-03
        81  2.447100E-03
        82  6.407160E-04
        83  1.611576E-04
        84  1.936567E-03
        85  9.906259E-04
        86  2.077824E-03
        87  7.256480E-04
        88  1.177688E-03
        89  2.769179E-04
        90  4.843293E-04
        91  1.327146E-03
        92  1.405432E-03
        93  1.222370E-02
        94  6.716615E-03
        95  2.383382E-03
        96  3.478610E-04
        97  3.872700E-04
        98  2.475897E-03
        99  6.806120E-03
       100  1.221645E-02
       101  1.287585E-02
       102  7.226951E-03
       103  2.711007E-03
       104  4.559045E-04
       105  2.704916E-04
       106  2.178290E-03
       107  6.367036E-03
       108  1.176131E-02
       109  8.372142E-03
       110  4.554423E-03
       111  1.566495E-03
       112  1.730103E-04
       113  2.565895E-04
       114  1.847848E-03
       115  5.122143E-03
       116  9.262227E-03
       117  4.825339E-03
       118  2.595422E-03
       119  9.125442E-04
       120  1.168166E-04
       121  1.367242E-04
       122  9.421281E-04
       123  2.543918E-03
       124  4.591005E-03
       125  3.162585E-03
       126  4.323277E-03
       127  1.742050E-03
       128  5.879526E-04
       129  8.417676E-04
       130  6.254109E-04
       131  5.400061E-04
       132  2.354849E-03
       133  1.925906E-02
       134  2.630547E-03
       135  2.978759E-03
       136  2.004918E-02
       137  1.599807E-02
       138  2.369830E-03
       139  2.083265E-03
       140  1.555231E-02
       141  2.039425E-02
       142  2.906752E-03
       143  2.786663E-03
       144  2.062173E-02
       145  1.443329E-02
       146  2.037307E-03
       147  2.008620E-03
       148  1.398739E-02
       149  3.331729E-01
       150  3.170980E-01
       151  1.101786E-01
       152  3.084683E-01
       153  3.070162E-01
       154  9.652338E-02
       155  3.104306E-01
       156  1.595234E-01
       157  4.506642E-01
       158  2.718595E-01
       159  1.296588E-01
       160  3.386360E-01
       161  3.088145E-01
       162  8.641536E-02
       163  3.742233E-01
       164  1.270327E-01
       165  3.788327E-01
       166  2.706043E-01
       167  1.039586E-01
       168  2.971675E-01
       169  2.882684E-01
       170  8.153348E-02
       171  2.941709E-01
       172  1.910528E-01
       173  3.957118E-01
       174  2.963133E-01
       175  1.082075E-01
       176  3.142639E-01
       177  3.023787E-01
       178  8.258016E-02
       179  3.178239E-01
       180  1.854310E-01
       181  2.219197E-01
       182  3.222892E-01
       183  8.649433E-02
       184  3.277785E-01
       185  3.095116E-01
       186  7.398648E-02
       187  4.130164E-01
       188  2.413863E-01
       189  2.062365E-01
       190  3.553678E-01
       191  8.594651E-02
       192  3.420262E-01
       193  3.330284E-01
       194  8.637442E-02
       195  4.197226E-01
       196  2.695374E-01
       197  1.657606E-01
       198  3.192316E-01
       199  9.392981E-02
       200  3.260423E-01
       201  3.081784E-01
       202  8.489634E-02
       203  4.215919E-01
       204  2.065269E-01
       205  1.913653E-01
       206  3.668158E-01
       207  1.114710E-01
       208  3.728039E-01
       209  3.568150E-01
       210  1.046457E-01
       211  4.661230E-01
       212  2.389052E-01
       213  2.052090E-01
       214  1.697550E-01
       215  1.877256E-01
       216  1.638916E-01
       217  1.661532E-01
       218  1.762674E-01
       219  1.556407E-01
       220  1.902068E-01
       221  2.113192E-01
       222  1.672125E-01
       223  2.307728E-01
       224  1.803511E-01
       225  1.435255E-01
       226  2.116287E-01
       227  1.383558E-01
       228  2.111412E-01
       229  1.913148E-01
       230  1.349796E-01
       231  1.725184E-01
       232  1.250653E-01
       233  1.719932E-01
       234  1.570723E-01
       235  1.585615E-01
       236  1.643855E-01
       237  1.711505E-01
       238  1.418124E-01
       239  1.898178E-01
       240  1.314562E-01
       241  1.539733E-01
       242  2.095608E-01
       243  1.439051E-01
       244  2.010456E-01
       245  1.718066E-01
       246  1.419573E-01
       247  1.530787E-01
       248  1.680558E-01
       249  1.740464E-01
       250  1.336781E-01
       251  1.585455E-01
       252  1.415361E-01
       253  1.589284E-01
       254  1.104942E-01
       255  1.226196E-01
       256  1.651514E-01
       257  1.986758E-01
       258  1.377924E-01
       259  1.552676E-01
       260  1.871574E-01
       261  1.768645E-01
       262  1.309641E-01
       263  1.196127E-01
       264  1.606728E-01
       265  2.030263E-01
       266  1.418627E-01
       267  1.367551E-01
       268  1.796617E-01
       269  1.837089E-01
       270  1.576267E-01
       271  1.433738E-01
       272  1.668711E-01
       273  1.578958E-01
       274  1.514451E-01
       275  1.364086E-01
       276  1.622812E-01
       277  2.456435E-01
       278  2.607069E-01
       279  2.381005E-01
       280  2.398519E-01
       281  3.251781E-01
       282  3.286723E-01
       283  3.062337E-01
       284  2.842213E-01

 total internal energy for set ALL and time  0.1000000E+01

        2.983042E+01
