
                        S T E P       1


                                INCREMENT     1


 displacements (vx,vy,vz) for set NALL and time  0.1000000E+01

         1  0.000000E+00  0.000000E+00  1.654361E-25
         2  0.000000E+00  0.000000E+00 -3.308722E-25
         3  0.000000E+00  0.000000E+00  3.308722E-25
         4  0.000000E+00  0.000000E+00  5.169879E-23
         5  1.226660E-04 -5.915763E-06 -1.588169E-04
         6  1.227055E-04  7.673579E-06  1.471478E-04
         7 -1.318734E-04  7.852987E-06 -1.579404E-04
         8 -1.319301E-04 -9.782678E-07  1.461327E-04
         9  2.972173E-04 -1.433122E-05 -6.832261E-04
        10  2.975009E-04  2.054005E-05  6.135226E-04
        11 -3.264242E-04  2.644752E-05 -6.835830E-04
        12 -3.267892E-04 -1.093090E-05  6.134939E-04
        13  2.244384E-03 -2.056279E-05 -2.821601E-03
        14  2.244745E-03  2.929734E-05  2.701335E-03
        15 -2.279484E-03  3.288133E-05 -2.819636E-03
        16 -2.282740E-03 -6.469078E-06  2.702155E-03
        17  4.104917E-03 -1.917997E-06 -4.923312E-03
        18  4.103078E-03  4.441370E-05  4.840927E-03
        19 -4.111592E-03  3.065926E-05 -4.922446E-03
        20 -4.110449E-03 -2.335113E-06  4.840961E-03
        21  5.000000E-03  0.000000E+00 -6.000000E-03
        22  5.000000E-03  0.000000E+00  6.000000E-03
        23 -5.000000E-03 -2.786738E-20 -6.000000E-03
        24 -5.000000E-03  3.726945E-21  6.000000E-03
        25  2.682452E-04 -1.875525E-05 -3.619154E-04
        26  1.863390E-04  7.295426E-06  3.285353E-04
        27 -2.115910E-04  9.988437E-06 -3.614371E-04
        28 -2.778898E-04 -1.362093E-05  3.299725E-04
        29  1.521738E-03 -5.618605E-05 -1.902177E-03
        30  1.088058E-03 -4.595249E-06  1.646935E-03
        31 -9.350216E-04 -2.689837E-06 -1.683476E-03
        32 -1.548972E-03 -3.630362E-05  1.620280E-03
        33  2.893256E-03 -2.711671E-05 -3.012524E-03
        34  3.813116E-03 -3.792513E-05 -3.643552E-03
        35  4.334122E-03 -2.289942E-05 -4.462807E-03
        36  2.306939E-03  1.628550E-05  3.002189E-03
        37  2.898311E-03  7.653366E-06  3.541927E-03
        38  3.707554E-03  2.217571E-05  4.284009E-03
        39 -2.579634E-03  1.292385E-05 -3.273964E-03
        40 -3.137759E-03  2.152567E-06 -3.893082E-03
        41 -3.753507E-03  1.282875E-05 -4.505154E-03
        42 -3.038360E-03 -2.195964E-05  3.136361E-03
        43 -4.082375E-03 -3.301483E-05  3.768551E-03
        44 -4.487228E-03 -2.019987E-05  4.399599E-03
        45  4.082163E-03 -3.610287E-06 -5.123071E-03
        46  3.916971E-03 -1.052958E-05 -5.650378E-03
        47  4.313031E-03  4.563948E-06 -6.141443E-03
        48  3.117405E-03  2.511083E-05  5.327426E-03
        49  2.533124E-03  1.260532E-05  6.165776E-03
        50  3.206445E-03  2.297503E-05  6.620596E-03
        51 -3.219945E-03  1.648418E-05 -5.295908E-03
        52 -2.598841E-03  6.459275E-06 -5.986127E-03
        53 -3.173699E-03  1.768451E-05 -6.477629E-03
        54 -4.060564E-03 -7.456142E-06  5.105911E-03
        55 -3.881534E-03 -1.341776E-05  5.572262E-03
        56 -4.277576E-03  7.958377E-07  6.053979E-03
        57  1.834296E-07 -2.430568E-07  8.745069E-08
        58  1.321004E-07  1.884917E-07 -5.448873E-08
        59  1.972750E-07  4.333363E-07 -1.282915E-07
        60  2.206751E-07  8.686249E-07 -2.675789E-07
        61  1.248409E-07  1.091661E-06 -3.511373E-07
        62  1.390478E-07  2.277206E-07 -7.054926E-08
        63 -3.095874E-07  7.889563E-07  6.839931E-08
        64 -6.649619E-07  1.627278E-06 -2.373818E-08
        65 -3.577178E-07  8.470754E-07 -1.378583E-07
        66 -2.607559E-07  6.158333E-07 -1.164454E-07
        67 -4.698870E-07  1.148443E-06 -2.989606E-08
        68 -2.124631E-07  5.386397E-07  2.918863E-08
        69  2.982525E-04  3.812562E-06 -1.611597E-05
        70 -3.261346E-04  6.963349E-06 -5.116655E-05
        71 -2.713290E-05  6.020645E-06 -6.835664E-04
        72  1.011265E-06  4.534786E-06  6.130950E-04
        73  2.246328E-03  7.424607E-06 -6.799849E-05
        74 -2.281727E-03  6.457838E-05 -5.312639E-05
        75 -1.676020E-05 -3.696987E-05 -2.820351E-03
        76 -2.927669E-05  1.586671E-05  2.700444E-03
        77  4.104875E-03 -2.170331E-05 -1.526878E-05
        78 -4.112599E-03 -5.048266E-06 -4.701153E-05
        79 -2.846981E-08 -5.444200E-06 -4.922150E-03
        80  2.557534E-05  1.511542E-05  4.839830E-03
        81  4.995770E-03 -1.179735E-04 -3.041969E-03
        82  4.997636E-03  7.306659E-06 -7.287271E-05
        83  4.995426E-03  1.321507E-04  2.932187E-03
        84 -5.006691E-03  1.498825E-04 -3.072768E-03
        85 -5.003584E-03  1.792244E-05 -3.038622E-05
        86 -5.005789E-03 -1.154239E-04  3.025163E-03
        87  2.499305E-03 -3.225028E-05 -5.997321E-03
        88 -5.271925E-05  3.935524E-05 -5.998023E-03
        89 -2.580716E-03  9.669160E-05 -5.995937E-03
        90  2.426058E-03  1.106880E-04  6.003010E-03
        91 -8.337718E-05  5.686462E-05  6.001100E-03
        92 -2.554121E-03 -1.760768E-05  6.001159E-03
        93  9.769258E-06  1.054486E-05 -9.470264E-05
        94  3.423126E-05  2.705331E-05 -2.064866E-04
        95 -1.125294E-05  1.618867E-05 -1.757575E-04
        96  1.439743E-05 -9.651267E-06 -9.563501E-05
        97 -2.852265E-05 -2.489796E-05 -2.029729E-04
        98 -1.751817E-05 -1.309826E-05 -1.712727E-04
        99 -8.105489E-06 -1.227248E-05  1.098819E-04
       100  5.779196E-06 -3.160418E-05  2.393858E-04
       101 -1.792850E-05 -1.586134E-05  1.883012E-04
       102  4.128667E-06  9.811267E-06  8.819192E-05
       103  2.752902E-06  2.395229E-05  1.859451E-04
       104  3.599080E-05  1.362016E-05  1.570434E-04
       105 -1.488940E-04  4.750423E-05  1.286797E-05
       106 -2.074587E-04  6.750939E-05  1.427456E-05
       107 -6.525492E-06  2.794575E-05  5.416867E-05
       108 -1.309341E-04 -4.209365E-05  1.178843E-05
       109 -1.864083E-04 -6.134355E-05  2.456210E-05
       110 -3.751102E-06 -2.571101E-05 -3.538042E-05
       111  1.168337E-04 -3.765916E-05 -2.933658E-05
       112  1.627604E-04 -5.381441E-05 -4.858501E-05
       113 -9.400633E-06 -2.027657E-05  1.704694E-05
       114  1.419351E-04  4.584567E-05  9.712803E-06
       115  2.034449E-04  6.708462E-05  1.259679E-05
       116  6.749621E-06  2.916939E-05 -4.494420E-05
       117  3.123577E-04  5.268038E-05 -1.215680E-03
       118  7.929435E-04  3.435134E-04 -3.093750E-03
       119  1.544073E-03  7.575446E-04 -5.550515E-03
       120  1.748723E-03  9.739624E-04 -6.741373E-03
       121  1.093767E-03  8.190979E-04 -6.053232E-03
       122 -1.826297E-04  3.828874E-04 -4.179827E-03
       123 -1.365257E-03  6.916067E-05 -2.929364E-03
       124 -2.304154E-04 -3.200934E-05 -1.175406E-03
       125  3.025275E-04 -3.124453E-04 -2.987843E-03
       126  1.154178E-03 -7.206236E-04 -5.416297E-03
       127  1.661936E-03 -9.407179E-04 -6.629885E-03
       128  1.638365E-03 -8.023515E-04 -6.024485E-03
       129  1.381463E-03 -3.908802E-04 -4.261937E-03
       130  1.582727E-03 -8.536836E-05 -3.052794E-03
       131  1.446141E-04 -5.015671E-05  1.167068E-03
       132 -5.008940E-04 -3.482761E-04  3.091905E-03
       133 -1.469879E-03 -7.683121E-04  5.582835E-03
       134 -2.038120E-03 -9.884062E-04  6.792891E-03
       135 -1.978021E-03 -8.333236E-04  6.103460E-03
       136 -1.603714E-03 -3.902099E-04  4.199687E-03
       137 -1.684368E-03 -5.977097E-05  2.878964E-03
       138 -2.671205E-04  5.441362E-05  1.141039E-03
       139 -5.647348E-04  3.389202E-04  2.981332E-03
       140 -1.079515E-03  7.390589E-04  5.361197E-03
       141 -1.113199E-03  9.464705E-04  6.507425E-03
       142 -4.387237E-04  7.975135E-04  5.850219E-03
       143  6.864674E-04  3.805426E-04  4.063410E-03
       144  1.599493E-03  7.572933E-05  2.853310E-03
       145  5.166307E-05  6.772520E-05 -5.710603E-04
       146 -1.866378E-03  6.195563E-04 -9.950999E-05
       147 -4.831935E-03  1.424274E-03  7.468966E-04
       148 -5.996686E-03  1.725541E-03  1.462501E-03
       149 -4.282903E-03  1.341192E-03  1.797008E-03
       150 -7.000069E-04  5.900870E-04  1.860717E-03
       151  1.779195E-03  1.070612E-04  2.129827E-03
       152  4.089107E-05 -6.522649E-05  5.213100E-04
       153 -1.816061E-03 -6.010947E-04  7.718141E-04
       154 -4.661857E-03 -1.374718E-03  1.247426E-03
       155 -5.789223E-03 -1.667705E-03  1.135740E-03
       156 -4.141874E-03 -1.299663E-03  1.700051E-04
       157 -6.625120E-04 -5.716236E-04 -1.298050E-03
       158  1.775464E-03 -9.759994E-05 -2.336611E-03
       159 -1.048813E-04 -4.808966E-05 -6.845207E-04
       160  1.769080E-03 -5.878432E-04 -8.389800E-04
       161  4.704278E-03 -1.384397E-03 -1.044996E-03
       162  5.850669E-03 -1.681140E-03 -8.654103E-04
       163  4.132587E-03 -1.295807E-03 -1.240371E-04
       164  5.645175E-04 -5.480063E-04  1.005832E-03
       165 -1.862425E-03 -7.496355E-05  1.990709E-03
       166 -1.114683E-04  6.204632E-05  5.749734E-04
       167  1.704723E-03  5.868226E-04 -3.006316E-05
       168  4.586113E-03  1.369838E-03 -1.211883E-03
       169  5.796323E-03  1.683519E-03 -2.066722E-03
       170  4.240190E-03  1.336416E-03 -2.229421E-03
       171  8.142019E-04  6.198440E-04 -1.964749E-03
       172 -1.657328E-03  1.385333E-04 -2.124777E-03
       173  1.831063E-03  2.383948E-05 -3.204324E-03
       174  1.788995E-03  3.005890E-04 -4.994914E-03
       175  1.936666E-03  7.168109E-04 -7.464726E-03
       176  1.510813E-03  9.456031E-04 -8.720922E-03
       177  2.587401E-04  8.068320E-04 -8.109895E-03
       178 -1.510219E-03  3.832559E-04 -6.292484E-03
       179 -3.007257E-03  7.246443E-05 -5.054168E-03
       180 -1.958815E-03 -3.635055E-05 -3.379575E-03
       181 -1.082527E-03 -3.239859E-04 -5.238600E-03
       182  2.452400E-04 -7.316013E-04 -7.664997E-03
       183  1.312318E-03 -9.411162E-04 -8.824192E-03
       184  1.884618E-03 -7.843951E-04 -8.132233E-03
       185  2.214195E-03 -3.558044E-04 -6.295265E-03
       186  2.951672E-03 -4.994492E-05 -5.085892E-03
       187  1.687683E-03 -4.124187E-05  3.255757E-03
       188  5.989019E-04 -3.426191E-04  5.201822E-03
       189 -8.529371E-04 -7.709141E-04  7.742269E-03
       190 -1.920588E-03 -9.961655E-04  8.980769E-03
       191 -2.359837E-03 -8.386512E-04  8.281011E-03
       192 -2.475382E-03 -3.873836E-04  6.342643E-03
       193 -3.035281E-03 -5.347710E-05  5.008430E-03
       194 -1.810013E-03  6.647093E-05  3.273188E-03
       195 -1.620367E-03  3.554571E-04  5.142989E-03
       196 -1.563772E-03  7.541159E-04  7.514226E-03
       197 -9.880186E-04  9.552579E-04  8.627830E-03
       198  2.788106E-04  7.983274E-04  7.932767E-03
       199  1.915127E-03  3.768546E-04  6.126283E-03
       200  3.192215E-03  7.757528E-05  4.939588E-03
       201  1.946812E-03  7.688733E-05 -1.899412E-03
       202 -4.092872E-05  6.489590E-04 -6.942609E-04
       203 -3.032817E-03  1.461119E-03  7.582532E-04
       204 -4.125038E-03  1.744704E-03  1.962829E-03
       205 -2.255636E-03  1.324925E-03  2.700595E-03
       206  1.465692E-03  5.448324E-04  3.133682E-03
       207  3.885205E-03  7.410843E-05  3.811277E-03
       208  1.972577E-03 -6.029484E-05  1.931259E-03
       209  2.063704E-04 -5.700558E-04  1.535903E-03
       210 -2.451689E-03 -1.292744E-03  1.424971E-03
       211 -3.465083E-03 -1.556661E-03  8.149156E-04
       212 -1.856661E-03 -1.196964E-03 -5.717505E-04
       213  1.458703E-03 -5.031777E-04 -2.432544E-03
       214  3.736547E-03 -6.035745E-05 -3.922487E-03
       215 -2.219467E-03  5.101911E-06 -2.194000E-03
       216 -4.615444E-04 -5.021734E-04 -1.733185E-03
       217  2.426047E-03 -1.285871E-03 -1.353994E-03
       218  3.598402E-03 -1.589052E-03 -6.290407E-04
       219  1.964353E-03 -1.223025E-03  6.185397E-04
       220 -1.483905E-03 -5.006188E-04  2.223874E-03
       221 -3.792630E-03 -5.117683E-05  3.671534E-03
       222 -2.033409E-03  7.617253E-05  2.022035E-03
       223 -2.768075E-04  5.843346E-04  7.943934E-04
       224  2.419621E-03  1.317634E-03 -9.618401E-04
       225  3.430112E-03  1.581351E-03 -2.349022E-03
       226  1.752177E-03  1.206078E-03 -3.007489E-03
       227 -1.641688E-03  4.962233E-04 -3.208317E-03
       228 -3.869669E-03  6.334895E-05 -3.809527E-03
       229  2.587550E-03  8.889100E-05 -5.653787E-03
       230  1.719223E-03  3.779337E-04 -7.368706E-03
       231 -6.367434E-04  3.741141E-04 -7.449326E-03
       232 -2.394406E-03 -5.997285E-05 -5.665200E-03
       233 -1.307862E-03 -2.629410E-04 -6.898305E-03
       234  9.382708E-04 -2.397173E-04 -6.894292E-03
       235  2.204490E-03 -6.647488E-05  5.699046E-03
       236  1.009235E-03 -2.750624E-04  6.961903E-03
       237 -1.109345E-03 -2.307702E-04  6.854283E-03
       238 -2.489491E-03  1.165509E-04  5.758371E-03
       239 -1.682200E-03  4.142192E-04  7.521767E-03
       240  5.570737E-04  3.935406E-04  7.525430E-03
       241  3.465927E-03  2.027070E-04 -1.984687E-03
       242  2.611062E-03  4.453530E-04  1.407285E-03
       243  3.309395E-03  3.095608E-04  4.343527E-03
       244  3.038108E-03 -2.856509E-04  2.216644E-03
       245  2.220041E-03 -5.226895E-04 -8.795870E-04
       246  3.283201E-03 -3.103456E-04 -3.894926E-03
       247 -3.254934E-03 -2.392272E-04 -2.284539E-03
       248 -2.455789E-03 -4.716904E-04  7.745689E-04
       249 -3.341793E-03 -2.987678E-04  3.786446E-03
       250 -3.513239E-03  1.891888E-04  2.148602E-03
       251 -2.678700E-03  4.284506E-04 -1.317917E-03
       252 -3.270774E-03  3.153086E-04 -4.430194E-03

 forces (fx,fy,fz) for set RIGHT and time  0.1000000E+01

        21  1.196493E+03  1.695085E+02 -1.722106E+03
        22  7.700325E+02  3.567944E+02  2.037474E+03
        23 -1.263849E+03  5.164175E+02 -1.314535E+02
        24 -6.995530E+02 -1.753558E+01 -2.000123E+02

 internal energy (element, energy) for set ALL and time  0.1000000E+01

         1  3.032840E-02
         2  3.131294E-02
         3  3.304619E-02
         4  3.111101E-02
         5  2.986399E-03
         6  2.011022E-03
         7  1.876137E-03
         8  1.702406E-03
         9  3.516423E-03
        10  3.116337E-03
        11  2.641608E-03
        12  2.577781E-03
        13  2.314585E-02
        14  1.789950E-02
        15  1.388639E-02
        16  1.266399E-02
        17  8.294974E-03
        18  1.414635E-02
        19  1.531509E-02
        20  1.175157E-02
        21  8.149653E-03
        22  4.258849E-03
        23  5.285906E-03
        24  8.857935E-03
        25  7.116806E-03
        26  5.099326E-03
        27  4.452483E-03
        28  1.053593E-02
        29  7.147809E-03
        30  3.279627E-03
        31  3.559304E-03
        32  6.860363E-03
        33  1.349033E-02
        34  6.252165E-03
        35  6.127561E-03
        36  4.734465E-03
        37  1.068691E-02
        38  4.131148E-03
        39  2.074900E-02
        40  1.717451E-02
        41  4.629028E-03
        42  4.917591E-03
        43  1.352348E-02
        44  1.323816E-02
        45  3.894098E-03
        46  1.984630E-03
        47  1.121285E-02
        48  1.670157E-02
        49  7.529748E-03
        50  4.494785E-03
        51  1.500114E-02
        52  1.559516E-02
        53  1.173042E-04
        54  9.067914E-06
        55  1.202400E-05
        56  1.539038E-04
        57  2.432381E-04
        58  1.966606E-05
        59  3.312357E-06
        60  4.094920E-05
        61  9.484752E-05
        62  1.140922E-05
        63  2.023096E-05
        64  2.002407E-04
        65  1.258349E-04
        66  1.222361E-05
        67  4.378491E-06
        68  3.203831E-05
        69  1.088806E-01
        70  1.132145E-01
        71  6.025163E-02
        72  6.281444E-02
        73  8.106770E-03
        74  1.069331E-02
        75  8.689278E-03
        76  6.723549E-03
        77  1.273703E-03
        78  1.083350E-03
        79  1.150495E-03
        80  1.917619E-03
        81  1.432770E-03
        82  1.437242E-03
        83  4.542623E-03
        84  4.248223E-03
        85  1.107576E-03
        86  4.064479E-03
        87  1.755919E-03
        88  3.488070E-03
        89  3.349913E-03
        90  5.555002E-03
        91  7.622098E-03
        92  6.503903E-03
        93  3.239881E-03
        94  3.969811E-03
        95  4.086136E-03
        96  3.342700E-03
        97  3.361090E-02
        98  7.381564E-03
        99  6.257575E-03
       100  3.365824E-02
       101  4.082815E-02
       102  5.829106E-03
       103  5.408955E-03
       104  2.982681E-02
       105  1.788544E-02
       106  7.425591E-03
       107  9.298169E-03
       108  3.230936E-02
       109  3.377169E-02
       110  9.626011E-03
       111  8.009792E-03
       112  1.739503E-02
       113  2.917843E-03
       114  2.290296E-03
       115  2.361264E-03
       116  3.216053E-03
       117  4.691931E-03
       118  2.351505E-03
       119  3.008131E-03
       120  3.339626E-03
       121  3.890806E-03
       122  2.567156E-03
       123  2.954334E-03
       124  4.430184E-03
       125  2.463715E-03
       126  1.797774E-03
       127  2.010767E-03
       128  2.434755E-03
       129  5.361337E-03
       130  3.704502E-03
       131  3.044722E-03
       132  3.990391E-03
       133  4.677592E-03
       134  3.507451E-03
       135  2.900904E-03
       136  3.879739E-03
       137  4.256257E-03
       138  3.238251E-03
       139  2.854955E-03
       140  3.284879E-03
       141  6.001800E-03
       142  4.584549E-03
       143  4.157828E-03
       144  4.900597E-03
       145  1.492582E-01
       146  1.790914E-01
       147  1.650138E-01
       148  1.453320E-01
       149  1.381441E-01
       150  1.395370E-01
       151  1.295910E-01
       152  1.553740E-01
       153  1.206621E-01
       154  1.389021E-01
       155  4.573109E-02
       156  1.292064E-01
       157  1.301893E-01
       158  4.160677E-02
       159  1.409186E-01
       160  7.137330E-02
       161  1.271400E-01
       162  1.512974E-01
       163  4.814169E-02
       164  1.333956E-01
       165  1.368689E-01
       166  4.295308E-02
       167  1.412964E-01
       168  4.692158E-02
       169  1.357364E-01
       170  1.335663E-01
       171  3.917791E-02
       172  1.241402E-01
       173  1.259893E-01
       174  3.582848E-02
       175  1.322585E-01
       176  8.374143E-02
       177  1.384420E-01
       178  1.341126E-01
       179  4.229018E-02
       180  1.263657E-01
       181  1.264948E-01
       182  3.558617E-02
       183  1.355113E-01
       184  7.648228E-02
       185  8.297786E-02
       186  1.941319E-01
       187  4.261804E-02
       188  1.696031E-01
       189  1.666445E-01
       190  4.116008E-02
       191  2.199183E-01
       192  1.268381E-01
       193  9.632366E-02
       194  2.041685E-01
       195  4.558509E-02
       196  1.810281E-01
       197  1.804144E-01
       198  4.729146E-02
       199  2.319675E-01
       200  1.435289E-01
       201  7.105106E-02
       202  1.957575E-01
       203  4.649675E-02
       204  1.743619E-01
       205  1.712150E-01
       206  4.661483E-02
       207  2.262513E-01
       208  1.136412E-01
       209  7.529911E-02
       210  2.170060E-01
       211  5.101507E-02
       212  1.860454E-01
       213  1.896206E-01
       214  5.681822E-02
       215  2.182056E-01
       216  1.188680E-01
       217  1.221487E-01
       218  1.545524E-01
       219  4.364454E-02
       220  1.263382E-01
       221  1.311180E-01
       222  4.286656E-02
       223  1.342469E-01
       224  6.827692E-02
       225  1.200438E-01
       226  1.490283E-01
       227  5.115109E-02
       228  1.393266E-01
       229  1.389895E-01
       230  4.177929E-02
       231  1.545967E-01
       232  5.198787E-02
       233  1.341215E-01
       234  1.416292E-01
       235  4.078702E-02
       236  1.292297E-01
       237  1.312621E-01
       238  3.712800E-02
       239  1.379250E-01
       240  8.688597E-02
       241  1.324771E-01
       242  1.318812E-01
       243  4.360183E-02
       244  1.284224E-01
       245  1.263738E-01
       246  3.545368E-02
       247  1.430491E-01
       248  7.706341E-02
       249  8.949441E-02
       250  1.968320E-01
       251  4.603653E-02
       252  1.825030E-01
       253  1.735799E-01
       254  4.119842E-02
       255  2.604747E-01
       256  1.429679E-01
       257  8.629953E-02
       258  1.772682E-01
       259  4.129922E-02
       260  1.629381E-01
       261  1.598363E-01
       262  4.124995E-02
       263  2.158569E-01
       264  1.327356E-01
       265  7.494609E-02
       266  2.040866E-01
       267  4.420213E-02
       268  1.672390E-01
       269  1.658463E-01
       270  4.540691E-02
       271  2.225008E-01
       272  1.130675E-01
       273  7.043244E-02
       274  1.970702E-01
       275  5.145274E-02
       276  1.811625E-01
       277  1.753948E-01
       278  4.972014E-02
       279  2.459046E-01
       280  1.271072E-01
       281  1.264500E-01
       282  9.494390E-02
       283  1.257204E-01
       284  6.224108E-02
       285  1.111446E-01
       286  8.308718E-02
       287  1.256237E-01
       288  6.928133E-02
       289  1.131980E-01
       290  7.784653E-02
       291  1.148364E-01
       292  8.721677E-02
       293  1.353166E-01
       294  1.002067E-01
       295  1.300642E-01
       296  6.834898E-02
       297  9.849296E-02
       298  7.731321E-02
       299  6.768146E-02
       300  7.704266E-02
       301  1.306360E-01
       302  9.257581E-02
       303  8.924395E-02
       304  1.042481E-01
       305  1.191855E-01
       306  9.418115E-02
       307  9.565477E-02
       308  9.338232E-02
       309  8.491955E-02
       310  8.777889E-02
       311  7.885500E-02
       312  7.228842E-02

 total internal energy for set ALL and time  0.1000000E+01

        2.089788E+01
