
                        S T E P       1


                                INCREMENT     1


 displacements (vx,vy,vz) for set NALL and time  0.1000000E+01

         1  0.000000E+00  1.654361E-25 -2.481542E-25
         2  0.000000E+00  6.617445E-25  0.000000E+00
         3 -3.308722E-25 -3.308722E-25  7.146840E-23
         4 -3.308722E-25  3.308722E-25  9.975798E-23
         5  4.357376E-04 -2.157382E-05 -7.642591E-04
         6  4.359120E-04  1.757447E-05  7.048190E-04
         7 -4.781018E-04  2.534520E-05 -7.637959E-04
         8 -4.791337E-04 -1.194662E-05  7.051112E-04
         9  3.549792E-03 -1.373718E-05 -3.985368E-03
        10  3.550461E-03  1.466323E-05  4.016089E-03
        11 -3.428362E-03  1.730918E-05 -3.985519E-03
        12 -3.429569E-03 -1.646686E-05  4.016918E-03
        13  3.992658E-03 -3.736701E-06 -4.726811E-03
        14  3.993273E-03  5.714909E-06  4.713780E-03
        15 -3.862343E-03  7.139209E-06 -4.727211E-03
        16 -3.862763E-03 -3.611874E-06  4.714611E-03
        17  4.477247E-03  8.370163E-08 -5.348525E-03
        18  4.477802E-03  6.100359E-06  5.331989E-03
        19 -4.377771E-03  5.111621E-08 -5.349062E-03
        20 -4.378235E-03  1.708856E-06  5.332407E-03
        21  5.000000E-03  2.117582E-23 -6.000000E-03
        22  5.000000E-03 -1.058791E-23  6.000000E-03
        23 -5.000000E-03  3.472835E-21 -6.000000E-03
        24 -5.000000E-03  1.694066E-22  6.000000E-03
        25  2.773570E-04 -2.625567E-05 -3.889123E-04
        26  2.758742E-04 -1.168976E-06  2.282783E-04
        27 -1.724401E-04  4.763540E-06 -2.808657E-04
        28 -2.023593E-04 -1.850971E-05  2.384269E-04
        29  5.694830E-04 -2.553220E-05 -8.649846E-04
        30  9.484711E-04 -3.797865E-05 -1.180127E-03
        31  1.501210E-03 -5.076345E-05 -1.675084E-03
        32  2.130398E-03 -5.622692E-05 -2.276399E-03
        33  2.734624E-03 -5.050326E-05 -2.898342E-03
        34  3.216830E-03 -3.608098E-05 -3.449988E-03
        35  3.497521E-03 -2.101354E-05 -3.837210E-03
        36  4.559896E-04  8.301163E-06  9.097358E-04
        37  6.519034E-04 -5.978050E-06  1.279743E-03
        38  1.002598E-03 -1.910429E-05  1.791217E-03
        39  1.464649E-03 -2.441851E-05  2.390590E-03
        40  1.996482E-03 -1.859184E-05  3.006402E-03
        41  2.558842E-03 -4.491542E-06  3.545615E-03
        42  3.101445E-03  1.017218E-05  3.906598E-03
        43 -5.907997E-04  1.525652E-05 -9.745812E-04
        44 -8.363330E-04 -2.346249E-07 -1.369300E-03
        45 -1.197632E-03 -1.363299E-05 -1.887180E-03
        46 -1.640298E-03 -1.889747E-05 -2.466167E-03
        47 -2.129865E-03 -1.364139E-05 -3.036554E-03
        48 -2.628857E-03 -9.433207E-07 -3.523709E-03
        49 -3.088556E-03  1.193635E-05 -3.851160E-03
        50 -6.744315E-04 -1.965060E-05  8.988837E-04
        51 -1.112195E-03 -3.402858E-05  1.265867E-03
        52 -1.713125E-03 -4.762858E-05  1.797838E-03
        53 -2.372476E-03 -5.324820E-05  2.429619E-03
        54 -2.975043E-03 -4.716245E-05  3.071585E-03
        55 -3.402437E-03 -3.304694E-05  3.612712E-03
        56 -3.553285E-03 -1.956580E-05  3.938714E-03
        57  4.492192E-03 -1.812591E-05 -4.373173E-03
        58  3.310855E-03 -2.805154E-06  4.341998E-03
        59 -3.090808E-03  9.690901E-08 -4.382792E-03
        60 -4.166811E-03 -1.858140E-05  4.330644E-03
        61  4.871110E-03 -1.184209E-05 -5.048428E-03
        62  3.641720E-03 -2.633701E-06  5.005468E-03
        63 -3.477349E-03 -6.139047E-06 -5.051803E-03
        64 -4.672115E-03 -8.334723E-06  5.010666E-03
        65  5.377698E-03 -9.249129E-06 -5.745028E-03
        66  4.004900E-03 -5.136181E-06  5.820878E-03
        67 -3.838464E-03 -1.232398E-05 -5.717424E-03
        68 -5.147197E-03 -8.053027E-06  5.672590E-03
        69 -7.651841E-07 -9.616341E-09 -5.336524E-07
        70 -6.594868E-07 -2.570328E-09 -4.576270E-07
        71  1.587178E-07 -1.010690E-08  1.743685E-07
        72  2.320999E-07 -1.600493E-08  2.553439E-07
        73  4.366637E-04 -4.916952E-06  7.565203E-05
        74 -4.793508E-04  1.033537E-05 -5.146119E-05
        75 -1.105606E-04 -2.009751E-05 -7.636653E-04
        76 -3.483330E-06  4.480272E-07  7.043410E-04
        77  3.551733E-03 -2.200795E-06  1.052856E-05
        78 -3.429979E-03  1.540564E-05  4.484996E-05
        79  5.720897E-05 -4.059346E-06 -3.984880E-03
        80  2.111586E-05 -1.881760E-06  4.015408E-03
        81  3.992290E-03  5.024014E-06  3.246615E-05
        82 -3.863488E-03  8.270314E-06  1.911855E-05
        83  3.702823E-05 -1.596562E-06 -4.726786E-03
        84  4.741926E-05  1.485975E-06  4.714293E-03
        85  4.476743E-03  6.608738E-06  2.833776E-06
        86 -4.378689E-03  2.382156E-06  2.692895E-05
        87  4.072515E-05 -1.505358E-06 -5.348471E-03
        88  2.194095E-05  2.509860E-06  5.332548E-03
        89  4.999543E-03 -4.336028E-06 -3.760032E-05
        90 -5.000002E-03 -1.248630E-05  1.063863E-04
        91  9.058063E-05 -5.490978E-06 -5.999906E-03
        92 -2.621287E-05  2.717547E-05  5.999750E-03
        93 -1.014453E-04 -2.423851E-05 -2.843664E-04
        94  7.717450E-05 -2.774292E-06 -3.928103E-04
        95 -9.432653E-05  2.733074E-05  2.379660E-04
        96  2.231349E-04 -2.404000E-05  2.319336E-04
        97  2.761209E-04 -7.614663E-06  1.841972E-04
        98  2.560138E-04  2.046866E-06 -2.857924E-04
        99 -1.877528E-04 -2.099435E-06  1.650652E-04
       100 -1.704370E-04  1.628567E-05 -2.087275E-04
       101  3.839916E-04  5.995760E-05 -1.445551E-03
       102  1.052592E-03  5.080616E-04 -4.342727E-03
       103  2.174501E-03  1.175703E-03 -8.302890E-03
       104  2.467121E-03  1.543697E-03 -1.032185E-02
       105  1.446621E-03  1.323595E-03 -9.352451E-03
       106 -4.941831E-04  6.416609E-04 -6.425090E-03
       107 -2.204160E-03  1.219462E-04 -4.349711E-03
       108 -4.107320E-04 -6.420972E-05 -1.524893E-03
       109  3.566034E-04 -5.113103E-04 -4.416596E-03
       110  1.612737E-03 -1.158898E-03 -8.272879E-03
       111  2.314654E-03 -1.495442E-03 -1.013478E-02
       112  2.196751E-03 -1.249723E-03 -9.051920E-03
       113  1.787875E-03 -5.706209E-04 -6.142475E-03
       114  2.258439E-03 -8.928913E-05 -4.240341E-03
       115  1.813857E-04 -9.116056E-05  1.560695E-03
       116 -8.218717E-04 -5.629083E-04  4.605421E-03
       117 -2.297201E-03 -1.237552E-03  8.604245E-03
       118 -3.125882E-03 -1.603406E-03  1.061074E-02
       119 -2.968604E-03 -1.377017E-03  9.609922E-03
       120 -2.337847E-03 -6.841378E-04  6.633847E-03
       121 -2.461695E-03 -1.445657E-04  4.472572E-03
       122 -4.529343E-04  9.497495E-05  1.564276E-03
       123 -1.030806E-03  5.668029E-04  4.617788E-03
       124 -1.995290E-03  1.236223E-03  8.597496E-03
       125 -2.160240E-03  1.588953E-03  1.054422E-02
       126 -1.119799E-03  1.349000E-03  9.487770E-03
       127  7.340557E-04  6.550183E-04  6.513543E-03
       128  2.332479E-03  1.291104E-04  4.421103E-03
       129  2.000151E-06  1.202328E-04 -4.551227E-04
       130 -2.919649E-03  9.603909E-04  3.346223E-04
       131 -7.371133E-03  2.168140E-03  1.596118E-03
       132 -9.114363E-03  2.618907E-03  2.598754E-03
       133 -6.539328E-03  2.041236E-03  2.994457E-03
       134 -1.139395E-03  9.089052E-04  2.970872E-03
       135  2.683932E-03  1.636732E-04  3.258774E-03
       136 -2.452298E-05 -1.326013E-04  6.630155E-04
       137 -2.847997E-03 -9.467676E-04  1.156842E-03
       138 -7.104228E-03 -2.103561E-03  2.015501E-03
       139 -8.789870E-03 -2.541388E-03  2.003267E-03
       140 -6.333663E-03 -1.992443E-03  6.867105E-04
       141 -1.111923E-03 -8.994773E-04 -1.453339E-03
       142  2.653749E-03 -1.665583E-04 -3.084788E-03
       143 -1.772364E-04 -7.721458E-05 -8.221507E-04
       144  2.610013E-03 -8.804768E-04 -1.077377E-03
       145  6.998213E-03 -2.071275E-03 -1.374600E-03
       146  8.724360E-03 -2.518001E-03 -1.083573E-03
       147  6.168760E-03 -1.944920E-03  3.575395E-05
       148  8.435228E-04 -8.288541E-04  1.699711E-03
       149 -2.789010E-03 -1.209597E-04  3.089276E-03
       150 -1.848360E-04  8.882572E-05  7.304410E-04
       151  2.446856E-03  8.500269E-04 -1.172613E-04
       152  6.610565E-03  1.981941E-03 -1.851720E-03
       153  8.282954E-03  2.416657E-03 -3.112255E-03
       154  5.881174E-03  1.880295E-03 -3.337339E-03
       155  7.882203E-04  8.151015E-04 -2.903966E-03
       156 -2.744139E-03  1.278198E-04 -3.063587E-03
       157  6.780048E-04 -1.447744E-05 -4.369873E-03
       158 -4.898502E-04  1.180658E-05 -4.400004E-03
       159  6.256689E-04  1.774433E-05  4.339600E-03
       160 -3.804676E-04 -1.852336E-05  4.334010E-03
       161  3.889118E-03 -3.235827E-05  8.714724E-04
       162  3.901999E-03  3.637788E-05 -8.889577E-04
       163 -3.675664E-03  2.880958E-05  8.342009E-04
       164 -3.592645E-03 -7.000493E-06 -8.291088E-04
       165  5.736347E-04 -1.471745E-05 -5.044726E-03
       166 -4.735883E-04  1.111508E-05 -5.065320E-03
       167  5.864676E-04  1.316615E-05  5.008143E-03
       168 -4.166942E-04 -5.857482E-06  5.009282E-03
       169  4.237807E-03  1.809177E-06  8.573659E-04
       170  4.269271E-03  7.609994E-06 -8.520637E-04
       171 -4.092580E-03  1.419397E-05  8.250578E-04
       172 -4.057046E-03 -5.533041E-06 -8.029838E-04
       173  7.681684E-04 -2.671274E-06 -5.716970E-03
       174 -5.775098E-04 -5.027931E-06 -5.761372E-03
       175  7.578943E-04  1.076092E-05  5.670605E-03
       176 -5.784861E-04  2.088092E-05  5.820995E-03
       177  4.702092E-03  1.010250E-05  1.038461E-03
       178  4.691930E-03 -8.586301E-06 -9.937960E-04
       179 -4.499599E-03 -3.082030E-05  8.996010E-04
       180 -4.536546E-03  2.340013E-05 -7.889170E-04

 forces (fx,fy,fz) for set RIGHT and time  0.1000000E+01

        21  1.532297E+03  3.316283E+02 -1.539844E+03
        22  1.579739E+03 -3.381331E+02  2.058628E+03
        23 -1.434353E+03  6.902086E+02 -1.266138E+03
        24 -1.700972E+03 -5.640901E+02  7.214302E+02

 internal energy (element, energy) for set ALL and time  0.1000000E+01

         1  1.719688E-02
         2  1.406757E-02
         3  6.092908E-03
         4  4.316169E-03
         5  1.562567E-02
         6  2.250650E-02
         7  9.692074E-03
         8  1.024856E-02
         9  7.226890E-03
        10  6.656716E-03
        11  5.436690E-03
        12  4.721217E-03
        13  4.587886E-03
        14  5.099638E-03
        15  6.548404E-03
        16  6.792246E-03
        17  8.111116E-03
        18  8.288908E-03
        19  6.836562E-03
        20  6.058139E-03
        21  5.841173E-03
        22  6.601508E-03
        23  8.649087E-03
        24  8.961553E-03
        25  9.783690E-03
        26  7.139301E-03
        27  5.855778E-03
        28  5.323549E-03
        29  5.380328E-03
        30  5.992672E-03
        31  7.670385E-03
        32  1.123946E-02
        33  8.601779E-03
        34  7.019140E-03
        35  5.796874E-03
        36  5.206895E-03
        37  5.155656E-03
        38  6.280439E-03
        39  8.704221E-03
        40  6.409293E-03
        41  4.135260E-03
        42  2.551716E-03
        43  5.977161E-03
        44  1.381035E-02
        45  1.162963E-02
        46  7.803618E-03
        47  7.430831E-03
        48  3.155433E-03
        49  1.933010E-03
        50  2.845656E-03
        51  1.235181E-02
        52  9.898654E-03
        53  7.918530E-03
        54  7.854117E-03
        55  3.219454E-03
        56  1.134744E-03
        57  1.042116E-02
        58  1.372089E-02
        59  2.167073E-02
        60  2.277148E-02
        61  1.639192E-02
        62  1.612941E-02
        63  3.795964E-03
        64  8.870121E-03
        65  3.156766E-04
        66  1.451156E-03
        67  6.594218E-04
        68  3.941015E-04
        69  1.285658E-04
        70  4.689460E-04
        71  1.126649E-03
        72  3.372718E-04
        73  3.715346E-03
        74  1.797686E-02
        75  3.268774E-02
        76  2.611231E-02
        77  1.190998E-03
        78  8.478510E-03
        79  8.224971E-03
        80  6.886029E-03
        81  3.657050E-02
        82  3.684131E-02
        83  3.292102E-02
        84  2.353876E-02
        85  1.242356E-02
        86  1.330380E-02
        87  9.389044E-03
        88  6.684437E-03
        89  4.430103E-03
        90  3.506301E-03
        91  2.573018E-03
        92  1.038109E-03
        93  5.234198E-03
        94  3.784742E-03
        95  2.026955E-03
        96  6.975860E-04
        97  2.319582E-03
        98  4.583876E-03
        99  6.092909E-03
       100  8.481216E-03
       101  1.047511E-03
       102  2.848760E-03
       103  4.681418E-03
       104  6.652383E-03
       105  3.133738E-02
       106  2.291754E-02
       107  6.847272E-03
       108  1.650728E-02
       109  1.562415E-02
       110  4.254293E-03
       111  2.404183E-02
       112  2.740707E-02
       113  2.608357E-01
       114  1.835743E-01
       115  2.112393E-01
       116  2.220476E-01
       117  2.219707E-01
       118  2.217379E-01
       119  2.015532E-01
       120  2.222031E-01
       121  2.170562E-01
       122  1.795177E-01
       123  2.166886E-01
       124  1.867319E-01
       125  1.529416E-01
       126  2.558681E-01
       127  1.879824E-01
       128  2.593909E-01
       129  3.063216E-01
       130  3.841663E-01
       131  1.112619E-01
       132  3.222258E-01
       133  3.363383E-01
       134  1.107456E-01
       135  3.250798E-01
       136  1.684982E-01
       137  3.229378E-01
       138  3.968096E-01
       139  1.317195E-01
       140  3.563394E-01
       141  3.590574E-01
       142  1.135951E-01
       143  3.985141E-01
       144  1.280315E-01
       145  3.394423E-01
       146  3.444938E-01
       147  9.477346E-02
       148  3.070918E-01
       149  3.189212E-01
       150  9.399951E-02
       151  3.038805E-01
       152  1.968225E-01
       153  3.737263E-01
       154  3.784275E-01
       155  1.140263E-01
       156  3.472540E-01
       157  3.522234E-01
       158  1.003377E-01
       159  3.512710E-01
       160  2.100051E-01
       161  1.887398E-01
       162  4.251773E-01
       163  9.435058E-02
       164  3.796201E-01
       165  3.749124E-01
       166  9.319262E-02
       167  4.743349E-01
       168  2.854368E-01
       169  2.158813E-01
       170  4.420264E-01
       171  1.010592E-01
       172  4.014177E-01
       173  4.021817E-01
       174  1.067434E-01
       175  4.900512E-01
       176  3.194792E-01
       177  1.610913E-01
       178  4.465670E-01
       179  1.074493E-01
       180  3.931444E-01
       181  3.868149E-01
       182  1.077934E-01
       183  5.037517E-01
       184  2.558890E-01
       185  1.588373E-01
       186  4.729557E-01
       187  1.183305E-01
       188  4.132904E-01
       189  4.127864E-01
       190  1.236578E-01
       191  5.147837E-01
       192  2.733681E-01
       193  2.280252E-01
       194  1.889543E-01
       195  2.093015E-01
       196  1.818317E-01
       197  1.837774E-01
       198  2.130143E-01
       199  1.639377E-01
       200  2.042474E-01
       201  2.606084E-01
       202  1.830769E-01
       203  2.695944E-01
       204  1.902799E-01
       205  1.533017E-01
       206  2.547192E-01
       207  1.508004E-01
       208  2.529717E-01
       209  2.108129E-01
       210  1.561793E-01
       211  1.875961E-01
       212  1.474299E-01
       213  1.677460E-01
       214  1.961687E-01
       215  1.415494E-01
       216  1.943200E-01
       217  2.487223E-01
       218  1.519788E-01
       219  2.632390E-01
       220  1.417697E-01
       221  1.538791E-01
       222  2.527535E-01
       223  1.429453E-01
       224  2.644937E-01
       225  2.146957E-01
       226  2.038284E-01
       227  2.153837E-01
       228  1.806239E-01
       229  1.928566E-01
       230  2.150502E-01
       231  2.132450E-01
       232  2.013578E-01
       233  2.581287E-01
       234  1.636617E-01
       235  2.668935E-01
       236  1.680408E-01
       237  2.099554E-01
       238  2.813965E-01
       239  2.247827E-01
       240  2.858962E-01

 total internal energy for set ALL and time  0.1000000E+01

        3.237652E+01
