
                        S T E P       1


                                INCREMENT     1


 displacements (vx,vy,vz) for set TIP_TOP and time  0.1000000E+01

       887  8.261296E-02 -1.871720E-03 -1.868788E+00
       888  8.264822E-02 -1.835559E-03 -1.866133E+00
       891  8.255169E-02 -1.772729E-03 -1.863431E+00
       894  8.247955E-02 -1.447447E-03 -1.860846E+00
       896  8.248602E-02 -4.860050E-04 -1.859192E+00
       898  8.249356E-02 -7.721246E-12 -1.859107E+00
       900  8.248602E-02  4.860050E-04 -1.859192E+00
       903  8.247955E-02  1.447447E-03 -1.860846E+00
       906  8.255169E-02  1.772729E-03 -1.863431E+00
       909  8.264822E-02  1.835559E-03 -1.866133E+00
       912  8.261296E-02  1.871720E-03 -1.868788E+00
      1452  8.267625E-02 -1.842389E-03 -1.867430E+00
      1485  8.267625E-02  1.842389E-03 -1.867430E+00
      2187  8.260176E-02 -1.825536E-03 -1.864797E+00
      2210  8.247074E-02 -1.049572E-03 -1.859807E+00
      2233  8.247074E-02  1.049572E-03 -1.859807E+00
      2258  8.260176E-02  1.825536E-03 -1.864797E+00
      3421  8.249136E-02 -2.438454E-04 -1.859134E+00
      3430  8.249136E-02  2.438454E-04 -1.859134E+00
      5108  8.250902E-02 -1.665776E-03 -1.862102E+00
      5123  8.250902E-02  1.665776E-03 -1.862102E+00

 forces (fx,fy,fz) for set CLAMP and time  0.1000000E+01

         1  1.239506E+03  1.827414E+03  7.751099E+02
         4  2.121869E+03  4.714893E-09  1.550264E+03
         5  1.544013E+03  2.725983E+03  4.987755E+01
         8  2.484851E+03  8.222492E-09  1.172163E+02
         9  1.024116E+03  1.743632E+03 -2.795933E+01
        12  1.615550E+03  6.281654E-09 -4.088590E+01
        13  5.127909E+02  8.261730E+02 -7.132552E+01
        16  7.952756E+02  3.898582E-09 -1.216650E+02
        17  2.669313E+01 -1.156031E+02 -3.609841E+01
        20 -1.777568E+01  1.476828E-09 -5.725425E+01
        21  2.057638E+02 -5.276378E+02 -3.033983E+03
        24 -3.395629E+02 -2.348779E-10 -1.688532E+03
        26  1.239506E+03 -1.827414E+03  7.751099E+02
        28  1.544013E+03 -2.725983E+03  4.987755E+01
        30  1.024116E+03 -1.743632E+03 -2.795933E+01
        32  5.127909E+02 -8.261730E+02 -7.132552E+01
        34  2.669313E+01  1.156031E+02 -3.609841E+01
        36  2.057638E+02  5.276378E+02 -3.033983E+03
        37  4.805154E+01 -6.584805E+02 -2.244100E+03
        40  6.615542E+02 -1.647434E+02 -4.238008E+03
        41 -1.773509E+03 -1.483723E+03 -4.964848E+02
        44 -2.713698E+03 -3.471826E+02 -9.543010E+02
        45 -1.987500E+03 -8.260209E+02  2.660688E+03
        48 -3.715561E+03 -1.825062E+02  5.174888E+03
        50  7.887783E+02 -1.532563E+02 -4.147604E+03
        52 -2.677907E+03 -3.176908E+02 -9.788682E+02
        54 -3.823320E+03 -1.638996E+02  5.132435E+03
        56  7.506853E+02 -1.344302E+02 -4.259904E+03
        58 -2.757923E+03 -2.618396E+02 -1.001869E+03
        60 -3.878990E+03 -1.291318E+02  5.251147E+03
        62 -2.040303E+03 -1.286006E+02 -6.815040E+02
        64 -2.764180E+03 -5.989571E+01  3.841844E+03
        66 -1.223819E+03  6.652256E-10 -3.874128E+02
        68 -1.628363E+03  9.832442E-10  2.290728E+03
        70 -2.040303E+03  1.286006E+02 -6.815040E+02
        72 -2.764180E+03  5.989571E+01  3.841844E+03
        74  7.506853E+02  1.344302E+02 -4.259904E+03
        76 -2.757923E+03  2.618396E+02 -1.001869E+03
        78 -3.878990E+03  1.291318E+02  5.251147E+03
        80  7.887783E+02  1.532563E+02 -4.147604E+03
        82 -2.677907E+03  3.176908E+02 -9.788682E+02
        84 -3.823320E+03  1.638996E+02  5.132435E+03
        86  6.615542E+02  1.647434E+02 -4.238008E+03
        88 -2.713698E+03  3.471826E+02 -9.543010E+02
        90 -3.715561E+03  1.825062E+02  5.174888E+03
        92  4.805154E+01  6.584805E+02 -2.244100E+03
        94 -1.773509E+03  1.483723E+03 -4.964848E+02
        96 -1.987500E+03  8.260209E+02  2.660688E+03
      2259  1.833251E+03  3.264050E+03  1.006987E+02
      2260  2.128512E+03  2.479642E+01  1.552574E+03
      2261  2.993856E+03  5.334586E+01  2.437846E+02
      2262  2.494154E+03  4.318272E+01  1.139821E+02
      2263  2.976700E+03  7.529856E-09  2.506574E+02
      2273  1.279822E+03  2.223164E+03  8.110790E+00
      2274  2.046619E+03  3.903082E+01  2.858578E+01
      2275  1.620774E+03  3.438752E+01 -4.510107E+01
      2276  2.039416E+03  7.311793E-09  3.204427E+01
      2287  7.748916E+02  1.269338E+03 -4.051812E+01
      2288  1.208971E+03  2.949970E+01 -7.129386E+01
      2289  7.964856E+02  1.858619E+01 -1.356819E+02
      2290  1.206286E+03  5.038523E-09 -6.716122E+01
      2301  2.128512E+03 -2.479642E+01  1.552574E+03
      2302  2.993856E+03 -5.334586E+01  2.437846E+02
      2303  2.494154E+03 -4.318272E+01  1.139821E+02
      2304  1.833251E+03 -3.264050E+03  1.006987E+02
      2311  2.046619E+03 -3.903082E+01  2.858578E+01
      2312  1.620774E+03 -3.438752E+01 -4.510107E+01
      2313  1.279822E+03 -2.223164E+03  8.110790E+00
      2321  1.208971E+03 -2.949970E+01 -7.129386E+01
      2322  7.964856E+02 -1.858619E+01 -1.356819E+02
      2323  7.748916E+02 -1.269338E+03 -4.051812E+01
      3464  2.626490E+02  3.583336E+02 -3.411145E+01
      3465  3.823077E+02  9.969930E+00 -7.368842E+01
      3466 -1.956317E+01  7.459339E+00 -7.281967E+01
      3467  3.824964E+02  2.644351E-09 -5.686740E+01
      3477 -2.074807E+02 -6.068028E+02  2.374835E+01
      3478 -4.276286E+02  3.493888E+00  5.601018E+01
      3479 -7.828274E+02 -8.269208E+00  2.010102E+02
      3480 -4.261049E+02  8.474328E-10  5.570865E+01
      3515  3.823077E+02 -9.969930E+00 -7.368842E+01
      3516 -1.956317E+01 -7.459339E+00 -7.281967E+01
      3517  2.626490E+02 -3.583336E+02 -3.411145E+01
      3524 -4.276286E+02 -3.493888E+00  5.601018E+01
      3525 -7.828274E+02  8.269208E+00  2.010102E+02
      3526 -2.074807E+02  6.068028E+02  2.374835E+01

 internal energy (element, energy) for set EALL and time  0.1000000E+01

         1  9.196907E+00
         2  6.346916E+00
         3  9.110635E+00
         4  6.291396E+00
         5  1.163054E+00
         6  1.092747E+00
         7  1.193443E+00
         8  1.111669E+00
         9  1.201158E+00
        10  1.077734E+00
        11  1.186521E+00
        12  1.077459E+00
        13  7.304337E+00
        14  1.208685E+00
        15  1.121269E+00
        16  1.215114E+00
        17  1.125524E+00
        18  1.180613E+00
        19  1.078877E+00
        20  1.179824E+00
        21  1.080181E+00
        22  7.386781E+00
        23  4.348058E+00
        24  2.827376E+00
        25  4.308832E+00
        26  2.801453E+00
        27  5.337122E+00
        28  3.598761E+00
        29  5.398079E+00
        30  3.637827E+00
        31  1.662737E+00
        32  8.336451E-01
        33  1.648380E+00
        34  8.260139E-01
        35  2.194908E+00
        36  1.130519E+00
        37  2.216522E+00
        38  1.140159E+00
        39  3.028884E-01
        40  8.962941E-02
        41  3.000751E-01
        42  8.966523E-02
        43  4.085593E-01
        44  9.618120E-02
        45  4.136626E-01
        46  9.681880E-02
        47  1.903360E-01
        48  6.919564E-01
        49  1.901970E-01
        50  6.888900E-01
        51  1.999567E-01
        52  6.232417E-01
        53  1.984193E-01
        54  6.320474E-01
        55  9.110635E+00
        56  6.291396E+00
        57  9.196907E+00
        58  6.346916E+00
        59  1.215114E+00
        60  1.125524E+00
        61  1.208685E+00
        62  1.121269E+00
        63  1.179824E+00
        64  1.080181E+00
        65  1.180613E+00
        66  1.078877E+00
        67  7.386781E+00
        68  1.193443E+00
        69  1.111669E+00
        70  1.163054E+00
        71  1.092747E+00
        72  1.186521E+00
        73  1.077459E+00
        74  1.201158E+00
        75  1.077734E+00
        76  7.304337E+00
        77  4.308832E+00
        78  2.801453E+00
        79  4.348058E+00
        80  2.827376E+00
        81  5.398079E+00
        82  3.637827E+00
        83  5.337122E+00
        84  3.598761E+00
        85  1.648380E+00
        86  8.260139E-01
        87  1.662737E+00
        88  8.336451E-01
        89  2.216522E+00
        90  1.140159E+00
        91  2.194908E+00
        92  1.130519E+00
        93  3.000751E-01
        94  8.966523E-02
        95  3.028884E-01
        96  8.962941E-02
        97  4.136626E-01
        98  9.681880E-02
        99  4.085593E-01
       100  9.618120E-02
       101  1.901970E-01
       102  6.888900E-01
       103  1.903360E-01
       104  6.919564E-01
       105  1.984193E-01
       106  6.320474E-01
       107  1.999567E-01
       108  6.232417E-01
       109  5.318363E+00
       110  7.435981E+00
       111  5.061798E+00
       112  7.202233E+00
       113  5.116847E+00
       114  7.328385E+00
       115  5.383832E+00
       116  7.680270E+00
       117  2.308798E+00
       118  3.288140E+00
       119  2.308798E+00
       120  3.288140E+00
       121  5.383832E+00
       122  7.680270E+00
       123  5.116847E+00
       124  7.328385E+00
       125  5.061798E+00
       126  7.202233E+00
       127  5.318363E+00
       128  7.435981E+00
       129  9.106474E+00
       130  6.937630E+00
       131  9.100746E+00
       132  6.906827E+00
       133  9.301992E+00
       134  6.992662E+00
       135  9.304437E+00
       136  6.997198E+00
       137  5.009151E+00
       138  3.390775E+00
       139  4.987580E+00
       140  3.376157E+00
       141  5.067165E+00
       142  3.407326E+00
       143  5.065592E+00
       144  3.407098E+00
       145  2.119803E+00
       146  1.230740E+00
       147  2.109853E+00
       148  1.227087E+00
       149  2.018892E+00
       150  1.082902E+00
       151  2.024844E+00
       152  1.083600E+00
       153  2.963424E+00
       154  3.607369E-01
       155  8.617116E-01
       156  3.647322E-01
       157  8.406886E-01
       158  1.841977E-01
       159  5.895589E-01
       160  1.834996E-01
       161  5.923349E-01
       162  9.100746E+00
       163  6.906827E+00
       164  9.106474E+00
       165  6.937630E+00
       166  9.304437E+00
       167  6.997198E+00
       168  9.301992E+00
       169  6.992662E+00
       170  4.987580E+00
       171  3.376157E+00
       172  5.009151E+00
       173  3.390775E+00
       174  5.065592E+00
       175  3.407098E+00
       176  5.067165E+00
       177  3.407326E+00
       178  2.109853E+00
       179  1.227087E+00
       180  2.119803E+00
       181  1.230740E+00
       182  2.024844E+00
       183  1.083600E+00
       184  2.018892E+00
       185  1.082902E+00
       186  2.963424E+00
       187  3.647322E-01
       188  8.406886E-01
       189  3.607369E-01
       190  8.617116E-01
       191  1.834996E-01
       192  5.923349E-01
       193  1.841977E-01
       194  5.895589E-01
       195  5.440916E+00
       196  7.624863E+00
       197  5.915546E+00
       198  8.204377E+00
       199  6.103054E+00
       200  8.449895E+00
       201  6.195600E+00
       202  8.566236E+00
       203  2.561426E+00
       204  3.533012E+00
       205  2.561426E+00
       206  3.533012E+00
       207  6.195600E+00
       208  8.566236E+00
       209  6.103054E+00
       210  8.449895E+00
       211  5.915546E+00
       212  8.204377E+00
       213  5.440916E+00
       214  7.624863E+00
       215  9.166215E+00
       216  6.920820E+00
       217  9.166737E+00
       218  6.921770E+00
       219  9.142744E+00
       220  6.885010E+00
       221  9.142904E+00
       222  6.883926E+00
       223  5.000825E+00
       224  3.534560E+00
       225  5.006088E+00
       226  3.536212E+00
       227  4.977785E+00
       228  3.430800E+00
       229  4.977678E+00
       230  3.427392E+00
       231  1.382271E+01
       232  3.445434E+00
       233  3.537732E-01
       234  7.248977E-01
       235  3.558190E-01
       236  7.107824E-01
       237  1.718839E-01
       238  5.419346E-01
       239  1.713149E-01
       240  5.500574E-01
       241  9.166737E+00
       242  6.921770E+00
       243  9.166215E+00
       244  6.920820E+00
       245  9.142904E+00
       246  6.883926E+00
       247  9.142744E+00
       248  6.885010E+00
       249  5.006088E+00
       250  3.536212E+00
       251  5.000825E+00
       252  3.534560E+00
       253  4.977678E+00
       254  3.427392E+00
       255  4.977785E+00
       256  3.430800E+00
       257  1.382271E+01
       258  3.445434E+00
       259  3.558190E-01
       260  7.107824E-01
       261  3.537732E-01
       262  7.248977E-01
       263  1.713149E-01
       264  5.500574E-01
       265  1.718839E-01
       266  5.419346E-01
       267  5.447837E+00
       268  7.784867E+00
       269  5.536574E+00
       270  7.868576E+00
       271  5.627538E+00
       272  7.949987E+00
       273  5.644480E+00
       274  7.932412E+00
       275  2.310733E+00
       276  3.238602E+00
       277  2.310733E+00
       278  3.238602E+00
       279  5.644480E+00
       280  7.932412E+00
       281  5.627538E+00
       282  7.949987E+00
       283  5.536574E+00
       284  7.868576E+00
       285  5.447837E+00
       286  7.784867E+00
       287  9.108055E+00
       288  6.929005E+00
       289  9.106166E+00
       290  6.924503E+00
       291  8.948415E+00
       292  6.756562E+00
       293  8.949484E+00
       294  6.761042E+00
       295  5.102920E+00
       296  3.638288E+00
       297  5.099528E+00
       298  3.634566E+00
       299  4.807914E+00
       300  3.279754E+00
       301  4.817808E+00
       302  3.285746E+00
       303  1.365583E+01
       304  3.404412E+00
       305  3.299679E-01
       306  6.388529E-01
       307  3.319644E-01
       308  6.270763E-01
       309  1.540767E-01
       310  4.994485E-01
       311  1.562311E-01
       312  4.902487E-01
       313  9.106166E+00
       314  6.924503E+00
       315  9.108055E+00
       316  6.929005E+00
       317  8.949484E+00
       318  6.761042E+00
       319  8.948415E+00
       320  6.756562E+00
       321  5.099528E+00
       322  3.634566E+00
       323  5.102920E+00
       324  3.638288E+00
       325  4.817808E+00
       326  3.285746E+00
       327  4.807914E+00
       328  3.279754E+00
       329  1.365583E+01
       330  3.404412E+00
       331  3.319644E-01
       332  6.270763E-01
       333  3.299679E-01
       334  6.388529E-01
       335  1.562311E-01
       336  4.902487E-01
       337  1.540767E-01
       338  4.994485E-01
       339  5.568650E+00
       340  7.997378E+00
       341  5.540452E+00
       342  7.939504E+00
       343  5.516139E+00
       344  7.882618E+00
       345  5.471092E+00
       346  7.798756E+00
       347  2.226916E+00
       348  3.159443E+00
       349  2.226916E+00
       350  3.159443E+00
       351  5.471092E+00
       352  7.798756E+00
       353  5.516139E+00
       354  7.882618E+00
       355  5.540452E+00
       356  7.939504E+00
       357  5.568650E+00
       358  7.997378E+00
       359  9.408322E+00
       360  7.081359E+00
       361  9.407714E+00
       362  7.076828E+00
       363  9.328259E+00
       364  6.997803E+00
       365  9.330619E+00
       366  7.001084E+00
       367  5.168498E+00
       368  3.549022E+00
       369  5.159957E+00
       370  3.541867E+00
       371  5.006124E+00
       372  3.371219E+00
       373  5.011150E+00
       374  3.374820E+00
       375  2.164237E+00
       376  1.152506E+00
       377  2.163192E+00
       378  1.152067E+00
       379  2.090938E+00
       380  1.120638E+00
       381  2.091071E+00
       382  1.120575E+00
       383  4.805687E-01
       384  1.793402E-01
       385  4.801556E-01
       386  1.791732E-01
       387  4.601761E-01
       388  1.233073E-01
       389  4.601509E-01
       390  1.234079E-01
       391  2.254606E-01
       392  6.640101E-01
       393  2.238021E-01
       394  6.069759E-01
       395  1.150280E-01
       396  5.343488E-01
       397  1.170780E-01
       398  4.690463E-01
       399  9.407714E+00
       400  7.076828E+00
       401  9.408322E+00
       402  7.081359E+00
       403  9.330619E+00
       404  7.001084E+00
       405  9.328259E+00
       406  6.997803E+00
       407  5.159957E+00
       408  3.541867E+00
       409  5.168498E+00
       410  3.549022E+00
       411  5.011150E+00
       412  3.374820E+00
       413  5.006124E+00
       414  3.371219E+00
       415  2.163192E+00
       416  1.152067E+00
       417  2.164237E+00
       418  1.152506E+00
       419  2.091071E+00
       420  1.120575E+00
       421  2.090938E+00
       422  1.120638E+00
       423  4.801556E-01
       424  1.791732E-01
       425  4.805687E-01
       426  1.793402E-01
       427  4.601509E-01
       428  1.234079E-01
       429  4.601761E-01
       430  1.233073E-01
       431  2.238021E-01
       432  6.069759E-01
       433  2.254606E-01
       434  6.640101E-01
       435  1.170780E-01
       436  4.690463E-01
       437  1.150280E-01
       438  5.343488E-01
       439  5.477430E+00
       440  7.987653E+00
       441  5.493536E+00
       442  8.001766E+00
       443  5.532233E+00
       444  8.049217E+00
       445  5.617202E+00
       446  8.158999E+00
       447  2.726756E-01
       448  3.291011E-01
       449  2.748590E-01
       450  3.392093E-01
       451  2.551331E-01
       452  3.148378E-01
       453  2.501837E-01
       454  3.262313E-01
       455  3.346695E+00
       456  2.748590E-01
       457  3.392093E-01
       458  2.726756E-01
       459  3.291011E-01
       460  2.501837E-01
       461  3.262313E-01
       462  2.551331E-01
       463  3.148378E-01
       464  3.346695E+00
       465  5.617202E+00
       466  8.158999E+00
       467  5.532233E+00
       468  8.049217E+00
       469  5.493536E+00
       470  8.001766E+00
       471  5.477430E+00
       472  7.987653E+00
       473  9.128236E+00
       474  6.899691E+00
       475  9.127650E+00
       476  6.898900E+00
       477  8.978649E+00
       478  6.804296E+00
       479  8.978848E+00
       480  6.804496E+00
       481  4.987192E+00
       482  3.393106E+00
       483  4.985745E+00
       484  3.391984E+00
       485  4.934799E+00
       486  3.369365E+00
       487  4.935211E+00
       488  3.369641E+00
       489  2.111809E+00
       490  1.150417E+00
       491  2.111823E+00
       492  1.150240E+00
       493  2.108980E+00
       494  1.150713E+00
       495  2.108872E+00
       496  1.150640E+00
       497  5.061691E-01
       498  1.810897E-01
       499  5.054535E-01
       500  1.802754E-01
       501  4.940709E-01
       502  1.419810E-01
       503  4.940689E-01
       504  1.421699E-01
       505  1.917142E-01
       506  6.417961E-01
       507  1.933916E-01
       508  5.526653E-01
       509  1.067104E-01
       510  4.722578E-01
       511  1.078502E-01
       512  4.076652E-01
       513  9.127650E+00
       514  6.898900E+00
       515  9.128236E+00
       516  6.899691E+00
       517  8.978848E+00
       518  6.804496E+00
       519  8.978649E+00
       520  6.804296E+00
       521  4.985745E+00
       522  3.391984E+00
       523  4.987192E+00
       524  3.393106E+00
       525  4.935211E+00
       526  3.369641E+00
       527  4.934799E+00
       528  3.369365E+00
       529  2.111823E+00
       530  1.150240E+00
       531  2.111809E+00
       532  1.150417E+00
       533  2.108872E+00
       534  1.150640E+00
       535  2.108980E+00
       536  1.150713E+00
       537  5.054535E-01
       538  1.802754E-01
       539  5.061691E-01
       540  1.810897E-01
       541  4.940689E-01
       542  1.421699E-01
       543  4.940709E-01
       544  1.419810E-01
       545  1.933916E-01
       546  5.526653E-01
       547  1.917142E-01
       548  6.417961E-01
       549  1.078502E-01
       550  4.076652E-01
       551  1.067104E-01
       552  4.722578E-01
       553  5.385096E+00
       554  7.969281E+00
       555  5.405255E+00
       556  7.994960E+00
       557  5.445124E+00
       558  8.043982E+00
       559  5.501549E+00
       560  8.097707E+00
       561  2.706854E-01
       562  3.282183E-01
       563  2.704815E-01
       564  3.379115E-01
       565  2.398770E-01
       566  2.997681E-01
       567  2.346784E-01
       568  3.110209E-01
       569  3.276218E+00
       570  2.704815E-01
       571  3.379115E-01
       572  2.706854E-01
       573  3.282183E-01
       574  2.346784E-01
       575  3.110209E-01
       576  2.398770E-01
       577  2.997681E-01
       578  3.276218E+00
       579  5.501549E+00
       580  8.097707E+00
       581  5.445124E+00
       582  8.043982E+00
       583  5.405255E+00
       584  7.994960E+00
       585  5.385096E+00
       586  7.969281E+00
       587  8.821134E+00
       588  6.695003E+00
       589  8.821351E+00
       590  6.695093E+00
       591  8.639650E+00
       592  6.567304E+00
       593  8.639800E+00
       594  6.567357E+00
       595  4.867615E+00
       596  3.338080E+00
       597  4.867586E+00
       598  3.337979E+00
       599  4.784083E+00
       600  3.288063E+00
       601  4.784107E+00
       602  3.288029E+00
       603  2.105228E+00
       604  1.169960E+00
       605  2.105146E+00
       606  1.169720E+00
       607  2.077848E+00
       608  1.152214E+00
       609  2.077774E+00
       610  1.152155E+00
       611  5.345603E-01
       612  2.051281E-01
       613  5.337623E-01
       614  2.042353E-01
       615  5.107815E-01
       616  1.560566E-01
       617  5.107658E-01
       618  1.562617E-01
       619  1.983868E-01
       620  6.175790E-01
       621  2.011048E-01
       622  5.183772E-01
       623  1.005520E-01
       624  4.294093E-01
       625  1.019077E-01
       626  3.608691E-01
       627  8.821351E+00
       628  6.695093E+00
       629  8.821134E+00
       630  6.695003E+00
       631  8.639800E+00
       632  6.567357E+00
       633  8.639650E+00
       634  6.567304E+00
       635  4.867586E+00
       636  3.337979E+00
       637  4.867615E+00
       638  3.338080E+00
       639  4.784107E+00
       640  3.288029E+00
       641  4.784083E+00
       642  3.288063E+00
       643  2.105146E+00
       644  1.169720E+00
       645  2.105228E+00
       646  1.169960E+00
       647  2.077774E+00
       648  1.152155E+00
       649  2.077848E+00
       650  1.152214E+00
       651  5.337623E-01
       652  2.042353E-01
       653  5.345603E-01
       654  2.051281E-01
       655  5.107658E-01
       656  1.562617E-01
       657  5.107815E-01
       658  1.560566E-01
       659  2.011048E-01
       660  5.183772E-01
       661  1.983868E-01
       662  6.175790E-01
       663  1.019077E-01
       664  3.608691E-01
       665  1.005520E-01
       666  4.294093E-01
       667  5.218769E+00
       668  7.872523E+00
       669  5.239135E+00
       670  7.862017E+00
       671  5.247802E+00
       672  7.848724E+00
       673  5.268447E+00
       674  7.845980E+00
       675  2.584359E-01
       676  3.137392E-01
       677  2.583769E-01
       678  3.248238E-01
       679  2.270480E-01
       680  2.852726E-01
       681  2.205399E-01
       682  2.970879E-01
       683  3.142271E+00
       684  2.583769E-01
       685  3.248238E-01
       686  2.584359E-01
       687  3.137392E-01
       688  2.205399E-01
       689  2.970879E-01
       690  2.270480E-01
       691  2.852726E-01
       692  3.142271E+00
       693  5.268447E+00
       694  7.845980E+00
       695  5.247802E+00
       696  7.848724E+00
       697  5.239135E+00
       698  7.862017E+00
       699  5.218769E+00
       700  7.872523E+00
       701  8.439475E+00
       702  6.428481E+00
       703  8.439626E+00
       704  6.428553E+00
       705  8.223409E+00
       706  6.274228E+00
       707  8.223509E+00
       708  6.274239E+00
       709  4.696069E+00
       710  3.242152E+00
       711  4.696105E+00
       712  3.242111E+00
       713  4.593069E+00
       714  3.178398E+00
       715  4.593044E+00
       716  3.178327E+00
       717  2.066443E+00
       718  1.169591E+00
       719  2.066319E+00
       720  1.169312E+00
       721  2.029085E+00
       722  1.144224E+00
       723  2.029011E+00
       724  1.144167E+00
       725  5.541390E-01
       726  2.265179E-01
       727  5.532758E-01
       728  2.256024E-01
       729  5.235977E-01
       730  1.699570E-01
       731  5.235666E-01
       732  1.702086E-01
       733  2.036814E-01
       734  5.895022E-01
       735  2.067877E-01
       736  4.865339E-01
       737  9.633031E-02
       738  3.907364E-01
       739  9.789507E-02
       740  3.171431E-01
       741  8.439626E+00
       742  6.428553E+00
       743  8.439475E+00
       744  6.428481E+00
       745  8.223509E+00
       746  6.274239E+00
       747  8.223409E+00
       748  6.274228E+00
       749  4.696105E+00
       750  3.242111E+00
       751  4.696069E+00
       752  3.242152E+00
       753  4.593044E+00
       754  3.178327E+00
       755  4.593069E+00
       756  3.178398E+00
       757  2.066319E+00
       758  1.169312E+00
       759  2.066443E+00
       760  1.169591E+00
       761  2.029011E+00
       762  1.144167E+00
       763  2.029085E+00
       764  1.144224E+00
       765  5.532758E-01
       766  2.256024E-01
       767  5.541390E-01
       768  2.265179E-01
       769  5.235666E-01
       770  1.702086E-01
       771  5.235977E-01
       772  1.699570E-01
       773  2.067877E-01
       774  4.865339E-01
       775  2.036814E-01
       776  5.895022E-01
       777  9.789507E-02
       778  3.171431E-01
       779  9.633031E-02
       780  3.907364E-01
       781  5.053105E+00
       782  7.587235E+00
       783  5.004314E+00
       784  7.570029E+00
       785  5.014328E+00
       786  7.589079E+00
       787  5.048550E+00
       788  7.608802E+00
       789  2.486056E-01
       790  3.021810E-01
       791  2.480339E-01
       792  3.125787E-01
       793  2.136534E-01
       794  2.696644E-01
       795  2.051961E-01
       796  2.808253E-01
       797  3.030469E+00
       798  2.480339E-01
       799  3.125787E-01
       800  2.486056E-01
       801  3.021810E-01
       802  2.051961E-01
       803  2.808253E-01
       804  2.136534E-01
       805  2.696644E-01
       806  3.030469E+00
       807  5.048550E+00
       808  7.608802E+00
       809  5.014328E+00
       810  7.589079E+00
       811  5.004314E+00
       812  7.570029E+00
       813  5.053105E+00
       814  7.587235E+00
       815  7.996832E+00
       816  6.115169E+00
       817  7.996929E+00
       818  6.115201E+00
       819  7.762670E+00
       820  5.945655E+00
       821  7.762771E+00
       822  5.945680E+00
       823  4.489936E+00
       824  3.121863E+00
       825  4.489943E+00
       826  3.121793E+00
       827  4.374998E+00
       828  3.049015E+00
       829  4.374998E+00
       830  3.048987E+00
       831  2.011277E+00
       832  1.159314E+00
       833  2.011109E+00
       834  1.158982E+00
       835  1.966478E+00
       836  1.126782E+00
       837  1.966468E+00
       838  1.126799E+00
       839  5.690500E-01
       840  2.471380E-01
       841  5.680658E-01
       842  2.463396E-01
       843  5.305707E-01
       844  1.818362E-01
       845  5.305940E-01
       846  1.822357E-01
       847  2.099404E-01
       848  5.671715E-01
       849  2.137742E-01
       850  4.519837E-01
       851  9.449659E-02
       852  3.494558E-01
       853  9.566054E-02
       854  2.786035E-01
       855  7.996929E+00
       856  6.115201E+00
       857  7.996832E+00
       858  6.115169E+00
       859  7.762771E+00
       860  5.945680E+00
       861  7.762670E+00
       862  5.945655E+00
       863  4.489943E+00
       864  3.121793E+00
       865  4.489936E+00
       866  3.121863E+00
       867  4.374998E+00
       868  3.048987E+00
       869  4.374998E+00
       870  3.049015E+00
       871  2.011109E+00
       872  1.158982E+00
       873  2.011277E+00
       874  1.159314E+00
       875  1.966468E+00
       876  1.126799E+00
       877  1.966478E+00
       878  1.126782E+00
       879  5.680658E-01
       880  2.463396E-01
       881  5.690500E-01
       882  2.471380E-01
       883  5.305940E-01
       884  1.822357E-01
       885  5.305707E-01
       886  1.818362E-01
       887  2.137742E-01
       888  4.519837E-01
       889  2.099404E-01
       890  5.671715E-01
       891  9.566054E-02
       892  2.786035E-01
       893  9.449659E-02
       894  3.494558E-01
       895  4.587901E+00
       896  8.201010E-01
       897  9.962095E-01
       898  8.091850E-01
       899  9.906376E-01
       900  7.185599E-01
       901  8.265766E-01
       902  7.691753E-01
       903  9.228535E-01
       904  4.697074E+00
       905  7.182426E+00
       906  4.718264E+00
       907  7.212793E+00
       908  4.765135E+00
       909  7.258576E+00
       910  2.368503E-01
       911  2.855543E-01
       912  2.339107E-01
       913  2.957847E-01
       914  1.981049E-01
       915  2.540088E-01
       916  1.895480E-01
       917  2.643397E-01
       918  2.869294E+00
       919  2.339107E-01
       920  2.957847E-01
       921  2.368503E-01
       922  2.855543E-01
       923  1.895480E-01
       924  2.643397E-01
       925  1.981049E-01
       926  2.540088E-01
       927  2.869294E+00
       928  4.765135E+00
       929  7.258576E+00
       930  4.718264E+00
       931  7.212793E+00
       932  4.697074E+00
       933  7.182426E+00
       934  4.587901E+00
       935  8.091850E-01
       936  9.906376E-01
       937  8.201010E-01
       938  9.962095E-01
       939  7.691753E-01
       940  9.228535E-01
       941  7.185599E-01
       942  8.265766E-01
       943  7.518851E+00
       944  5.774831E+00
       945  7.518944E+00
       946  5.774821E+00
       947  7.258211E+00
       948  5.589942E+00
       949  7.258148E+00
       950  5.589832E+00
       951  4.266467E+00
       952  2.992744E+00
       953  4.266396E+00
       954  2.992577E+00
       955  4.139352E+00
       956  2.907435E+00
       957  4.139255E+00
       958  2.907349E+00
       959  1.953426E+00
       960  1.149487E+00
       961  1.953148E+00
       962  1.149030E+00
       963  1.895789E+00
       964  1.105653E+00
       965  1.895753E+00
       966  1.105676E+00
       967  5.837151E-01
       968  2.627434E-01
       969  5.828074E-01
       970  2.613389E-01
       971  5.379269E-01
       972  1.953898E-01
       973  5.380247E-01
       974  1.953946E-01
       975  2.010722E-01
       976  7.429601E-02
       977  1.004149E-01
       978  6.516463E-02
       979  9.372357E-02
       980  2.980654E-02
       981  4.595409E-02
       982  2.554293E-02
       983  4.186681E-02
       984  2.040443E-01
       985  4.129216E-01
       986  8.876147E-02
       987  2.601354E-01
       988  8.880369E-02
       989  2.120127E-02
       990  3.236425E-02
       991  2.010959E-02
       992  3.255507E-02
       993  2.382381E-02
       994  4.354591E-02
       995  2.426211E-02
       996  4.226937E-02
       997  7.518944E+00
       998  5.774821E+00
       999  7.518851E+00
      1000  5.774831E+00
      1001  7.258148E+00
      1002  5.589832E+00
      1003  7.258211E+00
      1004  5.589942E+00
      1005  4.266396E+00
      1006  2.992577E+00
      1007  4.266467E+00
      1008  2.992744E+00
      1009  4.139255E+00
      1010  2.907349E+00
      1011  4.139352E+00
      1012  2.907435E+00
      1013  1.953148E+00
      1014  1.149030E+00
      1015  1.953426E+00
      1016  1.149487E+00
      1017  1.895753E+00
      1018  1.105676E+00
      1019  1.895789E+00
      1020  1.105653E+00
      1021  5.828074E-01
      1022  2.613389E-01
      1023  5.837151E-01
      1024  2.627434E-01
      1025  5.380247E-01
      1026  1.953946E-01
      1027  5.379269E-01
      1028  1.953898E-01
      1029  2.040443E-01
      1030  4.129216E-01
      1031  2.010722E-01
      1032  6.516463E-02
      1033  9.372357E-02
      1034  7.429601E-02
      1035  1.004149E-01
      1036  2.554293E-02
      1037  4.186681E-02
      1038  2.980654E-02
      1039  4.595409E-02
      1040  8.880369E-02
      1041  2.010959E-02
      1042  3.255507E-02
      1043  2.120127E-02
      1044  3.236425E-02
      1045  2.426211E-02
      1046  4.226937E-02
      1047  2.382381E-02
      1048  4.354591E-02
      1049  8.876147E-02
      1050  2.601354E-01
      1051  3.939344E-01
      1052  5.351348E-01
      1053  4.838813E-01
      1054  6.095905E-01
      1055  3.943005E-01
      1056  4.915252E-01
      1057  4.456562E-01
      1058  5.460575E-01
      1059  7.193010E-01
      1060  9.414356E-01
      1061  7.718179E-01
      1062  9.600559E-01
      1063  5.980772E-01
      1064  7.009495E-01
      1065  6.669428E-01
      1066  7.998132E-01
      1067  4.376301E+00
      1068  6.695775E+00
      1069  4.515408E+00
      1070  7.074680E+00
      1071  4.917986E-01
      1072  6.407558E-01
      1073  5.117913E-01
      1074  6.590649E-01
      1075  4.833033E-01
      1076  6.161603E-01
      1077  4.435732E-01
      1078  5.950798E-01
      1079  8.092001E-01
      1080  1.000714E+00
      1081  8.048643E-01
      1082  1.004632E+00
      1083  7.702047E-01
      1084  9.439513E-01
      1085  7.612513E-01
      1086  9.431058E-01
      1087  2.250091E-01
      1088  2.882747E-01
      1089  2.296005E-01
      1090  2.912305E-01
      1091  1.766241E-01
      1092  2.545329E-01
      1093  1.827976E-01
      1094  2.553782E-01
      1095  2.832189E+00
      1096  2.296005E-01
      1097  2.912305E-01
      1098  2.250091E-01
      1099  2.882747E-01
      1100  1.827976E-01
      1101  2.553782E-01
      1102  1.766241E-01
      1103  2.545329E-01
      1104  2.832189E+00
      1105  5.117913E-01
      1106  6.590649E-01
      1107  4.917986E-01
      1108  6.407558E-01
      1109  4.435732E-01
      1110  5.950798E-01
      1111  4.833033E-01
      1112  6.161603E-01
      1113  8.048643E-01
      1114  1.004632E+00
      1115  8.092001E-01
      1116  1.000714E+00
      1117  7.612513E-01
      1118  9.431058E-01
      1119  7.702047E-01
      1120  9.439513E-01
      1121  4.515408E+00
      1122  7.074680E+00
      1123  4.376301E+00
      1124  6.695775E+00
      1125  4.838813E-01
      1126  6.095905E-01
      1127  3.939344E-01
      1128  5.351348E-01
      1129  4.456562E-01
      1130  5.460575E-01
      1131  3.943005E-01
      1132  4.915252E-01
      1133  7.718179E-01
      1134  9.600559E-01
      1135  7.193010E-01
      1136  9.414356E-01
      1137  6.669428E-01
      1138  7.998132E-01
      1139  5.980772E-01
      1140  7.009495E-01
      1141  7.042274E+00
      1142  5.441230E+00
      1143  7.041935E+00
      1144  5.440966E+00
      1145  6.967381E+00
      1146  5.376598E+00
      1147  6.967423E+00
      1148  5.376776E+00
      1149  4.036153E+00
      1150  2.838625E+00
      1151  4.035953E+00
      1152  2.838387E+00
      1153  3.981615E+00
      1154  2.793159E+00
      1155  3.981973E+00
      1156  2.793642E+00
      1157  1.856828E+00
      1158  1.096677E+00
      1159  1.856491E+00
      1160  1.096148E+00
      1161  1.815872E+00
      1162  1.052703E+00
      1163  1.816477E+00
      1164  1.053390E+00
      1165  5.629313E-01
      1166  2.609484E-01
      1167  5.621154E-01
      1168  2.592260E-01
      1169  5.070358E-01
      1170  1.845938E-01
      1171  5.076866E-01
      1172  1.848013E-01
      1173  1.976086E-01
      1174  6.281491E-02
      1175  8.111230E-02
      1176  5.804722E-02
      1177  7.998679E-02
      1178  2.546740E-02
      1179  4.513108E-02
      1180  2.413602E-02
      1181  3.873233E-02
      1182  1.977347E-01
      1183  3.825661E-01
      1184  9.465145E-02
      1185  2.324466E-02
      1186  4.430544E-02
      1187  2.397105E-02
      1188  3.704777E-02
      1189  2.049067E-02
      1190  3.985006E-02
      1191  2.086827E-02
      1192  3.941428E-02
      1193  9.390060E-02
      1194  2.341731E-01
      1195  7.041935E+00
      1196  5.440966E+00
      1197  7.042274E+00
      1198  5.441230E+00
      1199  6.967423E+00
      1200  5.376776E+00
      1201  6.967381E+00
      1202  5.376598E+00
      1203  4.035953E+00
      1204  2.838387E+00
      1205  4.036153E+00
      1206  2.838625E+00
      1207  3.981973E+00
      1208  2.793642E+00
      1209  3.981615E+00
      1210  2.793159E+00
      1211  1.856491E+00
      1212  1.096148E+00
      1213  1.856828E+00
      1214  1.096677E+00
      1215  1.816477E+00
      1216  1.053390E+00
      1217  1.815872E+00
      1218  1.052703E+00
      1219  5.621154E-01
      1220  2.592260E-01
      1221  5.629313E-01
      1222  2.609484E-01
      1223  5.076866E-01
      1224  1.848013E-01
      1225  5.070358E-01
      1226  1.845938E-01
      1227  1.977347E-01
      1228  3.825661E-01
      1229  1.976086E-01
      1230  5.804722E-02
      1231  7.998679E-02
      1232  6.281491E-02
      1233  8.111230E-02
      1234  2.413602E-02
      1235  3.873233E-02
      1236  2.546740E-02
      1237  4.513108E-02
      1238  9.390060E-02
      1239  2.341731E-01
      1240  9.465145E-02
      1241  2.397105E-02
      1242  3.704777E-02
      1243  2.324466E-02
      1244  4.430544E-02
      1245  2.086827E-02
      1246  3.941428E-02
      1247  2.049067E-02
      1248  3.985006E-02
      1249  3.315042E-01
      1250  4.742223E-01
      1251  3.540358E-01
      1252  4.888392E-01
      1253  3.118939E-01
      1254  4.460263E-01
      1255  3.192964E-01
      1256  4.464533E-01
      1257  6.579435E-01
      1258  8.885355E-01
      1259  6.737175E-01
      1260  9.154540E-01
      1261  6.119812E-01
      1262  8.128418E-01
      1263  5.996740E-01
      1264  7.738343E-01
      1265  3.701695E-01
      1266  5.166321E-01
      1267  4.783648E-01
      1268  6.034002E-01
      1269  3.472136E-01
      1270  4.678276E-01
      1271  4.281084E-01
      1272  5.330755E-01
      1273  6.959989E-01
      1274  9.136588E-01
      1275  7.593850E-01
      1276  9.494678E-01
      1277  6.019768E-01
      1278  7.364368E-01
      1279  6.637994E-01
      1280  8.104088E-01
      1281  4.056582E+00
      1282  6.213506E+00
      1283  4.470641E-01
      1284  5.803896E-01
      1285  4.466761E-01
      1286  5.952934E-01
      1287  4.020393E-01
      1288  5.106865E-01
      1289  3.930287E-01
      1290  5.043467E-01
      1291  7.272367E-01
      1292  8.955143E-01
      1293  7.319751E-01
      1294  9.028411E-01
      1295  6.343927E-01
      1296  7.598117E-01
      1297  6.156392E-01
      1298  7.447535E-01
      1299  2.096115E-01
      1300  2.740242E-01
      1301  2.219851E-01
      1302  2.781273E-01
      1303  1.592922E-01
      1304  2.114876E-01
      1305  1.633431E-01
      1306  2.114595E-01
      1307  2.379209E+00
      1308  2.219851E-01
      1309  2.781273E-01
      1310  2.096115E-01
      1311  2.740242E-01
      1312  1.633431E-01
      1313  2.114595E-01
      1314  1.592922E-01
      1315  2.114876E-01
      1316  2.379209E+00
      1317  4.466761E-01
      1318  5.952934E-01
      1319  4.470641E-01
      1320  5.803896E-01
      1321  3.930287E-01
      1322  5.043467E-01
      1323  4.020393E-01
      1324  5.106865E-01
      1325  7.319751E-01
      1326  9.028411E-01
      1327  7.272367E-01
      1328  8.955143E-01
      1329  6.156392E-01
      1330  7.447535E-01
      1331  6.343927E-01
      1332  7.598117E-01
      1333  4.056582E+00
      1334  6.213506E+00
      1335  4.783648E-01
      1336  6.034002E-01
      1337  3.701695E-01
      1338  5.166321E-01
      1339  4.281084E-01
      1340  5.330755E-01
      1341  3.472136E-01
      1342  4.678276E-01
      1343  7.593850E-01
      1344  9.494678E-01
      1345  6.959989E-01
      1346  9.136588E-01
      1347  6.637994E-01
      1348  8.104088E-01
      1349  6.019768E-01
      1350  7.364368E-01
      1351  3.540358E-01
      1352  4.888392E-01
      1353  3.315042E-01
      1354  4.742223E-01
      1355  3.192964E-01
      1356  4.464533E-01
      1357  3.118939E-01
      1358  4.460263E-01
      1359  6.737175E-01
      1360  9.154540E-01
      1361  6.579435E-01
      1362  8.885355E-01
      1363  5.996740E-01
      1364  7.738343E-01
      1365  6.119812E-01
      1366  8.128418E-01
      1367  7.002106E+00
      1368  5.382190E+00
      1369  7.002639E+00
      1370  5.382400E+00
      1371  6.815965E+00
      1372  5.239317E+00
      1373  6.816596E+00
      1374  5.239709E+00
      1375  3.997243E+00
      1376  2.833264E+00
      1377  3.997162E+00
      1378  2.832926E+00
      1379  3.895565E+00
      1380  2.769546E+00
      1381  3.895796E+00
      1382  2.769657E+00
      1383  1.881816E+00
      1384  1.137101E+00
      1385  1.881266E+00
      1386  1.136366E+00
      1387  1.850338E+00
      1388  1.130612E+00
      1389  1.850388E+00
      1390  1.130623E+00
      1391  5.947494E-01
      1392  2.517402E-01
      1393  5.939115E-01
      1394  2.510200E-01
      1395  6.059812E-01
      1396  2.752403E-01
      1397  6.059782E-01
      1398  2.748241E-01
      1399  1.077935E-01
      1400  2.755070E-02
      1401  4.122312E-02
      1402  2.680143E-02
      1403  4.005199E-02
      1404  6.414524E-03
      1405  1.603858E-02
      1406  6.347721E-03
      1407  1.699880E-02
      1408  1.078926E-01
      1409  1.742578E-01
      1410  1.385086E-01
      1411  2.126881E-01
      1412  1.408151E-01
      1413  1.949060E-01
      1414  7.002639E+00
      1415  5.382400E+00
      1416  7.002106E+00
      1417  5.382190E+00
      1418  6.816596E+00
      1419  5.239709E+00
      1420  6.815965E+00
      1421  5.239317E+00
      1422  3.997162E+00
      1423  2.832926E+00
      1424  3.997243E+00
      1425  2.833264E+00
      1426  3.895796E+00
      1427  2.769657E+00
      1428  3.895565E+00
      1429  2.769546E+00
      1430  1.881266E+00
      1431  1.136366E+00
      1432  1.881816E+00
      1433  1.137101E+00
      1434  1.850388E+00
      1435  1.130623E+00
      1436  1.850338E+00
      1437  1.130612E+00
      1438  5.939115E-01
      1439  2.510200E-01
      1440  5.947494E-01
      1441  2.517402E-01
      1442  6.059782E-01
      1443  2.748241E-01
      1444  6.059812E-01
      1445  2.752403E-01
      1446  1.078926E-01
      1447  1.742578E-01
      1448  1.077935E-01
      1449  2.680143E-02
      1450  4.005199E-02
      1451  2.755070E-02
      1452  4.122312E-02
      1453  6.347721E-03
      1454  1.699880E-02
      1455  6.414524E-03
      1456  1.603858E-02
      1457  1.408151E-01
      1458  1.949060E-01
      1459  1.385086E-01
      1460  2.126881E-01
      1461  2.830304E-01
      1462  4.316498E-01
      1463  2.874712E-01
      1464  4.376701E-01
      1465  2.670617E-01
      1466  4.093824E-01
      1467  2.683832E-01
      1468  4.110953E-01
      1469  6.193845E-01
      1470  8.433731E-01
      1471  6.339278E-01
      1472  8.785346E-01
      1473  5.937044E-01
      1474  8.214271E-01
      1475  5.942946E-01
      1476  8.181035E-01
      1477  2.954733E-01
      1478  4.505355E-01
      1479  3.217053E-01
      1480  4.749743E-01
      1481  2.695417E-01
      1482  4.119178E-01
      1483  2.725829E-01
      1484  4.131676E-01
      1485  6.618958E-01
      1486  9.389809E-01
      1487  6.987593E-01
      1488  1.003186E+00
      1489  5.917521E-01
      1490  8.065801E-01
      1491  5.879134E-01
      1492  7.922942E-01
      1493  3.025281E-01
      1494  4.689875E-01
      1495  3.039883E-01
      1496  4.735774E-01
      1497  2.788112E-01
      1498  4.157644E-01
      1499  2.863462E-01
      1500  4.218982E-01
      1501  6.997940E-01
      1502  9.980903E-01
      1503  7.060880E-01
      1504  1.004138E+00
      1505  5.852878E-01
      1506  7.837613E-01
      1507  5.891896E-01
      1508  7.846816E-01
      1509  3.162351E-01
      1510  4.847735E-01
      1511  3.338356E-01
      1512  5.013451E-01
      1513  2.936730E-01
      1514  4.309903E-01
      1515  3.504024E-02
      1516  4.251925E-02
      1517  4.378074E-02
      1518  4.964819E-02
      1519  3.448922E-02
      1520  4.064113E-02
      1521  3.718497E-02
      1522  4.024890E-02
      1523  5.188014E-02
      1524  6.148567E-02
      1525  5.468994E-02
      1526  6.404658E-02
      1527  4.808038E-02
      1528  5.764577E-02
      1529  4.800621E-02
      1530  5.766072E-02
      1531  7.185325E-01
      1532  1.023578E+00
      1533  7.206381E-01
      1534  1.026814E+00
      1535  5.976449E-01
      1536  7.909197E-01
      1537  6.066856E-01
      1538  7.969964E-01
      1539  1.321064E-01
      1540  2.056951E-01
      1541  1.345077E-01
      1542  2.056633E-01
      1543  1.253294E-01
      1544  1.699699E-01
      1545  1.243573E-01
      1546  1.699369E-01
      1547  2.797385E-01
      1548  3.916328E-01
      1549  2.805314E-01
      1550  3.926724E-01
      1551  2.322763E-01
      1552  3.076385E-01
      1553  2.319255E-01
      1554  3.072660E-01
      1555  1.345077E-01
      1556  2.056633E-01
      1557  1.321064E-01
      1558  2.056951E-01
      1559  1.243573E-01
      1560  1.699369E-01
      1561  1.253294E-01
      1562  1.699699E-01
      1563  2.805314E-01
      1564  3.926724E-01
      1565  2.797385E-01
      1566  3.916328E-01
      1567  2.319255E-01
      1568  3.072660E-01
      1569  2.322763E-01
      1570  3.076385E-01
      1571  3.338356E-01
      1572  5.013451E-01
      1573  3.162351E-01
      1574  4.847735E-01
      1575  4.378074E-02
      1576  4.964819E-02
      1577  3.504024E-02
      1578  4.251925E-02
      1579  3.718497E-02
      1580  4.024890E-02
      1581  3.448922E-02
      1582  4.064113E-02
      1583  5.468994E-02
      1584  6.404658E-02
      1585  5.188014E-02
      1586  6.148567E-02
      1587  4.800621E-02
      1588  5.766072E-02
      1589  4.808038E-02
      1590  5.764577E-02
      1591  2.936730E-01
      1592  4.309903E-01
      1593  7.206381E-01
      1594  1.026814E+00
      1595  7.185325E-01
      1596  1.023578E+00
      1597  6.066856E-01
      1598  7.969964E-01
      1599  5.976449E-01
      1600  7.909197E-01
      1601  3.039883E-01
      1602  4.735774E-01
      1603  3.025281E-01
      1604  4.689875E-01
      1605  2.863462E-01
      1606  4.218982E-01
      1607  2.788112E-01
      1608  4.157644E-01
      1609  7.060880E-01
      1610  1.004138E+00
      1611  6.997940E-01
      1612  9.980903E-01
      1613  5.891896E-01
      1614  7.846816E-01
      1615  5.852878E-01
      1616  7.837613E-01
      1617  3.217053E-01
      1618  4.749743E-01
      1619  2.954733E-01
      1620  4.505355E-01
      1621  2.725829E-01
      1622  4.131676E-01
      1623  2.695417E-01
      1624  4.119178E-01
      1625  6.987593E-01
      1626  1.003186E+00
      1627  6.618958E-01
      1628  9.389809E-01
      1629  5.879134E-01
      1630  7.922942E-01
      1631  5.917521E-01
      1632  8.065801E-01
      1633  2.874712E-01
      1634  4.376701E-01
      1635  2.830304E-01
      1636  4.316498E-01
      1637  2.683832E-01
      1638  4.110953E-01
      1639  2.670617E-01
      1640  4.093824E-01
      1641  6.339278E-01
      1642  8.785346E-01
      1643  6.193845E-01
      1644  8.433731E-01
      1645  5.942946E-01
      1646  8.181035E-01
      1647  5.937044E-01
      1648  8.214271E-01
      1649  6.365454E+00
      1650  4.913093E+00
      1651  6.365632E+00
      1652  4.913185E+00
      1653  5.803151E+00
      1654  4.497889E+00
      1655  5.803139E+00
      1656  4.497809E+00
      1657  3.664059E+00
      1658  2.611923E+00
      1659  3.664093E+00
      1660  2.611882E+00
      1661  3.369950E+00
      1662  2.416189E+00
      1663  3.369864E+00
      1664  2.416064E+00
      1665  1.750817E+00
      1666  1.076064E+00
      1667  1.750717E+00
      1668  1.075900E+00
      1669  1.633228E+00
      1670  1.017859E+00
      1671  1.633078E+00
      1672  1.017677E+00
      1673  5.841901E-01
      1674  2.729183E-01
      1675  5.840299E-01
      1676  2.724190E-01
      1677  5.669976E-01
      1678  2.781092E-01
      1679  5.668581E-01
      1680  2.775613E-01
      1681  1.385271E-01
      1682  3.211132E-02
      1683  4.416512E-02
      1684  3.109809E-02
      1685  4.111405E-02
      1686  5.092090E-03
      1687  1.489084E-02
      1688  5.397040E-03
      1689  1.467289E-02
      1690  1.399425E-01
      1691  1.759493E-01
      1692  1.474946E-01
      1693  1.865030E-01
      1694  1.490944E-01
      1695  1.696693E-01
      1696  6.365632E+00
      1697  4.913185E+00
      1698  6.365454E+00
      1699  4.913093E+00
      1700  5.803139E+00
      1701  4.497809E+00
      1702  5.803151E+00
      1703  4.497889E+00
      1704  3.664093E+00
      1705  2.611882E+00
      1706  3.664059E+00
      1707  2.611923E+00
      1708  3.369864E+00
      1709  2.416064E+00
      1710  3.369950E+00
      1711  2.416189E+00
      1712  1.750717E+00
      1713  1.075900E+00
      1714  1.750817E+00
      1715  1.076064E+00
      1716  1.633078E+00
      1717  1.017677E+00
      1718  1.633228E+00
      1719  1.017859E+00
      1720  5.840299E-01
      1721  2.724190E-01
      1722  5.841901E-01
      1723  2.729183E-01
      1724  5.668581E-01
      1725  2.775613E-01
      1726  5.669976E-01
      1727  2.781092E-01
      1728  1.399425E-01
      1729  1.759493E-01
      1730  1.385271E-01
      1731  3.109809E-02
      1732  4.111405E-02
      1733  3.211132E-02
      1734  4.416512E-02
      1735  5.397040E-03
      1736  1.467289E-02
      1737  5.092090E-03
      1738  1.489084E-02
      1739  1.490944E-01
      1740  1.696693E-01
      1741  1.474946E-01
      1742  1.865030E-01
      1743  2.511103E-01
      1744  3.766793E-01
      1745  2.524376E-01
      1746  3.770761E-01
      1747  2.293950E-01
      1748  3.426077E-01
      1749  2.306484E-01
      1750  3.431901E-01
      1751  5.350213E-01
      1752  7.266638E-01
      1753  5.337981E-01
      1754  7.223152E-01
      1755  4.843417E-01
      1756  6.542184E-01
      1757  4.849689E-01
      1758  6.558421E-01
      1759  2.554725E-01
      1760  3.783451E-01
      1761  2.594336E-01
      1762  3.810316E-01
      1763  2.320242E-01
      1764  3.449503E-01
      1765  2.339109E-01
      1766  3.474390E-01
      1767  5.324644E-01
      1768  7.179552E-01
      1769  5.335846E-01
      1770  7.178029E-01
      1771  4.873934E-01
      1772  6.591548E-01
      1773  4.907222E-01
      1774  6.634288E-01
      1775  2.633897E-01
      1776  3.848940E-01
      1777  2.677478E-01
      1778  3.893459E-01
      1779  2.365308E-01
      1780  3.506522E-01
      1781  2.398249E-01
      1782  3.546340E-01
      1783  5.371166E-01
      1784  7.205864E-01
      1785  5.414698E-01
      1786  7.243871E-01
      1787  4.949027E-01
      1788  6.690074E-01
      1789  5.001564E-01
      1790  6.763747E-01
      1791  2.738265E-01
      1792  3.946831E-01
      1793  3.147852E-02
      1794  3.885182E-02
      1795  3.955696E-02
      1796  4.438942E-02
      1797  3.102448E-02
      1798  3.710081E-02
      1799  3.206855E-02
      1800  3.535489E-02
      1801  4.678391E-02
      1802  5.526193E-02
      1803  4.896006E-02
      1804  5.762428E-02
      1805  4.416296E-02
      1806  5.311570E-02
      1807  4.288572E-02
      1808  5.187752E-02
      1809  2.440225E-01
      1810  3.594959E-01
      1811  2.779189E-02
      1812  3.497773E-02
      1813  3.707270E-02
      1814  4.137380E-02
      1815  2.754056E-02
      1816  3.307072E-02
      1817  2.908194E-02
      1818  3.146747E-02
      1819  4.289431E-02
      1820  5.115693E-02
      1821  4.530035E-02
      1822  5.357197E-02
      1823  3.958442E-02
      1824  4.803427E-02
      1825  3.835370E-02
      1826  4.677502E-02
      1827  5.466594E-01
      1828  7.304931E-01
      1829  5.510846E-01
      1830  7.379238E-01
      1831  5.059374E-01
      1832  6.838998E-01
      1833  5.089264E-01
      1834  6.865772E-01
      1835  1.129383E-01
      1836  1.534492E-01
      1837  1.103896E-01
      1838  1.529328E-01
      1839  1.040600E-01
      1840  1.395847E-01
      1841  1.018412E-01
      1842  1.392282E-01
      1843  2.108721E-01
      1844  2.837984E-01
      1845  2.106913E-01
      1846  2.838544E-01
      1847  1.928690E-01
      1848  2.603883E-01
      1849  1.924875E-01
      1850  2.599328E-01
      1851  1.103896E-01
      1852  1.529328E-01
      1853  1.129383E-01
      1854  1.534492E-01
      1855  1.018412E-01
      1856  1.392282E-01
      1857  1.040600E-01
      1858  1.395847E-01
      1859  2.106913E-01
      1860  2.838544E-01
      1861  2.108721E-01
      1862  2.837984E-01
      1863  1.924875E-01
      1864  2.599328E-01
      1865  1.928690E-01
      1866  2.603883E-01
      1867  3.955696E-02
      1868  4.438942E-02
      1869  3.147852E-02
      1870  3.885182E-02
      1871  3.206855E-02
      1872  3.535489E-02
      1873  3.102448E-02
      1874  3.710081E-02
      1875  4.896006E-02
      1876  5.762428E-02
      1877  4.678391E-02
      1878  5.526193E-02
      1879  4.288572E-02
      1880  5.187752E-02
      1881  4.416296E-02
      1882  5.311570E-02
      1883  2.738265E-01
      1884  3.946831E-01
      1885  3.707270E-02
      1886  4.137380E-02
      1887  2.779189E-02
      1888  3.497773E-02
      1889  2.908194E-02
      1890  3.146747E-02
      1891  2.754056E-02
      1892  3.307072E-02
      1893  4.530035E-02
      1894  5.357197E-02
      1895  4.289431E-02
      1896  5.115693E-02
      1897  3.835370E-02
      1898  4.677502E-02
      1899  3.958442E-02
      1900  4.803427E-02
      1901  2.440225E-01
      1902  3.594959E-01
      1903  5.510846E-01
      1904  7.379238E-01
      1905  5.466594E-01
      1906  7.304931E-01
      1907  5.089264E-01
      1908  6.865772E-01
      1909  5.059374E-01
      1910  6.838998E-01
      1911  2.677478E-01
      1912  3.893459E-01
      1913  2.633897E-01
      1914  3.848940E-01
      1915  2.398249E-01
      1916  3.546340E-01
      1917  2.365308E-01
      1918  3.506522E-01
      1919  5.414698E-01
      1920  7.243871E-01
      1921  5.371166E-01
      1922  7.205864E-01
      1923  5.001564E-01
      1924  6.763747E-01
      1925  4.949027E-01
      1926  6.690074E-01
      1927  2.594336E-01
      1928  3.810316E-01
      1929  2.554725E-01
      1930  3.783451E-01
      1931  2.339109E-01
      1932  3.474390E-01
      1933  2.320242E-01
      1934  3.449503E-01
      1935  5.335846E-01
      1936  7.178029E-01
      1937  5.324644E-01
      1938  7.179552E-01
      1939  4.907222E-01
      1940  6.634288E-01
      1941  4.873934E-01
      1942  6.591548E-01
      1943  2.524376E-01
      1944  3.770761E-01
      1945  2.511103E-01
      1946  3.766793E-01
      1947  2.306484E-01
      1948  3.431901E-01
      1949  2.293950E-01
      1950  3.426077E-01
      1951  5.337981E-01
      1952  7.223152E-01
      1953  5.350213E-01
      1954  7.266638E-01
      1955  4.849689E-01
      1956  6.558421E-01
      1957  4.843417E-01
      1958  6.542184E-01
      1959  5.214505E+00
      1960  4.052411E+00
      1961  5.214390E+00
      1962  4.052333E+00
      1963  4.607852E+00
      1964  3.584932E+00
      1965  4.608151E+00
      1966  3.584845E+00
      1967  3.048083E+00
      1968  2.198251E+00
      1969  3.047970E+00
      1970  2.198105E+00
      1971  2.704170E+00
      1972  1.961231E+00
      1973  2.704101E+00
      1974  1.961107E+00
      1975  1.499703E+00
      1976  9.493062E-01
      1977  1.499533E+00
      1978  9.491004E-01
      1979  1.351091E+00
      1980  8.695045E-01
      1981  1.350936E+00
      1982  8.693072E-01
      1983  5.440744E-01
      1984  2.816420E-01
      1985  5.439162E-01
      1986  2.810427E-01
      1987  5.130696E-01
      1988  2.797613E-01
      1989  5.129251E-01
      1990  2.791064E-01
      1991  1.579150E-01
      1992  3.470362E-02
      1993  4.486411E-02
      1994  3.337207E-02
      1995  4.072374E-02
      1996  4.351808E-03
      1997  1.207432E-02
      1998  4.410144E-03
      1999  1.104009E-02
      2000  1.598121E-01
      2001  1.671614E-01
      2002  1.662397E-01
      2003  1.885447E-01
      2004  1.683696E-01
      2005  1.658212E-01
      2006  5.214390E+00
      2007  4.052333E+00
      2008  5.214505E+00
      2009  4.052411E+00
      2010  4.608151E+00
      2011  3.584845E+00
      2012  4.607852E+00
      2013  3.584932E+00
      2014  3.047970E+00
      2015  2.198105E+00
      2016  3.048083E+00
      2017  2.198251E+00
      2018  2.704101E+00
      2019  1.961107E+00
      2020  2.704170E+00
      2021  1.961231E+00
      2022  1.499533E+00
      2023  9.491004E-01
      2024  1.499703E+00
      2025  9.493062E-01
      2026  1.350936E+00
      2027  8.693072E-01
      2028  1.351091E+00
      2029  8.695045E-01
      2030  5.439162E-01
      2031  2.810427E-01
      2032  5.440744E-01
      2033  2.816420E-01
      2034  5.129251E-01
      2035  2.791064E-01
      2036  5.130696E-01
      2037  2.797613E-01
      2038  1.598121E-01
      2039  1.671614E-01
      2040  1.579150E-01
      2041  3.337207E-02
      2042  4.072374E-02
      2043  3.470362E-02
      2044  4.486411E-02
      2045  4.410144E-03
      2046  1.104009E-02
      2047  4.351808E-03
      2048  1.207432E-02
      2049  1.683696E-01
      2050  1.658212E-01
      2051  1.662397E-01
      2052  1.885447E-01
      2053  2.020994E-01
      2054  3.060577E-01
      2055  2.030359E-01
      2056  3.065902E-01
      2057  1.726261E-01
      2058  2.678498E-01
      2059  1.737773E-01
      2060  2.685425E-01
      2061  4.377145E-01
      2062  5.966490E-01
      2063  4.384372E-01
      2064  5.984778E-01
      2065  3.921671E-01
      2066  5.456235E-01
      2067  3.921795E-01
      2068  5.445264E-01
      2069  2.042663E-01
      2070  3.082833E-01
      2071  2.061883E-01
      2072  3.107836E-01
      2073  1.756534E-01
      2074  2.698333E-01
      2075  1.779597E-01
      2076  2.721209E-01
      2077  4.410272E-01
      2078  6.024206E-01
      2079  4.445278E-01
      2080  6.072911E-01
      2081  3.926139E-01
      2082  5.441448E-01
      2083  3.948376E-01
      2084  5.466598E-01
      2085  2.086345E-01
      2086  3.139297E-01
      2087  2.116263E-01
      2088  3.177683E-01
      2089  1.809455E-01
      2090  2.755854E-01
      2091  1.848788E-01
      2092  2.796590E-01
      2093  4.487316E-01
      2094  6.129472E-01
      2095  4.537026E-01
      2096  6.193637E-01
      2097  3.988489E-01
      2098  5.513888E-01
      2099  4.031875E-01
      2100  5.564188E-01
      2101  2.164101E-01
      2102  3.226966E-01
      2103  2.486502E-02
      2104  3.164810E-02
      2105  3.538927E-02
      2106  3.872956E-02
      2107  2.455481E-02
      2108  2.942738E-02
      2109  2.680662E-02
      2110  2.787913E-02
      2111  3.896714E-02
      2112  4.650453E-02
      2113  4.160111E-02
      2114  4.916093E-02
      2115  3.521115E-02
      2116  4.291280E-02
      2117  3.384904E-02
      2118  4.153420E-02
      2119  1.905872E-01
      2120  2.847257E-01
      2121  2.218222E-02
      2122  2.843868E-02
      2123  3.415996E-02
      2124  3.633427E-02
      2125  2.169435E-02
      2126  2.579148E-02
      2127  2.496239E-02
      2128  2.464910E-02
      2129  3.507346E-02
      2130  4.170948E-02
      2131  3.792086E-02
      2132  4.459019E-02
      2133  3.064093E-02
      2134  3.744141E-02
      2135  2.943929E-02
      2136  3.618135E-02
      2137  4.588977E-01
      2138  6.255207E-01
      2139  4.611781E-01
      2140  6.271727E-01
      2141  4.073517E-01
      2142  5.599139E-01
      2143  4.091664E-01
      2144  5.590004E-01
      2145  9.568226E-02
      2146  1.253180E-01
      2147  9.313744E-02
      2148  1.249369E-01
      2149  8.837328E-02
      2150  1.110135E-01
      2151  8.553915E-02
      2152  1.107298E-01
      2153  1.735185E-01
      2154  2.362416E-01
      2155  1.730922E-01
      2156  2.357788E-01
      2157  1.528088E-01
      2158  2.086356E-01
      2159  1.523542E-01
      2160  2.080563E-01
      2161  9.313744E-02
      2162  1.249369E-01
      2163  9.568226E-02
      2164  1.253180E-01
      2165  8.553915E-02
      2166  1.107298E-01
      2167  8.837328E-02
      2168  1.110135E-01
      2169  1.730922E-01
      2170  2.357788E-01
      2171  1.735185E-01
      2172  2.362416E-01
      2173  1.523542E-01
      2174  2.080563E-01
      2175  1.528088E-01
      2176  2.086356E-01
      2177  3.538927E-02
      2178  3.872956E-02
      2179  2.486502E-02
      2180  3.164810E-02
      2181  2.680662E-02
      2182  2.787913E-02
      2183  2.455481E-02
      2184  2.942738E-02
      2185  4.160111E-02
      2186  4.916093E-02
      2187  3.896714E-02
      2188  4.650453E-02
      2189  3.384904E-02
      2190  4.153420E-02
      2191  3.521115E-02
      2192  4.291280E-02
      2193  2.164101E-01
      2194  3.226966E-01
      2195  3.415996E-02
      2196  3.633427E-02
      2197  2.218222E-02
      2198  2.843868E-02
      2199  2.496239E-02
      2200  2.464910E-02
      2201  2.169435E-02
      2202  2.579148E-02
      2203  3.792086E-02
      2204  4.459019E-02
      2205  3.507346E-02
      2206  4.170948E-02
      2207  2.943929E-02
      2208  3.618135E-02
      2209  3.064093E-02
      2210  3.744141E-02
      2211  1.905872E-01
      2212  2.847257E-01
      2213  4.611781E-01
      2214  6.271727E-01
      2215  4.588977E-01
      2216  6.255207E-01
      2217  4.091664E-01
      2218  5.590004E-01
      2219  4.073517E-01
      2220  5.599139E-01
      2221  2.116263E-01
      2222  3.177683E-01
      2223  2.086345E-01
      2224  3.139297E-01
      2225  1.848788E-01
      2226  2.796590E-01
      2227  1.809455E-01
      2228  2.755854E-01
      2229  4.537026E-01
      2230  6.193637E-01
      2231  4.487316E-01
      2232  6.129472E-01
      2233  4.031875E-01
      2234  5.564188E-01
      2235  3.988489E-01
      2236  5.513888E-01
      2237  2.061883E-01
      2238  3.107836E-01
      2239  2.042663E-01
      2240  3.082833E-01
      2241  1.779597E-01
      2242  2.721209E-01
      2243  1.756534E-01
      2244  2.698333E-01
      2245  4.445278E-01
      2246  6.072911E-01
      2247  4.410272E-01
      2248  6.024206E-01
      2249  3.948376E-01
      2250  5.466598E-01
      2251  3.926139E-01
      2252  5.441448E-01
      2253  2.030359E-01
      2254  3.065902E-01
      2255  2.020994E-01
      2256  3.060577E-01
      2257  1.737773E-01
      2258  2.685425E-01
      2259  1.726261E-01
      2260  2.678498E-01
      2261  4.384372E-01
      2262  5.984778E-01
      2263  4.377145E-01
      2264  5.966490E-01
      2265  3.921795E-01
      2266  5.445264E-01
      2267  3.921671E-01
      2268  5.456235E-01
      2269  3.948881E+00
      2270  3.073257E+00
      2271  3.947870E+00
      2272  3.073347E+00
      2273  3.171438E+00
      2274  2.484850E+00
      2275  3.175210E+00
      2276  2.484524E+00
      2277  2.329841E+00
      2278  1.707009E+00
      2279  2.329749E+00
      2280  1.706868E+00
      2281  1.903156E+00
      2282  1.419642E+00
      2283  1.902909E+00
      2284  1.419286E+00
      2285  1.196799E+00
      2286  7.928628E-01
      2287  1.196618E+00
      2288  7.926426E-01
      2289  1.025537E+00
      2290  7.142539E-01
      2291  1.025127E+00
      2292  7.137745E-01
      2293  4.904765E-01
      2294  2.870868E-01
      2295  4.903279E-01
      2296  2.864262E-01
      2297  4.805666E-01
      2298  3.212096E-01
      2299  4.802183E-01
      2300  3.199515E-01
      2301  1.797416E-01
      2302  3.679891E-02
      2303  4.541794E-02
      2304  3.523392E-02
      2305  4.039872E-02
      2306  5.163521E-03
      2307  1.150798E-02
      2308  4.922580E-03
      2309  9.780275E-03
      2310  1.821341E-01
      2311  1.649840E-01
      2312  2.298710E-01
      2313  2.364333E-01
      2314  2.340066E-01
      2315  1.978601E-01
      2316  3.947870E+00
      2317  3.073347E+00
      2318  3.948881E+00
      2319  3.073257E+00
      2320  3.175210E+00
      2321  2.484524E+00
      2322  3.171438E+00
      2323  2.484850E+00
      2324  2.329749E+00
      2325  1.706868E+00
      2326  2.329841E+00
      2327  1.707009E+00
      2328  1.902909E+00
      2329  1.419286E+00
      2330  1.903156E+00
      2331  1.419642E+00
      2332  1.196618E+00
      2333  7.926426E-01
      2334  1.196799E+00
      2335  7.928628E-01
      2336  1.025127E+00
      2337  7.137745E-01
      2338  1.025537E+00
      2339  7.142539E-01
      2340  4.903279E-01
      2341  2.864262E-01
      2342  4.904765E-01
      2343  2.870868E-01
      2344  4.802183E-01
      2345  3.199515E-01
      2346  4.805666E-01
      2347  3.212096E-01
      2348  1.821341E-01
      2349  1.649840E-01
      2350  1.797416E-01
      2351  3.523392E-02
      2352  4.039872E-02
      2353  3.679891E-02
      2354  4.541794E-02
      2355  4.922580E-03
      2356  9.780275E-03
      2357  5.163521E-03
      2358  1.150798E-02
      2359  2.340066E-01
      2360  1.978601E-01
      2361  2.298710E-01
      2362  2.364333E-01
      2363  1.453405E-01
      2364  2.308227E-01
      2365  1.479015E-01
      2366  2.326396E-01
      2367  1.162003E-01
      2368  1.897471E-01
      2369  1.208461E-01
      2370  1.911518E-01
      2371  3.507459E-01
      2372  5.062992E-01
      2373  3.511200E-01
      2374  5.031460E-01
      2375  2.928511E-01
      2376  4.242787E-01
      2377  2.955369E-01
      2378  4.352716E-01
      2379  1.497507E-01
      2380  2.342266E-01
      2381  1.520636E-01
      2382  2.356791E-01
      2383  1.302023E-01
      2384  1.985681E-01
      2385  1.487119E-01
      2386  2.149499E-01
      2387  3.498562E-01
      2388  4.950888E-01
      2389  3.478690E-01
      2390  4.861516E-01
      2391  3.073965E-01
      2392  4.603455E-01
      2393  3.299913E-01
      2394  4.977770E-01
      2395  1.545761E-01
      2396  2.371859E-01
      2397  1.568638E-01
      2398  2.413964E-01
      2399  1.466438E-01
      2400  2.204604E-01
      2401  1.490943E-01
      2402  2.239395E-01
      2403  3.470364E-01
      2404  4.815728E-01
      2405  3.516354E-01
      2406  4.851578E-01
      2407  3.383230E-01
      2408  5.044113E-01
      2409  3.418310E-01
      2410  5.066522E-01
      2411  1.620599E-01
      2412  2.483411E-01
      2413  1.947186E-02
      2414  2.498085E-02
      2415  3.237752E-02
      2416  3.341127E-02
      2417  1.857765E-02
      2418  2.235137E-02
      2419  2.372199E-02
      2420  2.164653E-02
      2421  3.082686E-02
      2422  3.664229E-02
      2423  3.388928E-02
      2424  3.981109E-02
      2425  2.701660E-02
      2426  3.310953E-02
      2427  2.551756E-02
      2428  3.183129E-02
      2429  1.647927E-01
      2430  2.336114E-01
      2431  1.584639E-02
      2432  2.108177E-02
      2433  3.367782E-02
      2434  3.244332E-02
      2435  2.319514E-02
      2436  2.321561E-02
      2437  2.317506E-02
      2438  1.988177E-02
      2439  2.622567E-02
      2440  3.116792E-02
      2441  3.057978E-02
      2442  3.562751E-02
      2443  2.464776E-02
      2444  2.950185E-02
      2445  2.288156E-02
      2446  2.747890E-02
      2447  3.601085E-01
      2448  4.957789E-01
      2449  3.642828E-01
      2450  5.016432E-01
      2451  3.454469E-01
      2452  5.080720E-01
      2453  3.258923E-01
      2454  4.689880E-01
      2455  8.043675E-02
      2456  9.724874E-02
      2457  7.731510E-02
      2458  9.687325E-02
      2459  7.711514E-02
      2460  8.346009E-02
      2461  7.303519E-02
      2462  8.292728E-02
      2463  1.347911E-01
      2464  1.867781E-01
      2465  1.342454E-01
      2466  1.862976E-01
      2467  1.166733E-01
      2468  1.677927E-01
      2469  1.156975E-01
      2470  1.665576E-01
      2471  7.731510E-02
      2472  9.687325E-02
      2473  8.043675E-02
      2474  9.724874E-02
      2475  7.303519E-02
      2476  8.292728E-02
      2477  7.711514E-02
      2478  8.346009E-02
      2479  1.342454E-01
      2480  1.862976E-01
      2481  1.347911E-01
      2482  1.867781E-01
      2483  1.156975E-01
      2484  1.665576E-01
      2485  1.166733E-01
      2486  1.677927E-01
      2487  3.237752E-02
      2488  3.341127E-02
      2489  1.947186E-02
      2490  2.498085E-02
      2491  2.372199E-02
      2492  2.164653E-02
      2493  1.857765E-02
      2494  2.235137E-02
      2495  3.388928E-02
      2496  3.981109E-02
      2497  3.082686E-02
      2498  3.664229E-02
      2499  2.551756E-02
      2500  3.183129E-02
      2501  2.701660E-02
      2502  3.310953E-02
      2503  1.620599E-01
      2504  2.483411E-01
      2505  3.367782E-02
      2506  3.244332E-02
      2507  1.584639E-02
      2508  2.108177E-02
      2509  2.317506E-02
      2510  1.988177E-02
      2511  2.319514E-02
      2512  2.321561E-02
      2513  3.057978E-02
      2514  3.562751E-02
      2515  2.622567E-02
      2516  3.116792E-02
      2517  2.288156E-02
      2518  2.747890E-02
      2519  2.464776E-02
      2520  2.950185E-02
      2521  1.647927E-01
      2522  2.336114E-01
      2523  3.642828E-01
      2524  5.016432E-01
      2525  3.601085E-01
      2526  4.957789E-01
      2527  3.258923E-01
      2528  4.689880E-01
      2529  3.454469E-01
      2530  5.080720E-01
      2531  1.568638E-01
      2532  2.413964E-01
      2533  1.545761E-01
      2534  2.371859E-01
      2535  1.490943E-01
      2536  2.239395E-01
      2537  1.466438E-01
      2538  2.204604E-01
      2539  3.516354E-01
      2540  4.851578E-01
      2541  3.470364E-01
      2542  4.815728E-01
      2543  3.418310E-01
      2544  5.066522E-01
      2545  3.383230E-01
      2546  5.044113E-01
      2547  1.520636E-01
      2548  2.356791E-01
      2549  1.497507E-01
      2550  2.342266E-01
      2551  1.487119E-01
      2552  2.149499E-01
      2553  1.302023E-01
      2554  1.985681E-01
      2555  3.478690E-01
      2556  4.861516E-01
      2557  3.498562E-01
      2558  4.950888E-01
      2559  3.299913E-01
      2560  4.977770E-01
      2561  3.073965E-01
      2562  4.603455E-01
      2563  1.479015E-01
      2564  2.326396E-01
      2565  1.453405E-01
      2566  2.308227E-01
      2567  1.208461E-01
      2568  1.911518E-01
      2569  1.162003E-01
      2570  1.897471E-01
      2571  3.511200E-01
      2572  5.031460E-01
      2573  3.507459E-01
      2574  5.062992E-01
      2575  2.955369E-01
      2576  4.352716E-01
      2577  2.928511E-01
      2578  4.242787E-01
      2579  3.189088E-01
      2580  2.829599E-01
      2581  3.166196E-01
      2582  2.823230E-01
      2583  2.932823E-01
      2584  2.639277E-01
      2585  2.976482E-01
      2586  2.656499E-01
      2587  1.842581E+00
      2588  2.327394E+00
      2589  1.842286E+00
      2590  2.200137E-01
      2591  1.957823E-01
      2592  2.174787E-01
      2593  1.942525E-01
      2594  1.996475E-01
      2595  1.800194E-01
      2596  2.031123E-01
      2597  1.815385E-01
      2598  1.267364E+00
      2599  1.591553E+00
      2600  1.267363E+00
      2601  1.429460E+00
      2602  1.085120E+00
      2603  1.429175E+00
      2604  1.084828E+00
      2605  9.931789E-01
      2606  7.618497E-01
      2607  9.928450E-01
      2608  7.616139E-01
      2609  8.051210E-01
      2610  5.859982E-01
      2611  8.047938E-01
      2612  5.856101E-01
      2613  5.718548E-01
      2614  4.208067E-01
      2615  5.716207E-01
      2616  4.205650E-01
      2617  4.249853E-01
      2618  3.209684E-01
      2619  4.246687E-01
      2620  3.192113E-01
      2621  3.060662E-01
      2622  2.258324E-01
      2623  3.060208E-01
      2624  2.249096E-01
      2625  2.667293E-01
      2626  3.085314E-01
      2627  2.747697E-01
      2628  2.482640E-01
      2629  1.744029E-01
      2630  1.845242E-01
      2631  1.789350E-01
      2632  1.452023E-01
      2633  2.327394E+00
      2634  1.842286E+00
      2635  3.166196E-01
      2636  2.823230E-01
      2637  3.189088E-01
      2638  2.829599E-01
      2639  2.976482E-01
      2640  2.656499E-01
      2641  2.932823E-01
      2642  2.639277E-01
      2643  1.842581E+00
      2644  1.591553E+00
      2645  1.267363E+00
      2646  2.174787E-01
      2647  1.942525E-01
      2648  2.200137E-01
      2649  1.957823E-01
      2650  2.031123E-01
      2651  1.815385E-01
      2652  1.996475E-01
      2653  1.800194E-01
      2654  1.267364E+00
      2655  1.429175E+00
      2656  1.084828E+00
      2657  1.429460E+00
      2658  1.085120E+00
      2659  9.928450E-01
      2660  7.616139E-01
      2661  9.931789E-01
      2662  7.618497E-01
      2663  8.047938E-01
      2664  5.856101E-01
      2665  8.051210E-01
      2666  5.859982E-01
      2667  5.716207E-01
      2668  4.205650E-01
      2669  5.718548E-01
      2670  4.208067E-01
      2671  4.246687E-01
      2672  3.192113E-01
      2673  4.249853E-01
      2674  3.209684E-01
      2675  3.060208E-01
      2676  2.249096E-01
      2677  3.060662E-01
      2678  2.258324E-01
      2679  2.747697E-01
      2680  2.482640E-01
      2681  2.667293E-01
      2682  3.085314E-01
      2683  1.789350E-01
      2684  1.452023E-01
      2685  1.744029E-01
      2686  1.845242E-01
      2687  8.496761E-02
      2688  1.317722E-01
      2689  8.564076E-02
      2690  1.329471E-01
      2691  6.351265E-02
      2692  9.413794E-02
      2693  7.154203E-02
      2694  9.735273E-02
      2695  1.935191E-01
      2696  2.711108E-01
      2697  1.929967E-01
      2698  2.648834E-01
      2699  1.369231E-01
      2700  1.914239E-01
      2701  1.383474E-01
      2702  1.945677E-01
      2703  9.226893E-02
      2704  1.440332E-01
      2705  1.325280E-01
      2706  1.710271E-01
      2707  8.827682E-02
      2708  1.194088E-01
      2709  1.530781E-01
      2710  1.831058E-01
      2711  1.999017E-01
      2712  2.579537E-01
      2713  2.229670E-01
      2714  2.840708E-01
      2715  1.605966E-01
      2716  2.099791E-01
      2717  2.274425E-01
      2718  2.885141E-01
      2719  1.335209E+00
      2720  2.080736E+00
      2721  1.626215E-01
      2722  2.092834E-01
      2723  2.205703E-01
      2724  1.952547E-01
      2725  1.673320E-01
      2726  2.030543E-01
      2727  1.298351E-01
      2728  1.329173E-01
      2729  2.502586E-01
      2730  2.933400E-01
      2731  2.198843E-01
      2732  2.591546E-01
      2733  2.454715E-01
      2734  3.017312E-01
      2735  1.673031E-01
      2736  2.194409E-01
      2737  7.996462E-02
      2738  6.543581E-02
      2739  7.550660E-02
      2740  6.375606E-02
      2741  4.385993E-02
      2742  3.921036E-02
      2743  4.263286E-02
      2744  3.800414E-02
      2745  7.476211E-02
      2746  9.810053E-02
      2747  7.352863E-02
      2748  9.865058E-02
      2749  5.111711E-02
      2750  7.459026E-02
      2751  4.938629E-02
      2752  7.325228E-02
      2753  7.550660E-02
      2754  6.375606E-02
      2755  7.996462E-02
      2756  6.543581E-02
      2757  4.263286E-02
      2758  3.800414E-02
      2759  4.385993E-02
      2760  3.921036E-02
      2761  7.352863E-02
      2762  9.865058E-02
      2763  7.476211E-02
      2764  9.810053E-02
      2765  4.938629E-02
      2766  7.325228E-02
      2767  5.111711E-02
      2768  7.459026E-02
      2769  2.205703E-01
      2770  1.952547E-01
      2771  1.626215E-01
      2772  2.092834E-01
      2773  1.298351E-01
      2774  1.329173E-01
      2775  1.673320E-01
      2776  2.030543E-01
      2777  2.198843E-01
      2778  2.591546E-01
      2779  2.502586E-01
      2780  2.933400E-01
      2781  1.673031E-01
      2782  2.194409E-01
      2783  2.454715E-01
      2784  3.017312E-01
      2785  1.335209E+00
      2786  2.080736E+00
      2787  1.325280E-01
      2788  1.710271E-01
      2789  9.226893E-02
      2790  1.440332E-01
      2791  1.530781E-01
      2792  1.831058E-01
      2793  8.827682E-02
      2794  1.194088E-01
      2795  2.229670E-01
      2796  2.840708E-01
      2797  1.999017E-01
      2798  2.579537E-01
      2799  2.274425E-01
      2800  2.885141E-01
      2801  1.605966E-01
      2802  2.099791E-01
      2803  8.564076E-02
      2804  1.329471E-01
      2805  8.496761E-02
      2806  1.317722E-01
      2807  7.154203E-02
      2808  9.735273E-02
      2809  6.351265E-02
      2810  9.413794E-02
      2811  1.929967E-01
      2812  2.648834E-01
      2813  1.935191E-01
      2814  2.711108E-01
      2815  1.383474E-01
      2816  1.945677E-01
      2817  1.369231E-01
      2818  1.914239E-01
      2819  1.414272E-01
      2820  1.268723E-01
      2821  1.395449E-01
      2822  1.257067E-01
      2823  1.268822E-01
      2824  1.152854E-01
      2825  1.289243E-01
      2826  1.162215E-01
      2827  8.234601E-01
      2828  1.018450E+00
      2829  8.235494E-01
      2830  8.501930E-02
      2831  7.250199E-02
      2832  8.461455E-02
      2833  7.181894E-02
      2834  6.013856E-02
      2835  5.910636E-02
      2836  6.024782E-02
      2837  5.918824E-02
      2838  4.574005E-01
      2839  8.418797E-02
      2840  7.121859E-02
      2841  8.418602E-02
      2842  7.121483E-02
      2843  6.031781E-02
      2844  5.923484E-02
      2845  6.030190E-02
      2846  5.922999E-02
      2847  4.573891E-01
      2848  6.524015E-01
      2849  5.135359E-01
      2850  6.521501E-01
      2851  5.133129E-01
      2852  3.762285E-01
      2853  3.148856E-01
      2854  3.760438E-01
      2855  3.147430E-01
      2856  4.035742E-01
      2857  3.194733E-01
      2858  4.033037E-01
      2859  3.191505E-01
      2860  2.670642E-01
      2861  2.285359E-01
      2862  2.669046E-01
      2863  2.283572E-01
      2864  2.590088E-01
      2865  2.215645E-01
      2866  2.587707E-01
      2867  2.201706E-01
      2868  1.966886E-01
      2869  1.713137E-01
      2870  1.967007E-01
      2871  1.703926E-01
      2872  2.019976E-01
      2873  2.363909E-01
      2874  2.079962E-01
      2875  1.907062E-01
      2876  1.496741E-01
      2877  1.653415E-01
      2878  1.539635E-01
      2879  1.296367E-01
      2880  1.018450E+00
      2881  8.235494E-01
      2882  1.395449E-01
      2883  1.257067E-01
      2884  1.414272E-01
      2885  1.268723E-01
      2886  1.289243E-01
      2887  1.162215E-01
      2888  1.268822E-01
      2889  1.152854E-01
      2890  8.234601E-01
      2891  8.418602E-02
      2892  7.121483E-02
      2893  8.418797E-02
      2894  7.121859E-02
      2895  6.030190E-02
      2896  5.922999E-02
      2897  6.031781E-02
      2898  5.923484E-02
      2899  4.573891E-01
      2900  8.461455E-02
      2901  7.181894E-02
      2902  8.501930E-02
      2903  7.250199E-02
      2904  6.024782E-02
      2905  5.918824E-02
      2906  6.013856E-02
      2907  5.910636E-02
      2908  4.574005E-01
      2909  6.521501E-01
      2910  5.133129E-01
      2911  6.524015E-01
      2912  5.135359E-01
      2913  3.760438E-01
      2914  3.147430E-01
      2915  3.762285E-01
      2916  3.148856E-01
      2917  4.033037E-01
      2918  3.191505E-01
      2919  4.035742E-01
      2920  3.194733E-01
      2921  2.669046E-01
      2922  2.283572E-01
      2923  2.670642E-01
      2924  2.285359E-01
      2925  2.587707E-01
      2926  2.201706E-01
      2927  2.590088E-01
      2928  2.215645E-01
      2929  1.967007E-01
      2930  1.703926E-01
      2931  1.966886E-01
      2932  1.713137E-01
      2933  2.079962E-01
      2934  1.907062E-01
      2935  2.019976E-01
      2936  2.363909E-01
      2937  1.539635E-01
      2938  1.296367E-01
      2939  1.496741E-01
      2940  1.653415E-01
      2941  3.840732E-02
      2942  6.308051E-02
      2943  4.058982E-02
      2944  6.546707E-02
      2945  3.958226E-02
      2946  4.741045E-02
      2947  4.850461E-02
      2948  5.224047E-02
      2949  9.810407E-02
      2950  1.430364E-01
      2951  1.007343E-01
      2952  1.463549E-01
      2953  7.518875E-02
      2954  1.236288E-01
      2955  7.611379E-02
      2956  1.193274E-01
      2957  5.321165E-02
      2958  8.405678E-02
      2959  1.217622E-01
      2960  1.341106E-01
      2961  5.631764E-02
      2962  6.550570E-02
      2963  9.163573E-02
      2964  9.545631E-02
      2965  1.178303E-01
      2966  1.585539E-01
      2967  1.617109E-01
      2968  2.038259E-01
      2969  8.563294E-02
      2970  1.123297E-01
      2971  1.143488E-01
      2972  1.481322E-01
      2973  8.435592E-01
      2974  1.194675E+00
      2975  1.183718E-01
      2976  1.460552E-01
      2977  1.588657E-01
      2978  1.220426E-01
      2979  7.609420E-02
      2980  9.238099E-02
      2981  9.971705E-02
      2982  6.630686E-02
      2983  1.699962E-01
      2984  2.019803E-01
      2985  1.307344E-01
      2986  1.585970E-01
      2987  1.107685E-01
      2988  1.364296E-01
      2989  7.316513E-02
      2990  9.408595E-02
      2991  5.776921E-02
      2992  3.958100E-02
      2993  5.528598E-02
      2994  3.859500E-02
      2995  3.379845E-02
      2996  1.960073E-02
      2997  3.258719E-02
      2998  1.904827E-02
      2999  4.151902E-02
      3000  5.515847E-02
      3001  4.039549E-02
      3002  5.477784E-02
      3003  2.108802E-02
      3004  3.170470E-02
      3005  2.017315E-02
      3006  3.095382E-02
      3007  5.528598E-02
      3008  3.859500E-02
      3009  5.776921E-02
      3010  3.958100E-02
      3011  3.258719E-02
      3012  1.904827E-02
      3013  3.379845E-02
      3014  1.960073E-02
      3015  4.039549E-02
      3016  5.477784E-02
      3017  4.151902E-02
      3018  5.515847E-02
      3019  2.017315E-02
      3020  3.095382E-02
      3021  2.108802E-02
      3022  3.170470E-02
      3023  1.588657E-01
      3024  1.220426E-01
      3025  1.183718E-01
      3026  1.460552E-01
      3027  9.971705E-02
      3028  6.630686E-02
      3029  7.609420E-02
      3030  9.238099E-02
      3031  1.307344E-01
      3032  1.585970E-01
      3033  1.699962E-01
      3034  2.019803E-01
      3035  7.316513E-02
      3036  9.408595E-02
      3037  1.107685E-01
      3038  1.364296E-01
      3039  8.435592E-01
      3040  1.194675E+00
      3041  1.217622E-01
      3042  1.341106E-01
      3043  5.321165E-02
      3044  8.405678E-02
      3045  9.163573E-02
      3046  9.545631E-02
      3047  5.631764E-02
      3048  6.550570E-02
      3049  1.617109E-01
      3050  2.038259E-01
      3051  1.178303E-01
      3052  1.585539E-01
      3053  1.143488E-01
      3054  1.481322E-01
      3055  8.563294E-02
      3056  1.123297E-01
      3057  4.058982E-02
      3058  6.546707E-02
      3059  3.840732E-02
      3060  6.308051E-02
      3061  4.850461E-02
      3062  5.224047E-02
      3063  3.958226E-02
      3064  4.741045E-02
      3065  1.007343E-01
      3066  1.463549E-01
      3067  9.810407E-02
      3068  1.430364E-01
      3069  7.611379E-02
      3070  1.193274E-01
      3071  7.518875E-02
      3072  1.236288E-01
      3073  3.393272E-02
      3074  2.810956E-02
      3075  3.391773E-02
      3076  2.810763E-02
      3077  1.563040E-02
      3078  1.828626E-02
      3079  1.562590E-02
      3080  1.839689E-02
      3081  1.750986E-01
      3082  3.391169E-02
      3083  2.811180E-02
      3084  3.391848E-02
      3085  2.811785E-02
      3086  1.562424E-02
      3087  1.847741E-02
      3088  1.562613E-02
      3089  1.846829E-02
      3090  1.751671E-01
      3091  3.868140E-03
      3092  3.722685E-03
      3093  3.859648E-03
      3094  3.656200E-03
      3095  8.573059E-04
      3096  1.401094E-03
      3097  8.483655E-04
      3098  1.595823E-03
      3099  3.105166E-03
      3100  3.077166E-03
      3101  3.134616E-03
      3102  3.051758E-03
      3103  2.112713E-03
      3104  2.626462E-03
      3105  2.474313E-03
      3106  2.576235E-03
      3107  3.852338E-03
      3108  3.501778E-03
      3109  3.837170E-03
      3110  3.489338E-03
      3111  8.444884E-04
      3112  1.670170E-03
      3113  8.494087E-04
      3114  1.673968E-03
      3115  2.240558E-02
      3116  1.758743E-01
      3117  1.832083E-01
      3118  1.756008E-01
      3119  1.828552E-01
      3120  3.424228E-02
      3121  5.166052E-02
      3122  3.420159E-02
      3123  5.135359E-02
      3124  1.933506E-01
      3125  2.027602E-01
      3126  1.929820E-01
      3127  2.023506E-01
      3128  7.483044E-02
      3129  1.043710E-01
      3130  7.442684E-02
      3131  1.038320E-01
      3132  2.082080E-01
      3133  2.080681E-01
      3134  2.079688E-01
      3135  2.065231E-01
      3136  1.409944E-01
      3137  1.864690E-01
      3138  1.400429E-01
      3139  1.848558E-01
      3140  1.963118E-01
      3141  2.134161E-01
      3142  2.022522E-01
      3143  1.720381E-01
      3144  2.306619E-01
      3145  2.746497E-02
      3146  4.824361E-02
      3147  2.495208E-02
      3148  3.789878E-02
      3149  4.047699E-02
      3150  1.178017E-01
      3151  3.940309E-02
      3152  7.694499E-02
      3153  2.447314E-01
      3154  2.517126E-01
      3155  3.391848E-02
      3156  2.811785E-02
      3157  3.391169E-02
      3158  2.811180E-02
      3159  1.562613E-02
      3160  1.846829E-02
      3161  1.562424E-02
      3162  1.847741E-02
      3163  1.751671E-01
      3164  3.391773E-02
      3165  2.810763E-02
      3166  3.393272E-02
      3167  2.810956E-02
      3168  1.562590E-02
      3169  1.839689E-02
      3170  1.563040E-02
      3171  1.828626E-02
      3172  1.750986E-01
      3173  3.837170E-03
      3174  3.489338E-03
      3175  3.852338E-03
      3176  3.501778E-03
      3177  8.494087E-04
      3178  1.673968E-03
      3179  8.444884E-04
      3180  1.670170E-03
      3181  2.240558E-02
      3182  3.859648E-03
      3183  3.656200E-03
      3184  3.868140E-03
      3185  3.722685E-03
      3186  8.483655E-04
      3187  1.595823E-03
      3188  8.573059E-04
      3189  1.401094E-03
      3190  3.134616E-03
      3191  3.051758E-03
      3192  3.105166E-03
      3193  3.077166E-03
      3194  2.474313E-03
      3195  2.576235E-03
      3196  2.112713E-03
      3197  2.626462E-03
      3198  1.756008E-01
      3199  1.828552E-01
      3200  1.758743E-01
      3201  1.832083E-01
      3202  3.420159E-02
      3203  5.135359E-02
      3204  3.424228E-02
      3205  5.166052E-02
      3206  1.929820E-01
      3207  2.023506E-01
      3208  1.933506E-01
      3209  2.027602E-01
      3210  7.442684E-02
      3211  1.038320E-01
      3212  7.483044E-02
      3213  1.043710E-01
      3214  2.079688E-01
      3215  2.065231E-01
      3216  2.082080E-01
      3217  2.080681E-01
      3218  1.400429E-01
      3219  1.848558E-01
      3220  1.409944E-01
      3221  1.864690E-01
      3222  2.022522E-01
      3223  1.720381E-01
      3224  1.963118E-01
      3225  2.134161E-01
      3226  2.447314E-01
      3227  2.517126E-01
      3228  2.306619E-01
      3229  2.495208E-02
      3230  3.789878E-02
      3231  2.746497E-02
      3232  4.824361E-02
      3233  3.940309E-02
      3234  7.694499E-02
      3235  4.047699E-02
      3236  1.178017E-01
      3237  6.930561E-02
      3238  5.951731E-02
      3239  9.038690E-02
      3240  5.953845E-02
      3241  4.350985E-02
      3242  5.636001E-02
      3243  5.792970E-02
      3244  3.312017E-02
      3245  7.696993E-02
      3246  1.223384E-01
      3247  7.346023E-02
      3248  1.320483E-01
      3249  6.434929E-02
      3250  6.706618E-02
      3251  3.488616E-02
      3252  6.459395E-02
      3253  1.084029E-01
      3254  6.803573E-02
      3255  1.367984E-01
      3256  7.953892E-02
      3257  6.810459E-02
      3258  3.337429E-02
      3259  7.962486E-02
      3260  3.841710E-02
      3261  7.763187E-02
      3262  1.393539E-01
      3263  8.417193E-02
      3264  1.515893E-01
      3265  3.193075E-02
      3266  6.380085E-02
      3267  3.438575E-02
      3268  6.541482E-02
      3269  1.174392E-01
      3270  6.670281E-02
      3271  1.147333E-01
      3272  6.364920E-02
      3273  1.044161E-01
      3274  5.046509E-02
      3275  1.442697E-01
      3276  6.704627E-02
      3277  7.142872E-02
      3278  1.278088E-01
      3279  6.793238E-02
      3280  1.242951E-01
      3281  4.437711E-02
      3282  8.447306E-02
      3283  6.660423E-02
      3284  1.340932E-01
      3285  1.348107E-01
      3286  6.993889E-02
      3287  1.725345E-01
      3288  6.540790E-02
      3289  2.053571E-01
      3290  1.102844E-01
      3291  4.918903E-01
      3292  1.416548E-01
      3293  7.262043E-02
      3294  1.415254E-01
      3295  6.658510E-02
      3296  1.236467E-01
      3297  1.083466E-01
      3298  2.392396E-01
      3299  1.579172E-01
      3300  4.029325E-01
      3301  4.552025E-02
      3302  2.033039E-02
      3303  4.250750E-02
      3304  1.941676E-02
      3305  1.015190E-01
      3306  3.789499E-02
      3307  7.334368E-02
      3308  3.451737E-02
      3309  2.022723E-02
      3310  4.041315E-02
      3311  1.923739E-02
      3312  3.956592E-02
      3313  6.591973E-02
      3314  1.961968E-01
      3315  7.225967E-02
      3316  2.091325E-01
      3317  4.250750E-02
      3318  1.941676E-02
      3319  4.552025E-02
      3320  2.033039E-02
      3321  7.334368E-02
      3322  3.451737E-02
      3323  1.015190E-01
      3324  3.789499E-02
      3325  1.923739E-02
      3326  3.956592E-02
      3327  2.022723E-02
      3328  4.041315E-02
      3329  7.225967E-02
      3330  2.091325E-01
      3331  6.591973E-02
      3332  1.961968E-01
      3333  1.725345E-01
      3334  6.540790E-02
      3335  1.348107E-01
      3336  6.993889E-02
      3337  4.918903E-01
      3338  1.416548E-01
      3339  2.053571E-01
      3340  1.102844E-01
      3341  6.658510E-02
      3342  1.236467E-01
      3343  7.262043E-02
      3344  1.415254E-01
      3345  1.579172E-01
      3346  4.029325E-01
      3347  1.083466E-01
      3348  2.392396E-01
      3349  1.147333E-01
      3350  6.364920E-02
      3351  1.174392E-01
      3352  6.670281E-02
      3353  1.442697E-01
      3354  6.704627E-02
      3355  1.044161E-01
      3356  5.046509E-02
      3357  6.793238E-02
      3358  1.242951E-01
      3359  7.142872E-02
      3360  1.278088E-01
      3361  6.660423E-02
      3362  1.340932E-01
      3363  4.437711E-02
      3364  8.447306E-02
      3365  1.367984E-01
      3366  7.953892E-02
      3367  1.084029E-01
      3368  6.803573E-02
      3369  7.962486E-02
      3370  3.841710E-02
      3371  6.810459E-02
      3372  3.337429E-02
      3373  8.417193E-02
      3374  1.515893E-01
      3375  7.763187E-02
      3376  1.393539E-01
      3377  3.438575E-02
      3378  6.541482E-02
      3379  3.193075E-02
      3380  6.380085E-02
      3381  9.038690E-02
      3382  5.953845E-02
      3383  6.930561E-02
      3384  5.951731E-02
      3385  5.792970E-02
      3386  3.312017E-02
      3387  4.350985E-02
      3388  5.636001E-02
      3389  7.346023E-02
      3390  1.320483E-01
      3391  7.696993E-02
      3392  1.223384E-01
      3393  3.488616E-02
      3394  6.459395E-02
      3395  6.434929E-02
      3396  6.706618E-02
