
                        S T E P       1


                                INCREMENT     1


 displacements (vx,vy,vz) for set TIP_TOP and time  0.1000000E+01

      4823  1.581614E-01  4.446834E-01 -3.568369E+00
      4824  1.490363E-01  4.446657E-01 -3.461110E+00
      4827  1.396363E-01  4.445659E-01 -3.353341E+00
      4830  1.302341E-01  4.449174E-01 -3.245717E+00
      4832  1.211155E-01  4.465275E-01 -3.141343E+00
      4834  1.187974E-01  4.475726E-01 -3.116071E+00
      4836  1.165851E-01  4.485048E-01 -3.091324E+00
      4839  1.136025E-01  4.493876E-01 -3.058547E+00
      4842  1.106864E-01  4.498091E-01 -3.026576E+00
      4845  1.077737E-01  4.499425E-01 -2.994717E+00
      4848  1.046906E-01  4.500744E-01 -2.963083E+00

 forces (fx,fy,fz) for set CLAMP and time  0.1000000E+01

         1  4.448988E+03  2.562736E+03  1.310932E+03
         4  8.649583E+03  2.670546E+02  2.743310E+03
         5  5.919325E+03  3.699459E+03  4.340484E+02
         8  1.182661E+04  4.747622E+02  8.882159E+02
         9  3.617065E+03  2.280275E+03 -7.938089E+01
        12  7.612426E+03  4.271639E+02 -1.781863E+02
        13  1.422725E+03  9.734945E+02 -3.393205E+02
        16  3.594458E+03  3.625110E+02 -6.893937E+02
        17 -8.050296E+02 -3.524957E+02 -3.653698E+02
        20 -4.646917E+02  2.761949E+02 -7.614894E+02
        21 -2.136312E+03 -6.603380E+02 -5.276015E+02
        24 -2.389680E+03  9.230828E+01 -3.297515E+02
        26  5.344530E+03 -2.855430E+03  1.439262E+03
        28  7.730899E+03 -4.322004E+03  4.230819E+02
        30  5.227819E+03 -2.824569E+03 -1.282758E+02
        32  2.758551E+03 -1.420552E+03 -3.837996E+02
        34  2.740164E+02 -1.748198E+01 -4.220707E+02
        36 -2.269814E+03  5.648670E+02 -9.736490E+02
        37 -1.455696E+03 -6.008105E+02 -7.793831E+02
        40 -1.842565E+03 -1.261361E+02 -1.219213E+03
        41 -3.017830E+03 -1.335414E+03 -1.447502E+02
        44 -3.930027E+03 -2.935366E+02 -2.337416E+02
        45 -1.872054E+03 -7.442217E+02  8.950357E+02
        48 -2.661913E+03 -1.620209E+02  1.502222E+03
        50 -1.491798E+03 -1.243443E+02 -9.809492E+02
        52 -3.348583E+03 -2.680335E+02 -2.007566E+02
        54 -2.389184E+03 -1.384060E+02  1.307111E+03
        56 -1.309394E+03 -9.339034E+01 -8.451627E+02
        58 -3.030884E+03 -1.621737E+02 -1.523546E+02
        60 -2.219357E+03 -6.900586E+01  1.202991E+03
        62 -2.344458E+03 -5.482502E+01 -6.019505E+01
        64 -1.725557E+03 -9.751359E+00  9.338921E+02
        66 -1.717328E+03  3.081465E+01 -4.931737E+01
        68 -1.278239E+03  2.457862E+01  6.886298E+02
        70 -3.748683E+03  2.327888E+02 -1.926207E+02
        72 -2.803048E+03  1.429362E+02  1.485080E+03
        74 -1.925927E+03  2.304796E+02 -1.254867E+03
        76 -4.506320E+03  5.508249E+02 -3.482469E+02
        78 -3.336003E+03  3.335513E+02  1.746946E+03
        80 -1.203637E+03  2.875743E+02 -7.824451E+02
        82 -2.667306E+03  6.689185E+02 -2.504530E+02
        84 -1.913830E+03  3.939034E+02  9.959902E+02
        86 -6.196459E+02  2.575782E+02 -3.698437E+02
        88 -1.027041E+03  6.211448E+02 -1.038783E+02
        90 -5.860550E+02  3.743033E+02  3.116722E+02
        92 -2.411915E+02  1.135161E+02 -1.093344E+02
        94 -1.867046E+02  2.504217E+02 -2.153298E+01
        96  3.878991E+01  1.407807E+02 -3.108663E+01

 internal energy (element, energy) for set EALL and time  0.1000000E+01

         1  2.839847E+01
         2  1.080327E+01
         3  3.490426E+00
         4  3.953534E-01
         5  1.430166E+00
         6  3.536579E+01
         7  1.501643E+01
         8  5.611122E+00
         9  9.036486E-01
        10  9.344409E-01
        11  5.774968E+00
        12  8.147482E+00
        13  3.520320E+00
        14  5.425178E+00
        15  2.640721E+00
        16  4.313839E+00
        17  2.172411E+00
        18  3.514657E+00
        19  1.173122E+00
        20  1.954033E+00
        21  9.666152E-01
        22  1.687322E+00
        23  2.640634E+00
        24  4.686679E+00
        25  1.150011E+00
        26  2.076368E+00
        27  3.689775E-01
        28  6.212908E-01
        29  7.728246E-02
        30  1.162836E-01
        31  2.997235E+01
        32  1.463775E+01
        33  4.506260E+00
        34  4.846039E-01
        35  1.790579E+00
        36  3.637620E+01
        37  1.860499E+01
        38  6.450556E+00
        39  9.284880E-01
        40  1.260547E+00
        41  5.072933E+00
        42  7.174260E+00
        43  4.446070E+00
        44  6.279953E+00
        45  3.489403E+00
        46  4.955489E+00
        47  2.847102E+00
        48  3.974581E+00
        49  1.504733E+00
        50  2.151800E+00
        51  1.259272E+00
        52  1.850910E+00
        53  3.355890E+00
        54  5.144764E+00
        55  1.368564E+00
        56  2.327854E+00
        57  3.669992E-01
        58  7.221198E-01
        59  4.074045E-02
        60  1.118910E-01
        61  2.861826E+01
        62  1.491380E+01
        63  4.900631E+00
        64  5.780750E-01
        65  1.873515E+00
        66  3.421229E+01
        67  1.836032E+01
        68  6.562861E+00
        69  9.166666E-01
        70  1.349780E+00
        71  4.420822E+00
        72  6.312315E+00
        73  4.099790E+00
        74  5.795303E+00
        75  3.512440E+00
        76  4.945020E+00
        77  2.881572E+00
        78  4.075815E+00
        79  1.504521E+00
        80  2.201062E+00
        81  1.268744E+00
        82  1.898943E+00
        83  3.399113E+00
        84  5.227719E+00
        85  1.394859E+00
        86  2.373262E+00
        87  3.495379E-01
        88  7.651825E-01
        89  6.573900E-02
        90  1.134627E-01
        91  2.882515E+01
        92  1.508214E+01
        93  5.194364E+00
        94  6.758712E-01
        95  1.846840E+00
        96  3.372519E+01
        97  1.809514E+01
        98  6.614950E+00
        99  9.321150E-01
       100  1.346895E+00
       101  4.335037E+00
       102  6.154207E+00
       103  3.927131E+00
       104  5.586854E+00
       105  3.422578E+00
       106  4.886904E+00
       107  2.871980E+00
       108  4.130000E+00
       109  1.506076E+00
       110  2.221311E+00
       111  1.285509E+00
       112  1.936945E+00
       113  3.464247E+00
       114  5.382315E+00
       115  1.465601E+00
       116  2.509314E+00
       117  3.758394E-01
       118  8.298649E-01
       119  1.043199E-01
       120  1.224665E-01
       121  2.899432E+01
       122  1.502985E+01
       123  5.292879E+00
       124  7.341195E-01
       125  1.788110E+00
       126  3.328941E+01
       127  1.766120E+01
       128  6.517927E+00
       129  9.291527E-01
       130  1.306118E+00
       131  4.283254E+00
       132  6.076764E+00
       133  3.806735E+00
       134  5.447161E+00
       135  3.308515E+00
       136  4.771288E+00
       137  2.805321E+00
       138  4.071172E+00
       139  1.470338E+00
       140  2.183238E+00
       141  1.267294E+00
       142  1.922975E+00
       143  3.447048E+00
       144  5.411994E+00
       145  1.505978E+00
       146  2.617459E+00
       147  4.077753E-01
       148  8.969339E-01
       149  1.346402E-01
       150  1.372805E-01
       151  2.912800E+01
       152  1.494045E+01
       153  5.310317E+00
       154  7.667437E-01
       155  1.717570E+00
       156  3.289101E+01
       157  1.724143E+01
       158  6.375760E+00
       159  9.173829E-01
       160  1.249509E+00
       161  4.252585E+00
       162  6.024201E+00
       163  3.728004E+00
       164  5.341968E+00
       165  3.219720E+00
       166  4.658567E+00
       167  2.735855E+00
       168  3.984048E+00
       169  1.421487E+00
       170  2.120242E+00
       171  1.232335E+00
       172  1.881870E+00
       173  3.378349E+00
       174  5.352753E+00
       175  1.522179E+00
       176  2.682324E+00
       177  4.372257E-01
       178  9.590747E-01
       179  1.526277E-01
       180  1.576108E-01
       181  2.918847E+01
       182  1.485453E+01
       183  5.298136E+00
       184  7.846716E-01
       185  1.646365E+00
       186  3.248789E+01
       187  1.687169E+01
       188  6.231660E+00
       189  9.027897E-01
       190  1.190605E+00
       191  4.225382E+00
       192  5.968582E+00
       193  3.670999E+00
       194  5.252317E+00
       195  3.150882E+00
       196  4.558321E+00
       197  2.673458E+00
       198  3.895829E+00
       199  1.370124E+00
       200  2.050569E+00
       201  1.190879E+00
       202  1.828768E+00
       203  3.280484E+00
       204  5.237213E+00
       205  1.517359E+00
       206  2.706251E+00
       207  4.601705E-01
       208  1.011835E+00
       209  1.606841E-01
       210  1.831733E-01
       211  2.916658E+01
       212  1.477363E+01
       213  5.278092E+00
       214  7.958404E-01
       215  1.577001E+00
       216  3.206640E+01
       217  1.654878E+01
       218  6.101388E+00
       219  8.891049E-01
       220  1.133952E+00
       221  4.194669E+00
       222  5.905113E+00
       223  3.622337E+00
       224  5.169489E+00
       225  3.092745E+00
       226  4.468997E+00
       227  2.617230E+00
       228  3.813977E+00
       229  1.319872E+00
       230  1.982294E+00
       231  1.148263E+00
       232  1.773028E+00
       233  3.169276E+00
       234  5.093471E+00
       235  1.497311E+00
       236  2.699664E+00
       237  4.762693E-01
       238  1.054747E+00
       239  1.623820E-01
       240  2.130074E-01
       241  2.907082E+01
       242  1.469338E+01
       243  5.259029E+00
       244  8.049369E-01
       245  1.510179E+00
       246  3.162825E+01
       247  1.626256E+01
       248  5.988941E+00
       249  8.781702E-01
       250  1.080513E+00
       251  4.157079E+00
       252  5.834253E+00
       253  3.575017E+00
       254  5.089766E+00
       255  3.039284E+00
       256  4.387549E+00
       257  2.565168E+00
       258  3.738999E+00
       259  1.271952E+00
       260  1.917785E+00
       261  1.106879E+00
       262  1.718667E+00
       263  3.054903E+00
       264  4.939757E+00
       265  1.468351E+00
       266  2.674128E+00
       267  4.870141E-01
       268  1.089650E+00
       269  1.607038E-01
       270  2.458547E-01
       271  2.891279E+01
       272  1.460911E+01
       273  5.243280E+00
       274  8.143140E-01
       275  1.446104E+00
       276  3.117812E+01
       277  1.600288E+01
       278  5.893165E+00
       279  8.706500E-01
       280  1.030013E+00
       281  4.111104E+00
       282  5.757259E+00
       283  3.525394E+00
       284  5.011127E+00
       285  2.987036E+00
       286  4.311150E+00
       287  2.515582E+00
       288  3.669516E+00
       289  1.226511E+00
       290  1.857345E+00
       291  1.067498E+00
       292  1.667071E+00
       293  2.942762E+00
       294  4.786135E+00
       295  1.435485E+00
       296  2.638683E+00
       297  4.943629E-01
       298  1.118855E+00
       299  1.577542E-01
       300  2.804805E-01
       301  2.870481E+01
       302  1.451823E+01
       303  5.230653E+00
       304  8.248880E-01
       305  1.384887E+00
       306  3.072124E+01
       307  1.576216E+01
       308  5.811288E+00
       309  8.664898E-01
       310  9.819859E-01
       311  4.056611E+00
       312  5.675115E+00
       313  3.472001E+00
       314  4.932397E+00
       315  2.934345E+00
       316  4.237725E+00
       317  2.467399E+00
       318  3.603944E+00
       319  1.183363E+00
       320  1.800515E+00
       321  1.030212E+00
       322  1.618387E+00
       323  2.835378E+00
       324  4.637419E+00
       325  1.402103E+00
       326  2.599300E+00
       327  5.000390E-01
       328  1.144313E+00
       329  1.548998E-01
       330  3.159170E-01
       331  2.845804E+01
       332  1.441976E+01
       333  5.220067E+00
       334  8.367930E-01
       335  1.326581E+00
       336  3.026209E+01
       337  1.553512E+01
       338  5.740311E+00
       339  8.652571E-01
       340  9.360806E-01
       341  3.994284E+00
       342  5.588529E+00
       343  3.414540E+00
       344  4.852867E+00
       345  2.880542E+00
       346  4.165865E+00
       347  2.419990E+00
       348  3.540982E+00
       349  1.142250E+00
       350  1.746697E+00
       351  9.948610E-01
       352  1.572332E+00
       353  2.733620E+00
       354  4.495443E+00
       355  1.370153E+00
       356  2.559421E+00
       357  5.052720E-01
       358  1.167396E+00
       359  1.529660E-01
       360  3.515466E-01
       361  2.818186E+01
       362  1.431373E+01
       363  5.210297E+00
       364  8.497972E-01
       365  1.271184E+00
       366  2.980409E+01
       367  1.531815E+01
       368  5.677522E+00
       369  8.663694E-01
       370  8.920967E-01
       371  3.925195E+00
       372  5.498049E+00
       373  3.353295E+00
       374  4.772131E+00
       375  2.825466E+00
       376  4.094659E+00
       377  2.373010E+00
       378  3.479685E+00
       379  1.102931E+00
       380  1.695359E+00
       381  9.612305E-01
       382  1.528526E+00
       383  2.637504E+00
       384  4.360510E+00
       385  1.340540E+00
       386  2.520758E+00
       387  5.108076E-01
       388  1.188973E+00
       389  1.524110E-01
       390  3.870677E-01
       391  2.788376E+01
       392  1.420062E+01
       393  5.200268E+00
       394  8.635419E-01
       395  1.218645E+00
       396  2.934959E+01
       397  1.510874E+01
       398  5.620652E+00
       399  8.692316E-01
       400  8.499408E-01
       401  3.850510E+00
       402  5.404141E+00
       403  3.288785E+00
       404  4.690000E+00
       405  2.769197E+00
       406  4.023554E+00
       407  2.326282E+00
       408  3.419414E+00
       409  1.065208E+00
       410  1.646095E+00
       411  9.291165E-01
       412  1.486626E+00
       413  2.546653E+00
       414  4.232225E+00
       415  1.313508E+00
       416  2.483973E+00
       417  5.170186E-01
       418  1.209555E+00
       419  1.534596E-01
       420  4.224078E-01
       421  2.756954E+01
       422  1.408110E+01
       423  5.189150E+00
       424  8.776635E-01
       425  1.168876E+00
       426  2.890001E+01
       427  1.490509E+01
       428  5.567879E+00
       429  8.733075E-01
       430  8.095747E-01
       431  3.771320E+00
       432  5.307230E+00
       433  3.221584E+00
       434  4.606434E+00
       435  2.711915E+00
       436  3.952240E+00
       437  2.279734E+00
       438  3.359770E+00
       439  1.028927E+00
       440  1.598610E+00
       441  8.983495E-01
       442  1.446359E+00
       443  2.460554E+00
       444  4.109946E+00
       445  1.288928E+00
       446  2.449158E+00
       447  5.240312E-01
       448  1.229433E+00
       449  1.561985E-01
       450  4.576292E-01
       451  2.724350E+01
       452  1.395590E+01
       453  5.176359E+00
       454  8.918491E-01
       455  1.121762E+00
       456  2.845607E+01
       457  1.470583E+01
       458  5.517788E+00
       459  8.781476E-01
       460  7.709792E-01
       461  3.688566E+00
       462  5.207707E+00
       463  3.152230E+00
       464  4.521493E+00
       465  2.653826E+00
       466  3.880575E+00
       467  2.233353E+00
       468  3.300521E+00
       469  9.939692E-01
       470  1.552703E+00
       471  8.687950E-01
       472  1.407523E+00
       473  2.378689E+00
       474  3.993004E+00
       475  1.266501E+00
       476  2.416145E+00
       477  5.318279E-01
       478  1.248770E+00
       479  1.606374E-01
       480  4.928549E-01
       481  2.690884E+01
       482  1.382566E+01
       483  5.161528E+00
       484  9.058546E-01
       485  1.077182E+00
       486  2.801794E+01
       487  1.450994E+01
       488  5.469301E+00
       489  8.833932E-01
       490  7.341346E-01
       491  3.603019E+00
       492  5.105926E+00
       493  3.081190E+00
       494  4.435294E+00
       495  2.595131E+00
       496  3.808519E+00
       497  2.187164E+00
       498  3.241547E+00
       499  9.602454E-01
       500  1.508232E+00
       501  8.403490E-01
       502  1.369972E+00
       503  2.300591E+00
       504  3.880806E+00
       505  1.245878E+00
       506  2.384674E+00
       507  5.403195E-01
       508  1.267655E+00
       509  1.667455E-01
       510  5.282181E-01
       511  2.656783E+01
       512  1.369100E+01
       513  5.144455E+00
       514  9.195030E-01
       515  1.035014E+00
       516  2.758545E+01
       517  1.431660E+01
       518  5.421616E+00
       519  8.887678E-01
       520  6.990135E-01
       521  3.515294E+00
       522  5.002201E+00
       523  3.008855E+00
       524  4.347983E+00
       525  2.536016E+00
       526  3.736098E+00
       527  2.141208E+00
       528  3.182802E+00
       529  9.276858E-01
       530  1.465103E+00
       531  8.129314E-01
       532  1.333602E+00
       533  2.225870E+00
       534  3.772862E+00
       535  1.226724E+00
       536  2.354485E+00
       537  5.493903E-01
       538  1.286142E+00
       539  1.744718E-01
       540  5.638323E-01
       541  2.622213E+01
       542  1.355245E+01
       543  5.125059E+00
       544  9.326743E-01
       545  9.951417E-01
       546  2.715821E+01
       547  1.412515E+01
       548  5.374146E+00
       549  8.940635E-01
       550  6.655787E-01
       551  3.425876E+00
       552  4.896811E+00
       553  2.935547E+00
       554  4.259713E+00
       555  2.476643E+00
       556  3.663372E+00
       557  2.095539E+00
       558  3.124285E+00
       559  8.962358E-01
       560  1.423251E+00
       561  7.864803E-01
       562  1.298342E+00
       563  2.154209E+00
       564  3.668789E+00
       565  1.208753E+00
       566  2.325354E+00
       567  5.589233E-01
       568  1.304260E+00
       569  1.837542E-01
       570  5.997781E-01
       571  2.587291E+01
       572  1.341044E+01
       573  5.103344E+00
       574  9.452927E-01
       575  9.574590E-01
       576  2.673572E+01
       577  1.393506E+01
       578  5.326464E+00
       579  8.991264E-01
       580  6.337851E-01
       581  3.335146E+00
       582  4.789996E+00
       583  2.861528E+00
       584  4.170637E+00
       585  2.417155E+00
       586  3.590417E+00
       587  2.050213E+00
       588  3.066021E+00
       589  8.658514E-01
       590  1.382627E+00
       591  7.609472E-01
       592  1.264138E+00
       593  2.085357E+00
       594  3.568293E+00
       595  1.191730E+00
       596  2.297108E+00
       597  5.688124E-01
       598  1.322027E+00
       599  1.945239E-01
       600  6.360990E-01
       601  2.552102E+01
       602  1.326536E+01
       603  5.079360E+00
       604  9.573142E-01
       605  9.218687E-01
       606  2.631743E+01
       607  1.374592E+01
       608  5.278266E+00
       609  9.038438E-01
       610  6.035817E-01
       611  3.243413E+00
       612  4.681968E+00
       613  2.787016E+00
       614  4.080898E+00
       615  2.357676E+00
       616  3.517317E+00
       617  2.005287E+00
       618  3.008049E+00
       619  8.364960E-01
       620  1.343195E+00
       621  7.362932E-01
       622  1.230955E+00
       623  2.019113E+00
       624  3.471148E+00
       625  1.175476E+00
       626  2.269616E+00
       627  5.789669E-01
       628  1.339449E+00
       629  2.067067E-01
       630  6.728032E-01
       631  2.516710E+01
       632  1.311754E+01
       633  5.053185E+00
       634  9.687153E-01
       635  8.882820E-01
       636  2.590282E+01
       637  1.355736E+01
       638  5.229333E+00
       639  9.081328E-01
       640  5.749141E-01
       641  3.150930E+00
       642  4.572915E+00
       643  2.712195E+00
       644  3.990632E+00
       645  2.298316E+00
       646  3.444157E+00
       647  1.960813E+00
       648  2.950413E+00
       649  8.081381E-01
       650  1.304927E+00
       651  7.124861E-01
       652  1.198762E+00
       653  1.955322E+00
       654  3.377184E+00
       655  1.159856E+00
       656  2.242786E+00
       657  5.893108E-01
       658  1.356524E+00
       659  2.202235E-01
       660  7.098685E-01
       661  2.481159E+01
       662  1.296725E+01
       663  5.024909E+00
       664  9.794851E-01
       665  8.566170E-01
       666  2.549139E+01
       667  1.336911E+01
       668  5.179509E+00
       669  9.119321E-01
       670  5.477254E-01
       671  3.057912E+00
       672  4.463007E+00
       673  2.637224E+00
       674  3.899963E+00
       675  2.239172E+00
       676  3.371016E+00
       677  1.916844E+00
       678  2.893161E+00
       679  7.807491E-01
       680  1.267797E+00
       681  6.894982E-01
       682  1.167536E+00
       683  1.893853E+00
       684  3.286262E+00
       685  1.144768E+00
       686  2.216551E+00
       687  5.997810E-01
       688  1.373243E+00
       689  2.349901E-01
       690  7.472473E-01
       691  2.445484E+01
       692  1.281470E+01
       693  4.994619E+00
       694  9.896192E-01
       695  8.267970E-01
       696  2.508270E+01
       697  1.318094E+01
       698  5.128683E+00
       699  9.151955E-01
       700  5.219580E-01
       701  2.964551E+00
       702  4.352400E+00
       703  2.562241E+00
       704  3.809007E+00
       705  2.180331E+00
       706  3.297974E+00
       707  1.873424E+00
       708  2.836339E+00
       709  7.543032E-01
       710  1.231781E+00
       711  6.673050E-01
       712  1.137256E+00
       713  1.834601E+00
       714  3.198272E+00
       715  1.130139E+00
       716  2.190863E+00
       717  6.103245E-01
       718  1.389592E+00
       719  2.509179E-01
       720  7.848728E-01
       721  2.409713E+01
       722  1.266009E+01
       723  4.962397E+00
       724  9.991156E-01
       725  7.987486E-01
       726  2.467637E+01
       727  1.299266E+01
       728  5.076775E+00
       729  9.178874E-01
       730  4.975540E-01
       731  2.871019E+00
       732  4.241243E+00
       733  2.487373E+00
       734  3.717874E+00
       735  2.121872E+00
       736  3.225102E+00
       737  1.830596E+00
       738  2.779990E+00
       739  7.287753E-01
       740  1.196856E+00
       741  6.458837E-01
       742  1.107902E+00
       743  1.777472E+00
       744  3.113115E+00
       745  1.115913E+00
       746  2.165685E+00
       747  6.208952E-01
       748  1.405548E+00
       749  2.679139E-01
       750  8.226636E-01
       751  2.373865E+01
       752  1.250356E+01
       753  4.928315E+00
       754  1.007972E+00
       755  7.724011E-01
       756  2.427209E+01
       757  1.280411E+01
       758  5.023727E+00
       759  9.199795E-01
       760  4.744560E-01
       761  2.777478E+00
       762  4.129678E+00
       763  2.412736E+00
       764  3.626669E+00
       765  2.063868E+00
       766  3.152470E+00
       767  1.788397E+00
       768  2.724156E+00
       769  7.041415E-01
       770  1.162998E+00
       771  6.252127E-01
       772  1.079457E+00
       773  1.722385E+00
       774  3.030700E+00
       775  1.102049E+00
       776  2.140984E+00
       777  6.314519E-01
       778  1.421086E+00
       779  2.858818E-01
       780  8.605278E-01
       781  2.337956E+01
       782  1.234522E+01
       783  4.892434E+00
       784  1.016186E+00
       785  7.476851E-01
       786  2.386959E+01
       787  1.261518E+01
       788  4.969497E+00
       789  9.214490E-01
       790  4.526068E-01
       791  2.684082E+00
       792  4.017845E+00
       793  2.338438E+00
       794  3.535492E+00
       795  2.006385E+00
       796  3.080143E+00
       797  1.746861E+00
       798  2.668876E+00
       799  6.803782E-01
       800  1.130186E+00
       801  6.052713E-01
       802  1.051899E+00
       803  1.669261E+00
       804  2.950943E+00
       805  1.088511E+00
       806  2.116731E+00
       807  6.419566E-01
       808  1.436175E+00
       809  3.047222E-01
       810  8.983663E-01
       811  2.301997E+01
       812  1.218519E+01
       813  4.854807E+00
       814  1.023752E+00
       815  7.245325E-01
       816  2.346865E+01
       817  1.242578E+01
       818  4.914057E+00
       819  9.222770E-01
       820  4.319502E-01
       821  2.590977E+00
       822  3.905881E+00
       823  2.264580E+00
       824  3.444439E+00
       825  1.949484E+00
       826  3.008182E+00
       827  1.706016E+00
       828  2.614182E+00
       829  6.574619E-01
       830  1.098394E+00
       831  5.860387E-01
       832  1.025210E+00
       833  1.618028E+00
       834  2.873760E+00
       835  1.075270E+00
       836  2.092899E+00
       837  6.523725E-01
       838  1.450781E+00
       839  3.243333E-01
       840  9.360753E-01
       841  2.265998E+01
       842  1.202353E+01
       843  4.815477E+00
       844  1.030664E+00
       845  7.028758E-01
       846  2.306908E+01
       847  1.223582E+01
       848  4.857387E+00
       849  9.224482E-01
       850  4.124309E-01
       851  2.498306E+00
       852  3.793922E+00
       853  2.191260E+00
       854  3.353605E+00
       855  1.893221E+00
       856  2.936647E+00
       857  1.665889E+00
       858  2.560107E+00
       859  6.353692E-01
       860  1.067600E+00
       861  5.674946E-01
       862  9.993682E-01
       863  1.568616E+00
       864  2.799067E+00
       865  1.062300E+00
       866  2.069457E+00
       867  6.626637E-01
       868  1.464866E+00
       869  3.446117E-01
       870  9.735481E-01
       871  2.229965E+01
       872  1.186031E+01
       873  4.774477E+00
       874  1.036913E+00
       875  6.826484E-01
       876  2.267073E+01
       877  1.204526E+01
       878  4.799475E+00
       879  9.219496E-01
       880  3.939946E-01
       881  2.406208E+00
       882  3.682102E+00
       883  2.118569E+00
       884  3.263081E+00
       885  1.837649E+00
       886  2.865592E+00
       887  1.626500E+00
       888  2.506678E+00
       889  6.140767E-01
       890  1.037778E+00
       891  5.496186E-01
       892  9.743532E-01
       893  1.520957E+00
       894  2.726779E+00
       895  1.049577E+00
       896  2.046374E+00
       897  6.727944E-01
       898  1.478392E+00
       899  3.654527E-01
       900  1.010677E+00
       901  2.193901E+01
       902  1.169557E+01
       903  4.731839E+00
       904  1.042490E+00
       905  6.637847E-01
       906  2.227348E+01
       907  1.185404E+01
       908  4.740315E+00
       909  9.207711E-01
       910  3.765881E-01
       911  2.314817E+00
       912  3.570554E+00
       913  2.046594E+00
       914  3.172957E+00
       915  1.782817E+00
       916  2.795070E+00
       917  1.587869E+00
       918  2.453921E+00
       919  5.935611E-01
       920  1.008903E+00
       921  5.323903E-01
       922  9.501429E-01
       923  1.474982E+00
       924  2.656814E+00
       925  1.037076E+00
       926  2.023617E+00
       927  6.827287E-01
       928  1.491316E+00
       929  3.867510E-01
       930  1.047352E+00
       931  2.157811E+01
       932  1.152935E+01
       933  4.687587E+00
       934  1.047387E+00
       935  6.462196E-01
       936  2.187722E+01
       937  1.166213E+01
       938  4.679906E+00
       939  9.189046E-01
       940  3.601595E-01
       941  2.224262E+00
       942  3.459411E+00
       943  1.975418E+00
       944  3.083319E+00
       945  1.728768E+00
       946  2.725132E+00
       947  1.550009E+00
       948  2.401856E+00
       949  5.737991E-01
       950  9.809501E-01
       951  5.157894E-01
       952  9.267151E-01
       953  1.430626E+00
       954  2.589085E+00
       955  1.024774E+00
       956  2.001154E+00
       957  6.924300E-01
       958  1.503597E+00
       959  4.084008E-01
       960  1.083465E+00
       961  2.121694E+01
       962  1.136167E+01
       963  4.641741E+00
       964  1.051592E+00
       965  6.298896E-01
       966  2.148188E+01
       967  1.146951E+01
       968  4.618254E+00
       969  9.163443E-01
       970  3.446585E-01
       971  2.134670E+00
       972  3.348802E+00
       973  1.905122E+00
       974  2.994253E+00
       975  1.675543E+00
       976  2.655823E+00
       977  1.512934E+00
       978  2.350503E+00
       979  5.547671E-01
       980  9.538928E-01
       981  4.997955E-01
       982  9.040469E-01
       983  1.387822E+00
       984  2.523508E+00
       985  1.012647E+00
       986  1.978947E+00
       987  7.018616E-01
       988  1.515190E+00
       989  4.302964E-01
       990  1.118907E+00
       991  2.085550E+01
       992  1.119257E+01
       993  4.594322E+00
       994  1.055098E+00
       995  6.147320E-01
       996  2.108738E+01
       997  1.127617E+01
       998  4.555366E+00
       999  9.130865E-01
      1000  3.300358E-01
      1001  2.046163E+00
      1002  3.238856E+00
      1003  1.835780E+00
      1004  2.905840E+00
      1005  1.623182E+00
      1006  2.587188E+00
      1007  1.476652E+00
      1008  2.299877E+00
      1009  5.364421E-01
      1010  9.277052E-01
      1011  4.843884E-01
      1012  8.821152E-01
      1013  1.346508E+00
      1014  2.459998E+00
      1015  1.000670E+00
      1016  1.956960E+00
      1017  7.109863E-01
      1018  1.526051E+00
      1019  4.523325E-01
      1020  1.153572E+00
      1021  2.049380E+01
      1022  1.102206E+01
      1023  4.545346E+00
      1024  1.057894E+00
      1025  6.006859E-01
      1026  2.069365E+01
      1027  1.108209E+01
      1028  4.491253E+00
      1029  9.091295E-01
      1030  3.162441E-01
      1031  1.958858E+00
      1032  3.129699E+00
      1033  1.767464E+00
      1034  2.818159E+00
      1035  1.571717E+00
      1036  2.519268E+00
      1037  1.441170E+00
      1038  2.249992E+00
      1039  5.188007E-01
      1040  9.023613E-01
      1041  4.695478E-01
      1042  8.608966E-01
      1043  1.306620E+00
      1044  2.398471E+00
      1045  9.888210E-01
      1046  1.935156E+00
      1047  7.197666E-01
      1048  1.536136E+00
      1049  4.744043E-01
      1050  1.187352E+00
      1051  2.013181E+01
      1052  1.085016E+01
      1053  4.494830E+00
      1054  1.059973E+00
      1055  5.876917E-01
      1056  2.030065E+01
      1057  1.088728E+01
      1058  4.425931E+00
      1059  9.044733E-01
      1060  3.032375E-01
      1061  1.872869E+00
      1062  3.021452E+00
      1063  1.700242E+00
      1064  2.731288E+00
      1065  1.521181E+00
      1066  2.452103E+00
      1067  1.406492E+00
      1068  2.200856E+00
      1069  5.018199E-01
      1070  8.778344E-01
      1071  4.552538E-01
      1072  8.403673E-01
      1073  1.268095E+00
      1074  2.338841E+00
      1075  9.770745E-01
      1076  1.913496E+00
      1077  7.281650E-01
      1078  1.545397E+00
      1079  4.964082E-01
      1080  1.220143E+00
      1081  1.976952E+01
      1082  1.067686E+01
      1083  4.442791E+00
      1084  1.061329E+00
      1085  5.756917E-01
      1086  1.990833E+01
      1087  1.069174E+01
      1088  4.359416E+00
      1089  8.991201E-01
      1090  2.909716E-01
      1091  1.788303E+00
      1092  2.914237E+00
      1093  1.634177E+00
      1094  2.645299E+00
      1095  1.471601E+00
      1096  2.385727E+00
      1097  1.372618E+00
      1098  2.152478E+00
      1099  4.854769E-01
      1100  8.540983E-01
      1101  4.414862E-01
      1102  8.205035E-01
      1103  1.230874E+00
      1104  2.281025E+00
      1105  9.654067E-01
      1106  1.891942E+00
      1107  7.361437E-01
      1108  1.553791E+00
      1109  5.182414E-01
      1110  1.251841E+00
      1111  1.940691E+01
      1112  1.050220E+01
      1113  4.389245E+00
      1114  1.061956E+00
      1115  5.646297E-01
      1116  1.951665E+01
      1117  1.049546E+01
      1118  4.291729E+00
      1119  8.930737E-01
      1120  2.794039E-01
      1121  1.705264E+00
      1122  2.808169E+00
      1123  1.569328E+00
      1124  2.560264E+00
      1125  1.423002E+00
      1126  2.320174E+00
      1127  1.339549E+00
      1128  2.104861E+00
      1129  4.697489E-01
      1130  8.311265E-01
      1131  4.282255E-01
      1132  8.012813E-01
      1133  1.194895E+00
      1134  2.224942E+00
      1135  9.537935E-01
      1136  1.870455E+00
      1137  7.436650E-01
      1138  1.561271E+00
      1139  5.398031E-01
      1140  1.282344E+00
      1141  1.904394E+01
      1142  1.032618E+01
      1143  4.334211E+00
      1144  1.061850E+00
      1145  5.544516E-01
      1146  1.912559E+01
      1147  1.029847E+01
      1148  4.222891E+00
      1149  8.863394E-01
      1150  2.684936E-01
      1151  1.623850E+00
      1152  2.703360E+00
      1153  1.505752E+00
      1154  2.476250E+00
      1155  1.375406E+00
      1156  2.255474E+00
      1157  1.307282E+00
      1158  2.058009E+00
      1159  4.546136E-01
      1160  8.088923E-01
      1161  4.154521E-01
      1162  7.826766E-01
      1163  1.160103E+00
      1164  2.170509E+00
      1165  9.422110E-01
      1166  1.848994E+00
      1167  7.506916E-01
      1168  1.567792E+00
      1169  5.609940E-01
      1170  1.311553E+00
      1171  1.868061E+01
      1172  1.014881E+01
      1173  4.277707E+00
      1174  1.061008E+00
      1175  5.451051E-01
      1176  1.873510E+01
      1177  1.010076E+01
      1178  4.152927E+00
      1179  8.789246E-01
      1180  2.582013E-01
      1181  1.544155E+00
      1182  2.599920E+00
      1183  1.443502E+00
      1184  2.393320E+00
      1185  1.328834E+00
      1186  2.191654E+00
      1187  1.275812E+00
      1188  2.011919E+00
      1189  4.400486E-01
      1190  7.873695E-01
      1191  4.031466E-01
      1192  7.646654E-01
      1193  1.126439E+00
      1194  2.117647E+00
      1195  9.306352E-01
      1196  1.827522E+00
      1197  7.571864E-01
      1198  1.573308E+00
      1199  5.817168E-01
      1200  1.339371E+00
      1201  1.831688E+01
      1202  9.970105E+00
      1203  4.219752E+00
      1204  1.059429E+00
      1205  5.365399E-01
      1206  1.834516E+01
      1207  9.902367E+00
      1208  4.081863E+00
      1209  8.708378E-01
      1210  2.484898E-01
      1211  1.466267E+00
      1212  2.497953E+00
      1213  1.382624E+00
      1214  2.311536E+00
      1215  1.283301E+00
      1216  2.128740E+00
      1217  1.245131E+00
      1218  1.966591E+00
      1219  4.260322E-01
      1220  7.665316E-01
      1221  3.912898E-01
      1222  7.472235E-01
      1223  1.093848E+00
      1224  2.066275E+00
      1225  9.190423E-01
      1226  1.805997E+00
      1227  7.631128E-01
      1228  1.577776E+00
      1229  6.018767E-01
      1230  1.365702E+00
      1231  1.795274E+01
      1232  9.790077E+00
      1233  4.160369E+00
      1234  1.057114E+00
      1235  5.287074E-01
      1236  1.795576E+01
      1237  9.703293E+00
      1238  4.009726E+00
      1239  8.620894E-01
      1240  2.393232E-01
      1241  1.390269E+00
      1242  2.397557E+00
      1243  1.323163E+00
      1244  2.230955E+00
      1245  1.238821E+00
      1246  2.066753E+00
      1247  1.215233E+00
      1248  1.922017E+00
      1249  4.125427E-01
      1250  7.463523E-01
      1251  3.798630E-01
      1252  7.303268E-01
      1253  1.062277E+00
      1254  2.016316E+00
      1255  9.074089E-01
      1256  1.784382E+00
      1257  7.684348E-01
      1258  1.581152E+00
      1259  6.213813E-01
      1260  1.390454E+00
      1261  1.758817E+01
      1262  9.608743E+00
      1263  4.099579E+00
      1264  1.054066E+00
      1265  5.215614E-01
      1266  1.756687E+01
      1267  9.503564E+00
      1268  3.936546E+00
      1269  8.526909E-01
      1270  2.306675E-01
      1271  1.316237E+00
      1272  2.298829E+00
      1273  1.265160E+00
      1274  2.151632E+00
      1275  1.195406E+00
      1276  2.005712E+00
      1277  1.186105E+00
      1278  1.878191E+00
      1279  3.995587E-01
      1280  7.268054E-01
      1281  3.688475E-01
      1282  7.139513E-01
      1283  1.031673E+00
      1284  1.967694E+00
      1285  8.957118E-01
      1286  1.762638E+00
      1287  7.731171E-01
      1288  1.583391E+00
      1289  6.401412E-01
      1290  1.413539E+00
      1291  1.722314E+01
      1292  9.426121E+00
      1293  4.037407E+00
      1294  1.050287E+00
      1295  5.150573E-01
      1296  1.717849E+01
      1297  9.303199E+00
      1298  3.862356E+00
      1299  8.426556E-01
      1300  2.224902E-01
      1301  1.244242E+00
      1302  2.201859E+00
      1303  1.208651E+00
      1304  2.073616E+00
      1305  1.153065E+00
      1306  1.945635E+00
      1307  1.157737E+00
      1308  1.835103E+00
      1309  3.870592E-01
      1310  7.078648E-01
      1311  3.582249E-01
      1312  6.980729E-01
      1313  1.001985E+00
      1314  1.920333E+00
      1315  8.839282E-01
      1316  1.740725E+00
      1317  7.771256E-01
      1318  1.584453E+00
      1319  6.580700E-01
      1320  1.434871E+00
      1321  1.685765E+01
      1322  9.242230E+00
      1323  3.973879E+00
      1324  1.045783E+00
      1325  5.091528E-01
      1326  1.679059E+01
      1327  9.102226E+00
      1328  3.787187E+00
      1329  8.319978E-01
      1330  2.147605E-01
      1331  1.174351E+00
      1332  2.106733E+00
      1333  1.153668E+00
      1334  1.996954E+00
      1335  1.111803E+00
      1336  1.886535E+00
      1337  1.130116E+00
      1338  1.792740E+00
      1339  3.750237E-01
      1340  6.895046E-01
      1341  3.479771E-01
      1342  6.826676E-01
      1343  9.731634E-01
      1344  1.874160E+00
      1345  8.720356E-01
      1346  1.718606E+00
      1347  7.804269E-01
      1348  1.584296E+00
      1349  6.750847E-01
      1350  1.454367E+00
      1351  1.649169E+01
      1352  9.057093E+00
      1353  3.909023E+00
      1354  1.040561E+00
      1355  5.038072E-01
      1356  1.640319E+01
      1357  8.900671E+00
      1358  3.711074E+00
      1359  8.207333E-01
      1360  2.074493E-01
      1361  1.106623E+00
      1362  2.013530E+00
      1363  1.100241E+00
      1364  1.921690E+00
      1365  1.071626E+00
      1366  1.828424E+00
      1367  1.103227E+00
      1368  1.751089E+00
      1369  3.634316E-01
      1370  6.716990E-01
      1371  3.380863E-01
      1372  6.677115E-01
      1373  9.451597E-01
      1374  1.829102E+00
      1375  8.600121E-01
      1376  1.696243E+00
      1377  7.829890E-01
      1378  1.582880E+00
      1379  6.911059E-01
      1380  1.471950E+00
      1381  1.612525E+01
      1382  8.870735E+00
      1383  3.842869E+00
      1384  1.034630E+00
      1385  4.989820E-01
      1386  1.601626E+01
      1387  8.698563E+00
      1388  3.634054E+00
      1389  8.088792E-01
      1390  2.005290E-01
      1391  1.041111E+00
      1392  1.922326E+00
      1393  1.048394E+00
      1394  1.847865E+00
      1395  1.032534E+00
      1396  1.771311E+00
      1397  1.077053E+00
      1398  1.710133E+00
      1399  3.522632E-01
      1400  6.544223E-01
      1401  3.285348E-01
      1402  6.531805E-01
      1403  9.179273E-01
      1404  1.785090E+00
      1405  8.478361E-01
      1406  1.673599E+00
      1407  7.847810E-01
      1408  1.580169E+00
      1409  7.060578E-01
      1410  1.487546E+00
      1411  1.575833E+01
      1412  8.683185E+00
      1413  3.775449E+00
      1414  1.028001E+00
      1415  4.946405E-01
      1416  1.562982E+01
      1417  8.495936E+00
      1418  3.556164E+00
      1419  7.964536E-01
      1420  1.939734E-01
      1421  9.778633E-01
      1422  1.833191E+00
      1423  9.981478E-01
      1424  1.775514E+00
      1425  9.945272E-01
      1426  1.715204E+00
      1427  1.051579E+00
      1428  1.669855E+00
      1429  3.414988E-01
      1430  6.376490E-01
      1431  3.193054E-01
      1432  6.390509E-01
      1433  8.914210E-01
      1434  1.742053E+00
      1435  8.354869E-01
      1436  1.650640E+00
      1437  7.857736E-01
      1438  1.576126E+00
      1439  7.198691E-01
      1440  1.501085E+00
      1441  1.539093E+01
      1442  8.494474E+00
      1443  3.706796E+00
      1444  1.020684E+00
      1445  4.907479E-01
      1446  1.524388E+01
      1447  8.292825E+00
      1448  3.477444E+00
      1449  7.834761E-01
      1450  1.877579E-01
      1451  9.169207E-01
      1452  1.746189E+00
      1453  9.495205E-01
      1454  1.704671E+00
      1455  9.576034E-01
      1456  1.660107E+00
      1457  1.026786E+00
      1458  1.630234E+00
      1459  3.311191E-01
      1460  6.213538E-01
      1461  3.103810E-01
      1462  6.252988E-01
      1463  8.655967E-01
      1464  1.699925E+00
      1465  8.229442E-01
      1466  1.627329E+00
      1467  7.859391E-01
      1468  1.570717E+00
      1469  7.324723E-01
      1470  1.512502E+00
      1471  1.502308E+01
      1472  8.304637E+00
      1473  3.636946E+00
      1474  1.012693E+00
      1475  4.872713E-01
      1476  1.485844E+01
      1477  8.089268E+00
      1478  3.397935E+00
      1479  7.699670E-01
      1480  1.818593E-01
      1481  8.583182E-01
      1482  1.661379E+00
      1483  9.025251E-01
      1484  1.635365E+00
      1485  9.217579E-01
      1486  1.606023E+00
      1487  1.002654E+00
      1488  1.591249E+00
      1489  3.211052E-01
      1490  6.055115E-01
      1491  3.017449E-01
      1492  6.119006E-01
      1493  8.404119E-01
      1494  1.658640E+00
      1495  8.101886E-01
      1496  1.603633E+00
      1497  7.852517E-01
      1498  1.563909E+00
      1499  7.438048E-01
      1500  1.521739E+00
      1501  1.465478E+01
      1502  8.113713E+00
      1503  3.565938E+00
      1504  1.004043E+00
      1505  4.841795E-01
      1506  1.447352E+01
      1507  7.885308E+00
      1508  3.317679E+00
      1509  7.559480E-01
      1510  1.762558E-01
      1511  8.020844E-01
      1512  1.578815E+00
      1513  8.571715E-01
      1514  1.567623E+00
      1515  8.869841E-01
      1516  1.552951E+00
      1517  9.791644E-01
      1518  1.552876E+00
      1519  3.114386E-01
      1520  5.900974E-01
      1521  2.933805E-01
      1522  5.988326E-01
      1523  8.158257E-01
      1524  1.618133E+00
      1525  7.972014E-01
      1526  1.579519E+00
      1527  7.836872E-01
      1528  1.555674E+00
      1529  7.538085E-01
      1530  1.528739E+00
      1531  1.428606E+01
      1532  7.921745E+00
      1533  3.493812E+00
      1534  9.947504E-01
      1535  4.814430E-01
      1536  1.408916E+01
      1537  7.680990E+00
      1538  3.236723E+00
      1539  7.414417E-01
      1540  1.709268E-01
      1541  7.482413E-01
      1542  1.498546E+00
      1543  8.134656E-01
      1544  1.501468E+00
      1545  8.532739E-01
      1546  1.500890E+00
      1547  9.562958E-01
      1548  1.515090E+00
      1549  3.021013E-01
      1550  5.750865E-01
      1551  2.852715E-01
      1552  5.860712E-01
      1553  7.917982E-01
      1554  1.578343E+00
      1555  7.839649E-01
      1556  1.554956E+00
      1557  7.812237E-01
      1558  1.545985E+00
      1559  7.624302E-01
      1560  1.533455E+00
      1561  1.391694E+01
      1562  7.728780E+00
      1563  3.420611E+00
      1564  9.848326E-01
      1565  4.790343E-01
      1566  1.370537E+01
      1567  7.476362E+00
      1568  3.155111E+00
      1569  7.264719E-01
      1570  1.658532E-01
      1571  6.968047E-01
      1572  1.420612E+00
      1573  7.714100E-01
      1574  1.436919E+00
      1575  8.206171E-01
      1576  1.449837E+00
      1577  9.340268E-01
      1578  1.477865E+00
      1579  2.930754E-01
      1580  5.604544E-01
      1581  2.774022E-01
      1582  5.735930E-01
      1583  7.682914E-01
      1584  1.539210E+00
      1585  7.704623E-01
      1586  1.529914E+00
      1587  7.778413E-01
      1588  1.534817E+00
      1589  7.696219E-01
      1590  1.535843E+00
      1591  1.354748E+01
      1592  7.534868E+00
      1593  3.346378E+00
      1594  9.743089E-01
      1595  4.769271E-01
      1596  1.332221E+01
      1597  7.271477E+00
      1598  3.072892E+00
      1599  7.110631E-01
      1600  1.610169E-01
      1601  6.477837E-01
      1602  1.345052E+00
      1603  7.310033E-01
      1604  1.373993E+00
      1605  7.890020E-01
      1606  1.399786E+00
      1607  9.123353E-01
      1608  1.441174E+00
      1609  2.843437E-01
      1610  5.461769E-01
      1611  2.697567E-01
      1612  5.613746E-01
      1613  7.452684E-01
      1614  1.500674E+00
      1615  7.566778E-01
      1616  1.504365E+00
      1617  7.735227E-01
      1618  1.522150E+00
      1619  7.753409E-01
      1620  1.535867E+00
      1621  1.317770E+01
      1622  7.340065E+00
      1623  3.271163E+00
      1624  9.631998E-01
      1625  4.750972E-01
      1626  1.293970E+01
      1627  7.066392E+00
      1628  2.990117E+00
      1629  6.952408E-01
      1630  1.564011E-01
      1631  6.011810E-01
      1632  1.271895E+00
      1633  6.922410E-01
      1634  1.312703E+00
      1635  7.584155E-01
      1636  1.350730E+00
      1637  8.911985E-01
      1638  1.404986E+00
      1639  2.758891E-01
      1640  5.322298E-01
      1641  2.623196E-01
      1642  5.493928E-01
      1643  7.226941E-01
      1644  1.462680E+00
      1645  7.425969E-01
      1646  1.478283E+00
      1647  7.682528E-01
      1648  1.507965E+00
      1649  7.795499E-01
      1650  1.533495E+00
      1651  1.280767E+01
      1652  7.144432E+00
      1653  3.195014E+00
      1654  9.515270E-01
      1655  4.735217E-01
      1656  1.255792E+01
      1657  6.861167E+00
      1658  2.906837E+00
      1659  6.790314E-01
      1660  1.519902E-01
      1661  5.569926E-01
      1662  1.201168E+00
      1663  6.551149E-01
      1664  1.253059E+00
      1665  7.288428E-01
      1666  1.302660E+00
      1667  8.705934E-01
      1668  1.369271E+00
      1669  2.676950E-01
      1670  5.185894E-01
      1671  2.550759E-01
      1672  5.376245E-01
      1673  7.005346E-01
      1674  1.425173E+00
      1675  7.282065E-01
      1676  1.451643E+00
      1677  7.620195E-01
      1678  1.492248E+00
      1679  7.822174E-01
      1680  1.528704E+00
      1681  1.243745E+01
      1682  6.948036E+00
      1683  3.117983E+00
      1684  9.393138E-01
      1685  4.721791E-01
      1686  1.217691E+01
      1687  6.655869E+00
      1688  2.823106E+00
      1689  6.624621E-01
      1690  1.477695E-01
      1691  5.152084E-01
      1692  1.132891E+00
      1693  6.196133E-01
      1694  1.195069E+00
      1695  7.002679E-01
      1696  1.255567E+00
      1697  8.504965E-01
      1698  1.333998E+00
      1699  2.597454E-01
      1700  5.052321E-01
      1701  2.480106E-01
      1702  5.260467E-01
      1703  6.787578E-01
      1704  1.388102E+00
      1705  7.134945E-01
      1706  1.424423E+00
      1707  7.548131E-01
      1708  1.474989E+00
      1709  7.833175E-01
      1710  1.521477E+00
      1711  1.206711E+01
      1712  6.750945E+00
      1713  3.040126E+00
      1714  9.265844E-01
      1715  4.710496E-01
      1716  1.179675E+01
      1717  6.450568E+00
      1718  2.738980E+00
      1719  6.455609E-01
      1720  1.437254E-01
      1721  4.758113E-01
      1722  1.067077E+00
      1723  5.857213E-01
      1724  1.138737E+00
      1725  6.726732E-01
      1726  1.209438E+00
      1727  8.308839E-01
      1728  1.299134E+00
      1729  2.520245E-01
      1730  4.921349E-01
      1731  2.411093E-01
      1732  5.146367E-01
      1733  6.573331E-01
      1734  1.351415E+00
      1735  6.984506E-01
      1736  1.396603E+00
      1737  7.466272E-01
      1738  1.456182E+00
      1739  7.828304E-01
      1740  1.511803E+00
      1741  1.169674E+01
      1742  6.553239E+00
      1743  2.961500E+00
      1744  9.133646E-01
      1745  4.701148E-01
      1746  1.141752E+01
      1747  6.245340E+00
      1748  2.654518E+00
      1749  6.283566E-01
      1750  1.398454E-01
      1751  4.387781E-01
      1752  1.003735E+00
      1753  5.534207E-01
      1754  1.084063E+00
      1755  6.460403E-01
      1756  1.164261E+00
      1757  8.117316E-01
      1758  1.264645E+00
      1759  2.445169E-01
      1760  4.792747E-01
      1761  2.343577E-01
      1762  5.033720E-01
      1763  6.362314E-01
      1764  1.315067E+00
      1765  6.830660E-01
      1766  1.368166E+00
      1767  7.374582E-01
      1768  1.435822E+00
      1769  7.807425E-01
      1770  1.499679E+00
      1771  1.132643E+01
      1772  6.354999E+00
      1773  2.882166E+00
      1774  8.996812E-01
      1775  4.693574E-01
      1776  1.103932E+01
      1777  6.040265E+00
      1778  2.569781E+00
      1779  6.108785E-01
      1780  1.361177E-01
      1781  4.040790E-01
      1782  9.428682E-01
      1783  5.226902E-01
      1784  1.031048E+00
      1785  6.203496E-01
      1786  1.120021E+00
      1787  7.930156E-01
      1788  1.230498E+00
      1789  2.372077E-01
      1790  4.666290E-01
      1791  2.277419E-01
      1792  4.922303E-01
      1793  6.154253E-01
      1794  1.279013E+00
      1795  6.673336E-01
      1796  1.339098E+00
      1797  7.273060E-01
      1798  1.413913E+00
      1799  7.770464E-01
      1800  1.485111E+00
      1801  1.095628E+01
      1802  6.156314E+00
      1803  2.802186E+00
      1804  8.855620E-01
      1805  4.687617E-01
      1806  1.066224E+01
      1807  5.835432E+00
      1808  2.484830E+00
      1809  5.931567E-01
      1810  1.325315E-01
      1811  3.716781E-01
      1812  8.844744E-01
      1813  4.935052E-01
      1814  9.796861E-01
      1815  5.955802E-01
      1816  1.076704E+00
      1817  7.747119E-01
      1818  1.196658E+00
      1819  2.300825E-01
      1820  4.541759E-01
      1821  2.212483E-01
      1822  4.811896E-01
      1823  5.948893E-01
      1824  1.243209E+00
      1825  6.512481E-01
      1826  1.309386E+00
      1827  7.161737E-01
      1828  1.390459E+00
      1829  7.717410E-01
      1830  1.468109E+00
      1831  1.058642E+01
      1832  5.957281E+00
      1833  2.721627E+00
      1834  8.710364E-01
      1835  4.683133E-01
      1836  1.028640E+01
      1837  5.630934E+00
      1838  2.399731E+00
      1839  5.752221E-01
      1840  1.290768E-01
      1841  3.415330E-01
      1842  8.285459E-01
      1843  4.658382E-01
      1844  9.299717E-01
      1845  5.717106E-01
      1846  1.034294E+00
      1847  7.567963E-01
      1848  1.163090E+00
      1849  2.231274E-01
      1850  4.418935E-01
      1851  2.148638E-01
      1852  4.702283E-01
      1853  5.745995E-01
      1854  1.207617E+00
      1855  6.348064E-01
      1856  1.279022E+00
      1857  7.040681E-01
      1858  1.365474E+00
      1859  7.648317E-01
      1860  1.448695E+00
      1861  1.021697E+01
      1862  5.758001E+00
      1863  2.640558E+00
      1864  8.561345E-01
      1865  4.679988E-01
      1866  9.911931E+00
      1867  5.426871E+00
      1868  2.314553E+00
      1869  5.571058E-01
      1870  1.257445E-01
      1871  3.135952E-01
      1872  7.750694E-01
      1873  4.396587E-01
      1874  8.818956E-01
      1875  5.487183E-01
      1876  9.927748E-01
      1877  7.392451E-01
      1878  1.129758E+00
      1879  2.163287E-01
      1880  4.297608E-01
      1881  2.085754E-01
      1882  4.593252E-01
      1883  5.545340E-01
      1884  1.172202E+00
      1885  6.180071E-01
      1886  1.248001E+00
      1887  6.909995E-01
      1888  1.338972E+00
      1889  7.563306E-01
      1890  1.426896E+00
      1891  9.848086E+00
      1892  5.558586E+00
      1893  2.559051E+00
      1894  8.408878E-01
      1895  4.678064E-01
      1896  9.538971E+00
      1897  5.223351E+00
      1898  2.229365E+00
      1899  5.388398E-01
      1900  1.225261E-01
      1901  2.878101E-01
      1902  7.240269E-01
      1903  4.149334E-01
      1904  8.354465E-01
      1905  5.265801E-01
      1906  9.521285E-01
      1907  7.220347E-01
      1908  1.096627E+00
      1909  2.096735E-01
      1910  4.177572E-01
      1911  2.023708E-01
      1912  4.484597E-01
      1913  5.346726E-01
      1914  1.136929E+00
      1915  6.008514E-01
      1916  1.216320E+00
      1917  6.769821E-01
      1918  1.310975E+00
      1919  7.462565E-01
      1920  1.402749E+00
      1921  9.479918E+00
      1922  5.359152E+00
      1923  2.477182E+00
      1924  8.253287E-01
      1925  4.677253E-01
      1926  9.167677E+00
      1927  5.020486E+00
      1928  2.144241E+00
      1929  5.204564E-01
      1930  1.194140E-01
      1931  2.641173E-01
      1932  6.753952E-01
      1933  3.916262E-01
      1934  7.906111E-01
      1935  5.052722E-01
      1936  9.123380E-01
      1937  7.051422E-01
      1938  1.063661E+00
      1939  2.031493E-01
      1940  4.058626E-01
      1941  1.962380E-01
      1942  4.376116E-01
      1943  5.149972E-01
      1944  1.101769E+00
      1945  5.833426E-01
      1946  1.183983E+00
      1947  6.620339E-01
      1948  1.281511E+00
      1949  7.346349E-01
      1950  1.376298E+00
      1951  9.112644E+00
      1952  5.159828E+00
      1953  2.395030E+00
      1954  8.094911E-01
      1955  4.677460E-01
      1956  8.798220E+00
      1957  4.818401E+00
      1958  2.059257E+00
      1959  5.019885E-01
      1960  1.164011E-01
      1961  2.424505E-01
      1962  6.291466E-01
      1963  3.696982E-01
      1964  7.473741E-01
      1965  4.847700E-01
      1966  8.733858E-01
      1967  6.885451E-01
      1968  1.030827E+00
      1969  1.967442E-01
      1970  3.940580E-01
      1971  1.901655E-01
      1972  4.267616E-01
      1973  4.954920E-01
      1974  1.066696E+00
      1975  5.654866E-01
      1976  1.150996E+00
      1977  6.461773E-01
      1978  1.250610E+00
      1979  7.214980E-01
      1980  1.347597E+00
      1981  8.746456E+00
      1982  4.960747E+00
      1983  2.312679E+00
      1984  7.934097E-01
      1985  4.678605E-01
      1986  8.430788E+00
      1987  4.617225E+00
      1988  1.974491E+00
      1989  4.834693E-01
      1990  1.134810E-01
      1991  2.227378E-01
      1992  5.852486E-01
      1993  3.491082E-01
      1994  7.057185E-01
      1995  4.650485E-01
      1996  8.352543E-01
      1997  6.722214E-01
      1998  9.980907E-01
      1999  1.904469E-01
      2000  3.823248E-01
      2001  1.841422E-01
      2002  4.158909E-01
      2003  4.761431E-01
      2004  1.031689E+00
      2005  5.472918E-01
      2006  1.117368E+00
      2007  6.294385E-01
      2008  1.218313E+00
      2009  7.068851E-01
      2010  1.316707E+00
      2011  8.381562E+00
      2012  4.762054E+00
      2013  2.230215E+00
      2014  7.771207E-01
      2015  4.680621E-01
      2016  8.065582E+00
      2017  4.417096E+00
      2018  1.890025E+00
      2019  4.649325E-01
      2020  1.106481E-01
      2021  2.049021E-01
      2022  5.436650E-01
      2023  3.298123E-01
      2024  6.656262E-01
      2025  4.460825E-01
      2026  7.979266E-01
      2027  6.561502E-01
      2028  9.654188E-01
      2029  1.842468E-01
      2030  3.706456E-01
      2031  1.781579E-01
      2032  4.049820E-01
      2033  4.569390E-01
      2034  9.967279E-01
      2035  5.287695E-01
      2036  1.083115E+00
      2037  6.118481E-01
      2038  1.184663E+00
      2039  6.908422E-01
      2040  1.283699E+00
      2041  8.018192E+00
      2042  4.563904E+00
      2043  2.147730E+00
      2044  7.606616E-01
      2045  4.683455E-01
      2046  7.702825E+00
      2047  4.218163E+00
      2048  1.805944E+00
      2049  4.464120E-01
      2050  1.078971E-01
      2051  1.888613E-01
      2052  5.043557E-01
      2053  3.117645E-01
      2054  6.270777E-01
      2055  4.278462E-01
      2056  7.613861E-01
      2057  6.403118E-01
      2058  9.327805E-01
      2059  1.781338E-01
      2060  3.590040E-01
      2061  1.722027E-01
      2062  3.940182E-01
      2063  4.378706E-01
      2064  9.618004E-01
      2065  5.099337E-01
      2066  1.048258E+00
      2067  5.934411E-01
      2068  1.149712E+00
      2069  6.734223E-01
      2070  1.248653E+00
      2071  7.656595E+00
      2072  4.366463E+00
      2073  2.065319E+00
      2074  7.440711E-01
      2075  4.687069E-01
      2076  7.342754E+00
      2077  4.020580E+00
      2078  1.722337E+00
      2079  4.279422E-01
      2080  1.052235E-01
      2081  1.745286E-01
      2082  4.672778E-01
      2083  2.949171E-01
      2084  5.900533E-01
      2085  4.103141E-01
      2086  7.256176E-01
      2087  6.246875E-01
      2088  9.001466E-01
      2089  1.720987E-01
      2090  3.473848E-01
      2091  1.662675E-01
      2092  3.829842E-01
      2093  4.189310E-01
      2094  9.268971E-01
      2095  4.908014E-01
      2096  1.012820E+00
      2097  5.742568E-01
      2098  1.113517E+00
      2099  6.546850E-01
      2100  1.211657E+00
      2101  7.297042E+00
      2102  4.169909E+00
      2103  1.983082E+00
      2104  7.273896E-01
      2105  4.691445E-01
      2106  6.985624E+00
      2107  3.824511E+00
      2108  1.639292E+00
      2109  4.095575E-01
      2110  1.026233E-01
      2111  1.618135E-01
      2112  4.323858E-01
      2113  2.792203E-01
      2114  5.545331E-01
      2115  3.934604E-01
      2116  6.906071E-01
      2117  6.092604E-01
      2118  8.674903E-01
      2119  1.661331E-01
      2120  3.357740E-01
      2121  1.603441E-01
      2122  3.718661E-01
      2123  4.001162E-01
      2124  8.920136E-01
      2125  4.713927E-01
      2126  9.768332E-01
      2127  5.543392E-01
      2128  1.076142E+00
      2129  6.346969E-01
      2130  1.172808E+00
      2131  6.939829E+00
      2132  3.974431E+00
      2133  1.901126E+00
      2134  7.106592E-01
      2135  4.696582E-01
      2136  6.631707E+00
      2137  3.630131E+00
      2138  1.556905E+00
      2139  3.912929E-01
      2140  1.000933E-01
      2141  1.506218E-01
      2142  3.996328E-01
      2143  2.646234E-01
      2144  5.204981E-01
      2145  3.772599E-01
      2146  6.563429E-01
      2147  5.940155E-01
      2148  8.347876E-01
      2149  1.602293E-01
      2150  3.241594E-01
      2151  1.544248E-01
      2152  3.606518E-01
      2153  3.814246E-01
      2154  8.571512E-01
      2155  4.517308E-01
      2156  9.403329E-01
      2157  5.337366E-01
      2158  1.037660E+00
      2159  6.135311E-01
      2160  1.132215E+00
      2161  6.585277E+00
      2162  3.780233E+00
      2163  1.819561E+00
      2164  6.939233E-01
      2165  4.702503E-01
      2166  6.281294E+00
      2167  3.437619E+00
      2168  1.475272E+00
      2169  3.731832E-01
      2170  9.763049E-02
      2171  1.408575E-01
      2172  3.689715E-01
      2173  2.510751E-01
      2174  4.879309E-01
      2175  3.616883E-01
      2176  6.228157E-01
      2177  5.789401E-01
      2178  8.020181E-01
      2179  1.543808E-01
      2180  3.125304E-01
      2181  1.485031E-01
      2182  3.493308E-01
      2183  3.628575E-01
      2184  8.223166E-01
      2185  4.318421E-01
      2186  9.033618E-01
      2187  5.125018E-01
      2188  9.981486E-01
      2189  5.912673E-01
      2190  1.089992E+00
      2191  6.233738E+00
      2192  3.587533E+00
      2193  1.738506E+00
      2194  6.772274E-01
      2195  4.709251E-01
      2196  5.934688E+00
      2197  3.247164E+00
      2198  1.394490E+00
      2199  3.552634E-01
      2200  9.523297E-02
      2201  1.324233E-01
      2202  3.403552E-01
      2203  2.385243E-01
      2204  4.568167E-01
      2205  3.467221E-01
      2206  5.900196E-01
      2207  5.640244E-01
      2208  7.691657E-01
      2209  1.485819E-01
      2210  3.008783E-01
      2211  1.425735E-01
      2212  3.378950E-01
      2213  3.444188E-01
      2214  7.875224E-01
      2215  4.117564E-01
      2216  8.659684E-01
      2217  4.906920E-01
      2218  9.576948E-01
      2219  5.679915E-01
      2220  1.046265E+00
      2221  5.885592E+00
      2222  3.396567E+00
      2223  1.658082E+00
      2224  6.606188E-01
      2225  4.716899E-01
      2226  5.592211E+00
      2227  3.058960E+00
      2228  1.314662E+00
      2229  3.375689E-01
      2230  9.289936E-02
      2231  1.252223E-01
      2232  3.137395E-01
      2233  2.269212E-01
      2234  4.271446E-01
      2235  3.323402E-01
      2236  5.579529E-01
      2237  5.492623E-01
      2238  7.362191E-01
      2239  1.428281E-01
      2240  2.891965E-01
      2241  1.366313E-01
      2242  3.263388E-01
      2243  3.261153E-01
      2244  7.527878E-01
      2245  3.915065E-01
      2246  8.282083E-01
      2247  4.683689E-01
      2248  9.163929E-01
      2249  5.437955E-01
      2250  1.001170E+00
      2251  5.541256E+00
      2252  3.207585E+00
      2253  1.578419E+00
      2254  6.441460E-01
      2255  4.725547E-01
      2256  5.254195E+00
      2257  2.873209E+00
      2258  1.235889E+00
      2259  3.201348E-01
      2260  9.062927E-02
      2261  1.191604E-01
      2262  2.890838E-01
      2263  2.162186E-01
      2264  3.989092E-01
      2265  3.185243E-01
      2266  5.266190E-01
      2267  5.346520E-01
      2268  7.031728E-01
      2269  1.371160E-01
      2270  2.774810E-01
      2271  1.306734E-01
      2272  3.146591E-01
      2273  3.079571E-01
      2274  7.181386E-01
      2275  3.711289E-01
      2276  7.901442E-01
      2277  4.455982E-01
      2278  8.743453E-01
      2279  5.187770E-01
      2280  9.548522E-01
      2281  5.201181E+00
      2282  3.020858E+00
      2283  1.499654E+00
      2284  6.278593E-01
      2285  4.735323E-01
      2286  4.920985E+00
      2287  2.690115E+00
      2288  1.158274E+00
      2289  3.029968E-01
      2290  8.842340E-02
      2291  1.141485E-01
      2292  2.663534E-01
      2293  2.063744E-01
      2294  3.721123E-01
      2295  3.052603E-01
      2296  4.960277E-01
      2297  5.201970E-01
      2298  6.700280E-01
      2299  1.314437E-01
      2300  2.657303E-01
      2301  1.246979E-01
      2302  3.028562E-01
      2303  2.899570E-01
      2304  6.836078E-01
      2305  3.506628E-01
      2306  7.518464E-01
      2307  4.224495E-01
      2308  8.316628E-01
      2309  4.930389E-01
      2310  9.074653E-01
      2311  4.865861E+00
      2312  2.836673E+00
      2313  1.421928E+00
      2314  6.118092E-01
      2315  4.746387E-01
      2316  4.592935E+00
      2317  2.509886E+00
      2318  1.081924E+00
      2319  2.861905E-01
      2320  8.628389E-02
      2321  1.101057E-01
      2322  2.455214E-01
      2323  1.973533E-01
      2324  3.467649E-01
      2325  2.925400E-01
      2326  4.661963E-01
      2327  5.059075E-01
      2328  6.367938E-01
      2329  1.258106E-01
      2330  2.539460E-01
      2331  1.187044E-01
      2332  2.909336E-01
      2333  2.721308E-01
      2334  6.492362E-01
      2335  3.301509E-01
      2336  7.133931E-01
      2337  3.989961E-01
      2338  7.884653E-01
      2339  4.666888E-01
      2340  8.591742E-01
      2341  4.535830E+00
      2342  2.655337E+00
      2343  1.345387E+00
      2344  5.960462E-01
      2345  4.758928E-01
      2346  4.270407E+00
      2347  2.332734E+00
      2348  1.006942E+00
      2349  2.697522E-01
      2350  8.421474E-02
      2351  1.069634E-01
      2352  2.265714E-01
      2353  1.891305E-01
      2354  3.228895E-01
      2355  2.803633E-01
      2356  4.371514E-01
      2357  4.918019E-01
      2358  6.034882E-01
      2359  1.202179E-01
      2360  2.421329E-01
      2361  1.126943E-01
      2362  2.788988E-01
      2363  2.544978E-01
      2364  6.150729E-01
      2365  3.096387E-01
      2366  6.748713E-01
      2367  3.753143E-01
      2368  7.448813E-01
      2369  4.398380E-01
      2370  8.101536E-01
      2371  4.211667E+00
      2372  2.477176E+00
      2373  1.270180E+00
      2374  5.806186E-01
      2375  4.773155E-01
      2376  3.953772E+00
      2377  2.158871E+00
      2378  9.334347E-01
      2379  2.537193E-01
      2380  8.222241E-02
      2381  1.046703E-01
      2382  2.095004E-01
      2383  1.816963E-01
      2384  3.005231E-01
      2385  2.687414E-01
      2386  4.089306E-01
      2387  4.779082E-01
      2388  5.701395E-01
      2389  1.146681E-01
      2390  2.302993E-01
      2391  1.066710E-01
      2392  2.667633E-01
      2393  2.370802E-01
      2394  5.811751E-01
      2395  2.891744E-01
      2396  6.363767E-01
      2397  3.514827E-01
      2398  7.010489E-01
      2399  4.126007E-01
      2400  7.605885E-01
      2401  3.893996E+00
      2402  2.302531E+00
      2403  1.196459E+00
      2404  5.655709E-01
      2405  4.789289E-01
      2406  3.643410E+00
      2407  1.988510E+00
      2408  8.615070E-01
      2409  2.381307E-01
      2410  8.031659E-02
      2411  1.031988E-01
      2412  1.943220E-01
      2413  1.750608E-01
      2414  2.797201E-01
      2415  2.577004E-01
      2416  3.815843E-01
      2417  4.642658E-01
      2418  5.367876E-01
      2419  1.091662E-01
      2420  2.184572E-01
      2421  1.006400E-01
      2422  2.545431E-01
      2423  2.199034E-01
      2424  5.476094E-01
      2425  2.688082E-01
      2426  5.980145E-01
      2427  3.275813E-01
      2428  6.571162E-01
      2429  3.850925E-01
      2430  7.106744E-01
      2431  3.583485E+00
      2432  2.131758E+00
      2433  1.124371E+00
      2434  5.509408E-01
      2435  4.807537E-01
      2436  3.339714E+00
      2437  1.821871E+00
      2438  7.912674E-01
      2439  2.230283E-01
      2440  7.851126E-02
      2441  1.025529E-01
      2442  1.810713E-01
      2443  1.692617E-01
      2444  2.605566E-01
      2445  2.472864E-01
      2446  3.551790E-01
      2447  4.509274E-01
      2448  5.034856E-01
      2449  1.037185E-01
      2450  2.066222E-01
      2451  9.460947E-02
      2452  2.422587E-01
      2453  2.029958E-01
      2454  5.144510E-01
      2455  2.485923E-01
      2456  5.598999E-01
      2457  3.036899E-01
      2458  6.132411E-01
      2459  3.574284E-01
      2460  6.606183E-01
      2461  3.280841E+00
      2462  1.965221E+00
      2463  1.054060E+00
      2464  5.367559E-01
      2465  4.828059E-01
      2466  3.043099E+00
      2467  1.659179E+00
      2468  7.228289E-01
      2469  2.084595E-01
      2470  7.682605E-02
      2471  1.027788E-01
      2472  1.698100E-01
      2473  1.643738E-01
      2474  2.431350E-01
      2475  2.375712E-01
      2476  3.297994E-01
      2477  4.379601E-01
      2478  4.703018E-01
      2479  9.833388E-02
      2480  1.948138E-01
      2481  8.859033E-02
      2482  2.299350E-01
      2483  1.863888E-01
      2484  4.817839E-01
      2485  2.285791E-01
      2486  5.221577E-01
      2487  2.798860E-01
      2488  5.695923E-01
      2489  3.297197E-01
      2490  6.106395E-01
      2491  2.986801E+00
      2492  1.803288E+00
      2493  9.856595E-01
      2494  5.230305E-01
      2495  4.850902E-01
      2496  2.754009E+00
      2497  1.500678E+00
      2498  6.563159E-01
      2499  1.944807E-01
      2500  7.528798E-02
      2501  1.039784E-01
      2502  1.606347E-01
      2503  1.605207E-01
      2504  2.275907E-01
      2505  2.286608E-01
      2506  3.055538E-01
      2507  4.254467E-01
      2508  4.373214E-01
      2509  9.302265E-02
      2510  1.830548E-01
      2511  8.259668E-02
      2512  2.176007E-01
      2513  1.701167E-01
      2514  4.496995E-01
      2515  2.088208E-01
      2516  4.849226E-01
      2517  2.562418E-01
      2518  5.263500E-01
      2519  3.020707E-01
      2520  5.609719E-01
      2521  2.702116E+00
      2522  1.646324E+00
      2523  9.192963E-01
      2524  5.097621E-01
      2525  4.875909E-01
      2526  2.472937E+00
      2527  1.346637E+00
      2528  5.918738E-01
      2529  1.811634E-01
      2530  7.393378E-02
      2531  1.063273E-01
      2532  1.536875E-01
      2533  1.578909E-01
      2534  2.141011E-01
      2535  2.207056E-01
      2536  2.825796E-01
      2537  4.134857E-01
      2538  4.046501E-01
      2539  8.779674E-02
      2540  1.713709E-01
      2541  7.664618E-02
      2542  2.052877E-01
      2543  1.542156E-01
      2544  4.182946E-01
      2545  1.893664E-01
      2546  4.483377E-01
      2547  2.328193E-01
      2548  4.837055E-01
      2549  2.745722E-01
      2550  5.118673E-01
      2551  2.427525E+00
      2552  1.494684E+00
      2553  8.550915E-01
      2554  4.969305E-01
      2555  4.902569E-01
      2556  2.200438E+00
      2557  1.197375E+00
      2558  5.296865E-01
      2559  1.686040E-01
      2560  7.281295E-02
      2561  1.100963E-01
      2562  1.491706E-01
      2563  1.567577E-01
      2564  2.028988E-01
      2565  2.139138E-01
      2566  2.610536E-01
      2567  4.021919E-01
      2568  3.724199E-01
      2569  8.266867E-02
      2570  1.597902E-01
      2571  7.076029E-02
      2572  1.930287E-01
      2573  1.387239E-01
      2574  3.876673E-01
      2575  1.702598E-01
      2576  4.125520E-01
      2577  2.096646E-01
      2578  4.418619E-01
      2579  2.472951E-01
      2580  4.636003E-01
      2581  2.163716E+00
      2582  1.348715E+00
      2583  7.931755E-01
      2584  4.844998E-01
      2585  4.929803E-01
      2586  1.937154E+00
      2587  1.053281E+00
      2588  4.700019E-01
      2589  1.569388E-01
      2590  7.199218E-02
      2591  1.156783E-01
      2592  1.473653E-01
      2593  1.575046E-01
      2594  1.942891E-01
      2595  2.085709E-01
      2596  2.412085E-01
      2597  3.916978E-01
      2598  3.408000E-01
      2599  7.765026E-02
      2600  1.483432E-01
      2601  6.496469E-02
      2602  1.808550E-01
      2603  1.236814E-01
      2604  3.579096E-01
      2605  1.515358E-01
      2606  3.777144E-01
      2607  1.867990E-01
      2608  4.010312E-01
      2609  2.202805E-01
      2610  4.164744E-01
      2611  1.911268E+00
      2612  1.208760E+00
      2613  7.337131E-01
      2614  4.724252E-01
      2615  4.955658E-01
      2616  1.683820E+00
      2617  9.148566E-01
      2618  4.131695E-01
      2619  1.463644E-01
      2620  7.156196E-02
      2621  1.236149E-01
      2622  1.486519E-01
      2623  1.606544E-01
      2624  1.886746E-01
      2625  2.050683E-01
      2626  2.233602E-01
      2627  3.821621E-01
      2628  3.100182E-01
      2629  7.275062E-02
      2630  1.370646E-01
      2631  5.928969E-02
      2632  1.687927E-01
      2633  1.091300E-01
      2634  3.290954E-01
      2635  1.332161E-01
      2636  3.439628E-01
      2637  1.642100E-01
      2638  3.614290E-01
      2639  1.935308E-01
      2640  3.708291E-01
      2641  1.670585E+00
      2642  1.075175E+00
      2643  6.769445E-01
      2644  4.606664E-01
      2645  4.976920E-01
      2646  1.441277E+00
      2647  7.827547E-01
      2648  3.596879E-01
      2649  1.371646E-01
      2650  7.164715E-02
      2651  1.346121E-01
      2652  1.535241E-01
      2653  1.668986E-01
      2654  1.865849E-01
      2655  2.039462E-01
      2656  2.079522E-01
      2657  3.737948E-01
      2658  2.804014E-01
      2659  6.797368E-02
      2660  1.259983E-01
      2661  5.377088E-02
      2662  1.568571E-01
      2663  9.511634E-02
      2664  3.012615E-01
      2665  1.153074E-01
      2666  3.114036E-01
      2667  1.418443E-01
      2668  3.232607E-01
      2669  1.670042E-01
      2670  3.270439E-01
      2671  1.441813E+00
      2672  9.483604E-01
      2673  6.232367E-01
      2674  4.492075E-01
      2675  4.988688E-01
      2676  1.210472E+00
      2677  6.578393E-01
      2678  3.102586E-01
      2679  1.297409E-01
      2680  7.242407E-02
      2681  1.495185E-01
      2682  1.625777E-01
      2683  1.771143E-01
      2684  1.887039E-01
      2685  2.059578E-01
      2686  1.956259E-01
      2687  3.669202E-01
      2688  2.524484E-01
      2689  6.331598E-02
      2690  1.152111E-01
      2691  4.845048E-02
      2692  1.450469E-01
      2693  8.170064E-02
      2694  2.743772E-01
      2695  9.780749E-02
      2696  2.800795E-01
      2697  1.196145E-01
      2698  2.866969E-01
      2699  1.406270E-01
      2700  2.855364E-01
      2701  1.224783E+00
      2702  8.287987E-01
      2703  5.731275E-01
      2704  4.380802E-01
      2705  4.984115E-01
      2706  9.924689E-01
      2707  5.412435E-01
      2708  2.658260E-01
      2709  1.246338E-01
      2710  7.414771E-02
      2711  1.692111E-01
      2712  1.764339E-01
      2713  1.923359E-01
      2714  1.958738E-01
      2715  2.121612E-01
      2716  1.873207E-01
      2717  3.621169E-01
      2718  2.269604E-01
      2719  5.876742E-02
      2720  1.048222E-01
      2721  4.338068E-02
      2722  1.333379E-01
      2723  6.898139E-02
      2724  2.483055E-01
      2725  8.073689E-02
      2726  2.499236E-01
      2727  9.744564E-02
      2728  2.518389E-01
      2729  1.143494E-01
      2730  2.467484E-01
      2731  1.019029E+00
      2732  7.170778E-01
      2733  5.273204E-01
      2734  4.273872E-01
      2735  4.954822E-01
      2736  7.885071E-01
      2737  4.344178E-01
      2738  2.275646E-01
      2739  1.225150E-01
      2740  7.719109E-02
      2741  1.942953E-01
      2742  1.955296E-01
      2743  2.136142E-01
      2744  2.090236E-01
      2745  2.240253E-01
      2746  1.844029E-01
      2747  3.605048E-01
      2748  2.052655E-01
      2749  5.432135E-02
      2750  9.507123E-02
      2751  3.863306E-02
      2752  1.216890E-01
      2753  5.716143E-02
      2754  2.227680E-01
      2755  6.423407E-02
      2756  2.207205E-01
      2757  7.541774E-02
      2758  2.186919E-01
      2759  8.829867E-02
      2760  2.111267E-01
      2761  8.239946E-01
      2762  6.138405E-01
      2763  4.865478E-01
      2764  4.173268E-01
      2765  4.893020E-01
      2766  6.001939E-01
      2767  3.391210E-01
      2768  1.967265E-01
      2769  1.241010E-01
      2770  8.209220E-02
      2771  2.245002E-01
      2772  2.196893E-01
      2773  2.416413E-01
      2774  2.289223E-01
      2775  2.434982E-01
      2776  1.887801E-01
      2777  3.642906E-01
      2778  1.896089E-01
      2779  5.000849E-02
      2780  8.647406E-02
      2781  3.432451E-02
      2782  1.100974E-01
      2783  4.672156E-02
      2784  1.973789E-01
      2785  4.879521E-02
      2786  1.921368E-01
      2787  5.410726E-02
      2788  1.872064E-01
      2789  6.312206E-02
      2790  1.791157E-01
      2791  6.396266E-01
      2792  5.195398E-01
      2793  4.511715E-01
      2794  4.082204E-01
      2795  4.797259E-01
      2796  4.299095E-01
      2797  2.572305E-01
      2798  1.742054E-01
      2799  1.299095E-01
      2800  8.958721E-02
      2801  2.577302E-01
      2802  2.474466E-01
      2803  2.759802E-01
      2804  2.556069E-01
      2805  2.728803E-01
      2806  2.028812E-01
      2807  3.777366E-01
      2808  1.838270E-01
      2809  4.598057E-02
      2810  8.019875E-02
      2811  3.068242E-02
      2812  9.883301E-02
      2813  3.885784E-02
      2814  1.719348E-01
      2815  3.578891E-02
      2816  1.639933E-01
      2817  3.526074E-02
      2818  1.575257E-01
      2819  4.061226E-02
      2820  1.512317E-01
      2821  4.674902E-01
      2822  4.337848E-01
      2823  4.203165E-01
      2824  4.005848E-01
      2825  4.684279E-01
      2826  2.814303E-01
      2827  1.901348E-01
      2828  1.596021E-01
      2829  1.397620E-01
      2830  1.005949E-01
      2831  2.890076E-01
      2832  2.752586E-01
      2833  3.138319E-01
      2834  2.873696E-01
      2835  3.141573E-01
      2836  2.291994E-01
      2837  4.087594E-01
      2838  1.944738E-01
      2839  4.267819E-02
      2840  7.896163E-02
      2841  2.818145E-02
      2842  8.917658E-02
      2843  3.652485E-02
      2844  1.473917E-01
      2845  2.838776E-02
      2846  1.370898E-01
      2847  2.283463E-02
      2848  1.306030E-01
      2849  2.460018E-02
      2850  1.282288E-01
      2851  3.122310E-01
      2852  3.540548E-01
      2853  3.904580E-01
      2854  3.951290E-01
      2855  4.612117E-01
      2856  1.603805E-01
      2857  1.374304E-01
      2858  1.497468E-01
      2859  1.519530E-01
      2860  1.162468E-01
      2861  3.103373E-01
      2862  2.971798E-01
      2863  3.487046E-01
      2864  3.195980E-01
      2865  3.672330E-01
      2866  2.688776E-01
      2867  4.710870E-01
      2868  2.325856E-01
      2869  4.109751E-02
      2870  8.912627E-02
      2871  2.781146E-02
      2872  8.551295E-02
      2873  4.667912E-02
      2874  1.284320E-01
      2875  3.272846E-02
      2876  1.149946E-01
      2877  2.374846E-02
      2878  1.092293E-01
      2879  2.144377E-02
      2880  1.113224E-01
      2881  1.821009E-01
      2882  2.745432E-01
      2883  3.537460E-01
      2884  3.930650E-01
      2885  4.709722E-01
      2886  7.326135E-02
      2887  9.537437E-02
      2888  1.371947E-01
      2889  1.627628E-01
      2890  1.381805E-01
      2891  3.122860E-01
      2892  3.056710E-01
      2893  3.704873E-01
      2894  3.449780E-01
      2895  4.263864E-01
      2896  3.191797E-01
      2897  5.870055E-01
      2898  3.158067E-01
      2899  4.314542E-02
      2900  1.251334E-01
      2901  3.124761E-02
      2902  1.000566E-01
      2903  8.428970E-02
      2904  1.283896E-01
      2905  5.757207E-02
      2906  1.063777E-01
      2907  4.536002E-02
      2908  9.807788E-02
      2909  3.700855E-02
      2910  1.013558E-01
      2911  8.610796E-02
      2912  1.886440E-01
      2913  2.989573E-01
      2914  3.924250E-01
      2915  5.231180E-01
      2916  2.326813E-02
      2917  5.787854E-02
      2918  1.118109E-01
      2919  1.662371E-01
      2920  1.748890E-01
      2921  2.894009E-01
      2922  2.937150E-01
      2923  3.681931E-01
      2924  3.554907E-01
      2925  4.754445E-01
      2926  3.700586E-01
      2927  7.847544E-01
      2928  4.701385E-01
      2929  5.071069E-02
      2930  2.170845E-01
      2931  4.139283E-02
      2932  1.629914E-01
      2933  1.792475E-01
      2934  1.775495E-01
      2935  1.086416E-01
      2936  1.241393E-01
      2937  8.708375E-02
      2938  9.900385E-02
      2939  7.074618E-02
      2940  9.657660E-02
      2941  2.807401E-02
      2942  1.029943E-01
      2943  2.225839E-01
      2944  3.844634E-01
      2945  6.691026E-01
      2946  4.200373E-03
      2947  2.359607E-02
      2948  6.826255E-02
      2949  1.536743E-01
      2950  2.643513E-01
      2951  2.644578E-01
      2952  2.729349E-01
      2953  3.560247E-01
      2954  3.694554E-01
      2955  5.100731E-01
      2956  4.270213E-01
      2957  1.112233E+00
      2958  7.403381E-01
      2959  7.448304E-02
      2960  4.320256E-01
      2961  6.768694E-02
      2962  3.420560E-01
      2963  3.827323E-01
      2964  3.177927E-01
      2965  1.627965E-01
      2966  1.650401E-01
      2967  1.129370E-01
      2968  1.056458E-01
      2969  1.021829E-01
      2970  9.066165E-02
      2971  3.326023E-03
      2972  3.065377E-02
      2973  1.130173E-01
      2974  3.202013E-01
      2975  7.608268E-01
      2976  9.832823E-04
      2977  4.355330E-03
      2978  2.765728E-02
      2979  1.438522E-01
      2980  4.559368E-01
      2981  1.587624E-01
      2982  2.151180E-01
      2983  2.722428E-01
      2984  2.851821E-01
      2985  4.275680E-01
      2986  4.853800E-01
      2987  1.516992E+00
      2988  1.251327E+00
      2989  1.290226E-01
      2990  8.797720E-01
      2991  1.830504E-01
      2992  7.563345E-01
      2993  7.895151E-01
      2994  6.660210E-01
      2995  2.094889E-01
      2996  3.035858E-01
      2997  1.040833E-01
      2998  1.372702E-01
      2999  8.261855E-02
      3000  2.026552E-01
