
                        S T E P       1


                                INCREMENT     1


 displacements (vx,vy,vz) for set TIP_TOP and time  0.1000000E+01

       887  4.362337E-02 -3.761555E-03 -2.604504E+00
       888  4.350021E-02 -3.682660E-03 -2.590279E+00
       891  4.337217E-02 -3.416068E-03 -2.576731E+00
       894  4.337137E-02 -2.683664E-03 -2.565104E+00
       896  4.351276E-02 -1.142073E-03 -2.558059E+00
       898  4.351697E-02 -5.502308E-12 -2.557647E+00
       900  4.351276E-02  1.142073E-03 -2.558059E+00
       903  4.337137E-02  2.683664E-03 -2.565104E+00
       906  4.337217E-02  3.416068E-03 -2.576731E+00
       909  4.350021E-02  3.682660E-03 -2.590279E+00
       912  4.362337E-02  3.761555E-03 -2.604504E+00

 forces (fx,fy,fz) for set CLAMP and time  0.1000000E+01

         1  4.767842E+03  1.062256E+04  3.835232E+03
         4  8.830546E+03 -2.391665E-11  7.667682E+03
         5  5.576635E+03  1.758799E+04 -6.033043E+02
         8  9.950525E+03 -1.455452E-10 -1.202044E+03
         9  4.061228E+03  1.272071E+04 -5.946358E+02
        12  7.207289E+03 -4.917265E-10 -1.185268E+03
        13  2.678001E+03  8.303592E+03 -6.284836E+02
        16  4.734767E+03 -8.425333E-10 -1.251130E+03
        17  1.348998E+03  4.104579E+03 -6.383241E+02
        20  2.377245E+03 -1.217265E-09 -1.277603E+03
        21  1.779727E+03  5.928525E+02 -1.284271E+03
        24  2.744615E+02 -1.525833E-09 -1.169772E+03
        26  4.767842E+03 -1.062256E+04  3.835232E+03
        28  5.576635E+03 -1.758799E+04 -6.033043E+02
        30  4.061228E+03 -1.272071E+04 -5.946358E+02
        32  2.678001E+03 -8.303592E+03 -6.284836E+02
        34  1.348998E+03 -4.104579E+03 -6.383241E+02
        36  1.779727E+03 -5.928525E+02 -1.284271E+03
        37  8.308816E+02 -4.493769E+02 -9.280734E+02
        40  2.585504E+03  5.151682E+00 -1.599763E+03
        41 -2.613184E+03 -2.522520E+03 -1.665262E+03
        44 -3.630696E+03 -2.576994E+02 -3.197889E+03
        45 -3.550411E+03 -2.064597E+03  2.353417E+03
        48 -6.437373E+03 -2.481601E+02  4.672023E+03
        50  3.071641E+03 -4.351085E+01 -1.380055E+03
        52 -3.539207E+03 -2.835734E+02 -3.169492E+03
        54 -6.844024E+03 -2.286133E+02  4.715823E+03
        56  3.253841E+03 -1.135229E+02 -1.348311E+03
        58 -3.581712E+03 -2.563628E+02 -3.184794E+03
        60 -7.080237E+03 -1.524426E+02  4.801160E+03
        62 -2.490409E+03 -1.238923E+02 -2.107223E+03
        64 -4.891677E+03 -5.431811E+01  3.320848E+03
        66 -1.345737E+03 -1.301029E-09 -1.099682E+03
        68 -2.619836E+03 -5.933842E-10  1.780574E+03
        70 -2.490409E+03  1.238923E+02 -2.107223E+03
        72 -4.891677E+03  5.431811E+01  3.320848E+03
        74  3.253841E+03  1.135229E+02 -1.348311E+03
        76 -3.581712E+03  2.563628E+02 -3.184794E+03
        78 -7.080237E+03  1.524426E+02  4.801160E+03
        80  3.071641E+03  4.351085E+01 -1.380055E+03
        82 -3.539207E+03  2.835734E+02 -3.169492E+03
        84 -6.844024E+03  2.286133E+02  4.715823E+03
        86  2.585504E+03 -5.151682E+00 -1.599763E+03
        88 -3.630696E+03  2.576994E+02 -3.197889E+03
        90 -6.437373E+03  2.481601E+02  4.672023E+03
        92  8.308816E+02  4.493769E+02 -9.280734E+02
        94 -2.613184E+03  2.522520E+03 -1.665262E+03
        96 -3.550411E+03  2.064597E+03  2.353417E+03

 internal energy (element, energy) for set EALL and time  0.1000000E+01

         1  1.333785E+02
         2  7.689612E+01
         3  3.922271E+01
         4  1.574977E+01
         5  4.521926E+00
         6  1.333785E+02
         7  7.689612E+01
         8  3.922271E+01
         9  1.574977E+01
        10  4.521926E+00
        11  8.137998E+00
        12  2.088029E+01
        13  8.068133E+00
        14  2.072850E+01
        15  8.333016E+00
        16  2.122651E+01
        17  8.392077E+00
        18  2.170136E+01
        19  2.971507E+00
        20  7.962477E+00
        21  2.971507E+00
        22  7.962477E+00
        23  8.392077E+00
        24  2.170136E+01
        25  8.333016E+00
        26  2.122651E+01
        27  8.068133E+00
        28  2.072850E+01
        29  8.137998E+00
        30  2.088029E+01
        31  1.327317E+02
        32  8.466026E+01
        33  4.524806E+01
        34  1.873922E+01
        35  6.056565E+00
        36  1.327317E+02
        37  8.466026E+01
        38  4.524806E+01
        39  1.873922E+01
        40  6.056565E+00
        41  9.125787E+00
        42  2.150067E+01
        43  9.230431E+00
        44  2.190049E+01
        45  9.185278E+00
        46  2.189639E+01
        47  9.397871E+00
        48  2.196077E+01
        49  3.479014E+00
        50  7.989250E+00
        51  3.479014E+00
        52  7.989250E+00
        53  9.397871E+00
        54  2.196077E+01
        55  9.185278E+00
        56  2.189639E+01
        57  9.230431E+00
        58  2.190049E+01
        59  9.125787E+00
        60  2.150067E+01
        61  1.192488E+02
        62  7.210746E+01
        63  3.798077E+01
        64  1.552892E+01
        65  4.964933E+00
        66  1.192488E+02
        67  7.210746E+01
        68  3.798077E+01
        69  1.552892E+01
        70  4.964933E+00
        71  8.214894E+00
        72  1.920177E+01
        73  8.183867E+00
        74  1.914281E+01
        75  8.171530E+00
        76  1.913433E+01
        77  8.240861E+00
        78  1.909388E+01
        79  3.007000E+00
        80  6.922076E+00
        81  3.007000E+00
        82  6.922076E+00
        83  8.240861E+00
        84  1.909388E+01
        85  8.171530E+00
        86  1.913433E+01
        87  8.183867E+00
        88  1.914281E+01
        89  8.214894E+00
        90  1.920177E+01
        91  1.096517E+02
        92  6.623872E+01
        93  3.420451E+01
        94  1.366549E+01
        95  4.421109E+00
        96  1.096517E+02
        97  6.623872E+01
        98  3.420451E+01
        99  1.366549E+01
       100  4.421109E+00
       101  7.521336E+00
       102  1.694260E+01
       103  7.499194E+00
       104  1.688398E+01
       105  7.485968E+00
       106  1.684273E+01
       107  7.573684E+00
       108  1.684412E+01
       109  2.759835E+00
       110  6.115571E+00
       111  2.759835E+00
       112  6.115571E+00
       113  7.573684E+00
       114  1.684412E+01
       115  7.485968E+00
       116  1.684273E+01
       117  7.499194E+00
       118  1.688398E+01
       119  7.521336E+00
       120  1.694260E+01
       121  9.835260E+01
       122  5.911680E+01
       123  3.036776E+01
       124  1.200272E+01
       125  3.999802E+00
       126  9.835260E+01
       127  5.911680E+01
       128  3.036776E+01
       129  1.200272E+01
       130  3.999802E+00
       131  6.761242E+00
       132  1.478711E+01
       133  6.774506E+00
       134  1.480009E+01
       135  6.799451E+00
       136  1.484027E+01
       137  6.912103E+00
       138  1.488240E+01
       139  2.522317E+00
       140  5.407444E+00
       141  2.522317E+00
       142  5.407444E+00
       143  6.912103E+00
       144  1.488240E+01
       145  6.799451E+00
       146  1.484027E+01
       147  6.774506E+00
       148  1.480009E+01
       149  6.761242E+00
       150  1.478711E+01
       151  8.745520E+01
       152  5.225940E+01
       153  2.659566E+01
       154  1.039490E+01
       155  3.600982E+00
       156  8.745520E+01
       157  5.225940E+01
       158  2.659566E+01
       159  1.039490E+01
       160  3.600982E+00
       161  6.099798E+00
       162  1.288137E+01
       163  6.117626E+00
       164  1.290365E+01
       165  6.147946E+00
       166  1.295446E+01
       167  6.270341E+00
       168  1.300368E+01
       169  2.291515E+00
       170  4.724588E+00
       171  2.291515E+00
       172  4.724588E+00
       173  6.270341E+00
       174  1.300368E+01
       175  6.147946E+00
       176  1.295446E+01
       177  6.117626E+00
       178  1.290365E+01
       179  6.099798E+00
       180  1.288137E+01
       181  7.673967E+01
       182  4.558004E+01
       183  2.298583E+01
       184  8.883561E+00
       185  3.226535E+00
       186  7.673967E+01
       187  4.558004E+01
       188  2.298583E+01
       189  8.883561E+00
       190  3.226535E+00
       191  5.450500E+00
       192  1.111247E+01
       193  5.468181E+00
       194  1.113230E+01
       195  5.498269E+00
       196  1.118050E+01
       197  5.623155E+00
       198  1.122823E+01
       199  2.056479E+00
       200  4.078592E+00
       201  2.056479E+00
       202  4.078592E+00
       203  5.623155E+00
       204  1.122823E+01
       205  5.498269E+00
       206  1.118050E+01
       207  5.468181E+00
       208  1.113230E+01
       209  5.450500E+00
       210  1.111247E+01
       211  6.636027E+01
       212  3.916300E+01
       213  1.956554E+01
       214  7.490554E+00
       215  2.889531E+00
       216  6.636027E+01
       217  3.916300E+01
       218  1.956554E+01
       219  7.490554E+00
       220  2.889531E+00
       221  4.809511E+00
       222  9.451996E+00
       223  4.827838E+00
       224  9.471224E+00
       225  4.858821E+00
       226  9.518958E+00
       227  4.986843E+00
       228  9.566966E+00
       229  1.824998E+00
       230  3.473824E+00
       231  1.824998E+00
       232  3.473824E+00
       233  4.986843E+00
       234  9.566966E+00
       235  4.858821E+00
       236  9.518958E+00
       237  4.827838E+00
       238  9.471224E+00
       239  4.809511E+00
       240  9.451996E+00
       241  5.638141E+01
       242  3.305438E+01
       243  1.636113E+01
       244  6.221009E+00
       245  2.585851E+00
       246  5.638141E+01
       247  3.305438E+01
       248  1.636113E+01
       249  6.221009E+00
       250  2.585851E+00
       251  4.175772E+00
       252  7.902277E+00
       253  4.195428E+00
       254  7.921997E+00
       255  4.228035E+00
       256  7.970649E+00
       257  4.359132E+00
       258  8.020106E+00
       259  1.596116E+00
       260  2.910498E+00
       261  1.596116E+00
       262  2.910498E+00
       263  4.359132E+00
       264  8.020106E+00
       265  4.228035E+00
       266  7.970649E+00
       267  4.195428E+00
       268  7.921997E+00
       269  4.175772E+00
       270  7.902277E+00
       271  4.688902E+01
       272  2.730301E+01
       273  1.339469E+01
       274  5.080287E+00
       275  2.311572E+00
       276  4.688902E+01
       277  2.730301E+01
       278  1.339469E+01
       279  5.080287E+00
       280  2.311572E+00
       281  3.551338E+00
       282  6.463785E+00
       283  3.573309E+00
       284  6.486291E+00
       285  3.608753E+00
       286  6.538355E+00
       287  3.743151E+00
       288  6.590939E+00
       289  1.371034E+00
       290  2.389721E+00
       291  1.371034E+00
       292  2.389721E+00
       293  3.743151E+00
       294  6.590939E+00
       295  3.608753E+00
       296  6.538355E+00
       297  3.573309E+00
       298  6.486291E+00
       299  3.551338E+00
       300  6.463785E+00
       301  3.797788E+01
       302  2.196135E+01
       303  1.068840E+01
       304  4.071887E+00
       305  2.062674E+00
       306  3.797788E+01
       307  2.196135E+01
       308  1.068840E+01
       309  4.071887E+00
       310  2.062674E+00
       311  2.936997E+00
       312  5.134240E+00
       313  2.963535E+00
       314  5.165212E+00
       315  3.004539E+00
       316  5.226456E+00
       317  3.143722E+00
       318  5.285882E+00
       319  1.151709E+00
       320  1.913997E+00
       321  1.151709E+00
       322  1.913997E+00
       323  3.143722E+00
       324  5.285882E+00
       325  3.004539E+00
       326  5.226456E+00
       327  2.963535E+00
       328  5.165212E+00
       329  2.936997E+00
       330  5.134240E+00
       331  2.974421E+01
       332  1.707956E+01
       333  8.263047E+00
       334  3.200012E+00
       335  1.837914E+00
       336  2.974421E+01
       337  1.707956E+01
       338  8.263047E+00
       339  3.200012E+00
       340  1.837914E+00
       341  2.337860E+00
       342  3.918781E+00
       343  2.371533E+00
       344  3.965529E+00
       345  2.421682E+00
       346  4.043170E+00
       347  2.568960E+00
       348  4.114271E+00
       349  9.412745E-01
       350  1.486622E+00
       351  9.412745E-01
       352  1.486622E+00
       353  2.568960E+00
       354  4.114271E+00
       355  2.421682E+00
       356  4.043170E+00
       357  2.371533E+00
       358  3.965529E+00
       359  2.337860E+00
       360  3.918781E+00
       361  2.225132E+01
       362  1.269265E+01
       363  6.137150E+00
       364  2.472997E+00
       365  1.642498E+00
       366  2.225132E+01
       367  1.269265E+01
       368  6.137150E+00
       369  2.472997E+00
       370  1.642498E+00
       371  1.773629E+00
       372  2.851423E+00
       373  1.812914E+00
       374  2.912075E+00
       375  1.872172E+00
       376  3.004486E+00
       377  2.031176E+00
       378  3.087086E+00
       379  7.432190E-01
       380  1.110692E+00
       381  7.432190E-01
       382  1.110692E+00
       383  2.031176E+00
       384  3.087086E+00
       385  1.872172E+00
       386  3.004486E+00
       387  1.812914E+00
       388  2.912075E+00
       389  1.773629E+00
       390  2.851423E+00
       391  1.551313E+01
       392  8.817896E+00
       393  4.327474E+00
       394  1.904524E+00
       395  1.486896E+00
       396  1.551313E+01
       397  8.817896E+00
       398  4.327474E+00
       399  1.904524E+00
       400  1.486896E+00
       401  1.288469E+00
       402  2.006417E+00
       403  1.320692E+00
       404  2.051413E+00
       405  1.377058E+00
       406  2.129733E+00
       407  1.545534E+00
       408  2.207467E+00
       409  5.588888E-01
       410  7.855820E-01
       411  5.588888E-01
       412  7.855820E-01
       413  1.545534E+00
       414  2.207467E+00
       415  1.377058E+00
       416  2.129733E+00
       417  1.320692E+00
       418  2.051413E+00
       419  1.288469E+00
       420  2.006417E+00
       421  9.583333E+00
       422  5.494197E+00
       423  2.854217E+00
       424  1.502478E+00
       425  1.368993E+00
       426  9.583333E+00
       427  5.494197E+00
       428  2.854217E+00
       429  1.502478E+00
       430  1.368993E+00
       431  9.740540E-01
       432  1.488842E+00
       433  9.496165E-01
       434  1.422096E+00
       435  9.606265E-01
       436  1.410736E+00
       437  1.111416E+00
       438  1.447501E+00
       439  3.852899E-01
       440  5.000917E-01
       441  3.852899E-01
       442  5.000917E-01
       443  1.111416E+00
       444  1.447501E+00
       445  9.606265E-01
       446  1.410736E+00
       447  9.496165E-01
       448  1.422096E+00
       449  9.740540E-01
       450  1.488842E+00
       451  4.695944E+00
       452  2.868588E+00
       453  1.768008E+00
       454  1.228074E+00
       455  1.222351E+00
       456  4.695944E+00
       457  2.868588E+00
       458  1.768008E+00
       459  1.228074E+00
       460  1.222351E+00
       461  1.030716E+00
       462  1.417518E+00
       463  8.263964E-01
       464  1.069462E+00
       465  6.879806E-01
       466  8.422669E-01
       467  7.420436E-01
       468  7.892886E-01
       469  2.235392E-01
       470  2.512316E-01
       471  2.235392E-01
       472  2.512316E-01
       473  7.420436E-01
       474  7.892886E-01
       475  6.879806E-01
       476  8.422669E-01
       477  8.263964E-01
       478  1.069462E+00
       479  1.030716E+00
       480  1.417518E+00
       481  1.369322E+00
       482  1.134320E+00
       483  1.044989E+00
       484  9.971194E-01
       485  1.061850E+00
       486  1.369322E+00
       487  1.134320E+00
       488  1.044989E+00
       489  9.971194E-01
       490  1.061850E+00
       491  1.353012E+00
       492  1.505776E+00
       493  1.016432E+00
       494  9.685302E-01
       495  8.452414E-01
       496  7.161135E-01
       497  1.046585E+00
       498  7.396868E-01
       499  1.326022E-01
       500  3.287025E-01
       501  1.326022E-01
       502  3.287025E-01
       503  1.046585E+00
       504  7.396868E-01
       505  8.452414E-01
       506  7.161135E-01
       507  1.016432E+00
       508  9.685302E-01
       509  1.353012E+00
       510  1.505776E+00
       511  1.202984E-01
       512  2.042486E-01
       513  3.553577E-01
       514  6.393099E-01
       515  1.589505E+00
       516  1.202984E-01
       517  2.042486E-01
       518  3.553577E-01
       519  6.393099E-01
       520  1.589505E+00
       521  7.675946E-01
       522  7.775224E-01
       523  7.533424E-01
       524  5.891578E-01
       525  1.233757E+00
       526  1.221751E+00
       527  4.082859E+00
       528  3.157994E+00
       529  3.343183E-01
       530  2.568274E+00
       531  3.343183E-01
       532  2.568274E+00
       533  4.082859E+00
       534  3.157994E+00
       535  1.233757E+00
       536  1.221751E+00
       537  7.533424E-01
       538  5.891578E-01
       539  7.675946E-01
       540  7.775224E-01
