
                        S T E P       1


                                INCREMENT     1


 displacements (vx,vy,vz) for set NALL and time  0.1000000E+01

         1  0.000000E+00 -1.654361E-25  1.323489E-24
         2  0.000000E+00  0.000000E+00 -1.323489E-24
         3  1.323489E-24 -2.646978E-24  3.070494E-22
         4  0.000000E+00 -1.654361E-25  6.564505E-22
         5  1.066956E-03 -5.228485E-06 -1.232773E-03
         6  1.068780E-03 -2.489826E-06  1.163918E-03
         7 -9.345437E-04  1.046915E-05 -1.234130E-03
         8 -9.364560E-04 -1.020011E-06  1.166641E-03
         9  2.050938E-03  1.477239E-06 -2.402192E-03
        10  2.053066E-03 -7.555644E-07  2.295134E-03
        11 -1.849697E-03  8.789717E-06 -2.404330E-03
        12 -1.850859E-03 -1.132077E-06  2.297513E-03
        13  3.021675E-03  2.209783E-06 -3.545831E-03
        14  3.023317E-03  8.033707E-06  3.426593E-03
        15 -2.787031E-03  3.420306E-06 -3.547800E-03
        16 -2.788526E-03  5.107872E-07  3.428708E-03
        17  3.974155E-03  4.970243E-07 -4.704021E-03
        18  3.975499E-03  1.644355E-05  4.638301E-03
        19 -3.792221E-03 -7.358411E-07 -4.705486E-03
        20 -3.793214E-03  8.023574E-07  4.639269E-03
        21  5.000000E-03  0.000000E+00 -6.000000E-03
        22  5.000000E-03  0.000000E+00  6.000000E-03
        23 -5.000000E-03  5.421011E-21 -6.000000E-03
        24 -5.000000E-03  1.355253E-21  6.000000E-03
        25  4.240966E-04 -2.566376E-05 -6.603160E-04
        26  4.083777E-04 -2.630062E-05  5.718113E-04
        27 -4.014939E-04 -6.303080E-06 -6.335344E-04
        28 -4.803208E-04 -1.670629E-05  5.631556E-04
        29  1.906785E-03 -1.860631E-05 -1.761101E-03
        30  1.372456E-03 -1.701318E-05  1.733215E-03
        31 -1.181510E-03 -9.979124E-06 -1.778235E-03
        32 -1.549070E-03 -1.694935E-05  1.727668E-03
        33  2.890883E-03 -1.877853E-05 -2.977370E-03
        34  2.240539E-03 -1.288130E-05  2.831202E-03
        35 -1.975977E-03 -1.169526E-05 -2.990528E-03
        36 -2.594502E-03 -1.406774E-05  2.865787E-03
        37  3.969803E-03 -1.850345E-05 -4.153817E-03
        38  3.064848E-03 -2.503149E-06  4.022912E-03
        39 -2.817960E-03 -1.981024E-05 -4.148667E-03
        40 -3.633610E-03 -1.327532E-05  4.027173E-03
        41  4.996042E-03 -1.851771E-05 -5.492297E-03
        42  3.768888E-03 -7.980751E-06  5.652554E-03
        43 -3.451139E-03 -2.550178E-05 -5.414694E-03
        44 -4.562185E-03 -1.774967E-05  5.332096E-03
        45 -3.305203E-06  6.100557E-09 -2.285856E-06
        46 -3.509047E-06  2.281206E-09 -2.428528E-06
        47 -6.718561E-08 -6.385676E-08 -5.393539E-08
        48 -2.103613E-07 -6.063027E-08 -2.095109E-07
        49  1.065948E-03 -8.055995E-06  1.320576E-04
        50 -9.385750E-04  1.828262E-05 -5.315230E-05
        51 -5.303938E-05 -6.154965E-06 -1.232133E-03
        52  9.935455E-05  1.614918E-06  1.166518E-03
        53  2.049231E-03  1.886886E-05 -4.257402E-05
        54 -1.853213E-03  1.831134E-05  6.718325E-05
        55  9.546455E-05  2.624084E-07 -2.402222E-03
        56  3.614745E-06  3.465468E-06  2.297279E-03
        57  3.019737E-03  1.687433E-05  4.349744E-05
        58 -2.790711E-03  1.775091E-05 -3.707441E-05
        59  3.614394E-05  8.395994E-07 -3.545674E-03
        60  1.039838E-04  1.624440E-06  3.428567E-03
        61  3.972920E-03  1.667667E-05 -1.232851E-05
        62 -3.794230E-03  2.099728E-06  5.463371E-05
        63  7.418677E-05 -2.024223E-06 -4.704086E-03
        64  2.200200E-05  4.275821E-06  4.639526E-03
        65  4.998933E-03 -9.380920E-06 -7.649395E-05
        66 -5.000124E-03 -2.392133E-05  2.191790E-04
        67  1.795988E-04 -1.463019E-05 -5.999729E-03
        68 -6.043017E-05  5.813632E-05  5.999537E-03
        69 -1.397128E-04 -2.774179E-05 -6.399101E-04
        70 -5.833345E-05  1.637526E-06 -6.729378E-04
        71 -7.556086E-05  2.254299E-05  5.612804E-04
        72  2.140829E-04 -9.393277E-06  5.755464E-04
        73  4.291241E-04  3.376972E-05  3.799060E-04
        74  4.180964E-04 -2.997472E-05 -4.017425E-04
        75 -4.623438E-04  4.044692E-05  3.432423E-04
        76 -4.127776E-04 -1.867844E-05 -3.967514E-04
        77  1.816406E-04 -3.966836E-05 -1.753728E-03
        78 -6.390211E-05  3.822691E-05 -1.804243E-03
        79  1.267358E-04  7.671169E-06  1.710393E-03
        80  6.601997E-05 -3.230475E-06  1.753464E-03
        81  1.584006E-03 -4.670095E-06  6.904867E-04
        82  1.654907E-03  6.386523E-06 -5.198896E-04
        83 -1.421218E-03  5.043534E-05  5.268111E-04
        84 -1.301100E-03 -1.332967E-05 -4.932995E-04
        85  2.358380E-04 -2.732015E-05 -2.979615E-03
        86 -1.912636E-04  2.634294E-05 -3.005962E-03
        87  2.864051E-04  1.153424E-05  2.840534E-03
        88  2.759275E-06 -2.623301E-06  2.859153E-03
        89  2.497444E-03  2.374529E-05  6.419380E-04
        90  2.627628E-03  1.039625E-05 -7.231273E-04
        91 -2.352975E-03  5.088032E-05  6.320404E-04
        92 -2.221397E-03 -1.806235E-05 -5.742448E-04
        93  3.544334E-04 -2.405323E-05 -4.149115E-03
        94 -2.797590E-04  1.780626E-05 -4.172252E-03
        95  3.992926E-04  1.526757E-05  4.032990E-03
        96 -1.049259E-04 -9.909080E-07  4.019416E-03
        97  3.472631E-03  2.132964E-05  8.442604E-04
        98  3.552689E-03  6.056141E-06 -8.501009E-04
        99 -3.263430E-03  3.204492E-05  7.821603E-04
       100 -3.179850E-03 -1.338961E-05 -7.976786E-04
       101  7.819667E-04 -8.916253E-06 -5.417531E-03
       102 -4.307383E-04 -9.904404E-06 -5.521469E-03
       103  7.568493E-04  2.257693E-05  5.333211E-03
       104 -4.349251E-04  4.406868E-05  5.647412E-03
       105  4.406293E-03  2.324941E-05  1.308083E-03
       106  4.387415E-03 -1.768878E-05 -1.214785E-03
       107 -4.024520E-03 -6.037982E-05  1.028024E-03
       108 -4.094764E-03  4.383947E-05 -7.676401E-04

 forces (fx,fy,fz) for set RIGHT and time  0.1000000E+01

        21  3.062009E+03  7.316445E+02 -3.075531E+03
        22  3.147683E+03 -1.198229E+03  4.210127E+03
        23 -2.840419E+03  1.112473E+03 -2.566892E+03
        24 -3.268373E+03 -5.517513E+02  1.388665E+03

 internal energy (element, energy) for set ALL and time  0.1000000E+01

         1  3.146479E-02
         2  5.012622E-02
         3  4.938431E-02
         4  1.125029E-01
         5  5.289192E-02
         6  1.004609E-01
         7  2.816256E-02
         8  2.859256E-02
         9  3.303215E-03
        10  1.226741E-02
        11  1.020681E-01
        12  8.927254E-02
        13  8.821512E-02
        14  7.714878E-02
        15  9.884405E-03
        16  1.341220E-02
        17  1.561101E-02
        18  1.742265E-02
        19  8.446961E-02
        20  8.431358E-02
        21  7.401093E-02
        22  7.717468E-02
        23  1.575917E-02
        24  1.528703E-02
        25  1.368562E-02
        26  1.295364E-02
        27  8.466269E-02
        28  4.708681E-02
        29  7.742340E-02
        30  4.571762E-02
        31  1.444595E-02
        32  6.902242E-03
        33  4.711139E-02
        34  5.759355E-02
        35  9.867311E-02
        36  9.714795E-02
        37  7.555386E-02
        38  6.730776E-02
        39  1.573991E-02
        40  3.540458E-02
        41  1.441581E-02
        42  1.146348E-02
        43  1.397979E-02
        44  1.505112E-02
        45  1.041186E-02
        46  9.724313E-03
        47  7.908629E-03
        48  1.039044E-02
        49  2.944855E-02
        50  2.309718E-02
        51  2.423711E-02
        52  7.253988E-03
        53  3.656859E-02
        54  2.474956E-02
        55  1.800627E-02
        56  3.830885E-03
        57  8.245688E-03
        58  2.071910E-02
        59  1.986765E-02
        60  1.404416E-02
        61  7.301928E-03
        62  1.945191E-02
        63  1.518966E-02
        64  1.028294E-02
        65  6.513350E-03
        66  2.062325E-02
        67  2.518071E-02
        68  1.525133E-02
        69  4.804655E-03
        70  1.680194E-02
        71  2.229112E-02
        72  1.280892E-02
        73  1.498302E-02
        74  2.601807E-02
        75  3.498270E-02
        76  5.133789E-02
        77  1.091021E-02
        78  1.992353E-02
        79  3.294096E-02
        80  4.885075E-02
        81  1.288337E-01
        82  9.426353E-02
        83  2.985522E-02
        84  7.312725E-02
        85  6.604134E-02
        86  1.941596E-02
        87  1.018667E-01
        88  1.189047E-01
        89  9.450364E-01
        90  5.692773E-01
        91  7.795775E-01
        92  8.228604E-01
        93  6.885904E-01
        94  6.527681E-01
        95  5.873031E-01
        96  8.414071E-01
        97  1.172145E+00
        98  5.774844E-01
        99  1.047282E+00
       100  6.676990E-01
       101  5.550431E-01
       102  1.099751E+00
       103  5.083020E-01
       104  1.006235E+00
       105  7.774911E-01
       106  5.436571E-01
       107  7.986024E-01
       108  5.350094E-01
       109  5.616832E-01
       110  7.922392E-01
       111  5.349474E-01
       112  7.673801E-01
       113  9.678393E-01
       114  5.624349E-01
       115  1.201034E+00
       116  5.353467E-01
       117  5.011653E-01
       118  1.040557E+00
       119  4.712909E-01
       120  9.920088E-01
       121  8.116447E-01
       122  5.260798E-01
       123  7.277768E-01
       124  5.184852E-01
       125  5.669176E-01
       126  7.619661E-01
       127  5.053347E-01
       128  7.357758E-01
       129  1.046346E+00
       130  5.202986E-01
       131  1.085510E+00
       132  5.278357E-01
       133  5.110170E-01
       134  1.029820E+00
       135  4.937022E-01
       136  1.044034E+00
       137  8.290289E-01
       138  5.673409E-01
       139  7.419656E-01
       140  5.576537E-01
       141  6.217012E-01
       142  7.686119E-01
       143  5.516515E-01
       144  7.863834E-01
       145  9.914923E-01
       146  5.458159E-01
       147  1.104506E+00
       148  5.310407E-01
       149  5.550499E-01
       150  1.008497E+00
       151  5.211970E-01
       152  1.017958E+00
       153  8.565143E-01
       154  8.163876E-01
       155  8.620228E-01
       156  7.248496E-01
       157  7.679370E-01
       158  8.671193E-01
       159  8.700495E-01
       160  8.231183E-01
       161  1.025822E+00
       162  6.376784E-01
       163  1.091438E+00
       164  6.695121E-01
       165  7.897659E-01
       166  1.076757E+00
       167  8.789290E-01
       168  1.143280E+00

 total internal energy for set ALL and time  0.1000000E+01

        6.451986E+01
