
                        S T E P       1


                                INCREMENT     1


 displacements (vx,vy,vz) for set NALL and time  0.1000000E+01

         1  0.000000E+00  1.323489E-24  3.308722E-25
         2  6.617445E-25 -6.617445E-25  3.308722E-25
         3  0.000000E+00  6.617445E-25  1.389663E-22
         4  0.000000E+00  0.000000E+00  2.852119E-22
         5  4.740035E-04 -4.748454E-06 -5.597157E-04
         6  4.746906E-04  3.451839E-06  5.266967E-04
         7 -4.519787E-04  3.673087E-06 -5.602174E-04
         8 -4.528986E-04  2.846566E-06  5.275238E-04
         9  8.680657E-04 -9.211511E-06 -1.143714E-03
        10  8.689489E-04  1.350443E-05  1.088660E-03
        11 -8.953029E-04  9.986075E-06 -1.144529E-03
        12 -8.959600E-04 -1.261171E-06  1.088995E-03
        13  1.194168E-03 -1.251565E-05 -1.819787E-03
        14  1.194985E-03  2.384064E-05  1.735145E-03
        15 -1.317425E-03  2.326771E-05 -1.819294E-03
        16 -1.318756E-03 -5.273689E-06  1.734999E-03
        17  3.870905E-03 -8.941981E-06 -4.655500E-03
        18  3.870134E-03  3.585058E-05  4.606210E-03
        19 -3.898168E-03  3.034855E-05 -4.653093E-03
        20 -3.897548E-03 -5.487857E-06  4.605575E-03
        21  5.000000E-03  8.470329E-23 -6.000000E-03
        22  5.000000E-03  0.000000E+00  6.000000E-03
        23 -5.000000E-03  6.352747E-21 -6.000000E-03
        24 -5.000000E-03 -2.964615E-21  6.000000E-03
        25  2.009023E-04 -1.295326E-05 -2.962717E-04
        26  1.927950E-04 -9.116070E-06  2.528393E-04
        27 -1.907372E-04 -3.836936E-06 -2.903258E-04
        28 -2.257305E-04 -5.750421E-06  2.535660E-04
        29  8.456867E-04 -1.602352E-05 -8.249337E-04
        30  6.086242E-04  1.602991E-06  7.954506E-04
        31 -5.771931E-04 -3.633746E-06 -8.357420E-04
        32 -7.265067E-04 -6.502715E-06  8.039318E-04
        33  1.282073E-03 -2.556440E-05 -1.429363E-03
        34  9.843586E-04  1.308119E-05  1.299958E-03
        35 -9.553736E-04  6.618910E-06 -1.371461E-03
        36 -1.200588E-03 -1.237566E-05  1.311013E-03
        37  3.029283E-03 -6.432844E-05 -3.273539E-03
        38  2.420056E-03 -9.673406E-06  3.020655E-03
        39 -2.563436E-03 -2.159060E-05 -3.093927E-03
        40 -3.221269E-03 -3.896947E-05  3.157128E-03
        41  4.468597E-03 -2.221869E-05 -5.536598E-03
        42  2.874120E-03 -5.669134E-06  5.949014E-03
        43 -2.979861E-03 -8.121070E-06 -5.931265E-03
        44 -4.316051E-03 -2.043861E-05  5.595243E-03
        45 -1.362485E-06  1.123991E-09 -9.428474E-07
        46 -1.530172E-06  6.000348E-10 -1.059155E-06
        47  2.973069E-08 -2.666338E-08  3.988787E-08
        48 -8.849255E-08 -2.619271E-08 -8.793427E-08
        49  4.737123E-04 -2.200007E-06  5.759065E-05
        50 -4.536882E-04  9.049257E-06 -2.945713E-05
        51 -4.184558E-05 -3.019902E-06 -5.594608E-04
        52  3.012621E-05  3.538298E-06  5.275973E-04
        53  8.680866E-04  1.167020E-05 -2.757361E-05
        54 -8.961710E-04  7.902917E-06  2.353841E-05
        55 -1.358231E-05  6.203494E-07 -1.143994E-03
        56 -5.528943E-05  4.436522E-06  1.088981E-03
        57  1.195861E-03  1.447448E-05 -9.838786E-04
        58  1.195673E-03  1.189930E-05  1.339165E-05
        59  1.195871E-03  6.658121E-06  9.819100E-04
        60 -1.318602E-03  3.574898E-05 -1.062212E-03
        61 -1.318260E-03  1.815679E-05 -6.761800E-05
        62 -1.318923E-03 -5.608743E-06  9.409728E-04
        63  5.627798E-04 -1.600931E-07 -1.819899E-03
        64 -1.135261E-04 -4.898159E-06 -1.820025E-03
        65 -7.635830E-04 -5.072205E-06 -1.819960E-03
        66  6.249910E-04 -3.122052E-06  1.733880E-03
        67 -4.617459E-05  5.340713E-06  1.734111E-03
        68 -7.249703E-04  1.614730E-05  1.733859E-03
        69  3.871097E-03 -1.227295E-05 -4.817514E-05
        70 -3.900284E-03  2.093280E-06  1.651404E-05
        71  3.651818E-05 -3.595274E-05 -4.653288E-03
        72 -1.804567E-05 -1.619498E-05  4.604755E-03
        73  5.004760E-03  1.143188E-05 -3.299667E-05
        74 -4.999303E-03  1.008190E-05 -4.192854E-05
        75 -5.201693E-05  3.545357E-05 -5.999062E-03
        76 -4.843283E-05  3.848957E-05  5.997573E-03
        77 -7.844829E-05 -1.191904E-05 -2.932727E-04
        78 -6.135899E-06  3.161183E-07 -3.015149E-04
        79 -4.764125E-05  1.183463E-05  2.526479E-04
        80  1.114266E-04 -3.199594E-06  2.548090E-04
        81  2.008006E-04  1.382958E-05  1.731546E-04
        82  1.964725E-04 -1.123259E-05 -1.855243E-04
        83 -2.161315E-04  1.817233E-05  1.570956E-04
        84 -1.949299E-04 -7.403606E-06 -1.900854E-04
        85  3.065065E-05 -1.495395E-05 -8.309510E-04
        86 -1.710906E-05  1.301310E-05 -8.381563E-04
        87  1.320293E-05  7.281344E-06  8.007982E-04
        88  2.377418E-05  2.183699E-06  8.002036E-04
        89  6.992465E-04 -1.449004E-06  3.180455E-04
        90  7.340009E-04  6.454094E-06 -2.618949E-04
        91 -6.701614E-04  1.660557E-05  2.654462E-04
        92 -6.278207E-04  9.485901E-07 -2.687892E-04
        93 -3.071714E-06 -3.047464E-05 -1.375025E-03
        94 -3.767485E-05  2.094035E-05 -1.431755E-03
        95  2.493690E-05  3.359839E-05  1.315510E-03
        96  2.041492E-05 -1.932903E-05  1.296900E-03
        97  1.088888E-03 -6.549217E-06  2.489790E-04
        98  1.154688E-03  2.746633E-05 -3.486526E-04
        99 -1.091466E-03  1.142838E-05  2.446176E-04
       100 -1.050071E-03  1.221734E-05 -2.500658E-04
       101  9.428572E-04  7.131589E-05 -2.498282E-03
       102  1.271601E-03  4.700227E-04 -5.075231E-03
       103  1.930716E-03  1.044110E-03 -8.483345E-03
       104  1.837418E-03  1.341600E-03 -1.012234E-02
       105  6.209231E-04  1.118842E-03 -9.131103E-03
       106 -1.308046E-03  5.043004E-04 -6.492068E-03
       107 -2.869647E-03  7.005078E-05 -4.762187E-03
       108 -1.106390E-03 -5.724044E-05 -2.500061E-03
       109 -1.622580E-04 -4.504689E-04 -5.044265E-03
       110  1.348178E-03 -1.021993E-03 -8.447372E-03
       111  2.409153E-03 -1.320069E-03 -1.009611E-02
       112  2.688840E-03 -1.104352E-03 -9.145862E-03
       113  2.551187E-03 -5.050907E-04 -6.578242E-03
       114  2.931472E-03 -7.686268E-05 -4.885907E-03
       115  7.797101E-04 -7.360287E-05  2.499459E-03
       116 -3.515376E-04 -4.855584E-04  5.160053E-03
       117 -1.959210E-03 -1.070779E-03  8.630762E-03
       118 -3.008572E-03 -1.379301E-03  1.032666E-02
       119 -3.155672E-03 -1.165156E-03  9.375391E-03
       120 -2.810271E-03 -5.479397E-04  6.723852E-03
       121 -3.018787E-03 -8.528184E-05  4.873990E-03
       122 -1.132860E-03  8.994458E-05  2.498904E-03
       123 -1.348466E-03  4.954178E-04  5.125102E-03
       124 -1.754259E-03  1.058987E-03  8.479622E-03
       125 -1.418799E-03  1.338026E-03  1.002801E-02
       126 -9.634046E-05  1.102424E-03  8.981650E-03
       127  1.750328E-03  4.909926E-04  6.360880E-03
       128  3.074560E-03  6.728767E-05  4.682623E-03
       129  7.320216E-04  1.363570E-04 -1.376632E-03
       130 -1.941980E-03  9.057006E-04 -4.798089E-04
       131 -5.903328E-03  1.981063E-03  8.728215E-04
       132 -7.310169E-03  2.346760E-03  2.010270E-03
       133 -4.765666E-03  1.775023E-03  2.619212E-03
       134  2.445120E-04  7.245261E-04  2.887276E-03
       135  3.522776E-03  8.646863E-05  3.510100E-03
       136  7.578862E-04 -1.180099E-04  1.438545E-03
       137 -1.757024E-03 -8.435645E-04  1.591867E-03
       138 -5.482632E-03 -1.856703E-03  2.024698E-03
       139 -6.851741E-03 -2.213948E-03  1.654885E-03
       140 -4.511276E-03 -1.690120E-03  1.280589E-04
       141  2.148233E-04 -7.009937E-04 -2.083699E-03
       142  3.413702E-03 -7.930382E-05 -3.733915E-03
       143 -1.070204E-03 -6.209596E-05 -1.623337E-03
       144  1.364093E-03 -7.638327E-04 -1.598439E-03
       145  5.190768E-03 -1.802550E-03 -1.601809E-03
       146  6.648252E-03 -2.180448E-03 -1.075487E-03
       147  4.329596E-03 -1.660217E-03  1.931441E-04
       148 -3.893554E-04 -6.712936E-04  1.953356E-03
       149 -3.505326E-03 -6.446666E-05  3.478430E-03
       150 -1.058687E-03  8.448335E-05  1.495343E-03
       151  1.326140E-03  7.745376E-04  4.710946E-04
       152  5.076421E-03  1.794508E-03 -1.344273E-03
       153  6.515672E-03  2.169720E-03 -2.711312E-03
       154  4.230673E-03  1.659004E-03 -3.133537E-03
       155 -4.480639E-04  6.805457E-04 -2.984104E-03
       156 -3.536766E-03  8.049804E-05 -3.446514E-03
       157  2.275501E-03  9.180616E-05 -5.518874E-03
       158  1.411858E-03  3.988850E-04 -7.385707E-03
       159 -8.666411E-04  3.646045E-04 -7.380466E-03
       160 -2.134076E-03 -1.037579E-04 -5.726564E-03
       161 -9.625292E-04 -3.347923E-04 -7.151161E-03
       162  1.210950E-03 -2.652199E-04 -6.971129E-03
       163  1.944868E-03 -1.240674E-04  5.820643E-03
       164  7.085401E-04 -3.669607E-04  7.306087E-03
       165 -1.319859E-03 -2.735465E-04  7.003192E-03
       166 -2.241548E-03  1.253758E-04  5.670328E-03
       167 -1.441967E-03  4.250694E-04  7.498447E-03
       168  7.679258E-04  3.617491E-04  7.368557E-03
       169  2.870567E-03  3.088160E-04 -1.945323E-03
       170  2.099552E-03  5.388314E-04  1.194406E-03
       171  3.310883E-03  2.994682E-04  4.072926E-03
       172  2.602557E-03 -3.605499E-04  2.365213E-03
       173  1.856350E-03 -5.867928E-04 -5.886281E-04
       174  3.303463E-03 -2.979118E-04 -3.725668E-03
       175 -2.831733E-03 -3.078374E-04 -2.397956E-03
       176 -2.059093E-03 -5.414307E-04  5.225886E-04
       177 -3.294332E-03 -2.995016E-04  3.648553E-03
       178 -3.013835E-03  2.776793E-04  2.152781E-03
       179 -2.314944E-03  4.911179E-04 -1.074421E-03
       180 -3.363291E-03  2.866497E-04 -4.150993E-03

 forces (fx,fy,fz) for set RIGHT and time  0.1000000E+01

        21  1.595328E+03  4.629124E+02 -1.769429E+03
        22  1.164657E+03 -1.656748E+02  1.831982E+03
        23 -1.610553E+03  4.879538E+02 -8.265367E+02
        24 -1.129386E+03 -1.023483E+02  7.355843E+02

 internal energy (element, energy) for set ALL and time  0.1000000E+01

         1  6.251546E-03
         2  9.335101E-03
         3  8.110156E-03
         4  1.831378E-02
         5  9.726331E-03
         6  1.630909E-02
         7  5.465250E-03
         8  5.163860E-03
         9  9.416802E-04
        10  9.420331E-04
        11  1.625298E-02
        12  8.454277E-03
        13  1.499679E-02
        14  9.827932E-03
        15  1.979289E-03
        16  1.701082E-03
        17  6.874904E-03
        18  7.007050E-03
        19  9.419212E-03
        20  1.939192E-03
        21  8.812695E-03
        22  9.422000E-03
        23  2.381593E-03
        24  4.138353E-03
        25  4.483693E-02
        26  4.881596E-02
        27  2.804791E-02
        28  2.896328E-02
        29  3.103505E-02
        30  3.352875E-02
        31  3.937053E-02
        32  3.975511E-02
        33  4.539731E-02
        34  5.017338E-02
        35  6.564913E-02
        36  8.633883E-02
        37  4.977204E-02
        38  1.057033E-01
        39  3.609748E-02
        40  5.827984E-02
        41  2.294826E-03
        42  2.083562E-03
        43  2.703536E-03
        44  2.814682E-03
        45  1.654351E-03
        46  1.857079E-03
        47  1.481753E-03
        48  1.931840E-03
        49  3.691607E-03
        50  3.414326E-03
        51  3.662036E-03
        52  9.430047E-04
        53  4.229672E-03
        54  3.141431E-03
        55  3.280049E-03
        56  5.666750E-04
        57  1.681599E-03
        58  3.343181E-03
        59  4.991446E-03
        60  9.382899E-03
        61  2.790428E-04
        62  1.587732E-03
        63  2.756249E-03
        64  5.372020E-03
        65  1.798515E-02
        66  1.660433E-03
        67  4.826081E-03
        68  2.569816E-02
        69  3.285570E-02
        70  5.049724E-03
        71  3.440113E-03
        72  2.834140E-02
        73  4.395917E-03
        74  2.713503E-04
        75  2.076829E-03
        76  9.606394E-03
        77  7.203552E-03
        78  1.081094E-03
        79  6.587102E-04
        80  5.982571E-03
        81  7.731788E-03
        82  9.573923E-03
        83  1.279517E-02
        84  1.702859E-02
        85  8.135034E-03
        86  1.009494E-02
        87  1.003597E-02
        88  8.192277E-03
        89  5.338213E-02
        90  4.837658E-02
        91  4.149460E-02
        92  3.636844E-02
        93  1.751743E-02
        94  2.841443E-02
        95  2.942148E-02
        96  2.597930E-02
        97  1.921946E-01
        98  1.192817E-01
        99  1.530173E-01
       100  1.601411E-01
       101  1.473647E-01
       102  1.426597E-01
       103  1.106085E-01
       104  1.585749E-01
       105  2.366693E-01
       106  1.247546E-01
       107  2.081969E-01
       108  1.396486E-01
       109  1.179897E-01
       110  2.292240E-01
       111  1.149181E-01
       112  2.159541E-01
       113  1.619749E-01
       114  1.160862E-01
       115  1.631669E-01
       116  1.166363E-01
       117  1.311483E-01
       118  1.640773E-01
       119  1.120022E-01
       120  1.510019E-01
       121  1.961949E-01
       122  1.291105E-01
       123  2.345030E-01
       124  1.162093E-01
       125  1.145831E-01
       126  2.113235E-01
       127  1.147698E-01
       128  2.121110E-01
       129  1.833525E-01
       130  1.197564E-01
       131  1.803169E-01
       132  1.549802E-01
       133  1.682202E-01
       134  1.603546E-01
       135  1.517332E-01
       136  1.690350E-01
       137  1.976977E-01
       138  1.504310E-01
       139  2.090667E-01
       140  1.390915E-01
       141  1.370780E-01
       142  2.026732E-01
       143  1.656512E-01
       144  2.212067E-01
       145  2.326401E-01
       146  2.807417E-01
       147  9.139332E-02
       148  2.555892E-01
       149  2.568587E-01
       150  8.280481E-02
       151  2.832116E-01
       152  1.400565E-01
       153  2.465530E-01
       154  3.082996E-01
       155  1.009371E-01
       156  2.754438E-01
       157  2.776742E-01
       158  8.521734E-02
       159  3.067061E-01
       160  1.014867E-01
       161  2.553352E-01
       162  2.626611E-01
       163  7.555207E-02
       164  2.405337E-01
       165  2.450429E-01
       166  6.954696E-02
       167  2.534013E-01
       168  1.625861E-01
       169  2.851126E-01
       170  2.719406E-01
       171  9.070207E-02
       172  2.660658E-01
       173  2.599851E-01
       174  7.247156E-02
       175  3.076924E-01
       176  1.650047E-01
       177  1.559020E-01
       178  3.417309E-01
       179  8.434446E-02
       180  3.263380E-01
       181  3.084106E-01
       182  7.313913E-02
       183  4.617260E-01
       184  2.549588E-01
       185  1.717387E-01
       186  3.449331E-01
       187  8.478979E-02
       188  3.283218E-01
       189  3.181261E-01
       190  8.093025E-02
       191  4.450169E-01
       192  2.696044E-01
       193  1.266626E-01
       194  3.452067E-01
       195  8.415492E-02
       196  3.075138E-01
       197  2.984271E-01
       198  8.141691E-02
       199  4.161468E-01
       200  2.046307E-01
       201  1.356067E-01
       202  3.905859E-01
       203  1.006086E-01
       204  3.490850E-01
       205  3.415863E-01
       206  9.950500E-02
       207  4.688870E-01
       208  2.408372E-01
       209  2.183909E-01
       210  1.645640E-01
       211  2.077097E-01
       212  1.319408E-01
       213  1.685752E-01
       214  1.278823E-01
       215  1.817174E-01
       216  1.350175E-01
       217  1.664360E-01
       218  1.148115E-01
       219  1.613267E-01
       220  1.561168E-01
       221  2.352278E-01
       222  1.631766E-01
       223  2.116923E-01
       224  1.474787E-01
       225  1.821864E-01
       226  1.350937E-01
       227  1.229686E-01
       228  1.676332E-01
       229  2.130445E-01
       230  1.539311E-01
       231  1.485852E-01
       232  1.967660E-01
       233  1.994424E-01
       234  1.611335E-01
       235  1.569721E-01
       236  1.755615E-01
       237  1.587756E-01
       238  1.542252E-01
       239  1.303024E-01
       240  1.545069E-01

 total internal energy for set ALL and time  0.1000000E+01

        2.924041E+01
