
                        S T E P       1


                                INCREMENT     1


 displacements (vx,vy,vz) for set TIP_TOP and time  0.1000000E+01

       503  6.599898E-02 -1.332232E-03 -1.812510E+00
       504  6.595964E-02 -1.294314E-03 -1.809249E+00
       507  6.591858E-02 -1.165096E-03 -1.806210E+00
       510  6.594880E-02 -8.596954E-04 -1.803692E+00
       512  6.602339E-02 -3.170627E-04 -1.802247E+00
       514  6.603164E-02  5.399459E-12 -1.802154E+00
       516  6.602339E-02  3.170627E-04 -1.802247E+00
       519  6.594880E-02  8.596954E-04 -1.803692E+00
       522  6.591858E-02  1.165096E-03 -1.806210E+00
       525  6.595964E-02  1.294315E-03 -1.809249E+00
       528  6.599898E-02  1.332232E-03 -1.812510E+00

 forces (fx,fy,fz) for set CLAMP and time  0.1000000E+01

         1  4.285143E+03  1.610546E+04  4.061510E+03
         4  7.953850E+03  1.675377E-07  8.112187E+03
         5  4.913924E+03  2.616002E+04 -7.598068E+02
         8  8.825729E+03  2.636344E-07 -1.535561E+03
         9  3.277099E+03  1.734335E+04 -8.360365E+02
        12  5.876893E+03  2.045206E-07 -1.687537E+03
        13  1.673059E+03  8.688558E+03 -9.057864E+02
        16  2.997987E+03  1.443745E-07 -1.826274E+03
        17  6.313110E+01  1.740495E+01 -9.520147E+02
        20  1.136372E+02  8.300522E-08 -1.923855E+03
        21  2.209350E+03 -2.968074E+03 -4.030971E+03
        24 -1.393511E+03  2.265730E-08 -1.240795E+03
        26  4.285143E+03 -1.610546E+04  4.061510E+03
        28  4.913924E+03 -2.616002E+04 -7.598068E+02
        30  3.277099E+03 -1.734335E+04 -8.360365E+02
        32  1.673059E+03 -8.688558E+03 -9.057864E+02
        34  6.313110E+01 -1.740495E+01 -9.520147E+02
        36  2.209350E+03  2.968074E+03 -4.030971E+03
        37  2.365217E+03 -1.234057E+03 -3.455513E+03
        40  5.490574E+03 -4.921988E+01 -6.775460E+03
        41 -1.778704E+03 -2.901269E+03 -8.984224E+02
        44 -2.408353E+03 -1.202406E+02 -1.783243E+03
        45 -4.283854E+03 -1.667734E+03  4.300978E+03
        48 -8.181634E+03 -7.120683E+01  8.509961E+03
        50  5.747186E+03 -6.195132E+01 -6.688374E+03
        52 -2.388706E+03 -1.422654E+02 -1.779404E+03
        54 -8.423924E+03 -7.968755E+01  8.472713E+03
        56  5.887535E+03 -7.974687E+01 -6.736408E+03
        58 -2.412571E+03 -1.547717E+02 -1.770213E+03
        60 -8.592908E+03 -7.781878E+01  8.550567E+03
        62 -1.673677E+03 -8.468452E+01 -1.163797E+03
        64 -5.921181E+03 -3.845968E+01  5.908896E+03
        66 -8.995218E+02  9.051925E-09 -6.074263E+02
        68 -3.168477E+03  7.710571E-09  3.170909E+03
        70 -1.673677E+03  8.468452E+01 -1.163797E+03
        72 -5.921181E+03  3.845968E+01  5.908896E+03
        74  5.887535E+03  7.974687E+01 -6.736408E+03
        76 -2.412571E+03  1.547717E+02 -1.770213E+03
        78 -8.592908E+03  7.781878E+01  8.550567E+03
        80  5.747186E+03  6.195132E+01 -6.688374E+03
        82 -2.388706E+03  1.422654E+02 -1.779404E+03
        84 -8.423924E+03  7.968755E+01  8.472713E+03
        86  5.490574E+03  4.921988E+01 -6.775460E+03
        88 -2.408353E+03  1.202406E+02 -1.783243E+03
        90 -8.181634E+03  7.120683E+01  8.509961E+03
        92  2.365217E+03  1.234057E+03 -3.455513E+03
        94 -1.778704E+03  2.901269E+03 -8.984224E+02
        96 -4.283854E+03  1.667734E+03  4.300978E+03

 internal energy (element, energy) for set EALL and time  0.1000000E+01

         1  1.309926E+02
         2  7.067759E+01
         3  3.126804E+01
         4  1.145108E+01
         5  1.108114E+01
         6  1.309926E+02
         7  7.067759E+01
         8  3.126804E+01
         9  1.145108E+01
        10  1.108114E+01
        11  1.457069E+01
        12  1.936148E+01
        13  1.447919E+01
        14  1.928032E+01
        15  1.462230E+01
        16  1.944797E+01
        17  1.473245E+01
        18  1.969172E+01
        19  5.327312E+00
        20  7.193901E+00
        21  5.327312E+00
        22  7.193901E+00
        23  1.473245E+01
        24  1.969172E+01
        25  1.462230E+01
        26  1.944797E+01
        27  1.447919E+01
        28  1.928032E+01
        29  1.457069E+01
        30  1.936148E+01
        31  1.328215E+02
        32  7.612435E+01
        33  3.597655E+01
        34  1.466561E+01
        35  1.291449E+01
        36  1.328215E+02
        37  7.612435E+01
        38  3.597655E+01
        39  1.466561E+01
        40  1.291449E+01
        41  1.499454E+01
        42  1.961779E+01
        43  1.519486E+01
        44  1.986191E+01
        45  1.526757E+01
        46  1.995584E+01
        47  1.538618E+01
        48  1.998568E+01
        49  5.612857E+00
        50  7.254236E+00
        51  5.612857E+00
        52  7.254236E+00
        53  1.538618E+01
        54  1.998568E+01
        55  1.526757E+01
        56  1.995584E+01
        57  1.519486E+01
        58  1.986191E+01
        59  1.499454E+01
        60  1.961779E+01
        61  1.120907E+02
        62  6.290545E+01
        63  3.012035E+01
        64  1.276793E+01
        65  1.062149E+01
        66  1.120907E+02
        67  6.290545E+01
        68  3.012035E+01
        69  1.276793E+01
        70  1.062149E+01
        71  1.338276E+01
        72  1.767604E+01
        73  1.333655E+01
        74  1.761413E+01
        75  1.336051E+01
        76  1.763702E+01
        77  1.340655E+01
        78  1.767231E+01
        79  4.856836E+00
        80  6.417163E+00
        81  4.856836E+00
        82  6.417163E+00
        83  1.340655E+01
        84  1.767231E+01
        85  1.336051E+01
        86  1.763702E+01
        87  1.333655E+01
        88  1.761413E+01
        89  1.338276E+01
        90  1.767604E+01
        91  9.354159E+01
        92  5.411182E+01
        93  2.694462E+01
        94  1.213808E+01
        95  9.605223E+00
        96  9.354159E+01
        97  5.411182E+01
        98  2.694462E+01
        99  1.213808E+01
       100  9.605223E+00
       101  1.189137E+01
       102  1.567281E+01
       103  1.190289E+01
       104  1.568484E+01
       105  1.192128E+01
       106  1.570428E+01
       107  1.198352E+01
       108  1.572428E+01
       109  4.343529E+00
       110  5.702236E+00
       111  4.343529E+00
       112  5.702236E+00
       113  1.198352E+01
       114  1.572428E+01
       115  1.192128E+01
       116  1.570428E+01
       117  1.190289E+01
       118  1.568484E+01
       119  1.189137E+01
       120  1.567281E+01
       121  7.387803E+01
       122  4.349317E+01
       123  2.253352E+01
       124  1.082460E+01
       125  8.290879E+00
       126  7.387803E+01
       127  4.349317E+01
       128  2.253352E+01
       129  1.082460E+01
       130  8.290879E+00
       131  1.015729E+01
       132  1.335909E+01
       133  1.017587E+01
       134  1.337788E+01
       135  1.021499E+01
       136  1.342526E+01
       137  1.030823E+01
       138  1.347012E+01
       139  3.736516E+00
       140  4.883517E+00
       141  3.736516E+00
       142  4.883517E+00
       143  1.030823E+01
       144  1.347012E+01
       145  1.021499E+01
       146  1.342526E+01
       147  1.017587E+01
       148  1.337788E+01
       149  1.015729E+01
       150  1.335909E+01
       151  5.427704E+01
       152  3.270741E+01
       153  1.767781E+01
       154  9.080954E+00
       155  6.835637E+00
       156  5.427704E+01
       157  3.270741E+01
       158  1.767781E+01
       159  9.080954E+00
       160  6.835637E+00
       161  8.243280E+00
       162  1.075711E+01
       163  8.269732E+00
       164  1.078478E+01
       165  8.312433E+00
       166  1.083800E+01
       167  8.426507E+00
       168  1.088595E+01
       169  3.055261E+00
       170  3.941242E+00
       171  3.055261E+00
       172  3.941242E+00
       173  8.426507E+00
       174  1.088595E+01
       175  8.312433E+00
       176  1.083800E+01
       177  8.269732E+00
       178  1.078478E+01
       179  8.243280E+00
       180  1.075711E+01
       181  3.565224E+01
       182  2.206347E+01
       183  1.253481E+01
       184  6.951364E+00
       185  5.244913E+00
       186  3.565224E+01
       187  2.206347E+01
       188  1.253481E+01
       189  6.951364E+00
       190  5.244913E+00
       191  6.125818E+00
       192  7.897301E+00
       193  6.163180E+00
       194  7.937908E+00
       195  6.215390E+00
       196  8.005650E+00
       197  6.358936E+00
       198  8.064008E+00
       199  2.310923E+00
       200  2.914018E+00
       201  2.310923E+00
       202  2.914018E+00
       203  6.358936E+00
       204  8.064008E+00
       205  6.215390E+00
       206  8.005650E+00
       207  6.163180E+00
       208  7.937908E+00
       209  6.125818E+00
       210  7.897301E+00
       211  1.935045E+01
       212  1.239417E+01
       213  7.509089E+00
       214  4.588869E+00
       215  3.568945E+00
       216  1.935045E+01
       217  1.239417E+01
       218  7.509089E+00
       219  4.588869E+00
       220  3.568945E+00
       221  4.066963E+00
       222  5.126650E+00
       223  4.028744E+00
       224  5.073804E+00
       225  4.004967E+00
       226  5.052890E+00
       227  4.132873E+00
       228  5.067898E+00
       229  1.507464E+00
       230  1.818725E+00
       231  1.507464E+00
       232  1.818725E+00
       233  4.132873E+00
       234  5.067898E+00
       235  4.004967E+00
       236  5.052890E+00
       237  4.028744E+00
       238  5.073804E+00
       239  4.066963E+00
       240  5.126650E+00
       241  6.907987E+00
       242  4.752698E+00
       243  3.257929E+00
       244  2.344009E+00
       245  1.983111E+00
       246  6.907987E+00
       247  4.752698E+00
       248  3.257929E+00
       249  2.344009E+00
       250  1.983111E+00
       251  2.301624E+00
       252  2.762207E+00
       253  2.118593E+00
       254  2.520045E+00
       255  1.944201E+00
       256  2.328724E+00
       257  2.010936E+00
       258  2.248373E+00
       259  7.292710E-01
       260  7.924913E-01
       261  7.292710E-01
       262  7.924913E-01
       263  2.010936E+00
       264  2.248373E+00
       265  1.944201E+00
       266  2.328724E+00
       267  2.118593E+00
       268  2.520045E+00
       269  2.301624E+00
       270  2.762207E+00
       271  8.448643E-01
       272  7.467691E-01
       273  7.118600E-01
       274  7.270845E-01
       275  8.672187E-01
       276  8.448643E-01
       277  7.467691E-01
       278  7.118600E-01
       279  7.270845E-01
       280  8.672187E-01
       281  6.353120E-01
       282  6.875406E-01
       283  5.698366E-01
       284  5.441023E-01
       285  6.116837E-01
       286  6.250953E-01
       287  1.115906E+00
       288  9.843663E-01
       289  2.334713E-01
       290  5.394004E-01
       291  2.334713E-01
       292  5.394004E-01
       293  1.115906E+00
       294  9.843663E-01
       295  6.116837E-01
       296  6.250953E-01
       297  5.698366E-01
       298  5.441023E-01
       299  6.353120E-01
       300  6.875406E-01
