
                        S T E P       1


                                INCREMENT     1


 displacements (vx,vy,vz) for set NALL and time  0.1000000E+01

         1  0.000000E+00 -6.617445E-25 -6.617445E-25
         2  0.000000E+00  1.323489E-24  0.000000E+00
         3  0.000000E+00  6.617445E-25 -4.929996E-23
         4  0.000000E+00  0.000000E+00  4.830735E-23
         5  1.403213E-03 -9.171142E-06 -1.984671E-03
         6  1.405458E-03  2.258977E-05  1.936231E-03
         7 -1.387181E-03  3.110430E-05 -1.980504E-03
         8 -1.390197E-03 -6.724569E-06  1.935014E-03
         9  2.788961E-03  1.937463E-05 -3.579991E-03
        10  2.789115E-03  5.035888E-06  3.567945E-03
        11 -2.726122E-03  1.486870E-05 -3.579705E-03
        12 -2.726258E-03  1.958608E-05  3.568579E-03
        13  3.563056E-03  1.301183E-05 -4.260687E-03
        14  3.563065E-03  5.157544E-06  4.160685E-03
        15 -3.452989E-03  1.460249E-05 -4.262218E-03
        16 -3.452627E-03  1.112536E-05  4.162380E-03
        17  4.286378E-03  6.903076E-06 -5.121661E-03
        18  4.286461E-03  1.866218E-05  5.037778E-03
        19 -4.208636E-03  1.893867E-06 -5.121793E-03
        20 -4.208133E-03  7.257132E-07  5.038739E-03
        21  5.000000E-03 -2.117582E-23 -6.000000E-03
        22  5.000000E-03  4.235165E-23  6.000000E-03
        23 -5.000000E-03  1.058791E-23 -6.000000E-03
        24 -5.000000E-03  0.000000E+00  6.000000E-03
        25  9.064055E-05 -1.316489E-05 -2.860423E-04
        26  5.569546E-04 -2.790971E-05 -1.048780E-03
        27  1.269474E-03 -1.409899E-05 -1.876664E-03
        28  8.340409E-05 -4.144113E-06  1.304700E-04
        29  4.115161E-04 -1.281223E-05  6.052117E-04
        30  9.931278E-04  4.509131E-06  1.450184E-03
        31 -1.687550E-04 -1.960311E-06 -6.115514E-05
        32 -5.819754E-04 -9.269923E-06 -5.149440E-04
        33 -1.050084E-03  8.157630E-06 -1.429337E-03
        34 -2.387915E-04 -1.102793E-05  2.751982E-04
        35 -8.738535E-04 -2.586955E-05  9.826283E-04
        36 -1.446769E-03 -1.205256E-05  1.737059E-03
        37  2.215678E-03 -2.150789E-05 -2.434108E-03
        38  1.577164E-03 -1.040889E-05  2.646025E-03
        39 -1.587138E-03 -4.711840E-06 -2.681515E-03
        40 -2.100677E-03 -1.168625E-05  2.506991E-03
        41  3.812948E-03  7.434551E-06 -4.015934E-03
        42  2.791314E-03 -6.306473E-06  3.954748E-03
        43 -2.729163E-03  4.678098E-06 -4.013896E-03
        44 -3.735452E-03  6.970129E-06  3.951788E-03
        45  4.133501E-03  5.610663E-06 -4.442059E-03
        46  4.611315E-03 -1.298585E-07 -4.786683E-03
        47  4.648330E-03  5.382944E-06 -5.047068E-03
        48  3.395345E-03  3.607511E-06  4.218319E-03
        49  3.596628E-03 -9.705309E-07  4.434031E-03
        50  3.899311E-03  4.395086E-06  4.816573E-03
        51 -3.077802E-03  4.645874E-06 -4.495118E-03
        52 -3.005300E-03 -1.099479E-06 -4.841400E-03
        53 -3.494809E-03  4.353631E-06 -5.058276E-03
        54 -3.968887E-03  9.796874E-07  4.406026E-03
        55 -4.385209E-03 -5.887925E-06  4.751667E-03
        56 -4.443510E-03 -2.937913E-06  4.943926E-03
        57  4.695323E-03 -3.375515E-07 -5.297328E-03
        58  4.969947E-03 -5.883151E-06 -5.755187E-03
        59  5.152310E-03  3.305775E-06 -6.065389E-03
        60  3.857045E-03  1.538445E-05  5.268776E-03
        61  3.847721E-03  2.163427E-06  5.858824E-03
        62  4.392448E-03  9.432197E-06  6.231164E-03
        63 -4.049325E-03 -9.614208E-06 -5.280355E-03
        64 -4.197844E-03 -1.276908E-05 -5.556658E-03
        65 -4.494359E-03 -8.824352E-06 -5.786313E-03
        66 -5.002734E-03 -9.656542E-06  5.239268E-03
        67 -5.663339E-03 -1.541515E-05  5.454429E-03
        68 -5.554268E-03 -1.548115E-05  5.633584E-03
        69  2.382370E-06  1.736302E-08  1.656424E-06
        70 -1.082749E-06 -4.999384E-10 -7.498311E-07
        71  9.501275E-07  4.130342E-09  1.024963E-06
        72 -1.491669E-06  1.972461E-08 -1.616803E-06
        73  1.405813E-03  2.199687E-05 -1.036629E-03
        74  1.405624E-03  2.826634E-05 -3.029525E-05
        75  1.406009E-03  2.375884E-05  9.792004E-04
        76 -1.388457E-03  4.319799E-05 -1.031573E-03
        77 -1.388417E-03  5.328125E-05 -2.869816E-05
        78 -1.388844E-03  4.235635E-05  9.775175E-04
        79  6.787349E-04 -5.964518E-05 -1.981538E-03
        80  5.246722E-06 -4.277103E-05 -1.982164E-03
        81 -6.661065E-04  6.564350E-07 -1.981181E-03
        82  6.796045E-04  1.414569E-05  1.935367E-03
        83  5.962866E-06 -1.294064E-05  1.935129E-03
        84 -6.667700E-04 -3.023515E-05  1.935323E-03
        85  2.790038E-03  9.092648E-06  2.477542E-06
        86 -2.725807E-03  1.891203E-05 -1.639372E-05
        87  2.002245E-05  9.131235E-06 -3.578942E-03
        88  3.483553E-05  2.139873E-05  3.568671E-03
        89  4.285539E-03  7.079459E-06 -2.600997E-03
        90  4.285768E-03  6.542455E-06 -2.202965E-05
        91  4.285139E-03  1.181641E-05  2.545780E-03
        92 -4.210265E-03  4.526213E-06 -2.558033E-03
        93 -4.209284E-03 -1.283891E-05  6.232326E-05
        94 -4.209313E-03 -1.702163E-05  2.628439E-03
        95  2.192808E-03  3.645836E-07 -5.121760E-03
        96  5.472056E-05 -5.024984E-06 -5.121362E-03
        97 -2.093124E-03 -1.808222E-06 -5.120736E-03
        98  2.180685E-03  1.565140E-05  5.038915E-03
        99 -1.465679E-05  1.192049E-05  5.038378E-03
       100 -2.183261E-03  9.886225E-06  5.038336E-03
       101  1.185797E-05  1.516567E-04 -1.335988E-03
       102  1.772466E-04  4.649148E-04 -3.351009E-03
       103 -2.350374E-04  3.300709E-04 -2.986203E-03
       104  2.007957E-04 -2.051603E-04 -1.665291E-03
       105  2.902227E-04 -5.474448E-04 -3.821840E-03
       106  5.959447E-04 -3.696466E-04 -3.263596E-03
       107 -3.803394E-04 -1.794398E-04  1.512223E-03
       108 -8.216993E-04 -5.331578E-04  3.721103E-03
       109 -9.760569E-04 -3.755177E-04  3.231828E-03
       110  1.321112E-04  1.637311E-04  1.405553E-03
       111  2.794189E-04  4.674234E-04  3.365227E-03
       112  6.443984E-04  3.162618E-04  2.929210E-03
       113 -1.491268E-03  4.773643E-04  2.249389E-04
       114 -1.769045E-03  5.976858E-04  6.487290E-04
       115  4.442380E-04  1.590923E-04  1.274181E-03
       116 -1.260339E-03 -4.117045E-04 -1.210983E-05
       117 -1.407380E-03 -5.025354E-04 -7.104247E-04
       118  6.157142E-04 -1.083990E-04 -1.665325E-03
       119  1.320871E-03 -4.282246E-04 -1.637789E-04
       120  1.392192E-03 -4.978146E-04  2.895146E-04
       121 -7.063820E-04 -8.651928E-05  1.258389E-03
       122  1.369040E-03  4.426194E-04 -1.251129E-05
       123  1.646695E-03  5.670293E-04 -3.296329E-04
       124 -4.110297E-04  1.657534E-04 -1.071073E-03
       125  8.155042E-04  2.695537E-05 -2.574542E-03
       126  7.390228E-04  2.714883E-04 -4.201958E-03
       127 -3.289475E-04  2.223668E-04 -4.219543E-03
       128 -9.673622E-04 -3.980710E-05 -2.836535E-03
       129 -7.696875E-04 -2.271398E-04 -4.151882E-03
       130  4.300180E-04 -1.465942E-04 -4.056350E-03
       131  7.769696E-04 -7.914901E-05  2.944525E-03
       132  3.125275E-04 -3.222148E-04  4.564382E-03
       133 -7.141176E-04 -2.113802E-04  4.297108E-03
       134 -5.600512E-04  5.961631E-05  2.734565E-03
       135 -1.815716E-04  3.012826E-04  4.352100E-03
       136  7.313068E-04  2.245929E-04  4.255034E-03
       137  3.142595E-04  3.556300E-04 -3.710527E-04
       138 -4.336155E-05  4.988337E-04  8.262201E-04
       139  1.620646E-03  1.816119E-04  1.990889E-03
       140  5.249108E-04 -2.824672E-04  7.706086E-04
       141  1.387725E-04 -4.334982E-04 -4.172697E-04
       142  1.632524E-03 -1.541174E-04 -1.882661E-03
       143 -5.888990E-04 -2.509159E-04 -1.093196E-03
       144 -2.162692E-04 -4.006031E-04  3.352454E-05
       145 -1.627330E-03 -1.407513E-04  1.684491E-03
       146 -3.443184E-04  3.442838E-04  6.935865E-04
       147 -5.521964E-05  4.713985E-04 -3.823271E-04
       148 -1.628770E-03  1.747789E-04 -1.754754E-03
       149  4.797308E-04 -1.076371E-05 -4.713976E-03
       150 -3.492019E-04  2.383735E-05 -4.745260E-03
       151  3.919389E-04  1.698901E-05  4.563029E-03
       152 -2.449257E-04  1.076364E-05  4.638629E-03
       153  3.948075E-03  1.927353E-05  7.758762E-04
       154  3.936243E-03 -1.546660E-06 -8.766063E-04
       155 -3.759605E-03  1.664475E-05  7.574981E-04
       156 -3.765023E-03 -5.090324E-06 -8.074249E-04
       157  5.666439E-04 -3.148296E-05 -5.461181E-03
       158 -6.277220E-04 -4.787776E-06 -5.671844E-03
       159  5.149373E-04  6.714660E-05  5.279462E-03
       160 -5.737969E-04  4.190231E-05  5.809414E-03
       161  4.741786E-03 -7.299238E-06  1.027590E-03
       162  4.551826E-03 -2.068879E-05 -1.044896E-03
       163 -4.617049E-03  2.957988E-05  6.843358E-04
       164 -4.666426E-03 -4.162115E-05 -5.396352E-04

 forces (fx,fy,fz) for set RIGHT and time  0.1000000E+01

        21  2.640458E+03 -4.474824E+02 -4.688253E+03
        22  2.068150E+03  2.910383E+02  4.306734E+03
        23 -3.094422E+03  1.262733E+03  5.637275E+02
        24 -1.680910E+03 -2.318818E+03 -2.214715E+02

 internal energy (element, energy) for set ALL and time  0.1000000E+01

         1  1.035872E-02
         2  6.448305E-03
         3  5.920400E-03
         4  1.799290E-02
         5  7.094184E-03
         6  8.503291E-03
         7  4.640882E-03
         8  1.580561E-02
         9  3.484108E-03
        10  4.713211E-03
        11  3.831539E-03
        12  1.522462E-02
        13  1.188969E-02
        14  1.185489E-02
        15  7.325137E-03
        16  1.134875E-02
        17  2.367681E-02
        18  1.099984E-02
        19  1.807094E-02
        20  1.411190E-02
        21  2.467599E-02
        22  1.182218E-02
        23  2.382768E-02
        24  1.769897E-02
        25  5.839271E-04
        26  9.413426E-04
        27  1.444070E-03
        28  3.027306E-03
        29  1.666556E-03
        30  2.909848E-03
        31  7.629976E-04
        32  1.096488E-03
        33  8.236205E-04
        34  1.336821E-04
        35  6.587168E-04
        36  7.496010E-03
        37  1.813509E-03
        38  5.755418E-04
        39  1.643109E-03
        40  3.111717E-02
        41  1.043685E-03
        42  2.701058E-04
        43  1.830106E-03
        44  3.605188E-02
        45  1.267446E-03
        46  3.094581E-04
        47  1.854525E-04
        48  4.580553E-04
        49  8.001408E-03
        50  2.430729E-03
        51  6.491539E-03
        52  1.044030E-02
        53  4.832453E-02
        54  7.368656E-03
        55  4.535186E-03
        56  1.229644E-02
        57  3.573112E-02
        58  4.054841E-03
        59  1.494223E-03
        60  5.150731E-03
        61  3.241631E-03
        62  2.084195E-03
        63  4.697781E-03
        64  5.275688E-03
        65  4.119297E-03
        66  1.053192E-02
        67  1.430929E-03
        68  1.333153E-03
        69  2.134058E-03
        70  1.284960E-03
        71  8.130012E-03
        72  2.018903E-03
        73  6.776343E-03
        74  6.461358E-04
        75  5.765707E-04
        76  3.188767E-03
        77  3.690496E-03
        78  3.646727E-04
        79  8.011191E-04
        80  4.511339E-03
        81  1.214563E-02
        82  2.060127E-03
        83  4.309010E-04
        84  4.918364E-03
        85  3.269727E-03
        86  4.670655E-04
        87  6.837918E-04
        88  4.068488E-03
        89  2.251989E-02
        90  2.154882E-02
        91  2.707371E-02
        92  2.917213E-02
        93  5.722918E-02
        94  5.265052E-02
        95  7.045563E-02
        96  7.418041E-02
        97  3.535861E-02
        98  7.344262E-03
        99  7.623958E-02
       100  5.720137E-02
       101  4.274711E-03
       102  3.788400E-04
       103  1.302935E-03
       104  1.248404E-02
       105  1.301976E-02
       106  8.768408E-04
       107  3.074798E-03
       108  1.121895E-02
       109  3.042423E-03
       110  4.985566E-04
       111  8.285065E-04
       112  9.267110E-03
       113  1.578399E-02
       114  1.143164E-03
       115  3.159275E-03
       116  1.508080E-02
       117  2.226678E-02
       118  2.880930E-02
       119  4.595873E-02
       120  4.054515E-02
       121  5.455889E-01
       122  4.162785E-01
       123  4.372477E-01
       124  5.121797E-01
       125  5.968244E-01
       126  3.700434E-01
       127  3.962053E-01
       128  4.008403E-01
       129  5.528726E-01
       130  3.401315E-01
       131  3.730928E-01
       132  4.997903E-01
       133  5.558103E-01
       134  3.818882E-01
       135  4.005138E-01
       136  4.859616E-01
       137  5.513246E-01
       138  3.833053E-01
       139  3.363585E-01
       140  4.505631E-01
       141  5.228514E-01
       142  3.990132E-01
       143  3.661568E-01
       144  4.879609E-01
       145  5.004905E-01
       146  4.311117E-01
       147  3.786833E-01
       148  4.618192E-01
       149  5.241150E-01
       150  4.560413E-01
       151  3.977453E-01
       152  4.749208E-01
       153  4.836478E-01
       154  3.810492E-01
       155  4.014320E-01
       156  4.427625E-01
       157  4.962146E-01
       158  3.765464E-01
       159  4.551243E-01
       160  4.037894E-01
       161  4.915981E-01
       162  3.365322E-01
       163  3.786903E-01
       164  4.966178E-01
       165  5.167856E-01
       166  3.507539E-01
       167  3.847602E-01
       168  4.758242E-01
       169  4.666089E-01
       170  3.308300E-01
       171  3.246021E-01
       172  4.234543E-01
       173  4.615830E-01
       174  3.278741E-01
       175  3.173580E-01
       176  4.218507E-01
       177  4.598566E-01
       178  3.741115E-01
       179  3.512780E-01
       180  4.153776E-01
       181  4.107808E-01
       182  3.654455E-01
       183  3.514339E-01
       184  4.128633E-01
       185  5.767157E-01
       186  6.075459E-01
       187  4.918520E-01
       188  6.366181E-01
       189  7.652760E-01
       190  8.431950E-01
       191  8.656575E-01
       192  8.026531E-01
       193  5.151386E-01
       194  3.471758E-01
       195  4.174115E-01
       196  2.621759E-01
       197  3.247014E-01
       198  4.244015E-01
       199  3.285424E-01
       200  3.577216E-01
       201  6.340074E-01
       202  3.027275E-01
       203  6.121851E-01
       204  2.701860E-01
       205  3.484490E-01
       206  5.893436E-01
       207  2.733036E-01
       208  5.112465E-01
       209  4.563577E-01
       210  4.258296E-01
       211  3.858087E-01
       212  3.298977E-01
       213  4.052376E-01
       214  4.828570E-01
       215  4.288284E-01
       216  4.159970E-01
       217  6.659101E-01
       218  3.373717E-01
       219  6.491476E-01
       220  3.226421E-01
       221  3.657238E-01
       222  6.258865E-01
       223  3.908504E-01
       224  6.728482E-01

 total internal energy for set ALL and time  0.1000000E+01

        4.833921E+01
