
                        S T E P       1


                                INCREMENT     1


 displacements (vx,vy,vz) for set NALL and time  0.1000000E+01

         1  0.000000E+00  6.617445E-25  6.617445E-25
         2  0.000000E+00  1.323489E-24  6.617445E-25
         3 -6.617445E-25  0.000000E+00  1.535247E-22
         4  0.000000E+00  0.000000E+00  3.460924E-22
         5  3.090552E-03 -2.845389E-08 -3.612741E-03
         6  3.097100E-03  1.738701E-05  3.629081E-03
         7 -2.942913E-03  2.946655E-05 -3.602591E-03
         8 -2.937265E-03 -1.029980E-05  3.629132E-03
         9  3.629287E-03 -1.771861E-05 -4.324004E-03
        10  3.629448E-03  9.096384E-06  4.347114E-03
        11 -3.537632E-03 -6.004155E-06 -4.323147E-03
        12 -3.537992E-03 -3.151658E-06  4.347158E-03
        13  4.293087E-03 -1.618792E-06 -5.154590E-03
        14  4.291777E-03  2.579793E-06  5.160764E-03
        15 -4.307624E-03 -4.707377E-06 -5.155071E-03
        16 -4.308355E-03  4.932943E-06  5.161701E-03
        17  4.582912E-03 -3.130578E-06 -5.502344E-03
        18  4.584479E-03  3.959242E-07  5.495811E-03
        19 -4.581894E-03 -1.249193E-07 -5.503862E-03
        20 -4.582225E-03 -2.570797E-06  5.497847E-03
        21  5.000000E-03 -1.058791E-23 -6.000000E-03
        22  5.000000E-03  2.117582E-23  6.000000E-03
        23 -5.000000E-03  0.000000E+00 -6.000000E-03
        24 -5.000000E-03 -1.651714E-21  6.000000E-03
        25  7.875660E-05 -5.139896E-06 -1.036877E-04
        26  4.311551E-04 -2.009489E-05 -4.827331E-04
        27  1.081514E-03 -3.699483E-05 -1.112532E-03
        28  1.842394E-03 -4.393099E-05 -1.827650E-03
        29  2.540184E-03 -3.825306E-05 -2.499256E-03
        30  3.026375E-03 -2.427448E-05 -3.048794E-03
        31  3.182437E-03 -9.949306E-06 -3.438242E-03
        32  6.037179E-05 -3.757433E-06  9.223656E-05
        33  2.815576E-04 -1.587648E-05  3.927543E-04
        34  6.788571E-04 -2.870307E-05  9.015054E-04
        35  1.186830E-03 -3.453728E-05  1.560492E-03
        36  1.743828E-03 -2.766249E-05  2.281796E-03
        37  2.295601E-03 -1.018074E-05  2.949084E-03
        38  2.780463E-03  9.343329E-06  3.431003E-03
        39 -1.382130E-04 -3.087489E-06 -5.537104E-05
        40 -4.880582E-04 -1.167327E-05 -2.869151E-04
        41 -9.467947E-04 -2.335221E-05 -7.465668E-04
        42 -1.447459E-03 -2.885340E-05 -1.381783E-03
        43 -1.935393E-03 -2.182074E-05 -2.114912E-03
        44 -2.366648E-03 -3.088684E-06 -2.826914E-03
        45 -2.705370E-03  1.883551E-05 -3.370345E-03
        46 -1.312854E-04 -2.918414E-06  8.703695E-05
        47 -5.394611E-04 -1.864064E-05  4.666162E-04
        48 -1.163043E-03 -3.709246E-05  1.161089E-03
        49 -1.850514E-03 -4.491746E-05  1.962785E-03
        50 -2.459634E-03 -3.866811E-05  2.693468E-03
        51 -2.875674E-03 -2.520713E-05  3.233783E-03
        52 -3.022858E-03 -1.381565E-05  3.525381E-03
        53  4.219823E-03 -1.931296E-05 -4.443405E-03
        54  4.584175E-03 -2.104226E-05 -4.537415E-03
        55  4.595606E-03 -1.475833E-05 -4.861335E-03
        56  3.419988E-03 -2.407885E-06  4.605364E-03
        57  3.408113E-03 -6.154733E-06  4.838904E-03
        58  3.718304E-03 -2.535379E-06  5.019851E-03
        59 -3.355392E-03 -1.256605E-05 -4.531013E-03
        60 -3.367315E-03 -1.686292E-05 -4.728502E-03
        61 -3.722626E-03 -1.297754E-05 -4.964624E-03
        62 -4.143667E-03 -9.897412E-06  4.495593E-03
        63 -4.515967E-03 -1.121679E-05  4.625601E-03
        64 -4.588256E-03 -5.059868E-06  4.915745E-03
        65  5.416214E-03 -8.982897E-06 -5.666303E-03
        66  4.029429E-03 -7.280149E-06  5.659990E-03
        67 -4.028483E-03 -7.164160E-06 -5.668749E-03
        68 -5.420334E-03 -8.710199E-06  5.664170E-03
        69  2.274374E-06  1.469986E-08  1.580577E-06
        70 -1.767678E-06  2.632385E-09 -1.222769E-06
        71  1.146147E-06 -7.550369E-10  1.238096E-06
        72 -1.703686E-06  1.012123E-08 -1.842987E-06
        73  3.631353E-03 -2.276252E-06  1.565556E-05
        74 -3.536160E-03 -4.750709E-06 -8.382708E-06
        75  3.506920E-05 -1.213361E-05 -4.323100E-03
        76  5.628118E-05  2.719086E-06  4.347627E-03
        77  4.292950E-03  3.182803E-07  2.030666E-05
        78 -4.307746E-03  9.065648E-07 -1.405863E-05
        79 -2.092788E-05 -4.278238E-06 -5.154502E-03
        80  6.632960E-06  4.575014E-06  5.161537E-03
        81  4.999597E-03 -1.583952E-05 -3.051965E-03
        82  4.999790E-03 -8.776356E-07  2.225310E-05
        83  4.999557E-03  1.494490E-05  3.084803E-03
        84 -5.000432E-03  1.597072E-05 -3.086792E-03
        85 -5.000203E-03  1.314745E-08 -2.191338E-05
        86 -5.000398E-03 -1.569899E-05  3.054384E-03
        87  2.545583E-03  1.687080E-05 -6.000531E-03
        88 -1.708531E-05  2.272901E-06 -6.000346E-03
        89 -2.571493E-03 -1.430526E-05 -6.000719E-03
        90  2.569588E-03 -1.632134E-05  5.999264E-03
        91  1.588803E-05 -1.932260E-08  5.999657E-03
        92 -2.544905E-03  1.577725E-05  5.999492E-03
        93  4.208510E-05  1.325983E-04 -1.013930E-03
        94  8.241962E-04  6.777345E-04 -4.533178E-03
        95  2.172256E-03  1.415279E-03 -8.905561E-03
        96  2.636094E-03  1.786243E-03 -1.094882E-02
        97  1.693278E-03  1.493840E-03 -9.642331E-03
        98 -2.383310E-04  7.031553E-04 -6.242688E-03
        99 -1.900506E-03  1.286135E-04 -3.950884E-03
       100  3.398735E-04 -1.780658E-04 -1.311689E-03
       101  1.375616E-03 -7.698075E-04 -5.127506E-03
       102  2.590987E-03 -1.485301E-03 -9.374958E-03
       103  3.079689E-03 -1.811673E-03 -1.118700E-02
       104  2.622696E-03 -1.487931E-03 -9.733624E-03
       105  1.858618E-03 -6.939966E-04 -6.321994E-03
       106  2.059045E-03 -1.135118E-04 -4.007230E-03
       107 -4.004571E-04 -1.653646E-04  1.229678E-03
       108 -1.689742E-03 -7.497486E-04  4.985124E-03
       109 -3.193403E-03 -1.483474E-03  9.331686E-03
       110 -3.829360E-03 -1.836202E-03  1.127495E-02
       111 -3.306415E-03 -1.528471E-03  9.891065E-03
       112 -2.268936E-03 -7.265385E-04  6.440032E-03
       113 -2.117378E-03 -1.306374E-04  4.049612E-03
       114  5.086845E-05  1.490498E-04  1.125190E-03
       115 -5.576362E-04  7.092428E-04  4.746600E-03
       116 -1.599783E-03  1.434592E-03  9.053915E-03
       117 -1.811813E-03  1.787666E-03  1.100869E-02
       118 -8.221520E-04  1.490562E-03  9.684816E-03
       119  9.197238E-04  7.110604E-04  6.338713E-03
       120  2.250984E-03  1.319129E-04  4.032234E-03
       121 -6.338942E-04  1.976688E-04  1.332333E-04
       122 -3.665647E-03  1.068351E-03  7.385168E-04
       123 -7.815589E-03  2.194306E-03  1.790358E-03
       124 -9.235261E-03  2.563402E-03  2.617924E-03
       125 -6.526657E-03  1.954049E-03  2.887496E-03
       126 -1.224033E-03  8.415409E-04  2.779258E-03
       127  2.399027E-03  1.350694E-04  2.980213E-03
       128 -5.179654E-04 -1.621554E-04  1.579260E-05
       129 -3.244169E-03 -9.485301E-04  5.984079E-04
       130 -7.177285E-03 -2.016466E-03  1.513549E-03
       131 -8.742519E-03 -2.422469E-03  1.635828E-03
       132 -6.499985E-03 -1.920783E-03  5.608813E-04
       133 -1.628013E-03 -9.005572E-04 -1.308354E-03
       134  2.116551E-03 -1.687118E-04 -2.793756E-03
       135  5.226040E-04 -1.633307E-04 -1.004184E-04
       136  3.326010E-03 -9.700379E-04 -4.672852E-04
       137  7.300937E-03 -2.048536E-03 -8.930103E-04
       138  8.692548E-03 -2.410280E-03 -7.782672E-04
       139  6.127388E-03 -1.833527E-03  1.113302E-04
       140  1.075651E-03 -7.740865E-04  1.535571E-03
       141 -2.325340E-03 -1.108953E-04  2.768933E-03
       142  5.355381E-04  1.672383E-04  9.394250E-06
       143  3.293097E-03  9.628998E-04 -7.694206E-04
       144  7.221370E-03  2.030017E-03 -2.325970E-03
       145  8.710212E-03  2.417411E-03 -3.427519E-03
       146  6.345801E-03  1.888077E-03 -3.543090E-03
       147  1.417473E-03  8.564823E-04 -3.001938E-03
       148 -2.149678E-03  1.600121E-04 -2.932975E-03
       149  2.574889E-03  3.382387E-05 -3.864959E-03
       150  2.225742E-03  1.538454E-04 -4.637553E-03
       151  1.928270E-03  3.091633E-04 -5.560790E-03
       152  1.343857E-03  3.768760E-04 -5.937899E-03
       153  3.443892E-04  2.954876E-04 -5.569565E-03
       154 -9.696137E-04  1.095138E-04 -4.769786E-03
       155 -2.296515E-03 -8.707400E-06 -4.298369E-03
       156 -2.311952E-03  3.454068E-06 -3.799659E-03
       157 -1.547349E-03 -7.919662E-05 -4.333668E-03
       158 -7.386409E-04 -1.821559E-04 -4.945800E-03
       159  1.025529E-05 -2.294453E-04 -5.208967E-03
       160  6.974948E-04 -1.836273E-04 -5.004267E-03
       161  1.438378E-03 -7.475414E-05 -4.537337E-03
       162  2.432900E-03 -7.647872E-06 -4.274203E-03
       163  2.518467E-03 -6.544290E-06  3.815316E-03
       164  1.766769E-03 -1.034325E-04  4.441770E-03
       165  8.748406E-04 -2.387198E-04  5.245337E-03
       166  5.392483E-05 -3.050696E-04  5.612339E-03
       167 -6.446286E-04 -2.462561E-04  5.348936E-03
       168 -1.345328E-03 -9.658060E-05  4.706257E-03
       169 -2.317709E-03  1.146693E-06  4.317364E-03
       170 -2.368793E-03  1.597609E-05  3.834078E-03
       171 -1.925733E-03  1.146185E-04  4.472584E-03
       172 -1.534901E-03  2.458924E-04  5.254791E-03
       173 -9.181806E-04  3.056261E-04  5.588507E-03
       174  2.659600E-05  2.420325E-04  5.303822E-03
       175  1.223518E-03  9.332879E-05  4.666307E-03
       176  2.443114E-03  8.554603E-07  4.301857E-03
       177  2.937974E-03  4.652403E-05 -2.535588E-03
       178  2.360319E-03  2.124307E-04 -1.419291E-03
       179  1.660828E-03  4.018851E-04 -2.925058E-04
       180  1.424416E-03  4.632238E-04  7.438706E-04
       181  1.872349E-03  3.623105E-04  1.649960E-03
       182  2.761367E-03  1.756107E-04  2.476945E-03
       183  3.420197E-03  4.676593E-05  3.366830E-03
       184  3.027340E-03 -6.293227E-06  2.594357E-03
       185  2.443773E-03 -1.746070E-04  1.711164E-03
       186  1.524852E-03 -4.241130E-04  9.691522E-04
       187  1.108241E-03 -5.315851E-04  1.123901E-04
       188  1.542415E-03 -4.349803E-04 -9.639709E-04
       189  2.578499E-03 -2.182467E-04 -2.188748E-03
       190  3.382635E-03 -6.133732E-05 -3.324872E-03
       191 -2.832649E-03 -5.054959E-06 -2.614479E-03
       192 -2.160694E-03 -1.980280E-04 -1.719555E-03
       193 -1.168993E-03 -4.668956E-04 -8.841034E-04
       194 -7.601112E-04 -5.722712E-04  2.679079E-05
       195 -1.282313E-03 -4.552528E-04  1.073929E-03
       196 -2.428152E-03 -2.149845E-04  2.218919E-03
       197 -3.276937E-03 -4.929663E-05  3.321641E-03
       198 -2.879742E-03  9.306140E-06  2.586153E-03
       199 -2.366462E-03  1.576830E-04  1.425451E-03
       200 -1.549369E-03  3.796425E-04  1.690297E-04
       201 -1.196125E-03  4.710546E-04 -9.338486E-04
       202 -1.621256E-03  3.763006E-04 -1.792952E-03
       203 -2.580914E-03  1.755083E-04 -2.504362E-03
       204 -3.302182E-03  3.513319E-05 -3.336119E-03

 forces (fx,fy,fz) for set RIGHT and time  0.1000000E+01

        21  1.582604E+03  3.189530E+02 -1.368966E+03
        22  1.570840E+03 -4.010543E+02  1.262506E+03
        23 -1.602575E+03 -6.250244E+00 -1.337596E+03
        24 -1.549974E+03 -2.105311E+02  1.427019E+03

 internal energy (element, energy) for set ALL and time  0.1000000E+01

         1  7.924270E-03
         2  1.007780E-02
         3  5.319209E-03
         4  4.050286E-03
         5  4.363352E-03
         6  5.313576E-03
         7  7.202345E-03
         8  1.915676E-02
         9  7.478344E-03
        10  9.232663E-03
        11  6.511559E-03
        12  5.030585E-03
        13  4.433479E-03
        14  5.287629E-03
        15  8.147559E-03
        16  1.096507E-02
        17  6.578548E-03
        18  8.673783E-03
        19  6.667600E-03
        20  5.539989E-03
        21  4.999335E-03
        22  5.627044E-03
        23  8.888254E-03
        24  1.074451E-02
        25  9.544832E-03
        26  1.251308E-02
        27  6.690695E-03
        28  5.082151E-03
        29  5.671530E-03
        30  7.128180E-03
        31  7.991509E-03
        32  4.571012E-03
        33  1.288531E-01
        34  7.376031E-02
        35  1.726611E-01
        36  5.733115E-02
        37  7.277341E-03
        38  1.235427E-03
        39  1.175476E-03
        40  1.321622E-03
        41  7.849484E-04
        42  8.420228E-04
        43  8.557246E-04
        44  9.570288E-04
        45  4.484122E-03
        46  1.162933E-03
        47  1.086453E-03
        48  9.124565E-04
        49  1.828405E-03
        50  1.030569E-03
        51  1.043531E-03
        52  1.393989E-03
        53  3.058637E-02
        54  2.272294E-02
        55  2.816196E-02
        56  3.605500E-02
        57  1.933754E-04
        58  9.759416E-04
        59  6.701199E-04
        60  6.886494E-04
        61  4.346690E-04
        62  9.175209E-04
        63  2.537024E-04
        64  6.634601E-04
        65  3.958735E-03
        66  9.148988E-03
        67  3.357082E-03
        68  4.030779E-03
        69  2.358561E-03
        70  2.498643E-03
        71  7.379986E-03
        72  3.855075E-03
        73  2.384567E-01
        74  1.585695E-01
        75  1.392871E-01
        76  7.585002E-02
        77  6.274044E-03
        78  3.444461E-03
        79  6.198264E-03
        80  4.905935E-03
        81  6.203975E-03
        82  4.506874E-03
        83  5.279558E-03
        84  6.048912E-03
        85  7.879535E-03
        86  6.431138E-03
        87  7.703857E-03
        88  1.014698E-02
        89  6.888186E-03
        90  5.381242E-03
        91  8.348335E-03
        92  1.065484E-02
        93  1.716040E-02
        94  2.172290E-02
        95  1.519688E-02
        96  1.634580E-02
        97  1.324373E-02
        98  1.628368E-03
        99  2.606781E-03
       100  1.577552E-02
       101  1.252136E-02
       102  2.083424E-03
       103  1.213328E-03
       104  1.027336E-02
       105  1.404462E-02
       106  1.806150E-03
       107  2.492007E-03
       108  1.645062E-02
       109  1.101381E-02
       110  1.731762E-03
       111  1.179213E-03
       112  9.054581E-03
       113  4.406795E-01
       114  4.172783E-01
       115  1.462545E-01
       116  4.098629E-01
       117  4.035823E-01
       118  1.230046E-01
       119  4.275169E-01
       120  1.960414E-01
       121  5.807847E-01
       122  3.504567E-01
       123  1.614479E-01
       124  4.307831E-01
       125  3.998161E-01
       126  1.146304E-01
       127  4.461418E-01
       128  2.146120E-01
       129  4.933167E-01
       130  3.485107E-01
       131  1.359840E-01
       132  3.874735E-01
       133  3.718027E-01
       134  1.035587E-01
       135  3.954789E-01
       136  2.488108E-01
       137  5.241042E-01
       138  3.958721E-01
       139  1.450251E-01
       140  4.209650E-01
       141  4.050361E-01
       142  1.101001E-01
       143  4.311001E-01
       144  2.472252E-01
       145  2.375050E-01
       146  3.444523E-01
       147  9.482877E-02
       148  3.551264E-01
       149  3.315843E-01
       150  7.791157E-02
       151  4.624920E-01
       152  2.593836E-01
       153  2.022163E-01
       154  3.594541E-01
       155  8.109604E-02
       156  3.348135E-01
       157  3.377162E-01
       158  9.560498E-02
       159  3.772975E-01
       160  3.343017E-01
       161  1.735161E-01
       162  3.360957E-01
       163  9.915323E-02
       164  3.429853E-01
       165  3.242386E-01
       166  8.946292E-02
       167  4.418969E-01
       168  2.147658E-01
       169  1.884969E-01
       170  3.766792E-01
       171  1.107344E-01
       172  3.718136E-01
       173  3.639716E-01
       174  1.117677E-01
       175  4.313241E-01
       176  3.107417E-01
       177  2.184966E-02
       178  1.957231E-02
       179  7.790701E-03
       180  2.060162E-02
       181  1.905074E-02
       182  5.537154E-03
       183  2.553970E-02
       184  1.383754E-02
       185  1.348791E-02
       186  7.751549E-03
       187  3.444695E-03
       188  9.122040E-03
       189  8.344438E-03
       190  2.487783E-03
       191  1.233530E-02
       192  4.907058E-03
       193  1.352631E-02
       194  1.465208E-02
       195  4.662162E-03
       196  1.417274E-02
       197  1.378750E-02
       198  3.988245E-03
       199  1.754081E-02
       200  1.080553E-02
       201  1.540629E-02
       202  1.449894E-02
       203  5.634099E-03
       204  1.556235E-02
       205  1.446216E-02
       206  3.976754E-03
       207  2.024899E-02
       208  9.889198E-03
       209  1.316555E-02
       210  9.525376E-03
       211  2.694108E-03
       212  9.824703E-03
       213  9.090793E-03
       214  2.369310E-03
       215  1.099667E-02
       216  6.642987E-03
       217  9.641692E-03
       218  2.058551E-02
       219  3.958283E-03
       220  1.648743E-02
       221  1.740462E-02
       222  5.170430E-03
       223  1.816253E-02
       224  1.332832E-02
       225  1.117259E-02
       226  1.971587E-02
       227  5.256727E-03
       228  1.851506E-02
       229  1.861756E-02
       230  5.610831E-03
       231  2.014446E-02
       232  1.137470E-02
       233  6.135579E-03
       234  1.745369E-02
       235  3.981916E-03
       236  1.468265E-02
       237  1.531722E-02
       238  4.845985E-03
       239  1.584952E-02
       240  1.052377E-02
       241  7.770319E-01
       242  8.491646E-01
       243  7.353223E-01
       244  8.382360E-01
       245  8.646679E-01
       246  8.491356E-01
       247  9.509652E-01
       248  9.204313E-01
       249  1.376038E-01
       250  1.492885E-01
       251  1.298309E-01
       252  1.432249E-01
       253  1.464037E-01
       254  1.538670E-01
       255  1.188654E-01
       256  1.137916E-01
       257  2.891722E-01
       258  3.419038E-01
       259  3.111530E-01
       260  3.169190E-01
       261  3.209373E-01
       262  3.143556E-01
       263  3.340702E-01
       264  3.271718E-01

 total internal energy for set ALL and time  0.1000000E+01

        3.195324E+01
