
                        S T E P       1


                                INCREMENT     1


 displacements (vx,vy,vz) for set NALL and time  0.1000000E+01

         1  0.000000E+00  0.000000E+00  0.000000E+00
         2  0.000000E+00  0.000000E+00 -8.271806E-26
         3  3.308722E-25  0.000000E+00  6.617445E-25
         4 -3.308722E-25  3.308722E-25  2.911676E-23
         5  3.391096E-04 -1.300087E-06 -3.880071E-04
         6  3.384183E-04  1.104210E-05  3.355015E-04
         7 -2.632821E-04  1.606096E-05 -3.887392E-04
         8 -2.633225E-04  2.284710E-06  3.366661E-04
         9  9.021558E-04  9.600736E-06 -1.150529E-03
        10  9.025365E-04  2.348257E-05  1.133535E-03
        11 -9.601297E-04  7.011656E-06 -1.151694E-03
        12 -9.607713E-04  1.522834E-05  1.133370E-03
        13  1.551501E-03  1.011372E-05 -1.976157E-03
        14  1.551575E-03  2.975551E-05  2.046261E-03
        15 -1.799270E-03  2.867887E-05 -1.976099E-03
        16 -1.798907E-03  1.177135E-05  2.045953E-03
        17  2.326631E-03  2.799279E-05 -3.166902E-03
        18  2.327923E-03  2.959698E-05  3.189705E-03
        19 -2.501978E-03  4.558268E-05 -3.168039E-03
        20 -2.501437E-03  1.810088E-05  3.189343E-03
        21  5.000000E-03  0.000000E+00 -6.000000E-03
        22  5.000000E-03  3.388132E-22  6.000000E-03
        23 -5.000000E-03 -7.521653E-20 -6.000000E-03
        24 -5.000000E-03  1.185846E-20  6.000000E-03
        25  1.446030E-03 -3.449828E-06 -1.607156E-03
        26  1.032124E-03  1.509954E-05  1.659564E-03
        27 -1.254110E-03  2.950238E-06 -1.602613E-03
        28 -1.655289E-03  7.628460E-07  1.657449E-03
        29  1.849846E-03  5.452744E-06 -2.104032E-03
        30  2.117455E-03  1.477262E-06 -2.322848E-03
        31  2.297858E-03  8.443280E-06 -2.725152E-03
        32  1.464903E-03  1.900605E-05  2.288522E-03
        33  1.524777E-03  1.288592E-05  2.619441E-03
        34  1.849287E-03  1.731741E-05  2.883333E-03
        35 -1.733328E-03  2.385289E-05 -2.112191E-03
        36 -1.822463E-03  1.995686E-05 -2.335549E-03
        37 -2.090444E-03  2.718291E-05 -2.728091E-03
        38 -2.107085E-03  2.769391E-06  2.247224E-03
        39 -2.370854E-03 -2.428978E-06  2.527658E-03
        40 -2.504516E-03  2.460612E-06  2.832759E-03
        41  1.505717E-03  8.820723E-06 -3.942099E-03
        42  4.025509E-04 -1.218412E-05 -5.488279E-03
        43  1.917415E-03  2.502534E-05 -6.656025E-03
        44  1.474187E-03  1.554445E-05  3.716892E-03
        45 -8.267889E-05 -5.347439E-06  5.447835E-03
        46  9.135203E-04  3.347656E-05  7.105935E-03
        47 -1.605286E-03  2.693874E-05 -3.822678E-03
        48 -1.291019E-05  2.710134E-06 -5.529698E-03
        49 -8.935697E-04  3.843299E-05 -7.099852E-03
        50 -1.613646E-03  4.575406E-07  3.879728E-03
        51 -3.893844E-04 -1.854594E-05  5.287407E-03
        52 -1.829827E-03  1.666018E-05  6.457357E-03
        53  3.110138E-07 -1.148417E-06  3.928496E-07
        54  1.798315E-07 -1.376130E-06  4.613689E-07
        55  2.073566E-07 -2.306328E-07  8.689981E-08
        56  3.138599E-07  8.807963E-07 -2.659577E-07
        57  1.987385E-07  7.389709E-07 -2.313480E-07
        58  2.588615E-07 -1.376425E-07  5.519782E-08
        59 -5.155874E-07  1.323152E-06  1.723069E-07
        60 -1.062896E-06  2.605872E-06  5.218963E-09
        61 -5.455412E-07  1.297224E-06 -1.577611E-07
        62 -2.992939E-07  7.140988E-07 -6.297269E-08
        63 -6.050438E-07  1.485416E-06  2.147227E-08
        64 -3.023804E-07  7.797934E-07  1.250780E-07
        65  9.026613E-04  1.721235E-05 -5.073282E-05
        66 -9.603025E-04  1.152828E-05  4.869687E-05
        67  9.310360E-06  6.786146E-06 -1.150281E-03
        68 -7.240361E-05  2.028343E-05  1.134128E-03
        69  2.326302E-03  1.260549E-05 -1.708406E-03
        70  2.326900E-03  3.636346E-05 -2.535264E-05
        71  2.326810E-03  5.363372E-05  1.676685E-03
        72 -2.502641E-03  5.658399E-05 -1.657214E-03
        73 -2.501971E-03  2.824569E-05  4.921275E-05
        74 -2.502465E-03  2.679263E-06  1.736469E-03
        75  1.183351E-03  6.310318E-05 -3.168493E-03
        76 -5.689107E-05  3.815859E-05 -3.168325E-03
        77 -1.312456E-03  1.075578E-05 -3.169008E-03
        78  1.137227E-03 -4.418306E-06  3.188144E-03
        79 -1.183586E-04  2.107152E-05  3.188550E-03
        80 -1.358063E-03  4.942551E-05  3.187866E-03
        81  4.986960E-03 -3.544699E-04 -3.089675E-03
        82  4.992664E-03  2.345422E-05 -1.740721E-04
        83  4.985894E-03  3.996423E-04  2.827247E-03
        84 -5.019254E-03  4.266599E-04 -3.234283E-03
        85 -5.010468E-03  3.644774E-05 -1.292057E-04
        86 -5.017245E-03 -3.548336E-04  3.036664E-03
        87  2.471151E-03 -1.097302E-04 -5.992177E-03
        88 -1.832314E-04  8.830411E-05 -5.994478E-03
        89 -2.751077E-03  2.542253E-04 -5.988965E-03
        90  2.305115E-03  2.538317E-04  6.007161E-03
        91 -2.134832E-04  1.039886E-04  6.002880E-03
        92 -2.630398E-03 -8.421548E-05  6.003762E-03
        93 -2.784160E-05 -1.697702E-05 -1.215546E-04
        94 -6.111873E-05  2.043992E-05 -1.193289E-04
        95  6.322238E-05  1.746327E-05  1.018664E-04
        96  6.834771E-05 -1.537023E-05  1.023684E-04
        97  1.124580E-04  2.368164E-05  6.481479E-05
        98  1.133384E-04 -1.893624E-05 -3.895345E-05
        99 -7.728722E-05  7.680314E-06  1.447779E-05
       100 -8.322107E-05  9.077353E-06 -6.830514E-05
       101  2.043914E-04 -3.465021E-05 -7.480774E-04
       102 -1.428785E-04  4.175571E-05 -7.438434E-04
       103  1.483744E-04  2.272643E-05  6.638739E-04
       104 -5.940116E-05 -4.026046E-06  6.669526E-04
       105  6.211399E-04  4.165497E-05  7.422562E-05
       106  6.173512E-04 -1.780610E-05 -8.180271E-05
       107 -5.037644E-04  4.075383E-05 -1.624044E-06
       108 -5.101562E-04 -6.919190E-06 -1.139213E-04
       109  2.439430E-03  3.110647E-04 -5.391094E-03
       110  4.107129E-03  1.079948E-03 -9.960183E-03
       111  1.914848E-03  1.018187E-03 -9.947734E-03
       112 -2.468171E-03 -1.750851E-04 -5.051039E-03
       113 -3.515581E-03 -7.584769E-04 -8.595479E-03
       114 -1.320790E-03 -7.080236E-04 -8.651614E-03
       115  2.110431E-03 -2.352972E-04  5.313002E-03
       116  2.879286E-03 -8.321987E-04  8.935358E-03
       117  9.003089E-04 -7.090709E-04  8.643818E-03
       118 -2.433400E-03  2.900657E-04  5.354493E-03
       119 -4.290317E-03  1.029929E-03  9.756440E-03
       120 -2.320337E-03  9.732434E-04  9.760309E-03
       121  1.232759E-03  4.108669E-04 -1.727931E-03
       122 -1.442528E-03  1.171425E-03  1.805061E-03
       123  1.803839E-05  9.075034E-04  5.323082E-03
       124  9.957966E-04 -4.331872E-04  1.620870E-03
       125 -1.567398E-03 -1.178917E-03 -1.372245E-03
       126  2.164466E-04 -8.551498E-04 -4.610786E-03
       127 -1.314736E-03 -3.711712E-04 -1.987016E-03
       128  1.235280E-03 -1.110643E-03  8.940805E-04
       129 -2.863153E-04 -8.438058E-04  4.353172E-03
       130 -1.623939E-03  3.331749E-04  2.046988E-03
       131  8.949691E-04  1.056393E-03 -1.976160E-03
       132 -1.571054E-04  8.776613E-04 -5.922513E-03

 forces (fx,fy,fz) for set RIGHT and time  0.1000000E+01

        21  3.766613E+03 -1.359714E+03 -4.450311E+03
        22  2.416602E+03  3.795491E+03  4.496437E+03
        23 -3.512050E+03  2.965359E+03 -6.930023E+02
        24 -2.450727E+03 -1.245608E+03  5.736417E+02

 internal energy (element, energy) for set ALL and time  0.1000000E+01

         1  1.562945E-01
         2  2.247578E-01
         3  2.488534E-01
         4  1.752979E-01
         5  2.291581E-02
         6  3.619627E-02
         7  3.651404E-02
         8  1.112149E-02
         9  6.348763E-04
        10  1.266631E-03
        11  4.938784E-03
        12  1.897283E-03
        13  1.002523E-02
        14  1.225918E-02
        15  7.840558E-04
        16  1.154104E-03
        17  4.868631E-04
        18  6.521742E-04
        19  6.283892E-04
        20  4.122857E-04
        21  5.660704E-04
        22  3.616854E-04
        23  3.239569E-04
        24  3.948683E-04
        25  3.616905E-04
        26  3.980935E-04
        27  4.076551E-04
        28  1.227874E-03
        29  2.846570E-04
        30  1.847534E-04
        31  2.821475E-04
        32  1.569567E-03
        33  5.804042E-02
        34  3.334411E-02
        35  1.721097E-01
        36  1.206305E-01
        37  3.861515E-02
        38  6.070785E-02
        39  1.235802E-01
        40  1.400312E-01
        41  2.805909E-02
        42  2.309748E-02
        43  1.023751E-01
        44  1.548780E-01
        45  5.028351E-02
        46  3.532105E-02
        47  1.281227E-01
        48  1.172370E-01
        49  4.688893E-04
        50  3.774871E-05
        51  7.930522E-06
        52  1.001760E-04
        53  4.240411E-04
        54  3.348379E-05
        55  1.591115E-05
        56  2.066202E-04
        57  3.845109E-04
        58  4.112400E-05
        59  3.800438E-05
        60  3.467091E-04
        61  7.905929E-05
        62  9.507843E-06
        63  1.679529E-05
        64  1.664249E-04
        65  6.776686E-01
        66  3.671057E-01
        67  5.462912E-01
        68  4.281548E-01
        69  3.734344E-03
        70  7.929931E-03
        71  1.320203E-02
        72  6.068424E-03
        73  5.253105E-03
        74  1.089529E-02
        75  1.610620E-02
        76  8.385580E-03
        77  5.629712E-01
        78  3.921230E-01
        79  3.818773E-01
        80  3.265924E-01
        81  3.562549E-02
        82  5.928098E-03
        83  3.802629E-03
        84  2.892381E-02
        85  2.352762E-02
        86  2.897478E-03
        87  5.053459E-03
        88  2.990030E-02
        89  1.474679E-02
        90  2.812494E-03
        91  1.315101E-03
        92  1.228368E-02
        93  5.405997E-03
        94  7.762142E-04
        95  1.383099E-03
        96  7.931787E-03
        97  2.907079E-01
        98  5.912135E-02
        99  5.152228E-02
       100  3.005196E-01
       101  3.388242E-01
       102  4.922661E-02
       103  4.750775E-02
       104  2.668723E-01
       105  1.510477E-01
       106  6.402669E-02
       107  7.603686E-02
       108  2.488118E-01
       109  2.162429E-01
       110  7.311260E-02
       111  6.642226E-02
       112  1.440290E-01
       113  7.383685E-02
       114  4.431849E-02
       115  8.463207E-02
       116  8.777295E-02
       117  6.497347E-02
       118  7.812829E-02
       119  5.344916E-02
       120  4.097836E-02
       121  1.532363E-01
       122  7.062933E-02
       123  1.537997E-01
       124  7.515585E-02
       125  8.692919E-02
       126  1.337582E-01
       127  5.610820E-02
       128  9.999451E-02
       129  4.989337E-01
       130  2.331609E-01
       131  3.838500E-01
       132  2.196281E-01
       133  2.766794E-01
       134  5.430245E-01
       135  2.073949E-01
       136  3.396046E-01
       137  9.121079E-01
       138  3.449708E-01
       139  7.247883E-01
       140  2.656953E-01
       141  3.567909E-01
       142  9.328286E-01
       143  2.694343E-01
       144  6.707711E-01
       145  6.431800E-01
       146  9.543640E-01
       147  8.494599E-01
       148  9.751792E-01
       149  9.343234E-01
       150  9.601190E-01
       151  1.025173E+00
       152  1.200766E+00
       153  1.171161E+00
       154  1.562969E+00
       155  1.343773E+00
       156  1.273368E+00
       157  1.243981E+00
       158  1.099601E+00
       159  1.002913E+00
       160  1.228738E+00
       161  9.171143E-01
       162  6.541180E-01
       163  9.079118E-01
       164  4.558029E-01
       165  9.151141E-01
       166  6.427482E-01
       167  9.847948E-01
       168  5.264516E-01
       169  9.363607E-01
       170  5.978340E-01
       171  9.001586E-01
       172  6.687751E-01
       173  9.567980E-01
       174  6.499635E-01
       175  8.847367E-01
       176  4.757635E-01
       177  1.002104E+00
       178  7.937186E-01
       179  6.663113E-01
       180  7.103786E-01
       181  1.396344E+00
       182  9.843401E-01
       183  8.710835E-01
       184  9.203854E-01
       185  1.170809E+00
       186  9.255618E-01
       187  9.337232E-01
       188  8.071800E-01
       189  8.172602E-01
       190  8.216263E-01
       191  7.428920E-01
       192  6.375920E-01

 total internal energy for set ALL and time  0.1000000E+01

        6.100516E+01
