
                        S T E P       1


                                INCREMENT     1


 displacements (vx,vy,vz) for set NALL and time  0.1000000E+01

         1  0.000000E+00  0.000000E+00  0.000000E+00
         2  0.000000E+00  0.000000E+00 -1.654361E-25
         3  0.000000E+00  0.000000E+00  8.404155E-23
         4  0.000000E+00  6.617445E-25 -4.996171E-23
         5  8.885221E-04 -9.481333E-06 -8.891830E-04
         6  8.895931E-04  1.045230E-05  8.414813E-04
         7 -8.230857E-04 -6.426632E-07 -8.884956E-04
         8 -8.232065E-04  6.371963E-06  8.419293E-04
         9  1.819826E-03 -4.904674E-06 -2.167797E-03
        10  1.822690E-03  4.628615E-07  2.053042E-03
        11 -1.748239E-03  6.191560E-06 -2.170331E-03
        12 -1.749584E-03 -7.786659E-07  2.056650E-03
        13  2.832757E-03  2.671469E-07 -3.381469E-03
        14  2.834674E-03  8.858342E-06  3.254511E-03
        15 -2.717505E-03  3.746169E-07 -3.385402E-03
        16 -2.720171E-03 -5.223591E-07  3.258251E-03
        17  3.820740E-03  3.842379E-06 -4.533212E-03
        18  3.823380E-03  1.573033E-05  4.489894E-03
        19 -3.700616E-03 -3.186308E-06 -4.541530E-03
        20 -3.704872E-03  3.983363E-07  4.496590E-03
        21  5.000000E-03  0.000000E+00 -6.000000E-03
        22  5.000000E-03  2.117582E-23  6.000000E-03
        23 -5.000000E-03  1.135024E-20 -6.000000E-03
        24 -5.000000E-03 -2.286989E-21  6.000000E-03
        25  1.788724E-03 -2.132107E-05 -1.723476E-03
        26  1.328957E-03 -2.060912E-05  1.654336E-03
        27 -1.242146E-03 -1.155094E-05 -1.673342E-03
        28 -1.626001E-03 -1.823978E-05  1.563051E-03
        29  2.601796E-03 -2.464368E-05 -2.780331E-03
        30  2.055460E-03 -1.536574E-05  2.636488E-03
        31 -1.953608E-03 -1.029422E-05 -2.837882E-03
        32 -2.473261E-03 -1.494805E-05  2.718189E-03
        33  3.313809E-03 -8.392671E-06 -3.529573E-03
        34  3.806014E-03 -1.302291E-05 -3.892318E-03
        35  4.042399E-03 -3.744284E-06 -4.328969E-03
        36  2.626028E-03  1.035039E-05  3.406924E-03
        37  2.743519E-03 -1.406077E-06  3.795280E-03
        38  3.281880E-03  4.262012E-06  4.265039E-03
        39 -2.763504E-03 -1.660867E-05 -3.597777E-03
        40 -2.978185E-03 -1.849510E-05 -3.980068E-03
        41 -3.262300E-03 -8.720739E-06 -4.354786E-03
        42 -3.280246E-03 -6.662845E-06  3.504652E-03
        43 -3.845023E-03 -1.512191E-05  3.908597E-03
        44 -3.959442E-03 -8.186109E-06  4.284529E-03
        45  4.856455E-03 -1.940272E-05 -5.447040E-03
        46  3.636490E-03 -9.870320E-06  5.533747E-03
        47 -3.300842E-03 -2.907643E-05 -5.415847E-03
        48 -4.508835E-03 -2.000309E-05  5.298530E-03
        49  1.244348E-06 -1.331678E-08  8.561295E-07
        50  1.445802E-06  8.576104E-09  1.004451E-06
        51  8.620992E-09  3.371854E-08 -5.248466E-10
        52  1.470513E-07  1.541808E-08  1.543225E-07
        53  8.903269E-04 -2.556930E-07  1.961078E-04
        54 -8.231788E-04  3.504962E-06 -1.626689E-04
        55 -1.196358E-04 -3.573315E-06 -8.871391E-04
        56  1.786686E-04  6.764551E-06  8.428609E-04
        57  1.817870E-03  2.204273E-05 -8.591083E-05
        58 -1.752162E-03  2.658690E-05  1.867146E-04
        59  7.925265E-05 -8.723311E-06 -2.168015E-03
        60 -1.464116E-04  1.606050E-05  2.056144E-03
        61  2.829638E-03  1.515132E-05  9.663938E-05
        62 -2.723836E-03  2.151116E-05 -3.284781E-05
        63 -2.378018E-05  1.440651E-06 -3.381424E-03
        64  8.279820E-05  5.372248E-06  3.257677E-03
        65  4.999506E-03 -1.544442E-05 -4.645081E-05
        66 -4.999651E-03 -2.036200E-05  1.544807E-04
        67  1.883702E-04 -1.027434E-06 -6.000142E-03
        68  2.683528E-05  4.700506E-05  5.999451E-03
        69 -2.300222E-05 -7.359316E-05 -2.418100E-04
        70 -2.005315E-04  5.142666E-05 -2.357022E-04
        71  1.222467E-04  5.343219E-05  2.092742E-04
        72  1.372329E-04 -5.627168E-05  2.096832E-04
        73  2.382497E-04  6.806032E-05  1.246415E-04
        74  2.458120E-04 -6.517372E-05 -3.721560E-05
        75 -1.785384E-04 -7.138372E-06  6.997725E-06
        76 -1.898551E-04  2.532916E-05 -8.978104E-05
        77  3.380014E-04  7.325573E-06 -1.699158E-03
        78 -2.763813E-04 -1.026926E-05 -1.726848E-03
        79  7.426115E-05 -2.642044E-05  1.565531E-03
        80 -1.501388E-04  3.775704E-05  1.650728E-03
        81  1.497869E-03 -2.644368E-05  3.768908E-04
        82  1.597936E-03  3.460250E-05 -2.097120E-04
        83 -1.475025E-03  9.755741E-05  1.889191E-04
        84 -1.372429E-03 -6.407639E-05 -2.709694E-04
        85  1.577078E-04 -3.075099E-05 -2.804136E-03
        86 -3.185463E-04  2.152752E-05 -2.833565E-03
        87  2.049291E-04  1.007271E-05  2.629012E-03
        88 -4.469323E-05  1.744196E-05  2.729257E-03
        89  2.248200E-03  3.275537E-05  5.959939E-04
        90  2.399637E-03  9.497450E-07 -6.891371E-04
        91 -2.321023E-03  6.621003E-05  5.859355E-04
        92 -2.123863E-03 -3.121562E-05 -3.615162E-04
        93  2.590683E-04 -2.951792E-05 -3.998674E-03
        94 -3.416734E-04  1.972639E-05 -3.972715E-03
        95  4.435050E-04  6.941832E-06  3.871161E-03
        96 -1.481050E-04  1.129748E-05  3.896975E-03
        97  3.350988E-03  1.391649E-05  8.337052E-04
        98  3.405769E-03  1.356670E-05 -7.808801E-04
        99 -3.260104E-03  6.567599E-05  7.403392E-04
       100 -3.189574E-03 -4.678973E-05 -7.586344E-04
       101  6.882994E-04  1.143087E-05 -5.441062E-03
       102 -2.841566E-04 -1.160282E-05 -5.452479E-03
       103  6.686163E-04  2.434889E-05  5.274580E-03
       104 -2.574772E-04  3.691875E-05  5.560397E-03
       105  4.290887E-03  3.158993E-05  1.375699E-03
       106  4.220175E-03 -3.632084E-05 -1.414478E-03
       107 -3.894483E-03 -8.345817E-05  1.189174E-03
       108 -3.994304E-03  6.126811E-05 -1.087189E-03

 forces (fx,fy,fz) for set RIGHT and time  0.1000000E+01

        21  3.276581E+03  9.414972E+02 -3.449643E+03
        22  3.458211E+03 -1.260768E+03  4.305161E+03
        23 -3.022584E+03  8.978341E+02 -2.742390E+03
        24 -3.453098E+03  2.530423E+02  1.830808E+03

 internal energy (element, energy) for set ALL and time  0.1000000E+01

         1  1.226424E-01
         2  3.543200E-01
         3  3.478416E-01
         4  1.275135E-01
         5  1.078485E-02
         6  1.896724E-02
         7  1.990214E-02
         8  1.168193E-01
         9  2.692174E-02
        10  9.735358E-02
        11  2.813321E-03
        12  1.741374E-02
        13  2.402718E-02
        14  3.247420E-02
        15  1.222575E-01
        16  1.751511E-01
        17  9.445334E-02
        18  2.057525E-01
        19  2.282296E-02
        20  3.033118E-02
        21  1.131230E-02
        22  1.304121E-03
        23  9.847366E-04
        24  8.312540E-03
        25  8.962287E-02
        26  9.580230E-03
        27  2.195445E-03
        28  2.167389E-02
        29  9.916712E-02
        30  7.776234E-03
        31  2.607139E-03
        32  2.699766E-02
        33  2.041215E-02
        34  2.907915E-03
        35  9.641822E-04
        36  2.058575E-03
        37  5.263666E-02
        38  5.973973E-02
        39  1.065266E-01
        40  1.033051E-01
        41  8.104674E-02
        42  7.440153E-02
        43  1.627168E-02
        44  3.361051E-02
        45  3.442466E-03
        46  9.228112E-04
        47  3.583151E-03
        48  1.656081E-03
        49  2.806137E-03
        50  2.804075E-03
        51  3.946061E-04
        52  8.577181E-04
        53  1.647039E-02
        54  1.650212E-02
        55  6.913302E-03
        56  1.389754E-02
        57  1.211331E-02
        58  2.593461E-02
        59  2.399405E-02
        60  9.176924E-03
        61  8.497709E-03
        62  2.943169E-02
        63  2.372288E-02
        64  4.201565E-02
        65  5.034223E-03
        66  2.336190E-02
        67  2.446412E-02
        68  4.178333E-02
        69  1.807525E-02
        70  4.310646E-02
        71  5.489864E-02
        72  1.676867E-02
        73  1.825088E-02
        74  4.476733E-02
        75  4.076007E-02
        76  1.261962E-02
        77  2.252710E-02
        78  4.620722E-02
        79  4.629040E-02
        80  4.124001E-02
        81  1.396268E-01
        82  1.149313E-01
        83  2.051310E-02
        84  3.749297E-02
        85  6.089539E-02
        86  1.446906E-02
        87  9.847259E-02
        88  7.483836E-02
        89  6.996719E-01
        90  3.824044E-01
        91  4.429739E-01
        92  4.689012E-01
        93  4.232658E-01
        94  5.179612E-01
        95  4.221467E-01
        96  3.358143E-01
        97  9.615291E-01
        98  4.215149E-01
        99  1.095862E+00
       100  5.654891E-01
       101  5.096744E-01
       102  9.131298E-01
       103  3.346171E-01
       104  5.925732E-01
       105  7.445086E-01
       106  6.239060E-01
       107  9.243728E-01
       108  6.000126E-01
       109  5.649792E-01
       110  1.046956E+00
       111  6.359827E-01
       112  8.954111E-01
       113  1.155057E+00
       114  5.553864E-01
       115  1.680883E+00
       116  6.353660E-01
       117  6.455813E-01
       118  1.380615E+00
       119  5.470784E-01
       120  1.255796E+00
       121  9.158606E-01
       122  5.780604E-01
       123  8.337639E-01
       124  5.824231E-01
       125  6.055221E-01
       126  8.971332E-01
       127  5.447012E-01
       128  8.951682E-01
       129  1.234117E+00
       130  5.969662E-01
       131  1.299343E+00
       132  6.026324E-01
       133  5.592326E-01
       134  1.194613E+00
       135  6.415087E-01
       136  1.443160E+00
       137  9.194862E-01
       138  5.312046E-01
       139  7.412070E-01
       140  6.369347E-01
       141  5.930105E-01
       142  9.677109E-01
       143  5.206118E-01
       144  9.072942E-01
       145  1.209946E+00
       146  6.096292E-01
       147  1.183802E+00
       148  5.832537E-01
       149  5.593987E-01
       150  1.401936E+00
       151  5.321707E-01
       152  1.256935E+00
       153  1.067401E+00
       154  1.017633E+00
       155  1.071099E+00
       156  9.500926E-01
       157  9.932224E-01
       158  1.032460E+00
       159  1.048151E+00
       160  9.806598E-01
       161  1.238117E+00
       162  7.954993E-01
       163  1.247189E+00
       164  8.326495E-01
       165  8.713289E-01
       166  1.096695E+00
       167  9.699278E-01
       168  1.127396E+00

 total internal energy for set ALL and time  0.1000000E+01

        7.001019E+01
