
                        S T E P       1


                                INCREMENT     1


 displacements (vx,vy,vz) for set NALL and time  0.1000000E+01

         1  0.000000E+00  6.617445E-25 -6.617445E-25
         2 -1.323489E-24  0.000000E+00 -6.617445E-25
         3  0.000000E+00  6.617445E-25  1.081952E-22
         4  0.000000E+00  0.000000E+00  4.698386E-23
         5  2.862021E-03 -1.851313E-05 -3.262946E-03
         6  2.861801E-03  4.318503E-05  3.216959E-03
         7 -2.833460E-03  3.846865E-05 -3.259277E-03
         8 -2.835759E-03 -1.498071E-05  3.215352E-03
         9  3.652102E-03  5.050528E-06 -4.427696E-03
        10  3.652153E-03  1.422410E-05  4.458836E-03
        11 -3.620287E-03  1.959022E-05 -4.427417E-03
        12 -3.620280E-03  6.865125E-06  4.459576E-03
        13  4.097501E-03  7.870086E-06 -4.901756E-03
        14  4.097535E-03  5.353608E-06  4.865183E-03
        15 -4.039755E-03  1.227372E-05 -4.902700E-03
        16 -4.039509E-03  8.153028E-06  4.866244E-03
        17  4.549621E-03  5.187505E-06 -5.449136E-03
        18  4.549737E-03  1.098431E-05  5.407034E-03
        19 -4.507017E-03  2.376602E-06 -5.449174E-03
        20 -4.506550E-03  1.864996E-06  5.407700E-03
        21  5.000000E-03  0.000000E+00 -6.000000E-03
        22  5.000000E-03  4.235165E-23  6.000000E-03
        23 -5.000000E-03 -5.293956E-24 -6.000000E-03
        24 -5.000000E-03  0.000000E+00  6.000000E-03
        25  1.586917E-04 -2.474960E-05 -5.099017E-04
        26  1.112426E-03 -4.964377E-05 -1.757903E-03
        27  2.535860E-03 -3.152201E-05 -2.929420E-03
        28  1.692323E-04 -6.768603E-06  2.087329E-04
        29  9.179917E-04 -2.058167E-05  9.592883E-04
        30  2.189775E-03  4.802431E-06  2.259118E-03
        31 -3.530075E-04 -8.010149E-06 -1.766516E-04
        32 -1.257042E-03 -2.291604E-05 -1.019938E-03
        33 -2.290515E-03  1.447462E-06 -2.399721E-03
        34 -4.282889E-04 -2.157267E-05  5.031430E-04
        35 -1.673237E-03 -4.693935E-05  1.675788E-03
        36 -2.848801E-03 -2.817078E-05  2.756235E-03
        37  3.554222E-03 -2.553856E-05 -3.672833E-03
        38  2.506422E-03  9.872504E-06  3.976332E-03
        39 -2.553348E-03  8.130650E-06 -3.901098E-03
        40 -3.404305E-03 -1.753029E-05  3.793628E-03
        41  4.544601E-03  3.334381E-07 -4.734452E-03
        42  3.344557E-03  2.066327E-06  4.728603E-03
        43 -3.314782E-03  8.877963E-06 -4.733323E-03
        44 -4.507762E-03  1.841994E-06  4.726589E-03
        45  4.652932E-03  3.557492E-06 -5.009269E-03
        46  5.031493E-03  1.050548E-07 -5.219587E-03
        47  4.972983E-03  3.786750E-06 -5.392248E-03
        48  3.783046E-03  3.612625E-06  4.916653E-03
        49  3.819277E-03  2.347196E-07  5.072207E-03
        50  4.099995E-03  3.072812E-06  5.290408E-03
        51 -3.599853E-03  5.275361E-06 -5.064591E-03
        52 -3.466523E-03  1.334251E-06 -5.296580E-03
        53 -3.858529E-03  4.468160E-06 -5.420999E-03
        54 -4.560051E-03  1.822521E-06  5.018733E-03
        55 -4.899657E-03 -2.324235E-06  5.228436E-03
        56 -4.852670E-03 -4.643536E-07  5.347803E-03
        57  5.007576E-03  2.698937E-07 -5.565882E-03
        58  5.265359E-03 -3.315739E-06 -5.855766E-03
        59  5.295691E-03  2.236614E-06 -6.044004E-03
        60  4.085205E-03  9.243978E-06  5.544837E-03
        61  3.999249E-03  1.129628E-06  5.907183E-03
        62  4.421911E-03  5.733107E-06  6.141534E-03
        63 -4.205734E-03 -5.242698E-06 -5.557172E-03
        64 -4.216036E-03 -7.413594E-06 -5.736961E-03
        65 -4.485873E-03 -5.143063E-06 -5.873357E-03
        66 -5.205511E-03 -5.052215E-06  5.540489E-03
        67 -5.702044E-03 -8.834948E-06  5.679806E-03
        68 -5.547241E-03 -9.213739E-06  5.780156E-03
        69  2.191293E-06  1.380846E-08  1.522697E-06
        70 -1.110260E-06 -1.306930E-09 -7.692041E-07
        71  9.627571E-07  3.281792E-09  1.038851E-06
        72 -1.364099E-06  1.655159E-08 -1.478099E-06
        73  2.864263E-03  1.039051E-05 -1.636112E-03
        74  2.863860E-03  7.383217E-07 -1.420591E-05
        75  2.864196E-03 -3.221873E-06  1.603605E-03
        76 -2.833402E-03  1.941853E-05 -1.629852E-03
        77 -2.833649E-03  4.050600E-05 -1.472273E-05
        78 -2.833817E-03  4.586787E-05  1.597111E-03
        79  1.464787E-03 -4.117130E-05 -3.261175E-03
        80  1.911715E-05 -3.839961E-05 -3.261487E-03
        81 -1.429007E-03 -1.169800E-05 -3.260844E-03
        82  1.475662E-03 -7.719503E-06  3.214507E-03
        83  1.915621E-05 -1.627142E-05  3.214639E-03
        84 -1.439799E-03 -1.005252E-05  3.214485E-03
        85  3.653079E-03  6.367811E-06  2.863138E-05
        86 -3.619865E-03  1.383194E-05  1.917339E-06
        87  2.576244E-06  7.299116E-06 -4.427221E-03
        88  2.431170E-05  1.793872E-05  4.459158E-03
        89  4.549097E-03  5.193045E-06 -2.748011E-03
        90  4.549247E-03  4.576810E-06 -8.728898E-06
        91  4.548875E-03  7.228286E-06  2.723689E-03
        92 -4.507990E-03  3.444311E-06 -2.721274E-03
        93 -4.507348E-03 -7.718492E-06  4.290804E-05
        94 -4.507332E-03 -9.773847E-06  2.773708E-03
        95  2.304360E-03  1.386146E-06 -5.449202E-03
        96  3.152666E-05 -2.112494E-06 -5.448936E-03
        97 -2.247614E-03 -1.116496E-07 -5.448531E-03
        98  2.297145E-03  9.669571E-06  5.407783E-03
        99 -1.070797E-05  8.091232E-06  5.407472E-03
       100 -2.302493E-03  7.334973E-06  5.407450E-03
       101  2.170943E-05  1.191436E-04 -9.085960E-04
       102  6.390361E-04  6.042782E-04 -4.039571E-03
       103  1.697404E-03  1.258600E-03 -7.918068E-03
       104  1.965713E-03  1.588142E-03 -9.732671E-03
       105  1.031388E-03  1.330450E-03 -8.581156E-03
       106 -6.865726E-04  6.301741E-04 -5.570775E-03
       107 -2.037701E-03  1.184715E-04 -3.525944E-03
       108  3.209996E-04 -1.550524E-04 -1.144457E-03
       109  1.323206E-03 -6.749448E-04 -4.497523E-03
       110  2.544389E-03 -1.307231E-03 -8.250926E-03
       111  3.127277E-03 -1.599034E-03 -9.869849E-03
       112  2.824860E-03 -1.319871E-03 -8.618783E-03
       113  2.141833E-03 -6.288087E-04 -5.649183E-03
       114  2.156684E-03 -1.270447E-04 -3.653832E-03
       115 -3.626588E-04 -1.442354E-04  1.072058E-03
       116 -1.566097E-03 -6.561265E-04  4.361735E-03
       117 -3.030711E-03 -1.301713E-03  8.185634E-03
       118 -3.754045E-03 -1.615398E-03  9.912494E-03
       119 -3.426675E-03 -1.350636E-03  8.723148E-03
       120 -2.557443E-03 -6.505737E-04  5.710471E-03
       121 -2.319903E-03 -1.242420E-04  3.599194E-03
       122  5.515259E-05  1.290168E-04  9.748459E-04
       123 -4.155323E-04  6.107423E-04  4.090794E-03
       124 -1.211947E-03  1.229491E-03  7.766969E-03
       125 -1.275365E-03  1.522423E-03  9.392954E-03
       126 -3.221553E-04  1.254272E-03  8.195064E-03
       127  1.214744E-03  5.797820E-04  5.300235E-03
       128  2.284741E-03  1.024574E-04  3.403743E-03
       129 -6.176241E-04  1.926964E-04  1.182488E-04
       130 -3.570261E-03  1.040842E-03  6.558018E-04
       131 -7.600564E-03  2.134524E-03  1.582317E-03
       132 -8.946740E-03  2.485038E-03  2.270097E-03
       133 -6.260622E-03  1.880630E-03  2.425869E-03
       134 -1.077968E-03  7.934168E-04  2.260705E-03
       135  2.364142E-03  1.226568E-04  2.486873E-03
       136 -5.180765E-04 -1.626654E-04  1.455343E-05
       137 -3.210824E-03 -9.401701E-04  5.808176E-04
       138 -7.024662E-03 -1.976705E-03  1.451178E-03
       139 -8.386798E-03 -2.332503E-03  1.511220E-03
       140 -5.940230E-03 -1.784391E-03  3.928939E-04
       141 -1.048382E-03 -7.602697E-04 -1.434380E-03
       142  2.300707E-03 -1.086699E-04 -2.712132E-03
       143  5.205528E-04 -1.627975E-04 -1.036709E-04
       144  3.290992E-03 -9.600898E-04 -4.864717E-04
       145  7.189896E-03 -2.018256E-03 -9.457765E-04
       146  8.497886E-03 -2.359109E-03 -8.799777E-04
       147  5.880983E-03 -1.770429E-03 -5.266164E-05
       148  8.446959E-04 -7.142993E-04  1.297601E-03
       149 -2.432782E-03 -7.559169E-05  2.443658E-03
       150  5.455943E-04  1.706936E-04  2.294666E-05
       151  3.318985E-03  9.712252E-04 -6.990729E-04
       152  7.212243E-03  2.029554E-03 -2.139641E-03
       153  8.574735E-03  2.385909E-03 -3.083919E-03
       154  6.036537E-03  1.817124E-03 -3.047117E-03
       155  1.029628E-03  7.691885E-04 -2.431739E-03
       156 -2.314315E-03  1.184971E-04 -2.458135E-03
       157  1.668860E-03  2.120866E-05 -3.747898E-03
       158  6.957352E-04  1.844801E-04 -4.826986E-03
       159 -1.008219E-03  1.504337E-04 -4.827893E-03
       160 -1.644856E-03 -4.087139E-05 -4.012409E-03
       161 -6.498780E-04 -1.602511E-04 -4.842345E-03
       162  1.048854E-03 -9.432053E-05 -4.710289E-03
       163  1.494432E-03 -7.429257E-05  4.180824E-03
       164  3.356718E-04 -2.267734E-04  5.186803E-03
       165 -1.236627E-03 -1.317038E-04  4.896392E-03
       166 -1.402610E-03  6.332969E-05  3.961704E-03
       167 -2.602116E-04  2.297097E-04  5.065237E-03
       168  1.277463E-03  1.632702E-04  4.929371E-03
       169  2.060202E-03  2.439176E-04 -1.112189E-03
       170  1.830934E-03  3.346773E-04  7.570502E-04
       171  2.930008E-03  1.232113E-04  2.536824E-03
       172  1.985393E-03 -2.402311E-04  1.677137E-03
       173  1.753108E-03 -3.313134E-04 -1.885709E-04
       174  2.897806E-03 -1.099582E-04 -2.370218E-03
       175 -2.106995E-03 -2.024136E-04 -1.687270E-03
       176 -1.890613E-03 -2.913090E-04  1.302866E-04
       177 -2.919704E-03 -9.628683E-05  2.297819E-03
       178 -1.966347E-03  2.650827E-04  1.419301E-03
       179 -1.808404E-03  3.376587E-04 -3.514562E-04
       180 -2.926558E-03  1.219103E-04 -2.316630E-03
       181  5.794162E-04 -6.351889E-06 -5.189786E-03
       182 -5.037429E-04  1.698167E-05 -5.209255E-03
       183  5.222768E-04  1.334793E-05  5.108609E-03
       184 -4.402628E-04  8.418082E-06  5.166173E-03
       185  4.339615E-03  1.117118E-05  7.762921E-04
       186  4.327578E-03 -2.860933E-07 -8.254121E-04
       187 -4.227210E-03  1.217822E-05  7.634775E-04
       188 -4.233957E-03 -2.361903E-06 -7.720781E-04
       189  6.328087E-04 -1.871120E-05 -5.665054E-03
       190 -6.739775E-04 -2.264135E-06 -5.793494E-03
       191  6.027005E-04  4.158360E-05  5.553609E-03
       192 -6.398436E-04  2.679955E-05  5.884019E-03
       193  4.837024E-03 -4.343810E-06  9.218973E-04
       194  4.718163E-03 -1.311322E-05 -9.295445E-04
       195 -4.759821E-03  1.863499E-05  7.099202E-04
       196 -4.793486E-03 -2.560965E-05 -6.179913E-04

 forces (fx,fy,fz) for set RIGHT and time  0.1000000E+01

        21  1.650733E+03 -3.502884E+02 -2.927290E+03
        22  1.298253E+03  2.098540E+02  2.684619E+03
        23 -1.921696E+03  6.444827E+02  3.472474E+02
        24 -1.051561E+03 -1.549891E+03 -1.431604E+02

 internal energy (element, energy) for set ALL and time  0.1000000E+01

         1  2.630434E-02
         2  2.102468E-02
         3  1.642959E-02
         4  2.611905E-02
         5  8.791531E-03
         6  2.315745E-02
         7  1.257558E-02
         8  2.669578E-02
         9  1.193751E-02
        10  1.689326E-02
        11  1.246651E-02
        12  2.324511E-02
        13  3.445886E-02
        14  3.535781E-02
        15  2.006504E-02
        16  2.265233E-02
        17  1.362547E-02
        18  6.686518E-03
        19  1.163436E-02
        20  8.342698E-03
        21  1.575072E-02
        22  5.794869E-03
        23  2.067349E-02
        24  1.152918E-02
        25  1.133951E-03
        26  8.239358E-04
        27  1.294640E-03
        28  9.357757E-04
        29  4.835274E-04
        30  9.254058E-04
        31  6.708050E-04
        32  4.263397E-04
        33  2.933107E-04
        34  5.505950E-05
        35  2.590608E-04
        36  3.070932E-03
        37  7.754542E-04
        38  2.223657E-04
        39  6.601743E-04
        40  1.234389E-02
        41  4.663893E-04
        42  1.198296E-04
        43  7.221030E-04
        44  1.398386E-02
        45  4.628641E-04
        46  1.138067E-04
        47  6.868965E-05
        48  1.703600E-04
        49  3.174320E-03
        50  9.202605E-04
        51  2.444363E-03
        52  3.919501E-03
        53  1.884409E-02
        54  2.873929E-03
        55  1.764364E-03
        56  4.825056E-03
        57  1.391230E-02
        58  1.585316E-03
        59  5.943228E-04
        60  2.020186E-03
        61  1.330657E-03
        62  8.712923E-04
        63  1.934897E-03
        64  2.230579E-03
        65  3.713586E-03
        66  8.412506E-03
        67  1.575500E-03
        68  1.337525E-03
        69  2.083743E-03
        70  1.393697E-03
        71  6.458259E-03
        72  1.774851E-03
        73  4.106354E-03
        74  3.175987E-04
        75  2.229213E-04
        76  2.042175E-03
        77  2.414206E-03
        78  3.068998E-04
        79  7.363713E-04
        80  3.258501E-03
        81  4.606018E-03
        82  6.591555E-04
        83  1.009473E-03
        84  3.766079E-03
        85  4.917365E-03
        86  1.066425E-03
        87  9.783106E-04
        88  4.481216E-03
        89  1.264529E-02
        90  1.114305E-02
        91  1.348897E-02
        92  1.572140E-02
        93  1.823150E-02
        94  1.544244E-02
        95  2.109142E-02
        96  2.417900E-02
        97  1.628189E-02
        98  3.971626E-03
        99  2.666193E-02
       100  1.951231E-02
       101  1.769739E-03
       102  1.605376E-04
       103  5.217395E-04
       104  4.997816E-03
       105  5.137573E-03
       106  3.560678E-04
       107  1.180844E-03
       108  4.347644E-03
       109  1.200189E-03
       110  1.989771E-04
       111  3.296030E-04
       112  3.617317E-03
       113  6.080146E-03
       114  4.411204E-04
       115  1.168985E-03
       116  5.616494E-03
       117  8.659128E-03
       118  1.124183E-02
       119  1.802459E-02
       120  1.573734E-02
       121  3.491904E-01
       122  3.247662E-01
       123  1.140535E-01
       124  3.205603E-01
       125  3.158612E-01
       126  9.758132E-02
       127  3.346797E-01
       128  1.739564E-01
       129  4.480918E-01
       130  2.747898E-01
       131  1.239382E-01
       132  3.320605E-01
       133  3.085082E-01
       134  8.456399E-02
       135  3.458540E-01
       136  1.225560E-01
       137  3.767793E-01
       138  2.703871E-01
       139  1.037347E-01
       140  2.966177E-01
       141  2.859995E-01
       142  7.878389E-02
       143  2.992576E-01
       144  1.946244E-01
       145  3.950384E-01
       146  2.903791E-01
       147  1.108943E-01
       148  3.165677E-01
       149  2.989339E-01
       150  8.051404E-02
       151  3.461794E-01
       152  1.880469E-01
       153  2.256826E-01
       154  3.266189E-01
       155  9.113578E-02
       156  3.412072E-01
       157  3.150711E-01
       158  7.324768E-02
       159  4.655464E-01
       160  2.549153E-01
       161  2.045851E-01
       162  3.534120E-01
       163  8.847072E-02
       164  3.471353E-01
       165  3.315933E-01
       166  8.404197E-02
       167  4.587718E-01
       168  2.757129E-01
       169  1.735852E-01
       170  3.250848E-01
       171  9.738228E-02
       172  3.384233E-01
       173  3.147911E-01
       174  8.427241E-02
       175  4.629700E-01
       176  2.211921E-01
       177  2.012082E-01
       178  3.751222E-01
       179  1.149472E-01
       180  3.861674E-01
       181  3.654384E-01
       182  1.044068E-01
       183  5.026742E-01
       184  2.534791E-01
       185  1.978391E-01
       186  1.579091E-01
       187  1.668574E-01
       188  1.858141E-01
       189  1.815440E-01
       190  1.430072E-01
       191  1.761578E-01
       192  1.561792E-01
       193  1.668654E-01
       194  1.190765E-01
       195  1.395563E-01
       196  1.902058E-01
       197  2.165094E-01
       198  1.506897E-01
       199  1.687391E-01
       200  2.138234E-01
       201  1.781813E-01
       202  1.287938E-01
       203  1.271460E-01
       204  1.667578E-01
       205  1.724682E-01
       206  1.253869E-01
       207  1.263058E-01
       208  1.691647E-01
       209  1.720209E-01
       210  1.471326E-01
       211  1.378597E-01
       212  1.651768E-01
       213  1.448792E-01
       214  1.414068E-01
       215  1.347041E-01
       216  1.601635E-01
       217  2.237603E-01
       218  2.345402E-01
       219  1.826451E-01
       220  2.482012E-01
       221  2.986964E-01
       222  3.413040E-01
       223  3.417034E-01
       224  3.140209E-01
       225  2.023519E-01
       226  1.367423E-01
       227  1.613512E-01
       228  1.016697E-01
       229  1.232812E-01
       230  1.608652E-01
       231  1.278469E-01
       232  1.417899E-01
       233  2.459828E-01
       234  1.175538E-01
       235  2.427184E-01
       236  1.074416E-01
       237  1.371700E-01
       238  2.311460E-01
       239  1.052703E-01
       240  1.971722E-01
       241  1.811726E-01
       242  1.692179E-01
       243  1.487238E-01
       244  1.269283E-01
       245  1.558032E-01
       246  1.855789E-01
       247  1.667654E-01
       248  1.617626E-01
       249  2.609823E-01
       250  1.321326E-01
       251  2.549749E-01
       252  1.268534E-01
       253  1.445946E-01
       254  2.464188E-01
       255  1.485035E-01
       256  2.573739E-01

 total internal energy for set ALL and time  0.1000000E+01

        3.017011E+01
