
                        S T E P       1


                                INCREMENT     1


 displacements (vx,vy,vz) for set NALL and time  0.1000000E+01

         1  0.000000E+00  1.323489E-24  6.617445E-25
         2  0.000000E+00  3.308722E-25  0.000000E+00
         3  0.000000E+00  0.000000E+00  7.676236E-23
         4 -6.617445E-25 -5.790264E-25 -4.665299E-23
         5  8.715606E-04 -8.863095E-06 -8.678805E-04
         6  8.725452E-04  9.466636E-06  8.192956E-04
         7 -8.114544E-04 -2.034968E-06 -8.671843E-04
         8 -8.115392E-04  7.014130E-06  8.196293E-04
         9  1.790472E-03 -5.707280E-06 -2.119938E-03
        10  1.792899E-03  1.498614E-06  2.001985E-03
        11 -1.743531E-03  1.655140E-06 -2.122624E-03
        12 -1.744849E-03  1.056359E-06  2.005541E-03
        13  2.813966E-03  3.270790E-06 -3.327586E-03
        14  2.816628E-03  7.310747E-06  3.206233E-03
        15 -2.726739E-03  5.021620E-06 -3.331212E-03
        16 -2.730033E-03 -2.328378E-06  3.209991E-03
        17  3.869066E-03  4.439555E-06 -4.579013E-03
        18  3.870513E-03  1.792454E-05  4.511489E-03
        19 -3.756261E-03  5.800276E-06 -4.581777E-03
        20 -3.757873E-03 -3.140618E-06  4.513257E-03
        21  5.000000E-03  0.000000E+00 -6.000000E-03
        22  5.000000E-03  0.000000E+00  6.000000E-03
        23 -5.000000E-03  2.541099E-21 -6.000000E-03
        24 -5.000000E-03 -4.235165E-22  6.000000E-03
        25  1.746918E-03 -2.014305E-05 -1.701208E-03
        26  1.331485E-03 -2.029658E-05  1.605019E-03
        27 -1.240741E-03 -1.403237E-05 -1.639952E-03
        28 -1.588041E-03 -1.647916E-05  1.520941E-03
        29  2.097071E-03 -1.242108E-05 -2.228688E-03
        30  2.569069E-03 -1.655403E-05 -2.588719E-03
        31  2.906668E-03 -5.727669E-06 -3.088574E-03
        32  1.763013E-03  4.828271E-07  2.170172E-03
        33  2.037404E-03 -1.178949E-05  2.561226E-03
        34  2.454016E-03 -9.096228E-06  2.981944E-03
        35 -1.777789E-03 -1.090907E-05 -2.315968E-03
        36 -1.871782E-03 -1.181125E-05 -2.633118E-03
        37 -2.185534E-03  7.113367E-07 -3.058549E-03
        38 -2.124820E-03 -9.278945E-06  2.313159E-03
        39 -2.590515E-03 -1.709171E-05  2.684352E-03
        40 -2.807064E-03 -1.173343E-05  3.006551E-03
        41  3.007471E-03 -2.456555E-07 -3.373112E-03
        42  3.246134E-03 -3.943776E-06 -3.489743E-03
        43  3.514609E-03 -8.197761E-06 -3.663940E-03
        44  3.774495E-03 -1.000190E-05 -3.906070E-03
        45  3.982490E-03 -6.973178E-06 -4.193268E-03
        46  4.086542E-03  6.853476E-08 -4.452439E-03
        47  4.035718E-03  5.823385E-06 -4.579247E-03
        48  2.737767E-03  1.308110E-05  3.183112E-03
        49  2.699991E-03  9.139917E-06  3.234545E-03
        50  2.735601E-03  2.394636E-06  3.481346E-03
        51  2.869634E-03 -1.059707E-06  3.783120E-03
        52  3.099616E-03  6.411185E-07  4.040549E-03
        53  3.379727E-03  5.321259E-06  4.238042E-03
        54  3.632723E-03  1.070658E-05  4.411384E-03
        55 -2.716298E-03 -5.588215E-06 -3.465361E-03
        56 -2.742618E-03 -9.839166E-06 -3.631039E-03
        57 -2.798036E-03 -1.162806E-05 -3.723676E-03
        58 -2.868651E-03 -1.194821E-05 -3.865921E-03
        59 -2.961404E-03 -8.768431E-06 -4.109352E-03
        60 -3.119557E-03 -8.523642E-07 -4.387001E-03
        61 -3.404192E-03  7.604135E-06 -4.554568E-03
        62 -2.934604E-03 -3.033268E-06  3.268361E-03
        63 -3.181497E-03 -9.326717E-06  3.409779E-03
        64 -3.422119E-03 -1.535588E-05  3.639556E-03
        65 -3.619719E-03 -1.793815E-05  3.897193E-03
        66 -3.749362E-03 -1.598007E-05  4.131500E-03
        67 -3.806236E-03 -1.134207E-05  4.317158E-03
        68 -3.804684E-03 -6.421288E-06  4.448852E-03
        69  4.132560E-03 -2.968659E-06 -4.812520E-03
        70  4.310385E-03 -1.154133E-05 -5.560715E-03
        71  4.768481E-03  6.220125E-06 -6.140647E-03
        72  3.512342E-03  1.450958E-05  4.804076E-03
        73  3.420073E-03 -2.401133E-06  5.667070E-03
        74  4.058377E-03  1.265700E-05  6.361340E-03
        75 -3.569354E-03 -7.622252E-06 -4.808164E-03
        76 -3.384150E-03 -1.490593E-05 -5.402241E-03
        77 -3.760687E-03 -3.770860E-06 -5.948081E-03
        78 -4.128051E-03 -1.009977E-05  4.765212E-03
        79 -4.239898E-03 -1.977261E-05  5.302114E-03
        80 -4.520074E-03 -8.633502E-06  5.818834E-03
        81  1.159262E-06 -1.236444E-08  7.976058E-07
        82  1.351761E-06  7.357246E-09  9.388494E-07
        83  1.578698E-08  3.117449E-08  7.956750E-09
        84  1.482663E-07  1.468674E-08  1.558481E-07
        85  8.733224E-04 -3.257307E-07  1.812932E-04
        86 -8.115386E-04  3.069920E-06 -1.605890E-04
        87 -1.137185E-04 -3.772609E-06 -8.658603E-04
        88  1.704644E-04  6.455027E-06  8.205758E-04
        89  1.788057E-03  1.937793E-05 -8.177848E-05
        90 -1.747447E-03  2.209815E-05  1.819205E-04
        91  5.956947E-05 -1.321410E-05 -2.120373E-03
        92 -1.577484E-04  1.553409E-05  2.005137E-03
        93  2.810612E-03  1.964694E-05  6.063087E-05
        94 -2.732997E-03  2.476082E-05 -5.745172E-05
        95 -5.677757E-05 -2.374081E-06 -3.327361E-03
        96  4.249477E-05  5.071809E-07  3.209908E-03
        97  3.866564E-03  1.806533E-05  2.336667E-06
        98 -3.759511E-03  1.035994E-06  5.881522E-05
        99  3.372983E-05  3.292125E-06 -4.579454E-03
       100 -9.961051E-06  3.832493E-06  4.513447E-03
       101  4.998150E-03 -1.990586E-05 -1.135975E-04
       102 -5.000158E-03 -1.922594E-05  2.216236E-04
       103  1.874527E-04 -1.614862E-05 -6.000346E-03
       104 -8.516996E-05  8.357242E-05  5.999316E-03
       105 -3.104868E-05 -7.195929E-05 -2.360054E-04
       106 -1.792536E-04  5.028823E-05 -2.298274E-04
       107  1.100102E-04  5.240332E-05  2.038316E-04
       108  1.386463E-04 -5.506276E-05  2.039508E-04
       109  2.336501E-04  6.559879E-05  1.241098E-04
       110  2.404900E-04 -6.266367E-05 -4.407038E-05
       111 -1.765019E-04 -7.747827E-06  1.024915E-05
       112 -1.872838E-04  2.517593E-05 -9.227346E-05
       113  3.092975E-04  6.947830E-06 -1.665359E-03
       114 -2.589311E-04 -1.402457E-05 -1.704661E-03
       115  5.110737E-05 -2.309733E-05  1.523250E-03
       116 -1.176161E-04  3.538496E-05  1.601332E-03
       117  1.486184E-03 -3.057723E-05  3.551518E-04
       118  1.572795E-03  3.591714E-05 -2.262127E-04
       119 -1.448171E-03  8.944665E-05  1.879396E-04
       120 -1.357805E-03 -6.185354E-05 -2.779903E-04
       121  9.963658E-05 -3.401668E-05 -2.710344E-03
       122 -2.706474E-04  1.602909E-05 -2.796164E-03
       123  1.561506E-04  1.177992E-05  2.581394E-03
       124 -5.011649E-05  1.092330E-05  2.661185E-03
       125  2.227676E-03  2.879710E-05  5.770288E-04
       126  2.379022E-03  8.615137E-06 -7.012515E-04
       127 -2.302437E-03  5.409117E-05  5.844362E-04
       128 -2.106194E-03 -1.485062E-05 -3.502659E-04
       129  2.613643E-04 -2.035610E-05 -3.982669E-03
       130 -4.296175E-04  1.415311E-05 -4.031120E-03
       131  3.721881E-04  1.312826E-05  3.870774E-03
       132 -1.264794E-04  7.800883E-07  3.868973E-03
       133  3.292301E-03  2.625305E-05  8.665608E-04
       134  3.379910E-03  5.493478E-06 -8.348670E-04
       135 -3.225082E-03  3.468292E-05  7.482960E-04
       136 -3.120528E-03 -7.535051E-06 -7.848267E-04
       137  8.320100E-04  4.166558E-06 -5.414481E-03
       138 -5.299936E-04 -1.937672E-05 -5.528074E-03
       139  8.154509E-04  2.169594E-05  5.296972E-03
       140 -5.321632E-04  7.205274E-05  5.745406E-03
       141  4.336446E-03  2.777586E-05  1.499971E-03
       142  4.270905E-03 -3.100312E-05 -1.333293E-03
       143 -3.968023E-03 -6.620011E-05  1.109587E-03
       144 -4.027791E-03  5.332090E-05 -8.528676E-04

 forces (fx,fy,fz) for set RIGHT and time  0.1000000E+01

        21  3.101994E+03  4.299578E+02 -3.338190E+03
        22  3.517186E+03 -6.252210E+01  4.833548E+03
        23 -2.993629E+03  1.380748E+02 -2.626034E+03
        24 -3.327392E+03  1.948773E+02  1.047108E+03

 internal energy (element, energy) for set ALL and time  0.1000000E+01

         1  1.131696E-01
         2  3.158049E-01
         3  3.073232E-01
         4  1.155918E-01
         5  1.198876E-02
         6  2.539767E-02
         7  1.630455E-02
         8  1.146353E-01
         9  2.279856E-02
        10  9.408255E-02
        11  2.528138E-03
        12  1.553802E-02
        13  1.322231E-02
        14  2.284203E-03
        15  1.894439E-03
        16  1.618780E-02
        17  6.328884E-02
        18  9.411022E-03
        19  8.077775E-03
        20  9.550084E-02
        21  4.463334E-02
        22  6.273243E-03
        23  8.172631E-03
        24  1.083454E-01
        25  1.236748E-02
        26  2.401553E-03
        27  1.387841E-03
        28  9.563354E-03
        29  5.853289E-03
        30  7.301931E-04
        31  3.276240E-04
        32  3.045672E-04
        33  1.717861E-04
        34  3.701489E-04
        35  1.757978E-03
        36  7.083823E-03
        37  5.082183E-02
        38  5.939283E-03
        39  9.657772E-04
        40  2.665341E-04
        41  3.765766E-04
        42  3.671953E-04
        43  1.612128E-03
        44  2.116504E-02
        45  5.253423E-02
        46  4.175363E-03
        47  3.994160E-04
        48  6.670653E-04
        49  5.982963E-04
        50  3.642243E-04
        51  3.565434E-03
        52  2.935514E-02
        53  7.790557E-03
        54  1.271381E-03
        55  3.319552E-04
        56  2.061679E-04
        57  2.485990E-04
        58  2.952565E-04
        59  3.290574E-04
        60  1.539379E-03
        61  1.521535E-02
        62  6.457124E-03
        63  2.181256E-02
        64  3.238285E-02
        65  5.984773E-02
        66  1.102053E-02
        67  1.047486E-02
        68  3.147586E-02
        69  4.947841E-02
        70  5.962772E-03
        71  5.437296E-03
        72  1.322766E-02
        73  9.034441E-03
        74  2.953855E-03
        75  5.342923E-03
        76  9.786688E-03
        77  2.981964E-03
        78  8.025239E-04
        79  3.042380E-03
        80  1.494834E-03
        81  2.424495E-03
        82  2.371704E-03
        83  3.497769E-04
        84  7.952570E-04
        85  1.332733E-02
        86  1.712838E-02
        87  6.940040E-03
        88  1.168131E-02
        89  1.111293E-02
        90  2.838059E-02
        91  2.461654E-02
        92  8.554512E-03
        93  9.763046E-03
        94  2.846402E-02
        95  2.430747E-02
        96  5.172192E-02
        97  5.310197E-03
        98  1.969855E-02
        99  2.929111E-02
       100  5.704532E-02
       101  1.354685E-02
       102  5.720143E-02
       103  6.486764E-02
       104  2.416774E-02
       105  7.079731E-03
       106  5.097924E-02
       107  5.864431E-02
       108  2.414623E-02
       109  1.736850E-02
       110  3.845663E-02
       111  4.691064E-02
       112  5.015240E-02
       113  1.359728E-02
       114  3.255241E-02
       115  4.919345E-02
       116  5.772954E-02
       117  1.281347E-01
       118  7.967627E-02
       119  3.521782E-02
       120  7.113477E-02
       121  6.870295E-02
       122  2.071556E-02
       123  1.025801E-01
       124  1.156031E-01
       125  6.644556E-01
       126  3.679133E-01
       127  4.216786E-01
       128  4.463377E-01
       129  4.042317E-01
       130  4.937739E-01
       131  4.021165E-01
       132  3.206957E-01
       133  9.034346E-01
       134  4.019547E-01
       135  1.013782E+00
       136  5.320119E-01
       137  4.738076E-01
       138  8.566266E-01
       139  3.206874E-01
       140  5.545324E-01
       141  7.325897E-01
       142  6.301072E-01
       143  8.938043E-01
       144  5.736092E-01
       145  5.581268E-01
       146  9.859385E-01
       147  6.161892E-01
       148  8.391718E-01
       149  1.094654E+00
       150  5.494345E-01
       151  1.573065E+00
       152  6.092272E-01
       153  6.165177E-01
       154  1.261412E+00
       155  5.212722E-01
       156  1.159336E+00
       157  8.408393E-01
       158  5.706819E-01
       159  8.385334E-01
       160  6.143766E-01
       161  6.095740E-01
       162  8.405734E-01
       163  6.021346E-01
       164  8.901992E-01
       165  1.215867E+00
       166  6.210847E-01
       167  1.198993E+00
       168  5.944627E-01
       169  5.598017E-01
       170  1.095598E+00
       171  6.266086E-01
       172  1.272869E+00
       173  9.147096E-01
       174  6.497200E-01
       175  8.641597E-01
       176  6.890380E-01
       177  7.283779E-01
       178  8.596127E-01
       179  6.342852E-01
       180  8.684511E-01
       181  1.149698E+00
       182  6.743961E-01
       183  1.251050E+00
       184  6.417697E-01
       185  6.341209E-01
       186  1.135169E+00
       187  5.995940E-01
       188  1.101719E+00
       189  1.020235E+00
       190  1.015711E+00
       191  9.561818E-01
       192  8.459285E-01
       193  9.418088E-01
       194  1.012374E+00
       195  9.717881E-01
       196  9.330726E-01
       197  1.191756E+00
       198  7.945279E-01
       199  1.274580E+00
       200  8.156225E-01
       201  8.801766E-01
       202  1.186009E+00
       203  9.663854E-01
       204  1.258583E+00

 total internal energy for set ALL and time  0.1000000E+01

        6.788514E+01
