
                        S T E P       1


                                INCREMENT     1


 displacements (vx,vy,vz) for set NALL and time  0.1000000E+01

         1  0.000000E+00  6.617445E-25  6.617445E-25
         2  0.000000E+00  1.323489E-24 -1.323489E-24
         3  0.000000E+00 -6.617445E-25  1.075335E-22
         4  6.617445E-25  0.000000E+00  4.632211E-23
         5  3.015515E-03 -1.415666E-05 -3.239588E-03
         6  3.016406E-03  3.015300E-05  3.267998E-03
         7 -2.922139E-03  2.804658E-05 -3.239398E-03
         8 -2.923380E-03 -1.212254E-05  3.268293E-03
         9  3.357036E-03 -9.879553E-06 -4.040214E-03
        10  3.357259E-03  2.101460E-05  4.030428E-03
        11 -3.288902E-03  1.977883E-05 -4.040179E-03
        12 -3.288704E-03 -5.213336E-06  4.030626E-03
        13  3.813992E-03 -1.689175E-06 -4.706537E-03
        14  3.814290E-03  1.172610E-05  4.696767E-03
        15 -3.825009E-03  5.806919E-06 -4.706578E-03
        16 -3.824831E-03  4.388018E-06  4.697193E-03
        17  4.525244E-03  5.917736E-06 -5.568621E-03
        18  4.526111E-03 -4.928837E-06  5.589009E-03
        19 -4.547599E-03 -7.402121E-06 -5.568723E-03
        20 -4.547494E-03  1.327776E-05  5.589477E-03
        21  5.000000E-03 -5.293956E-24 -6.000000E-03
        22  5.000000E-03  0.000000E+00  6.000000E-03
        23 -5.000000E-03  0.000000E+00 -6.000000E-03
        24 -5.000000E-03 -8.735027E-22  6.000000E-03
        25  1.217456E-04 -2.370490E-05 -4.848954E-04
        26  1.006032E-03 -4.764088E-05 -1.687494E-03
        27  2.426511E-03 -3.052292E-05 -2.818552E-03
        28  1.346452E-04 -9.854016E-06  2.775886E-04
        29  7.774554E-04 -2.636281E-05  1.158736E-03
        30  1.993578E-03  1.171306E-07  2.514967E-03
        31 -3.423886E-04 -1.004788E-05 -2.162806E-04
        32 -1.187288E-03 -2.658226E-05 -1.137614E-03
        33 -2.194417E-03 -1.967560E-06 -2.528566E-03
        34 -4.056784E-04 -2.023668E-05  4.859830E-04
        35 -1.566293E-03 -4.543544E-05  1.659917E-03
        36 -2.716980E-03 -2.471808E-05  2.819116E-03
        37  3.813575E-03 -2.256776E-05 -3.664596E-03
        38  2.819887E-03  1.292674E-05  3.666518E-03
        39 -2.676977E-03  9.273253E-06 -3.676436E-03
        40 -3.546735E-03 -1.770627E-05  3.648191E-03
        41  5.219065E-03 -2.371229E-09 -5.707962E-03
        42  5.623725E-03 -3.394435E-06 -5.856035E-03
        43  5.484996E-03 -3.032769E-06 -5.920099E-03
        44  4.185588E-03 -7.384501E-06  5.646828E-03
        45  4.122408E-03 -8.580501E-06  5.726134E-03
        46  4.426684E-03 -6.206014E-06  5.857044E-03
        47 -4.143356E-03 -8.933586E-06 -5.615972E-03
        48 -4.040318E-03 -9.961856E-06 -5.693219E-03
        49 -4.361595E-03 -6.621870E-06 -5.855228E-03
        50 -5.181698E-03  5.017336E-06  5.766337E-03
        51 -5.520351E-03  7.391179E-07  5.959280E-03
        52 -5.403435E-03  4.350236E-09  5.977531E-03
        53  2.266884E-06  1.475677E-08  1.575415E-06
        54 -1.081806E-06 -1.733327E-09 -7.496771E-07
        55  9.709256E-07  3.656132E-09  1.047564E-06
        56 -1.388957E-06  1.808198E-08 -1.505392E-06
        57  3.015284E-03 -3.180285E-05 -1.516430E-03
        58  3.016051E-03  9.726384E-06  2.063920E-06
        59  3.015452E-03  4.954440E-05  1.527611E-03
        60 -2.923077E-03  3.329136E-05 -1.530562E-03
        61 -2.922728E-03  2.133117E-05  1.335302E-05
        62 -2.923347E-03  1.741436E-06  1.557736E-03
        63  1.493787E-03 -7.233646E-06 -3.239545E-03
        64  2.840379E-05  2.423220E-06 -3.239819E-03
        65 -1.427669E-03  1.477548E-05 -3.239431E-03
        66  1.481906E-03  2.243099E-05  3.267759E-03
        67  1.813149E-05  4.208170E-06  3.267503E-03
        68 -1.431520E-03 -1.162652E-05  3.267705E-03
        69  3.357349E-03  7.919696E-06  5.010391E-05
        70 -3.288886E-03  7.048372E-06  3.883711E-05
        71 -1.969586E-06  3.321038E-06 -4.040592E-03
        72  7.026448E-06  6.215770E-06  4.030058E-03
        73  3.813343E-03 -1.896295E-05 -3.646180E-03
        74  3.813311E-03 -2.009857E-05 -2.496688E-03
        75  3.813610E-03 -1.044988E-05 -1.284986E-03
        76  3.813783E-03  4.342913E-06 -4.032565E-05
        77  3.813690E-03  1.900297E-05  1.208638E-03
        78  3.813482E-03  2.841676E-05  2.433380E-03
        79  3.813569E-03  2.749151E-05  3.605003E-03
        80 -3.826100E-03  2.783617E-05 -3.624182E-03
        81 -3.826167E-03  3.071790E-05 -2.469909E-03
        82 -3.825893E-03  2.059608E-05 -1.264995E-03
        83 -3.825723E-03  4.110733E-06 -3.293808E-05
        84 -3.825856E-03 -1.213568E-05  1.202813E-03
        85 -3.826082E-03 -2.164098E-05  2.418659E-03
        86 -3.825942E-03 -1.803205E-05  3.590726E-03
        87  2.940948E-03  2.269989E-05 -4.707568E-03
        88  2.006907E-03  2.720311E-05 -4.707767E-03
        89  1.029291E-03  1.819705E-05 -4.707526E-03
        90  2.750839E-05  2.575740E-06 -4.707385E-03
        91 -9.788488E-04 -1.302072E-05 -4.707526E-03
        92 -1.969784E-03 -2.203016E-05 -4.707768E-03
        93 -2.924809E-03 -1.779220E-05 -4.707582E-03
        94  2.918245E-03 -1.327276E-05  4.695620E-03
        95  1.977400E-03 -1.736038E-05  4.695508E-03
        96  1.005248E-03 -7.255895E-06  4.695805E-03
        97  1.638890E-05  9.759684E-06  4.695998E-03
        98 -9.749453E-04  2.650088E-05  4.695879E-03
        99 -1.954734E-03  3.582510E-05  4.695676E-03
       100 -2.908975E-03  3.060357E-05  4.695900E-03
       101  4.526116E-03  2.658896E-06  9.042341E-06
       102 -4.547679E-03  3.375230E-06 -4.207062E-06
       103  3.368199E-06 -3.049723E-06 -5.568151E-03
       104  1.394535E-05  4.340443E-06  5.589654E-03
       105  4.999903E-03 -4.323307E-06 -3.023665E-03
       106  4.999949E-03  1.122819E-06  2.162636E-05
       107  4.999866E-03  6.395448E-06  3.055690E-03
       108 -5.000394E-03  1.266593E-05 -3.056250E-03
       109 -5.000185E-03  2.100466E-07 -1.979504E-05
       110 -5.000332E-03 -1.187961E-05  3.026774E-03
       111  2.520813E-03  1.002645E-05 -6.000339E-03
       112 -1.742948E-05  1.761224E-06 -6.000205E-03
       113 -2.547134E-03 -7.657396E-06 -6.000395E-03
       114  2.545462E-03 -1.164196E-05  5.999520E-03
       115  1.521423E-05 -2.335008E-06  5.999801E-03
       116 -2.522010E-03  7.391103E-06  5.999754E-03
       117  2.993848E-05  1.186360E-04 -9.050582E-04
       118  6.946961E-04  6.046334E-04 -4.040649E-03
       119  1.843972E-03  1.263634E-03 -7.945720E-03
       120  2.209316E-03  1.601462E-03 -9.803329E-03
       121  1.336877E-03  1.352977E-03 -8.695338E-03
       122 -4.009424E-04  6.564734E-04 -5.701108E-03
       123 -1.898143E-03  1.336253E-04 -3.609695E-03
       124  3.067878E-04 -1.569903E-04 -1.160265E-03
       125  1.236919E-03 -6.809473E-04 -4.541092E-03
       126  2.321069E-03 -1.312621E-03 -8.293327E-03
       127  2.750702E-03 -1.593445E-03 -9.856689E-03
       128  2.341838E-03 -1.294088E-03 -8.511139E-03
       129  1.680452E-03 -5.857577E-04 -5.467394E-03
       130  1.934214E-03 -9.374891E-05 -3.514184E-03
       131 -3.529423E-04 -1.463321E-04  1.088476E-03
       132 -1.497206E-03 -6.670987E-04  4.433953E-03
       133 -2.844244E-03 -1.325451E-03  8.332804E-03
       134 -3.437982E-03 -1.648968E-03  1.011212E-02
       135 -3.022331E-03 -1.386018E-03  8.932210E-03
       136 -2.168424E-03 -6.780670E-04  5.885688E-03
       137 -2.112872E-03 -1.377807E-04  3.716762E-03
       138  3.706132E-05  1.317679E-04  9.942728E-04
       139 -5.401689E-04  6.257478E-04  4.187807E-03
       140 -1.533137E-03  1.265631E-03  7.987024E-03
       141 -1.790851E-03  1.579149E-03  9.721878E-03
       142 -9.459802E-04  1.321795E-03  8.576191E-03
       143  6.486197E-04  6.400135E-04  5.650145E-03
       144  2.005196E-03  1.339347E-04  3.634139E-03
       145 -6.239251E-04  1.944569E-04  1.231928E-04
       146 -3.610356E-03  1.051938E-03  6.822047E-04
       147 -7.715426E-03  2.165502E-03  1.650391E-03
       148 -9.163645E-03  2.541349E-03  2.388645E-03
       149 -6.566009E-03  1.957193E-03  2.586744E-03
       150 -1.392408E-03  8.716931E-04  2.434646E-03
       151  2.218842E-03  1.673366E-04  2.618879E-03
       152 -5.319034E-04 -1.668371E-04  2.117683E-05
       153 -3.301297E-03 -9.661126E-04  6.409506E-04
       154 -7.249870E-03 -2.038872E-03  1.618067E-03
       155 -8.727559E-03 -2.423671E-03  1.787732E-03
       156 -6.317383E-03 -1.884103E-03  7.368516E-04
       157 -1.351704E-03 -8.443747E-04 -1.100134E-03
       158  2.194016E-03 -1.539809E-04 -2.495681E-03
       159  5.208044E-04 -1.627424E-04 -1.035816E-04
       160  3.319901E-03 -9.681290E-04 -4.846395E-04
       161  7.291029E-03 -2.045596E-03 -9.403385E-04
       162  8.683946E-03 -2.407632E-03 -8.703219E-04
       163  6.126528E-03 -1.832626E-03 -3.808051E-05
       164  1.081668E-03 -7.746470E-04  1.319727E-03
       165 -2.319986E-03 -1.111477E-04  2.480468E-03
       166  5.427420E-04  1.697164E-04  2.369969E-05
       167  3.324968E-03  9.727063E-04 -7.027625E-04
       168  7.253314E-03  2.040357E-03 -2.158034E-03
       169  8.665837E-03  2.409146E-03 -3.121875E-03
       170  6.170232E-03  1.850106E-03 -3.100799E-03
       171  1.164851E-03  8.024401E-04 -2.485798E-03
       172 -2.262061E-03  1.351093E-04 -2.484474E-03
       173  5.269794E-04 -6.056583E-06 -3.666584E-03
       174 -4.328191E-04  1.377779E-05 -3.687216E-03
       175  4.817807E-04  1.812318E-05  3.672690E-03
       176 -3.075398E-04 -3.450010E-06  3.645418E-03
       177  3.302066E-03 -2.530008E-05  8.495804E-04
       178  3.313635E-03  3.993869E-05 -8.262980E-04
       179 -3.143584E-03  3.134605E-05  8.140127E-04
       180 -3.095778E-03 -5.731256E-06 -8.140197E-04
       181  4.489560E-04 -5.528104E-05 -4.192559E-03
       182 -3.854365E-04  6.240696E-05 -4.190381E-03
       183  4.831698E-04  6.777532E-05  4.152251E-03
       184 -3.771800E-04 -5.108482E-05  4.154374E-03
       185  3.494120E-03  2.047745E-05  6.748291E-04
       186  3.491969E-03 -1.290197E-05 -6.623658E-04
       187 -3.399593E-03 -1.335551E-05  5.797484E-04
       188 -3.403820E-03  2.523808E-05 -5.817590E-04
       189  2.702486E-03  8.989628E-05 -5.479185E-03
       190  1.067222E-03  1.985071E-04 -6.219225E-03
       191 -1.488237E-03  1.111820E-04 -5.947064E-03
       192 -2.691633E-03 -6.926836E-05 -5.390919E-03
       193 -1.036318E-03 -1.670541E-04 -6.070863E-03
       194  1.492427E-03 -9.656673E-05 -5.887878E-03
       195  2.555809E-03 -9.135855E-05  5.526208E-03
       196  7.749299E-04 -2.193464E-04  6.366358E-03
       197 -1.665370E-03 -1.270454E-04  6.059591E-03
       198 -2.619496E-03  1.032190E-04  5.525172E-03
       199 -8.471145E-04  2.143042E-04  6.285413E-03
       200  1.627269E-03  1.179698E-04  5.980680E-03
       201  3.547807E-03  1.038392E-04 -2.577009E-03
       202  3.289914E-03  1.979898E-04  1.544828E-04
       203  3.934169E-03  8.263325E-05  3.140272E-03
       204  3.497855E-03 -1.094012E-04  2.512677E-03
       205  3.253716E-03 -2.016184E-04 -2.023749E-04
       206  3.946037E-03 -7.733088E-05 -3.134646E-03
       207 -3.625765E-03 -8.121846E-05 -2.613095E-03
       208 -3.445771E-03 -1.578780E-04  4.983972E-05
       209 -4.053791E-03 -5.269636E-05  3.038409E-03
       210 -3.682052E-03  7.477060E-05  2.570041E-03
       211 -3.509218E-03  1.498981E-04 -8.339032E-05
       212 -4.061596E-03  5.664469E-05 -3.040225E-03

 forces (fx,fy,fz) for set RIGHT and time  0.1000000E+01

        21  1.658656E+03 -3.066403E+02 -1.320252E+03
        22  1.483989E+03 -1.415039E+02  1.160551E+03
        23 -1.563300E+03  5.330015E+02 -1.131342E+03
        24 -1.594832E+03 -1.069355E+03  1.263677E+03

 internal energy (element, energy) for set ALL and time  0.1000000E+01

         1  2.518912E-02
         2  2.196816E-02
         3  1.634773E-02
         4  1.676527E-02
         5  1.096233E-02
         6  2.740331E-02
         7  1.523836E-02
         8  2.623417E-02
         9  1.289129E-02
        10  1.856897E-02
        11  1.498394E-02
        12  2.744354E-02
        13  3.339785E-02
        14  3.892236E-02
        15  2.181381E-02
        16  2.268018E-02
        17  3.445336E-03
        18  9.489205E-04
        19  2.688018E-03
        20  3.848587E-03
        21  1.013410E-02
        22  2.198836E-03
        23  7.683650E-03
        24  1.718211E-03
        25  4.010196E-03
        26  8.559796E-03
        27  1.008443E-02
        28  5.350851E-03
        29  1.192570E-02
        30  1.804657E-02
        31  1.610649E-02
        32  1.181530E-02
        33  5.095873E-04
        34  1.906120E-04
        35  1.602518E-04
        36  3.463016E-04
        37  2.767651E-05
        38  2.965369E-05
        39  3.199861E-05
        40  5.878675E-05
        41  4.429229E-05
        42  7.383823E-05
        43  7.130979E-05
        44  1.576400E-04
        45  3.624354E-04
        46  2.638081E-04
        47  3.293093E-04
        48  5.030495E-04
        49  3.920884E-03
        50  9.113609E-03
        51  1.536968E-03
        52  1.234777E-03
        53  2.160324E-03
        54  1.388203E-03
        55  6.981681E-03
        56  1.766449E-03
        57  2.420346E-02
        58  2.976722E-03
        59  3.726516E-03
        60  2.520175E-02
        61  1.984623E-02
        62  2.706755E-03
        63  2.448590E-03
        64  1.916669E-02
        65  3.063312E-03
        66  6.686041E-04
        67  2.608113E-04
        68  2.695164E-03
        69  3.212005E-03
        70  6.997526E-04
        71  2.272702E-04
        72  2.752955E-03
        73  7.500364E-04
        74  6.467796E-04
        75  1.926826E-03
        76  5.140320E-03
        77  3.262012E-03
        78  9.830291E-04
        79  1.792120E-03
        80  4.084569E-03
        81  2.743939E-02
        82  1.562711E-02
        83  5.957831E-03
        84  1.093011E-03
        85  5.102554E-04
        86  4.166805E-03
        87  1.241909E-02
        88  2.294958E-02
        89  1.368800E-02
        90  7.851169E-03
        91  3.101866E-03
        92  6.439599E-04
        93  2.897370E-04
        94  2.062038E-03
        95  6.125919E-03
        96  1.145816E-02
        97  2.110605E-02
        98  1.215459E-02
        99  4.755268E-03
       100  9.013449E-04
       101  2.867730E-04
       102  2.988090E-03
       103  9.340227E-03
       104  1.767651E-02
       105  7.347428E-03
       106  4.170779E-03
       107  1.646005E-03
       108  3.528668E-04
       109  1.954051E-04
       110  1.139299E-03
       111  3.198501E-03
       112  5.906956E-03
       113  1.242318E-03
       114  1.050190E-03
       115  3.878337E-03
       116  5.207337E-03
       117  6.481307E-03
       118  8.239329E-03
       119  9.947246E-03
       120  1.440076E-02
       121  3.791622E-03
       122  4.113355E-04
       123  9.765311E-04
       124  5.336432E-03
       125  4.473060E-03
       126  7.925161E-04
       127  3.540774E-04
       128  3.312318E-03
       129  4.414603E-03
       130  5.096377E-04
       131  9.467194E-04
       132  5.770899E-03
       133  4.059772E-03
       134  6.762526E-04
       135  3.653182E-04
       136  2.967740E-03
       137  3.465127E-01
       138  3.290247E-01
       139  1.139451E-01
       140  3.197933E-01
       141  3.185657E-01
       142  1.002994E-01
       143  3.212355E-01
       144  1.650474E-01
       145  4.638855E-01
       146  2.800100E-01
       147  1.324499E-01
       148  3.472204E-01
       149  3.172889E-01
       150  8.874033E-02
       151  3.822974E-01
       152  1.303597E-01
       153  3.886197E-01
       154  2.801573E-01
       155  1.063224E-01
       156  3.047804E-01
       157  2.965384E-01
       158  8.444702E-02
       159  3.022011E-01
       160  1.969399E-01
       161  4.099301E-01
       162  3.064804E-01
       163  1.116858E-01
       164  3.249113E-01
       165  3.126555E-01
       166  8.541443E-02
       167  3.290652E-01
       168  1.919433E-01
       169  2.293548E-01
       170  3.330076E-01
       171  8.948224E-02
       172  3.389851E-01
       173  3.203700E-01
       174  7.661072E-02
       175  4.267461E-01
       176  2.494948E-01
       177  2.143979E-01
       178  3.717145E-01
       179  8.958596E-02
       180  3.572146E-01
       181  3.483096E-01
       182  9.030745E-02
       183  4.389886E-01
       184  2.810707E-01
       185  1.735026E-01
       186  3.344761E-01
       187  9.861599E-02
       188  3.415786E-01
       189  3.231515E-01
       190  8.935733E-02
       191  4.412496E-01
       192  2.159603E-01
       193  1.992234E-01
       194  3.807158E-01
       195  1.157851E-01
       196  3.871002E-01
       197  3.705692E-01
       198  1.086061E-01
       199  4.843559E-01
       200  2.484627E-01
       201  2.149570E-01
       202  1.832365E-01
       203  1.900965E-01
       204  1.689002E-01
       205  1.705656E-01
       206  1.775610E-01
       207  1.607185E-01
       208  2.089498E-01
       209  2.094435E-01
       210  1.633058E-01
       211  2.426247E-01
       212  1.807323E-01
       213  1.511538E-01
       214  2.141953E-01
       215  1.398677E-01
       216  2.149307E-01
       217  2.571007E-01
       218  1.754297E-01
       219  2.363452E-01
       220  1.612716E-01
       221  2.319438E-01
       222  2.018030E-01
       223  2.288937E-01
       224  1.971734E-01
       225  2.191544E-01
       226  1.812593E-01
       227  2.431738E-01
       228  1.677780E-01
       229  1.991978E-01
       230  2.624484E-01
       231  1.908517E-01
       232  2.359749E-01
       233  1.117538E-01
       234  1.035798E-01
       235  1.097770E-01
       236  1.196665E-01
       237  1.193706E-01
       238  9.831256E-02
       239  1.190573E-01
       240  1.057241E-01
       241  1.071941E-01
       242  7.909410E-02
       243  8.839048E-02
       244  1.270375E-01
       245  1.286864E-01
       246  9.258470E-02
       247  1.072273E-01
       248  1.387330E-01
       249  1.471696E-01
       250  1.106681E-01
       251  9.208312E-02
       252  1.202832E-01
       253  1.640609E-01
       254  1.126077E-01
       255  1.006360E-01
       256  1.300871E-01
       257  1.480528E-01
       258  1.294054E-01
       259  1.141107E-01
       260  1.259598E-01
       261  1.352942E-01
       262  1.291624E-01
       263  1.129412E-01
       264  1.276514E-01
       265  3.049084E-01
       266  3.147508E-01
       267  2.830255E-01
       268  2.877353E-01
       269  3.488753E-01
       270  3.793792E-01
       271  3.342450E-01
       272  2.807330E-01

 total internal energy for set ALL and time  0.1000000E+01

        3.037941E+01
