
                        S T E P       1


                                INCREMENT     1


 displacements (vx,vy,vz) for set NALL and time  0.1000000E+01

         1  0.000000E+00  0.000000E+00  6.617445E-25
         2  0.000000E+00  0.000000E+00 -6.617445E-25
         3  0.000000E+00 -6.617445E-25  1.409516E-22
         4  0.000000E+00 -1.406207E-24  3.126743E-22
         5  2.905201E-03 -2.972894E-05 -3.227507E-03
         6  2.899996E-03  3.913105E-05  3.229862E-03
         7 -2.845375E-03  3.760408E-05 -3.226613E-03
         8 -2.849843E-03 -2.088006E-05  3.227957E-03
         9  3.719344E-03  2.190118E-07 -4.489118E-03
        10  3.719574E-03  1.742498E-05  4.447071E-03
        11 -3.635063E-03  1.781845E-05 -4.488810E-03
        12 -3.635379E-03  2.392547E-06  4.447640E-03
        13  4.134877E-03  6.158068E-06 -4.950871E-03
        14  4.134909E-03  6.723670E-06  4.871344E-03
        15 -4.048210E-03  8.177103E-06 -4.951816E-03
        16 -4.047981E-03  6.256052E-06  4.872427E-03
        17  4.565113E-03  4.525033E-06 -5.471074E-03
        18  4.565222E-03  1.186186E-05  5.414417E-03
        19 -4.513687E-03 -3.520292E-07 -5.471218E-03
        20 -4.513423E-03  1.276934E-06  5.415086E-03
        21  5.000000E-03  2.117582E-23 -6.000000E-03
        22  5.000000E-03  0.000000E+00  6.000000E-03
        23 -5.000000E-03 -1.058791E-23 -6.000000E-03
        24 -5.000000E-03  1.058791E-23  6.000000E-03
        25  8.524894E-05 -7.237618E-06 -1.402950E-04
        26  4.434988E-04 -2.665520E-05 -6.153363E-04
        27  1.073834E-03 -4.637620E-05 -1.332111E-03
        28  1.774403E-03 -5.383141E-05 -2.040105E-03
        29  2.382267E-03 -4.991289E-05 -2.582391E-03
        30  2.785529E-03 -4.198154E-05 -2.921652E-03
        31  2.924772E-03 -3.577512E-05 -3.119611E-03
        32  6.900460E-05 -1.244253E-06  4.549580E-05
        33  3.366864E-04 -7.798326E-06  2.113562E-04
        34  8.076297E-04 -1.579734E-05  5.458982E-04
        35  1.371119E-03 -2.004219E-05  1.062704E-03
        36  1.935830E-03 -1.351010E-05  1.713828E-03
        37  2.430111E-03  4.420062E-06  2.388353E-03
        38  2.788548E-03  2.679110E-05  2.932116E-03
        39 -1.468206E-04 -1.626151E-06 -2.997221E-05
        40 -5.417727E-04 -6.917381E-06 -1.809759E-04
        41 -1.078543E-03 -1.547199E-05 -5.280303E-04
        42 -1.646306E-03 -1.987672E-05 -1.062060E-03
        43 -2.155007E-03 -1.322845E-05 -1.730311E-03
        44 -2.534374E-03  4.858192E-06 -2.414820E-03
        45 -2.728697E-03  2.747608E-05 -2.959903E-03
        46 -1.363960E-04 -3.553990E-06  9.371684E-05
        47 -5.826527E-04 -1.964634E-05  4.806509E-04
        48 -1.280128E-03 -3.785430E-05  1.159648E-03
        49 -2.040228E-03 -4.533550E-05  1.909064E-03
        50 -2.689100E-03 -4.003509E-05  2.552214E-03
        51 -3.085272E-03 -2.940682E-05  2.987949E-03
        52 -3.132096E-03 -2.182241E-05  3.188731E-03
        53  3.839963E-03 -3.618497E-05 -3.841549E-03
        54  2.528451E-03  9.556410E-06  3.926991E-03
        55 -2.682215E-03  8.247437E-06 -3.868689E-03
        56 -3.393172E-03 -2.312142E-05  3.740470E-03
        57  4.595558E-03 -2.865171E-06 -4.791592E-03
        58  3.389048E-03  4.041573E-06  4.728092E-03
        59 -3.317954E-03  6.129127E-06 -4.790286E-03
        60 -4.519330E-03 -1.591628E-06  4.725912E-03
        61  4.687710E-03  2.372648E-06 -5.046840E-03
        62  5.056410E-03 -7.333156E-07 -5.240395E-03
        63  4.991975E-03  2.978044E-06 -5.412230E-03
        64  3.807487E-03  4.658290E-06  4.930359E-03
        65  3.834572E-03  1.307040E-06  5.085536E-03
        66  4.113852E-03  4.094823E-06  5.299470E-03
        67 -3.616935E-03  1.922479E-06 -5.097115E-03
        68 -3.485873E-03 -1.715563E-06 -5.313543E-03
        69 -3.870081E-03  1.448480E-06 -5.439154E-03
        70 -4.563980E-03  4.423666E-07  5.013850E-03
        71 -4.902983E-03 -3.551031E-06  5.217198E-03
        72 -4.859040E-03 -1.475575E-06  5.345752E-03
        73  5.020574E-03  4.912831E-08 -5.578744E-03
        74  5.273872E-03 -3.342453E-06 -5.857726E-03
        75  5.299318E-03  2.171757E-06 -6.043283E-03
        76  4.095254E-03  9.704170E-06  5.558645E-03
        77  4.004395E-03  1.573951E-06  5.920358E-03
        78  4.423301E-03  5.911580E-06  6.143815E-03
        79 -4.213784E-03 -6.797857E-06 -5.556064E-03
        80 -4.220788E-03 -8.443589E-06 -5.714001E-03
        81 -4.485239E-03 -5.815195E-06 -5.861780E-03
        82 -5.208773E-03 -5.377638E-06  5.543347E-03
        83 -5.700908E-03 -8.997312E-06  5.677589E-03
        84 -5.547044E-03 -9.227767E-06  5.780652E-03
        85  2.050320E-06  1.426139E-08  1.425279E-06
        86 -1.622482E-06  2.154595E-09 -1.122437E-06
        87  1.030589E-06 -1.457781E-09  1.113494E-06
        88 -1.558712E-06  9.377171E-09 -1.686194E-06
        89  2.904571E-03 -7.499149E-05 -1.573759E-03
        90  2.904249E-03 -7.825652E-05  3.413951E-05
        91  2.903885E-03 -3.967734E-05  1.625634E-03
        92 -2.846549E-03  4.315194E-05 -1.599077E-03
        93 -2.846720E-03  6.519014E-05  2.703155E-06
        94 -2.847056E-03  5.848471E-05  1.603412E-03
        95  1.479440E-03 -1.108056E-05 -3.227229E-03
        96  1.846328E-05 -2.993110E-06 -3.227627E-03
        97 -1.437087E-03  8.644485E-06 -3.227128E-03
        98  1.505196E-03 -6.169592E-06  3.227557E-03
        99  3.509777E-05 -2.361972E-05  3.227546E-03
       100 -1.439289E-03 -2.534973E-05  3.227554E-03
       101  3.720512E-03  3.898104E-06 -1.436536E-05
       102 -3.634765E-03  1.343259E-05 -2.825518E-05
       103  3.388585E-05  5.153941E-06 -4.488704E-03
       104  4.498711E-05  1.511961E-05  4.447182E-03
       105  4.564622E-03  4.996618E-06 -2.762840E-03
       106  4.564773E-03  4.759617E-06 -1.691998E-05
       107  4.564403E-03  7.734369E-06  2.722610E-03
       108 -4.514709E-03  1.893579E-06 -2.735519E-03
       109 -4.514134E-03 -7.863014E-06  3.539524E-05
       110 -4.514149E-03 -9.848912E-06  2.773204E-03
       111  2.314023E-03  3.015154E-07 -5.471140E-03
       112  3.614976E-05 -3.442758E-06 -5.470902E-03
       113 -2.248014E-03 -2.152869E-06 -5.470546E-03
       114  2.306036E-03  1.019659E-05  5.415132E-03
       115 -6.794517E-06  8.336779E-06  5.414827E-03
       116 -2.303343E-03  7.186514E-06  5.414814E-03
       117  3.177583E-05  1.171423E-04 -8.954542E-04
       118  6.931540E-04  5.977926E-04 -3.998517E-03
       119  1.826641E-03  1.247413E-03 -7.849804E-03
       120  2.169501E-03  1.573502E-03 -9.646189E-03
       121  1.277256E-03  1.315015E-03 -8.491136E-03
       122 -4.647719E-04  6.192009E-04 -5.499354E-03
       123 -1.931724E-03  1.163481E-04 -3.495010E-03
       124  2.838097E-04 -1.528411E-04 -1.124982E-03
       125  1.147614E-03 -6.602552E-04 -4.396581E-03
       126  2.158685E-03 -1.274569E-03 -8.042864E-03
       127  2.560456E-03 -1.557654E-03 -9.613228E-03
       128  2.182324E-03 -1.286221E-03 -8.396112E-03
       129  1.586403E-03 -6.132997E-04 -5.504952E-03
       130  1.872900E-03 -1.216896E-04 -3.545463E-03
       131 -3.629427E-04 -1.440201E-04  1.068610E-03
       132 -1.564023E-03 -6.528995E-04  4.338155E-03
       133 -3.028397E-03 -1.294812E-03  8.139309E-03
       134 -3.764049E-03 -1.610157E-03  9.873610E-03
       135 -3.460070E-03 -1.354369E-03  8.725891E-03
       136 -2.610696E-03 -6.656458E-04  5.762070E-03
       137 -2.364861E-03 -1.407683E-04  3.655442E-03
       138  5.273962E-05  1.300204E-04  9.809151E-04
       139 -4.165959E-04  6.155674E-04  4.120792E-03
       140 -1.198554E-03  1.240416E-03  7.832614E-03
       141 -1.238801E-03  1.538768E-03  9.487315E-03
       142 -2.620547E-04  1.272805E-03  8.300136E-03
       143  1.288127E-03  5.954067E-04  5.392729E-03
       144  2.349423E-03  1.093932E-04  3.460471E-03
       145 -6.235667E-04  1.945561E-04  1.222806E-04
       146 -3.602116E-03  1.050154E-03  6.764997E-04
       147 -7.662054E-03  2.151939E-03  1.630189E-03
       148 -9.005921E-03  2.502035E-03  2.341666E-03
       149 -6.277691E-03  1.888083E-03  2.507578E-03
       150 -1.036267E-03  7.885479E-04  2.334518E-03
       151  2.427197E-03  1.136565E-04  2.535713E-03
       152 -5.019945E-04 -1.570825E-04  1.762123E-05
       153 -3.167535E-03 -9.258588E-04  5.989784E-04
       154 -7.036720E-03 -1.976246E-03  1.522395E-03
       155 -8.618569E-03 -2.385961E-03  1.688433E-03
       156 -6.493550E-03 -1.910922E-03  6.972942E-04
       157 -1.786293E-03 -9.252384E-04 -1.066323E-03
       158  1.879239E-03 -2.088474E-04 -2.463810E-03
       159  5.297832E-04 -1.657266E-04 -1.027574E-04
       160  3.346020E-03 -9.762824E-04 -4.818532E-04
       161  7.305856E-03 -2.051018E-03 -9.317271E-04
       162  8.626884E-03 -2.395396E-03 -8.475036E-04
       163  5.956121E-03 -1.794576E-03  3.049008E-06
       164  8.339769E-04 -7.204559E-04  1.368292E-03
       165 -2.477716E-03 -7.524318E-05  2.498971E-03
       166  5.280364E-04  1.647785E-04  1.613019E-05
       167  3.232521E-03  9.449156E-04 -7.086514E-04
       168  7.085524E-03  1.991464E-03 -2.160016E-03
       169  8.563762E-03  2.375773E-03 -3.156561E-03
       170  6.279732E-03  1.864515E-03 -3.200380E-03
       171  1.468972E-03  8.575278E-04 -2.627060E-03
       172 -2.055474E-03  1.688789E-04 -2.553473E-03
       173  2.128770E-03  4.448720E-05 -3.933294E-03
       174  1.055065E-03  2.055429E-04 -4.994226E-03
       175 -9.694427E-04  1.516988E-04 -4.902768E-03
       176 -1.749028E-03 -9.562526E-05 -4.291154E-03
       177 -7.372985E-04 -2.408174E-04 -5.255710E-03
       178  1.048740E-03 -1.127527E-04 -4.832122E-03
       179  1.468374E-03 -6.774616E-05  4.123610E-03
       180  2.956581E-04 -2.205473E-04  5.129780E-03
       181 -1.258953E-03 -1.340897E-04  4.876974E-03
       182 -1.331225E-03  4.120315E-05  3.861653E-03
       183 -1.803946E-04  2.042652E-04  4.940551E-03
       184  1.334457E-03  1.542710E-04  4.872760E-03
       185  1.714376E-03  3.387391E-04 -1.207675E-03
       186  1.310413E-03  4.711501E-04  6.543559E-04
       187  2.946914E-03  1.389552E-04  2.476663E-03
       188  1.951862E-03 -2.653713E-04  1.607930E-03
       189  1.729687E-03 -3.543904E-04 -2.755282E-04
       190  2.944642E-03 -1.181758E-04 -2.431813E-03
       191 -1.963384E-03 -2.445508E-04 -1.600124E-03
       192 -1.696173E-03 -3.448396E-04  1.579813E-04
       193 -2.929865E-03 -1.033133E-04  2.277317E-03
       194 -1.902441E-03  2.812575E-04  1.307139E-03
       195 -1.751854E-03  3.515225E-04 -4.735623E-04
       196 -2.926064E-03  1.232896E-04 -2.380348E-03
       197  5.985623E-04 -7.798526E-06 -5.226716E-03
       198 -5.046800E-04  1.462050E-05 -5.241989E-03
       199  5.310187E-04  1.270820E-05  5.121041E-03
       200 -4.339751E-04  6.741336E-06  5.167958E-03
       201  4.368841E-03  1.015628E-05  7.585403E-04
       202  4.350000E-03 -9.358434E-07 -8.348822E-04
       203 -4.242668E-03  1.148924E-05  7.519231E-04
       204 -4.236608E-03 -3.141819E-06 -7.903581E-04
       205  6.376099E-04 -1.924435E-05 -5.673271E-03
       206 -6.745493E-04 -3.890989E-06 -5.803826E-03
       207  6.061303E-04  4.117853E-05  5.561239E-03
       208 -6.400971E-04  2.629760E-05  5.885981E-03
       209  4.842437E-03 -4.234352E-06  9.160032E-04
       210  4.725785E-03 -1.265055E-05 -9.300732E-04
       211 -4.765484E-03  1.753886E-05  7.074002E-04
       212 -4.795042E-03 -2.506341E-05 -6.194760E-04

 forces (fx,fy,fz) for set RIGHT and time  0.1000000E+01

        21  1.611068E+03 -2.843599E+02 -2.858211E+03
        22  1.259361E+03  1.274446E+02  2.625981E+03
        23 -1.888374E+03  8.334176E+02  3.512012E+02
        24 -1.018003E+03 -1.435337E+03 -1.374105E+02

 internal energy (element, energy) for set ALL and time  0.1000000E+01

         1  1.035852E-02
         2  1.067426E-02
         3  4.275147E-03
         4  3.963943E-03
         5  4.915350E-03
         6  4.928505E-03
         7  5.238349E-03
         8  1.205584E-02
         9  5.134983E-03
        10  7.767602E-03
        11  6.069810E-03
        12  4.999738E-03
        13  4.240640E-03
        14  4.678107E-03
        15  7.976296E-03
        16  1.295700E-02
        17  6.144586E-03
        18  8.104331E-03
        19  6.465284E-03
        20  5.625695E-03
        21  5.188283E-03
        22  5.974524E-03
        23  1.046997E-02
        24  1.375997E-02
        25  8.979825E-03
        26  1.152103E-02
        27  5.274384E-03
        28  3.997407E-03
        29  4.946026E-03
        30  6.472987E-03
        31  7.325308E-03
        32  5.561069E-03
        33  2.109030E-02
        34  2.656548E-02
        35  1.206377E-02
        36  6.433719E-03
        37  1.423226E-02
        38  2.009216E-02
        39  1.704261E-02
        40  9.852070E-03
        41  1.867783E-03
        42  1.486795E-03
        43  1.665311E-03
        44  1.122438E-03
        45  6.234908E-04
        46  1.008513E-03
        47  1.126090E-03
        48  7.661087E-04
        49  2.509963E-04
        50  5.769868E-05
        51  2.494012E-04
        52  2.993112E-03
        53  7.476454E-04
        54  2.085373E-04
        55  6.256727E-04
        56  1.172335E-02
        57  4.230027E-04
        58  1.034088E-04
        59  6.745229E-04
        60  1.321007E-02
        61  4.502850E-04
        62  1.010985E-04
        63  5.692388E-05
        64  1.570892E-04
        65  3.016066E-03
        66  9.002571E-04
        67  2.395597E-03
        68  3.835937E-03
        69  1.807504E-02
        70  2.741974E-03
        71  1.683896E-03
        72  4.521167E-03
        73  1.328343E-02
        74  1.506913E-03
        75  5.470869E-04
        76  1.916165E-03
        77  1.246581E-03
        78  8.088725E-04
        79  1.818096E-03
        80  2.062690E-03
        81  3.116582E-03
        82  7.651965E-03
        83  2.858470E-03
        84  3.360996E-03
        85  1.827065E-03
        86  2.108483E-03
        87  6.202029E-03
        88  3.213130E-03
        89  5.920531E-03
        90  1.025538E-03
        91  4.994490E-04
        92  2.087591E-03
        93  3.079945E-03
        94  3.177316E-04
        95  7.764454E-04
        96  2.829751E-03
        97  5.655805E-03
        98  4.926861E-04
        99  7.100119E-04
       100  4.658745E-03
       101  5.459011E-03
       102  1.261331E-03
       103  1.313845E-03
       104  4.932867E-03
       105  1.296221E-02
       106  1.234128E-02
       107  1.484081E-02
       108  1.580158E-02
       109  1.609387E-02
       110  1.447220E-02
       111  1.992959E-02
       112  2.129477E-02
       113  1.527376E-02
       114  3.753174E-03
       115  2.438313E-02
       116  1.752262E-02
       117  1.694178E-03
       118  1.556874E-04
       119  4.927909E-04
       120  4.741463E-03
       121  4.841675E-03
       122  3.217814E-04
       123  1.162465E-03
       124  4.265353E-03
       125  1.123741E-03
       126  1.829945E-04
       127  2.952409E-04
       128  3.380659E-03
       129  5.767123E-03
       130  4.120953E-04
       131  1.141221E-03
       132  5.432140E-03
       133  8.263907E-03
       134  1.068513E-02
       135  1.704882E-02
       136  1.500338E-02
       137  3.435551E-01
       138  3.232317E-01
       139  1.134509E-01
       140  3.181450E-01
       141  3.128638E-01
       142  9.484868E-02
       143  3.394571E-01
       144  1.441973E-01
       145  4.265660E-01
       146  2.575986E-01
       147  1.179845E-01
       148  3.144662E-01
       149  2.926530E-01
       150  8.509738E-02
       151  3.261197E-01
       152  1.566763E-01
       153  3.704072E-01
       154  2.642851E-01
       155  1.006040E-01
       156  2.886946E-01
       157  2.797462E-01
       158  7.751808E-02
       159  2.840707E-01
       160  1.871668E-01
       161  3.979668E-01
       162  2.956549E-01
       163  1.114925E-01
       164  3.193979E-01
       165  3.033072E-01
       166  8.206846E-02
       167  3.435867E-01
       168  1.879721E-01
       169  2.303352E-01
       170  3.322576E-01
       171  9.343733E-02
       172  3.484838E-01
       173  3.208037E-01
       174  7.428294E-02
       175  4.796340E-01
       176  2.614189E-01
       177  1.904333E-01
       178  3.445549E-01
       179  7.558245E-02
       180  3.154521E-01
       181  3.213305E-01
       182  9.175721E-02
       183  3.440506E-01
       184  3.090849E-01
       185  1.791938E-01
       186  3.365442E-01
       187  1.010479E-01
       188  3.505946E-01
       189  3.251781E-01
       190  8.662056E-02
       191  4.834476E-01
       192  2.306798E-01
       193  1.829678E-01
       194  3.560640E-01
       195  1.019977E-01
       196  3.508084E-01
       197  3.453878E-01
       198  1.062987E-01
       199  4.078185E-01
       200  2.860021E-01
       201  1.832741E-01
       202  1.446129E-01
       203  1.575566E-01
       204  1.861161E-01
       205  2.040347E-01
       206  1.453689E-01
       207  1.580116E-01
       208  1.702454E-01
       209  1.669806E-01
       210  1.174373E-01
       211  1.366765E-01
       212  1.852282E-01
       213  2.046855E-01
       214  1.411479E-01
       215  1.554248E-01
       216  1.961369E-01
       217  2.286687E-01
       218  1.620974E-01
       219  1.217995E-01
       220  1.590056E-01
       221  1.761170E-01
       222  1.303494E-01
       223  1.326850E-01
       224  1.782474E-01
       225  1.847976E-01
       226  1.592929E-01
       227  1.349504E-01
       228  1.577184E-01
       229  1.420946E-01
       230  1.398886E-01
       231  1.352739E-01
       232  1.604871E-01
       233  2.069201E-01
       234  2.213788E-01
       235  1.761456E-01
       236  2.370855E-01
       237  2.943052E-01
       238  3.266845E-01
       239  3.339948E-01
       240  3.056554E-01
       241  1.881402E-01
       242  1.260543E-01
       243  1.557614E-01
       244  9.796047E-02
       245  1.178558E-01
       246  1.544208E-01
       247  1.227251E-01
       248  1.349275E-01
       249  2.353253E-01
       250  1.123194E-01
       251  2.295387E-01
       252  1.009580E-01
       253  1.287093E-01
       254  2.184717E-01
       255  1.019956E-01
       256  1.896111E-01
       257  1.670885E-01
       258  1.558819E-01
       259  1.436977E-01
       260  1.229900E-01
       261  1.488131E-01
       262  1.774165E-01
       263  1.606129E-01
       264  1.559237E-01
       265  2.467338E-01
       266  1.250278E-01
       267  2.426242E-01
       268  1.207653E-01
       269  1.346940E-01
       270  2.308152E-01
       271  1.457569E-01
       272  2.502379E-01

 total internal energy for set ALL and time  0.1000000E+01

        2.942875E+01
