
                        S T E P       1


                                INCREMENT     1


 displacements (vx,vy,vz) for set NALL and time  0.1000000E+01

         1  0.000000E+00  0.000000E+00  0.000000E+00
         2  1.323489E-24 -1.323489E-24  6.617445E-25
         3  0.000000E+00  6.617445E-25 -9.926167E-25
         4  0.000000E+00  0.000000E+00  1.263932E-22
         5  1.052583E-03 -1.397265E-06 -1.222063E-03
         6  1.050051E-03  4.862890E-06  1.215470E-03
         7 -1.001194E-03  1.500104E-05 -1.222611E-03
         8 -1.004020E-03  1.278742E-05  1.215112E-03
         9  1.992630E-03  1.042243E-05 -2.395693E-03
        10  1.993893E-03  2.093996E-05  2.264444E-03
        11 -1.901272E-03  1.816468E-05 -2.393777E-03
        12 -1.902727E-03  1.440733E-05  2.263807E-03
        13  2.818990E-03  1.336997E-05 -3.481520E-03
        14  2.820539E-03  2.672387E-05  3.382889E-03
        15 -2.768688E-03  2.163459E-05 -3.479681E-03
        16 -2.770351E-03  1.916831E-05  3.382874E-03
        17  3.615984E-03  1.839640E-05 -4.527107E-03
        18  3.615039E-03  3.099748E-05  4.487837E-03
        19 -3.596250E-03  2.396034E-05 -4.525538E-03
        20 -3.593977E-03  2.260983E-05  4.488199E-03
        21  5.000000E-03 -3.388132E-22 -6.000000E-03
        22  5.000000E-03 -2.541099E-22  6.000000E-03
        23 -5.000000E-03 -4.235165E-20 -6.000000E-03
        24 -5.000000E-03  7.115077E-21  6.000000E-03
        25  4.401480E-05 -1.411316E-06 -3.437763E-05
        26  1.793457E-04 -6.974616E-06 -1.712170E-04
        27  3.829438E-04 -1.325073E-05 -4.003434E-04
        28  6.018305E-04 -1.577841E-05 -6.465129E-04
        29  7.926265E-04 -1.413421E-05 -8.596083E-04
        30  9.286318E-04 -1.006854E-05 -1.024758E-03
        31  9.965639E-04 -5.622616E-06 -1.152448E-03
        32  4.716163E-05 -8.511384E-07  1.740238E-05
        33  1.656989E-04 -4.080631E-06  9.763572E-05
        34  3.186078E-04 -8.181784E-06  2.679400E-04
        35  4.826059E-04 -1.025466E-05  5.175884E-04
        36  6.450341E-04 -7.333063E-06  8.076603E-04
        37  8.023240E-04 -3.550152E-07  1.070473E-03
        38  9.524137E-04  6.202333E-06  1.221692E-03
        39 -6.733416E-05 -2.062582E-07 -1.451403E-06
        40 -2.341386E-04 -1.426475E-06 -4.015734E-05
        41 -4.393201E-04 -4.356354E-06 -1.645791E-04
        42 -6.377390E-04 -6.041221E-06 -3.804170E-04
        43 -7.985667E-04 -3.121426E-06 -6.643557E-04
        44 -9.035464E-04  4.621636E-06 -9.545079E-04
        45 -9.447188E-04  1.358173E-05 -1.165292E-03
        46 -4.835561E-05  1.222694E-06 -6.387135E-06
        47 -1.870869E-04 -6.039128E-08  3.230017E-05
        48 -4.000964E-04 -3.660944E-06  1.822535E-04
        49 -6.541601E-04 -5.694451E-06  4.350106E-04
        50 -8.991786E-04 -2.537610E-06  7.470754E-04
        51 -1.073042E-03  5.335669E-06  1.041412E-03
        52 -1.113174E-03  1.290594E-05  1.219933E-03
        53  1.939586E-03 -1.748970E-05 -1.931403E-03
        54  1.316940E-03 -2.165834E-06  1.665897E-03
        55 -1.353396E-03 -1.094069E-06 -1.754833E-03
        56 -1.670102E-03  1.489733E-06  1.696046E-03
        57  2.856859E-03 -9.047799E-06 -2.960222E-03
        58  2.058209E-03  7.841574E-06  2.842685E-03
        59 -1.985715E-03  2.149670E-06 -2.951753E-03
        60 -2.696276E-03  4.004146E-06  2.807698E-03
        61  3.724014E-03 -2.817109E-06 -3.942437E-03
        62  2.925150E-03  1.332563E-05  3.897689E-03
        63 -2.903706E-03  6.284988E-06 -3.952085E-03
        64 -3.673878E-03  7.872683E-06  3.877939E-03
        65  3.387736E-03  1.154056E-05 -4.872372E-03
        66  3.109387E-03 -2.398019E-06 -5.809686E-03
        67  3.784931E-03  1.642434E-05 -6.413571E-03
        68  2.634173E-03  2.138191E-05  4.801856E-03
        69  1.887187E-03  6.001074E-06  5.889576E-03
        70  2.679064E-03  2.546321E-05  6.741046E-03
        71 -2.631539E-03  1.483214E-05 -4.825390E-03
        72 -1.847208E-03  1.955684E-06 -5.764594E-03
        73 -2.568778E-03  2.168997E-05 -6.622161E-03
        74 -3.363280E-03  1.204884E-05  4.910040E-03
        75 -3.040520E-03 -2.189780E-06  5.801976E-03
        76 -3.687171E-03  1.380661E-05  6.340305E-03
        77  6.908048E-07 -2.607369E-09  2.615943E-08
        78  5.522282E-07  2.811974E-06 -8.916713E-07
        79  9.005471E-07  2.828692E-06 -8.605310E-07
        80 -4.840689E-07 -7.673342E-07  2.191411E-07
        81 -3.418229E-07  2.165865E-07 -9.002901E-08
        82 -5.010889E-07  9.816039E-07 -3.443998E-07
        83 -2.365330E-07  6.721593E-07  4.915029E-07
        84 -1.730757E-07  4.594926E-07  3.184922E-07
        85  1.043188E-07 -2.065387E-07  4.349656E-07
        86 -6.628930E-07  1.517570E-06 -7.640298E-07
        87 -7.594638E-07  1.812232E-06 -4.453762E-07
        88 -1.526738E-07  2.997008E-07 -5.321348E-07
        89  1.051678E-03 -4.432555E-05 -5.790496E-04
        90  1.051541E-03 -3.850967E-05  2.206659E-05
        91  1.051247E-03 -1.165376E-05  6.101642E-04
        92 -1.002712E-03  3.506193E-05 -6.234401E-04
        93 -1.002796E-03  5.117563E-05 -2.394460E-05
        94 -1.002992E-03  4.879142E-05  5.856488E-04
        95  5.126437E-04  9.964277E-06 -1.221759E-03
        96 -2.264428E-06  1.881464E-05 -1.222094E-03
        97 -5.030933E-04  2.175866E-05 -1.221807E-03
        98  5.362875E-04  1.896935E-05  1.215636E-03
        99  2.854608E-05  4.796814E-06  1.215485E-03
       100 -4.819778E-04 -7.351229E-06  1.215563E-03
       101  1.993977E-03  2.688435E-05 -1.246113E-03
       102  1.993916E-03  2.477997E-05 -8.522700E-05
       103  1.994339E-03  1.620092E-05  1.086266E-03
       104 -1.901717E-03  1.707706E-05 -1.225079E-03
       105 -1.901937E-03  3.697509E-05 -6.956002E-05
       106 -1.901951E-03  4.596457E-05  1.088402E-03
       107  1.030797E-03 -1.246360E-05 -2.394265E-03
       108  5.945168E-05 -1.015734E-05 -2.394419E-03
       109 -9.188605E-04  4.595569E-06 -2.394004E-03
       110  1.016764E-03  1.869977E-05  2.264015E-03
       111  4.707959E-05  7.290890E-06  2.263922E-03
       112 -9.233935E-04  1.188962E-06  2.263896E-03
       113  2.821073E-03  4.819402E-05 -1.787634E-03
       114  2.820703E-03  3.943645E-05 -5.796908E-05
       115  2.821147E-03  2.152302E-05  1.675839E-03
       116 -2.769189E-03  2.195693E-05 -1.775629E-03
       117 -2.769444E-03  4.426306E-05 -6.562036E-05
       118 -2.769433E-03  5.416541E-05  1.653176E-03
       119  1.426588E-03 -1.278764E-05 -3.479903E-03
       120  3.652294E-05 -7.248211E-06 -3.480190E-03
       121 -1.358948E-03  1.040357E-05 -3.479764E-03
       122  1.426652E-03  3.008648E-05  3.382716E-03
       123  4.415522E-05  2.006147E-05  3.382671E-03
       124 -1.347992E-03  1.132387E-05  3.382716E-03
       125  3.617515E-03  4.148606E-05 -2.307480E-03
       126  3.616856E-03  4.057246E-06 -2.921478E-05
       127  3.617705E-03 -2.557234E-05  2.254577E-03
       128 -3.594436E-03 -3.273537E-05 -2.275795E-03
       129 -3.594659E-03 -2.447227E-06 -2.114710E-05
       130 -3.593920E-03  4.260853E-05  2.234067E-03
       131  1.816739E-03  1.952559E-06 -4.526033E-03
       132  3.937935E-05 -2.581242E-06 -4.526086E-03
       133 -1.752845E-03  5.170640E-06 -4.525786E-03
       134  1.813686E-03  2.967846E-05  4.487427E-03
       135  3.710575E-05  2.814920E-05  4.487578E-03
       136 -1.753156E-03  2.563675E-05  4.487512E-03
       137  4.993854E-03 -1.708891E-04 -3.066158E-03
       138  4.996580E-03  1.010563E-05 -1.097533E-04
       139  4.993416E-03  1.902637E-04  2.901114E-03
       140 -5.009867E-03  2.187486E-04 -3.117817E-03
       141 -5.005323E-03  2.125085E-05 -5.997654E-05
       142 -5.008678E-03 -1.768796E-04  3.025438E-03
       143  2.499536E-03 -6.218024E-05 -5.995660E-03
       144 -8.164991E-05  4.790481E-05 -5.996953E-03
       145 -2.624835E-03  1.405438E-04 -5.993918E-03
       146  2.394879E-03  1.520303E-04  6.004301E-03
       147 -1.167451E-04  6.590958E-05  6.001725E-03
       148 -2.573269E-03 -4.461686E-05  6.002204E-03
       149  3.445482E-05  9.420014E-05 -8.326511E-04
       150  1.935025E-04  2.923337E-04 -2.104320E-03
       151 -1.421746E-04  2.117877E-04 -1.897941E-03
       152  4.215136E-06 -1.287667E-04 -1.054827E-03
       153 -2.493064E-04 -3.244857E-04 -2.308556E-03
       154  1.407136E-05 -1.885645E-04 -1.850517E-03
       155 -2.509758E-04 -1.230651E-04  1.025921E-03
       156 -5.827880E-04 -3.578432E-04  2.491965E-03
       157 -7.278113E-04 -2.432783E-04  2.122046E-03
       158  9.193488E-05  1.085900E-04  9.174779E-04
       159  2.225753E-04  3.189839E-04  2.256000E-03
       160  5.159409E-04  2.250545E-04  1.984938E-03
       161 -1.064029E-03  3.405441E-04  1.717263E-04
       162 -1.241800E-03  4.211547E-04  5.077181E-04
       163  3.619057E-04  1.027424E-04  9.038064E-04
       164 -8.759887E-04 -2.822099E-04  1.982116E-05
       165 -1.349982E-03 -4.390548E-04 -1.312494E-04
       166 -1.976441E-05 -1.767622E-04 -6.357784E-04
       167  8.844467E-04 -2.870102E-04 -1.122594E-04
       168  8.849822E-04 -3.217104E-04  1.703693E-04
       169 -5.655293E-04 -3.658957E-05  7.880666E-04
       170  9.527593E-04  3.052498E-04 -9.941848E-06
       171  1.323302E-03  4.357501E-04 -2.609303E-04
       172 -1.113374E-04  1.519829E-04 -7.368570E-04
       173  9.293023E-04  6.711885E-05 -1.897451E-03
       174  4.372270E-04  2.462524E-04 -3.061020E-03
       175 -6.474951E-04  1.920392E-04 -2.968799E-03
       176 -5.618141E-04 -9.823794E-05 -2.162940E-03
       177  2.148479E-05 -2.946715E-04 -3.414534E-03
       178  8.764105E-04 -1.885492E-04 -3.089040E-03
       179  5.142198E-04 -4.863644E-05  1.787291E-03
       180 -2.720693E-04 -2.490307E-04  3.073641E-03
       181 -1.079144E-03 -2.014148E-04  3.008685E-03
       182 -3.226280E-04  5.346817E-05  1.705929E-03
       183  2.692470E-04  2.287133E-04  2.847941E-03
       184  9.668657E-04  1.910565E-04  2.830415E-03
       185 -1.612522E-04  3.762713E-04 -2.674045E-04
       186 -4.143116E-04  4.721648E-04  6.254261E-04
       187  1.373003E-03  1.097213E-04  1.411383E-03
       188  4.420300E-04 -2.068285E-04  2.642425E-04
       189  3.703512E-04 -2.612991E-04 -7.657714E-04
       190  1.479289E-03 -5.250643E-05 -1.698586E-03
       191 -1.961776E-04 -2.483298E-04 -5.724341E-04
       192 -1.615784E-04 -2.908604E-04  2.741177E-04
       193 -1.505484E-03 -2.806301E-05  1.333407E-03
       194 -2.784821E-04  2.557019E-04  2.947274E-04
       195 -2.491967E-04  2.983176E-04 -5.092579E-04
       196 -1.390464E-03  8.108661E-05 -1.372839E-03
       197  1.167291E-03  5.361907E-05 -2.901917E-03
       198  3.149212E-04  2.356237E-04 -4.084728E-03
       199 -1.009373E-03  1.973227E-04 -4.063757E-03
       200 -1.042401E-03 -3.881171E-05 -3.003441E-03
       201  5.673703E-05 -2.139704E-04 -4.141892E-03
       202  1.390745E-03 -1.786012E-04 -4.143410E-03
       203  1.046178E-03 -5.163127E-05  2.955295E-03
       204 -1.529249E-04 -2.487381E-04  4.220174E-03
       205 -1.418466E-03 -1.896233E-04  4.101165E-03
       206 -8.515440E-04  6.744203E-05  2.838150E-03
       207  1.575891E-04  2.512610E-04  4.031010E-03
       208  1.312338E-03  2.090651E-04  3.996141E-03
       209  1.303178E-03  2.433594E-04 -7.738457E-04
       210  1.211457E-03  3.006582E-04  7.553956E-04
       211  2.317867E-03  9.012586E-05  2.127682E-03
       212  1.366932E-03 -1.943224E-04  7.980183E-04
       213  1.367609E-03 -2.280175E-04 -8.467823E-04
       214  2.463815E-03 -2.042373E-05 -2.369495E-03
       215 -1.281381E-03 -1.953391E-04 -1.115806E-03
       216 -1.314927E-03 -2.217869E-04  3.764990E-04
       217 -2.422138E-03 -1.235849E-05  1.982014E-03
       218 -1.185781E-03  2.537900E-04  7.747597E-04
       219 -1.156136E-03  2.955342E-04 -6.316435E-04
       220 -2.270062E-03  8.329736E-05 -2.042440E-03
       221  1.465468E-03  4.783040E-05 -3.932778E-03
       222  2.500068E-05  2.151376E-04 -5.034564E-03
       223 -1.678389E-03  1.761692E-04 -5.012613E-03
       224 -1.569654E-03 -2.785061E-05 -4.045019E-03
       225 -1.012380E-04 -1.854799E-04 -5.089208E-03
       226  1.676718E-03 -1.462867E-04 -5.076994E-03
       227  1.515579E-03 -3.881810E-05  4.031372E-03
       228 -5.687864E-05 -2.257313E-04  5.242002E-03
       229 -1.749868E-03 -1.655681E-04  5.120758E-03
       230 -1.284096E-03  7.410343E-05  3.970567E-03
       231  3.643967E-04  2.447807E-04  5.091749E-03
       232  1.974099E-03  1.952376E-04  5.025985E-03
       233  1.992556E-03  2.858516E-04 -1.197920E-03
       234  2.127417E-03  2.845145E-04  8.974411E-04
       235  3.418207E-03  3.411380E-05  2.753372E-03
       236  2.189766E-03 -1.883128E-04  1.291457E-03
       237  2.204496E-03 -2.171055E-04 -8.809614E-04
       238  3.285293E-03 -1.188264E-05 -2.890120E-03
       239 -2.174885E-03 -1.829105E-04 -1.560210E-03
       240 -2.227392E-03 -2.029594E-04  4.706729E-04
       241 -3.294550E-03 -8.846913E-07  2.564512E-03
       242 -2.035512E-03  2.645694E-04  1.273470E-03
       243 -2.207580E-03  2.544199E-04 -6.463559E-04
       244 -3.416206E-03  2.247583E-05 -2.542151E-03
       245  2.341201E-03  1.272259E-04 -5.452370E-03
       246  2.162742E-03  5.530547E-04 -7.987157E-03
       247 -1.398102E-05  5.571266E-04 -8.154972E-03
       248 -2.084836E-03 -8.072182E-05 -5.440812E-03
       249 -1.562427E-03 -3.932174E-04 -7.335513E-03
       250  4.857362E-04 -3.793596E-04 -7.422474E-03
       251  2.001269E-03 -8.304636E-05  5.445542E-03
       252  1.345443E-03 -4.053183E-04  7.396285E-03
       253 -6.179783E-04 -3.707189E-04  7.380503E-03
       254 -2.159710E-03  1.515677E-04  5.552967E-03
       255 -2.062456E-03  5.783246E-04  8.093648E-03
       256 -7.429767E-05  5.658418E-04  8.185589E-03
       257  2.708839E-03  3.098083E-04 -1.707132E-03
       258  1.507270E-03  6.518040E-04  1.768129E-03
       259  2.550641E-03  4.483582E-04  4.700187E-03
       260  2.371110E-03 -3.632129E-04  1.783564E-03
       261  1.186334E-03 -7.083373E-04 -1.373247E-03
       262  2.548935E-03 -4.411217E-04 -4.255313E-03
       263 -2.433673E-03 -3.463392E-04 -2.009972E-03
       264 -1.237141E-03 -6.948925E-04  1.078512E-03
       265 -2.506229E-03 -4.490588E-04  4.073334E-03
       266 -2.770313E-03  2.889051E-04  1.834494E-03
       267 -1.576809E-03  6.320619E-04 -1.816730E-03
       268 -2.459248E-03  4.632603E-04 -4.926241E-03

 forces (fx,fy,fz) for set RIGHT and time  0.1000000E+01

        21  1.771825E+03 -7.298554E+01 -2.371500E+03
        22  1.146433E+03  4.500851E+02  2.688242E+03
        23 -1.790592E+03  7.279806E+02 -4.225543E+02
        24 -1.148398E+03 -4.178403E+02  1.105890E+02

 internal energy (element, energy) for set ALL and time  0.1000000E+01

         1  2.605176E-03
         2  1.271290E-03
         3  5.620472E-04
         4  4.748940E-04
         5  5.401217E-04
         6  5.484205E-04
         7  6.957235E-04
         8  4.703496E-03
         9  3.606165E-03
        10  1.208860E-03
        11  8.334843E-04
        12  6.481873E-04
        13  5.168737E-04
        14  7.433138E-04
        15  1.716951E-03
        16  3.659855E-03
        17  1.454704E-03
        18  1.218666E-03
        19  1.081344E-03
        20  9.728123E-04
        21  8.587736E-04
        22  9.814886E-04
        23  2.059696E-03
        24  4.539617E-03
        25  1.725443E-03
        26  1.138906E-03
        27  1.076108E-03
        28  8.692652E-04
        29  6.863171E-04
        30  8.826540E-04
        31  1.991901E-03
        32  2.450832E-03
        33  2.301943E-02
        34  3.015304E-02
        35  1.006817E-02
        36  7.469066E-03
        37  1.898170E-02
        38  1.933051E-02
        39  8.091228E-03
        40  9.020159E-03
        41  9.322317E-03
        42  1.225636E-02
        43  6.393970E-03
        44  5.857478E-03
        45  6.128808E-03
        46  7.199617E-03
        47  9.784257E-03
        48  8.622244E-03
        49  8.788554E-03
        50  6.629785E-03
        51  6.068211E-03
        52  7.435163E-03
        53  5.864735E-03
        54  1.030265E-02
        55  8.144762E-03
        56  9.128421E-03
        57  1.900605E-02
        58  7.389748E-03
        59  4.273606E-02
        60  3.187422E-02
        61  1.028755E-02
        62  1.361985E-02
        63  3.102553E-02
        64  3.794245E-02
        65  8.614508E-03
        66  6.700614E-03
        67  2.736279E-02
        68  4.462385E-02
        69  1.854820E-02
        70  7.904721E-03
        71  3.096508E-02
        72  2.700754E-02
        73  1.350564E-03
        74  1.042470E-04
        75  2.902991E-04
        76  3.652265E-03
        77  8.481191E-04
        78  6.571076E-05
        79  7.486314E-05
        80  9.610455E-04
        81  1.104427E-03
        82  8.637335E-05
        83  5.350259E-05
        84  7.109979E-04
        85  3.041220E-03
        86  2.466356E-04
        87  6.118133E-05
        88  8.220505E-04
        89  3.757243E-03
        90  6.019051E-04
        91  9.729346E-05
        92  1.041588E-03
        93  1.484090E-03
        94  1.552591E-04
        95  3.067837E-04
        96  1.149807E-03
        97  2.665992E-03
        98  4.620514E-04
        99  2.149256E-04
       100  1.402645E-03
       101  1.525104E-03
       102  2.131102E-04
       103  2.954279E-04
       104  1.639262E-03
       105  1.056144E-03
       106  1.086725E-04
       107  1.256542E-04
       108  6.774508E-04
       109  9.751009E-04
       110  8.278519E-05
       111  2.748825E-04
       112  1.623164E-03
       113  1.220086E-03
       114  2.064051E-04
       115  1.125154E-04
       116  6.250181E-04
       117  6.083647E-04
       118  1.116241E-04
       119  2.523620E-04
       120  1.211521E-03
       121  2.390700E-03
       122  2.749527E-04
       123  1.377119E-04
       124  1.078784E-03
       125  1.073907E-03
       126  1.029994E-04
       127  3.111215E-04
       128  1.754882E-03
       129  2.159138E-03
       130  3.558545E-04
       131  1.956163E-04
       132  9.812342E-04
       133  7.708488E-04
       134  1.681700E-04
       135  3.663242E-04
       136  1.578627E-03
       137  3.158116E-03
       138  3.586028E-04
       139  5.017627E-04
       140  4.340931E-03
       141  4.911107E-03
       142  9.971885E-04
       143  3.512244E-04
       144  3.938191E-03
       145  1.730280E-03
       146  5.384987E-04
       147  9.467629E-04
       148  3.055947E-03
       149  1.872510E-03
       150  5.573867E-04
       151  1.085022E-03
       152  3.425774E-03
       153  7.122259E-02
       154  1.595975E-02
       155  1.347729E-02
       156  7.053893E-02
       157  8.957597E-02
       158  1.332984E-02
       159  1.270098E-02
       160  6.778235E-02
       161  4.412513E-02
       162  1.654206E-02
       163  2.017096E-02
       164  7.314525E-02
       165  7.071057E-02
       166  2.026163E-02
       167  1.762526E-02
       168  4.294030E-02
       169  2.137693E-01
       170  1.673803E-01
       171  1.732789E-01
       172  1.787331E-01
       173  2.484757E-01
       174  1.586722E-01
       175  1.803688E-01
       176  2.141059E-01
       177  2.445980E-01
       178  1.517076E-01
       179  1.648017E-01
       180  2.209895E-01
       181  2.262473E-01
       182  1.518665E-01
       183  1.578879E-01
       184  1.873914E-01
       185  2.779430E-01
       186  1.961359E-01
       187  1.712628E-01
       188  2.298881E-01
       189  2.288546E-01
       190  1.663480E-01
       191  1.392625E-01
       192  1.997891E-01
       193  2.242593E-01
       194  1.972950E-01
       195  1.734103E-01
       196  2.118679E-01
       197  2.341313E-01
       198  1.980741E-01
       199  1.709943E-01
       200  2.170258E-01
       201  1.958843E-01
       202  1.473589E-01
       203  1.645649E-01
       204  1.868584E-01
       205  2.276247E-01
       206  1.456127E-01
       207  1.524281E-01
       208  1.584111E-01
       209  2.176770E-01
       210  1.458469E-01
       211  1.569756E-01
       212  1.896716E-01
       213  2.060420E-01
       214  1.361871E-01
       215  1.483559E-01
       216  1.703160E-01
       217  2.589276E-01
       218  1.923673E-01
       219  1.489860E-01
       220  1.949454E-01
       221  2.236874E-01
       222  1.626806E-01
       223  1.629119E-01
       224  2.192991E-01
       225  2.163267E-01
       226  1.836785E-01
       227  1.598262E-01
       228  1.959935E-01
       229  1.848663E-01
       230  1.642390E-01
       231  1.605786E-01
       232  1.993321E-01
       233  2.028228E-01
       234  1.535489E-01
       235  1.653338E-01
       236  1.783580E-01
       237  1.955093E-01
       238  1.392904E-01
       239  1.654949E-01
       240  1.368801E-01
       241  2.066540E-01
       242  1.393764E-01
       243  1.526202E-01
       244  1.881755E-01
       245  2.119567E-01
       246  1.419323E-01
       247  1.556654E-01
       248  1.770467E-01
       249  2.018765E-01
       250  1.450612E-01
       251  1.443959E-01
       252  1.949204E-01
       253  2.000936E-01
       254  1.461610E-01
       255  1.514571E-01
       256  2.045643E-01
       257  1.987481E-01
       258  1.653687E-01
       259  1.594184E-01
       260  2.021528E-01
       261  1.727750E-01
       262  1.554178E-01
       263  1.508539E-01
       264  1.884599E-01
       265  2.014468E-01
       266  1.536441E-01
       267  1.677592E-01
       268  1.810427E-01
       269  1.975238E-01
       270  1.419583E-01
       271  1.685821E-01
       272  1.449825E-01
       273  2.088213E-01
       274  1.412423E-01
       275  1.561370E-01
       276  1.968540E-01
       277  2.110482E-01
       278  1.417060E-01
       279  1.601407E-01
       280  1.800273E-01
       281  1.959201E-01
       282  1.500921E-01
       283  1.602455E-01
       284  2.177977E-01
       285  1.837773E-01
       286  1.357688E-01
       287  1.425270E-01
       288  1.922678E-01
       289  1.817437E-01
       290  1.517975E-01
       291  1.470907E-01
       292  1.869602E-01
       293  1.749833E-01
       294  1.633043E-01
       295  1.669500E-01
       296  2.122063E-01
       297  2.990324E-01
       298  2.216092E-01
       299  2.877317E-01
       300  1.424016E-01
       301  2.638382E-01
       302  1.902017E-01
       303  2.807636E-01
       304  1.477538E-01
       305  2.805043E-01
       306  1.847454E-01
       307  2.658093E-01
       308  1.849482E-01
       309  3.194623E-01
       310  2.334651E-01
       311  2.916617E-01
       312  1.562673E-01
       313  2.080992E-01
       314  1.574942E-01
       315  1.412749E-01
       316  1.628263E-01
       317  2.977240E-01
       318  2.052732E-01
       319  1.980543E-01
       320  2.246331E-01
       321  2.747682E-01
       322  2.111002E-01
       323  2.190350E-01
       324  2.102067E-01
       325  1.858896E-01
       326  1.782610E-01
       327  1.659693E-01
       328  1.536245E-01

 total internal energy for set ALL and time  0.1000000E+01

        3.142177E+01
