
                        S T E P       1


                                INCREMENT     1


 displacements (vx,vy,vz) for set NALL and time  0.1000000E+01

         1  0.000000E+00  5.790264E-25 -3.308722E-25
         2  0.000000E+00  0.000000E+00  3.308722E-25
         3  0.000000E+00  0.000000E+00  1.654361E-22
         4 -6.617445E-25 -1.406207E-24  3.249165E-22
         5  6.898005E-04 -9.275904E-06 -8.461723E-04
         6  6.903878E-04  5.064531E-06  8.029432E-04
         7 -6.896000E-04  4.167702E-06 -8.464712E-04
         8 -6.908276E-04  6.213349E-07  8.035407E-04
         9  1.326741E-03 -1.143343E-05 -1.725770E-03
        10  1.327229E-03  1.290293E-05  1.654275E-03
        11 -1.420717E-03  1.247647E-05 -1.726301E-03
        12 -1.420995E-03 -3.530054E-07  1.654236E-03
        13  2.512407E-03 -9.406985E-06 -3.105008E-03
        14  2.512307E-03  8.023325E-06  3.103445E-03
        15 -2.519991E-03  8.359571E-06 -3.105938E-03
        16 -2.520283E-03 -3.691019E-07  3.104343E-03
        17  3.607918E-03  6.668302E-06 -4.513667E-03
        18  3.607580E-03 -1.184143E-05  4.513648E-03
        19 -3.565514E-03  8.219091E-07 -4.510886E-03
        20 -3.565538E-03  6.464858E-07  4.512603E-03
        21  5.000000E-03 -4.235165E-23 -6.000000E-03
        22  5.000000E-03  0.000000E+00  6.000000E-03
        23 -5.000000E-03  1.694066E-21 -6.000000E-03
        24 -5.000000E-03  1.524659E-21  6.000000E-03
        25  3.224630E-04 -2.075421E-05 -4.391091E-04
        26  3.178427E-04 -1.227373E-05  3.648853E-04
        27 -2.707024E-04 -7.569526E-06 -4.233481E-04
        28 -3.223940E-04 -1.075768E-05  3.724775E-04
        29  1.190596E-03 -2.250643E-05 -1.138053E-03
        30  9.235542E-04 -5.449640E-07  1.076699E-03
        31 -9.148082E-04 -7.247957E-06 -1.143105E-03
        32 -1.046245E-03 -1.265104E-05  1.078740E-03
        33  3.222131E-03 -2.142413E-05 -3.379067E-03
        34  3.547243E-03 -2.499145E-05 -3.572784E-03
        35  3.700268E-03 -1.868954E-05 -4.002682E-03
        36  2.551614E-03 -1.424853E-05  3.596377E-03
        37  2.502922E-03 -2.231273E-05  4.039924E-03
        38  2.929820E-03 -1.884491E-05  4.202121E-03
        39 -2.570672E-03 -1.168424E-05 -3.545788E-03
        40 -2.751686E-03 -1.858512E-05 -3.914482E-03
        41 -3.156445E-03 -1.668668E-05 -4.087148E-03
        42 -3.250132E-03 -1.521225E-05  3.481762E-03
        43 -3.853181E-03 -2.154030E-05  3.814078E-03
        44 -3.931074E-03 -1.672914E-05  4.091546E-03
        45 -1.600137E-06 -2.645935E-09 -1.108906E-06
        46 -1.768275E-06  1.433595E-10 -1.224188E-06
        47  9.795247E-08 -2.964207E-08  1.144384E-07
        48 -2.114968E-08 -3.193477E-08 -1.352686E-08
        49  6.897053E-04 -5.048702E-06  8.741812E-05
        50 -6.914047E-04  1.077964E-05 -3.133506E-05
        51 -7.963359E-05 -6.825209E-06 -8.456757E-04
        52  1.945850E-05  1.299899E-06  8.036882E-04
        53  1.326984E-03 -1.607747E-06 -1.016119E-03
        54  1.327199E-03  6.620460E-06 -6.463930E-05
        55  1.327050E-03  1.194845E-05  9.008808E-04
        56 -1.421985E-03  3.083859E-05 -9.879057E-04
        57 -1.421460E-03  5.585466E-06 -6.492581E-06
        58 -1.422115E-03 -2.029071E-05  9.609712E-04
        59  7.427643E-04  1.244240E-05 -1.726979E-03
        60 -3.470423E-05 -1.995204E-06 -1.726777E-03
        61 -8.192613E-04 -1.554035E-05 -1.727020E-03
        62  7.056304E-04 -2.062371E-05  1.653012E-03
        63 -8.532391E-05  2.329930E-06  1.653369E-03
        64 -8.564116E-04  2.879946E-05  1.652782E-03
        65  2.514398E-03 -6.626725E-06  1.264053E-05
        66 -2.520005E-03  5.930248E-06  2.407292E-05
        67 -6.849165E-06  2.073565E-06 -3.104589E-03
        68 -2.192107E-05  4.947876E-06  3.104111E-03
        69  3.611227E-03 -8.923366E-06 -6.967108E-05
        70 -3.566671E-03 -1.791206E-05  1.258044E-04
        71  1.276264E-04 -3.042422E-05 -4.509228E-03
        72 -4.384016E-05 -3.691953E-06  4.513047E-03
        73  5.005875E-03  7.590320E-06  1.395280E-04
        74 -4.998663E-03  1.602038E-05 -1.524461E-04
        75 -1.525379E-04  3.701783E-05 -5.997559E-03
        76  8.789744E-05 -3.873884E-06  5.998444E-03
        77 -1.309732E-04 -1.966875E-05 -4.279890E-04
        78  5.069701E-05  1.530113E-06 -4.456508E-04
        79 -1.157001E-04  1.830196E-05  3.716917E-04
        80  2.186460E-04 -9.620458E-06  3.684916E-04
        81  3.236163E-04  8.960013E-06  2.715907E-04
        82  3.113905E-04 -9.164710E-06 -2.951697E-04
        83 -3.094714E-04  1.756955E-05  2.572908E-04
        84 -2.753252E-04 -3.989503E-06 -2.985065E-04
        85 -5.368345E-05 -5.002957E-05 -1.128289E-03
        86  2.348528E-05  4.289448E-05 -1.163418E-03
        87 -5.581042E-05  4.462478E-05  1.078342E-03
        88  1.181878E-04 -3.658559E-05  1.075468E-03
        89  1.045499E-03 -1.214004E-05  3.353677E-04
        90  1.056295E-03  8.231045E-06 -2.865792E-04
        91 -9.822918E-04  2.670660E-06  2.185700E-04
        92 -9.574295E-04  1.190224E-05 -2.662273E-04
        93  1.033899E-03  9.231031E-05 -2.681988E-03
        94  7.102279E-04  2.533059E-04 -3.793636E-03
        95 -5.094124E-04  1.438511E-04 -3.492503E-03
        96 -1.308177E-03 -6.770200E-05 -2.578303E-03
        97 -1.051367E-03 -1.909298E-04 -3.494105E-03
        98  2.656860E-04 -9.622941E-05 -3.299055E-03
        99  8.669102E-04 -1.150631E-04  2.764289E-03
       100  2.002160E-04 -3.058786E-04  4.044935E-03
       101 -9.039947E-04 -1.780351E-04  3.658261E-03
       102 -1.261998E-03  1.248988E-04  2.771339E-03
       103 -7.332885E-04  2.948267E-04  3.945169E-03
       104  5.655872E-04  1.615333E-04  3.553675E-03
       105  5.301949E-04  2.629086E-04 -1.221515E-03
       106  2.099792E-05  4.381926E-04 -1.287658E-04
       107  1.259821E-03  2.078297E-04  1.523607E-03
       108  5.703552E-04 -2.504486E-04  1.222136E-03
       109  3.477828E-05 -4.337284E-04  2.165800E-04
       110  1.231176E-03 -2.137049E-04 -1.431943E-03
       111 -9.011688E-04 -1.827571E-04 -1.420107E-03
       112 -5.430750E-04 -3.216848E-04 -3.711245E-04
       113 -1.588310E-03 -1.354698E-04  1.408419E-03
       114 -9.843430E-04  1.706747E-04  1.470900E-03
       115 -6.312674E-04  3.092620E-04  4.776869E-04
       116 -1.593032E-03  1.414014E-04 -1.347568E-03
       117  2.081425E-03  1.084787E-04 -4.175790E-03
       118  9.518573E-04  2.499539E-04 -5.199397E-03
       119 -1.138873E-03  1.036925E-04 -4.749161E-03
       120 -1.813772E-03 -9.352774E-05 -4.113786E-03
       121 -7.500999E-04 -2.286375E-04 -5.106225E-03
       122  1.148864E-03 -1.058106E-04 -4.794243E-03
       123  1.857945E-03 -1.151083E-04  4.199565E-03
       124  3.608607E-04 -2.709088E-04  5.298164E-03
       125 -1.582916E-03 -1.274436E-04  4.853992E-03
       126 -1.762532E-03  1.186431E-04  4.199024E-03
       127 -5.583208E-04  2.880108E-04  5.386159E-03
       128  1.285459E-03  1.402732E-04  4.947852E-03
       129  2.295114E-03  1.029047E-04 -1.594647E-03
       130  1.924937E-03  2.459740E-04  5.830418E-05
       131  2.824373E-03  9.309754E-05  2.158470E-03
       132  2.268027E-03 -1.114312E-04  1.543115E-03
       133  1.890362E-03 -2.572339E-04 -2.216993E-04
       134  2.790331E-03 -1.042789E-04 -2.333469E-03
       135 -2.097485E-03 -1.600499E-04 -1.774181E-03
       136 -1.893126E-03 -2.594162E-04 -1.214744E-04
       137 -2.940891E-03 -7.370590E-05  2.110848E-03
       138 -2.141027E-03  1.560867E-04  1.787596E-03
       139 -2.072344E-03  2.221415E-04  3.527143E-04
       140 -3.112492E-03  3.919644E-05 -1.798071E-03
       141  2.543928E-03  1.585336E-04 -5.775269E-03
       142  1.612986E-03  4.159295E-04 -7.416558E-03
       143 -1.001515E-03  2.814811E-04 -7.014628E-03
       144 -1.968953E-03 -1.637799E-04 -5.857353E-03
       145 -7.397766E-04 -3.935540E-04 -7.332532E-03
       146  1.444780E-03 -2.435742E-04 -6.841431E-03
       147  2.257113E-03 -1.837862E-04  5.885314E-03
       148  8.283781E-04 -4.546871E-04  7.591077E-03
       149 -1.524814E-03 -2.972428E-04  7.050752E-03
       150 -2.210119E-03  1.611434E-04  5.830869E-03
       151 -1.131103E-03  3.904684E-04  7.314242E-03
       152  1.281247E-03  2.361045E-04  6.829123E-03
       153  2.909317E-03  2.542717E-04 -2.232576E-03
       154  2.090021E-03  5.130439E-04  5.286013E-04
       155  3.376773E-03  2.713326E-04  3.491960E-03
       156  2.870132E-03 -2.695216E-04  2.232683E-03
       157  2.146092E-03 -5.036649E-04 -3.106406E-04
       158  3.470962E-03 -2.531823E-04 -3.202066E-03
       159 -2.570170E-03 -3.296215E-04 -2.450556E-03
       160 -1.820675E-03 -5.691147E-04  1.727808E-04
       161 -3.280352E-03 -2.897388E-04  3.237606E-03
       162 -2.756850E-03  2.790903E-04  2.518657E-03
       163 -1.980782E-03  5.285564E-04 -4.405392E-04
       164 -3.253878E-03  2.901878E-04 -3.683597E-03

 forces (fx,fy,fz) for set RIGHT and time  0.1000000E+01

        21  1.976119E+03 -5.788022E+02 -2.168567E+03
        22  2.139571E+03  5.990611E+02  1.125228E+03
        23 -2.575942E+03  1.042178E+03 -1.571013E+03
        24 -1.516552E+03 -1.197954E+03  2.575799E+03

 internal energy (element, energy) for set ALL and time  0.1000000E+01

         1  1.292646E-02
         2  1.732838E-02
         3  1.382084E-02
         4  1.924204E-02
         5  1.545178E-02
         6  2.289232E-02
         7  9.144629E-03
         8  7.811508E-03
         9  1.512431E-03
        10  2.901082E-03
        11  1.465611E-02
        12  4.121830E-03
        13  1.882883E-02
        14  7.411208E-03
        15  3.769106E-03
        16  5.347945E-03
        17  2.646801E-02
        18  1.596434E-02
        19  1.868166E-02
        20  1.376392E-02
        21  3.874127E-03
        22  3.958055E-03
        23  3.507169E-03
        24  1.492835E-02
        25  4.730514E-03
        26  4.516064E-03
        27  4.676624E-03
        28  2.550663E-02
        29  3.088955E-03
        30  2.733934E-03
        31  2.317392E-03
        32  4.438932E-03
        33  3.495681E-03
        34  1.854366E-03
        35  1.708153E-03
        36  1.936731E-03
        37  4.452205E-02
        38  5.962723E-02
        39  2.014329E-01
        40  1.269328E-01
        41  2.692360E-03
        42  3.373645E-03
        43  3.684363E-03
        44  3.683717E-03
        45  1.859296E-03
        46  2.512397E-03
        47  2.472475E-03
        48  2.561161E-03
        49  1.073042E-03
        50  6.142948E-03
        51  9.580076E-03
        52  5.293106E-03
        53  1.675530E-03
        54  5.163732E-03
        55  1.011680E-02
        56  5.638913E-03
        57  3.605370E-02
        58  5.692910E-03
        59  3.998756E-03
        60  3.097670E-02
        61  3.588175E-02
        62  4.473882E-03
        63  6.416298E-03
        64  4.178917E-02
        65  3.802032E-02
        66  5.655159E-03
        67  4.490250E-03
        68  3.629042E-02
        69  2.293943E-02
        70  2.423372E-03
        71  5.126832E-03
        72  3.043966E-02
        73  1.610741E-02
        74  1.668780E-02
        75  4.224397E-03
        76  4.416407E-03
        77  8.321265E-03
        78  1.060468E-02
        79  8.275733E-03
        80  6.898407E-03
        81  1.647949E-02
        82  2.007338E-02
        83  1.209052E-02
        84  4.180064E-03
        85  3.118710E-02
        86  4.298745E-02
        87  4.366610E-02
        88  2.462908E-02
        89  4.122575E-02
        90  8.042373E-02
        91  4.689895E-02
        92  2.457693E-02
        93  2.158634E-02
        94  4.393010E-02
        95  3.725364E-02
        96  1.071325E-02
        97  4.246898E-01
        98  2.798670E-01
        99  3.288948E-01
       100  3.437643E-01
       101  3.222543E-01
       102  3.201668E-01
       103  2.637772E-01
       104  3.612512E-01
       105  4.586160E-01
       106  2.762663E-01
       107  4.257680E-01
       108  3.146859E-01
       109  2.684467E-01
       110  4.809522E-01
       111  2.607088E-01
       112  4.463844E-01
       113  3.949350E-01
       114  2.822830E-01
       115  4.409298E-01
       116  2.890763E-01
       117  3.739144E-01
       118  3.730729E-01
       119  3.527019E-01
       120  3.462511E-01
       121  4.107381E-01
       122  3.580335E-01
       123  4.672040E-01
       124  3.051685E-01
       125  3.247657E-01
       126  4.369610E-01
       127  3.505923E-01
       128  4.595997E-01
       129  2.826118E-01
       130  2.453545E-01
       131  2.701399E-01
       132  3.071525E-01
       133  3.315072E-01
       134  2.651692E-01
       135  3.372026E-01
       136  2.940082E-01
       137  3.027340E-01
       138  2.191312E-01
       139  2.565888E-01
       140  3.517831E-01
       141  3.368602E-01
       142  2.376300E-01
       143  2.796480E-01
       144  3.728023E-01
       145  3.646239E-01
       146  2.539092E-01
       147  2.327644E-01
       148  2.982035E-01
       149  3.770245E-01
       150  2.540274E-01
       151  2.385950E-01
       152  3.023688E-01
       153  3.531983E-01
       154  2.853563E-01
       155  2.575701E-01
       156  2.969255E-01
       157  3.322085E-01
       158  3.016907E-01
       159  2.676069E-01
       160  3.019237E-01
       161  3.168273E-01
       162  2.810000E-01
       163  3.230660E-01
       164  4.024042E-01
       165  3.671191E-01
       166  2.769688E-01
       167  3.624655E-01
       168  3.352773E-01
       169  3.242483E-01
       170  2.507641E-01
       171  2.805164E-01
       172  3.943555E-01
       173  3.687338E-01
       174  2.661392E-01
       175  3.409866E-01
       176  4.257131E-01
       177  4.304140E-01
       178  2.889461E-01
       179  2.609192E-01
       180  3.429463E-01
       181  4.234546E-01
       182  2.889809E-01
       183  2.553024E-01
       184  3.398021E-01
       185  3.620356E-01
       186  2.802846E-01
       187  2.619306E-01
       188  3.191401E-01
       189  3.503924E-01
       190  3.025501E-01
       191  2.900887E-01
       192  3.387023E-01
       193  3.084721E-01
       194  2.438662E-01
       195  3.080909E-01
       196  2.757910E-01
       197  2.750146E-01
       198  2.150082E-01
       199  3.074523E-01
       200  3.171751E-01
       201  2.998631E-01
       202  2.112713E-01
       203  2.788865E-01
       204  3.671330E-01
       205  3.048061E-01
       206  2.071936E-01
       207  3.228879E-01
       208  2.738154E-01
       209  4.120843E-01
       210  2.978668E-01
       211  2.648510E-01
       212  3.663936E-01
       213  3.978927E-01
       214  2.830940E-01
       215  2.516801E-01
       216  3.470886E-01
       217  3.633151E-01
       218  2.785146E-01
       219  2.689123E-01
       220  3.274380E-01
       221  3.778055E-01
       222  3.254452E-01
       223  2.788267E-01
       224  3.533686E-01

 total internal energy for set ALL and time  0.1000000E+01

        4.284228E+01
