
                        S T E P       1


                                INCREMENT     1


 displacements (vx,vy,vz) for set NALL and time  0.1000000E+01

         1  0.000000E+00  8.271806E-26  0.000000E+00
         2  0.000000E+00 -1.323489E-24 -6.617445E-25
         3  0.000000E+00 -3.308722E-25 -3.308722E-25
         4 -3.308722E-25  3.308722E-25  6.088049E-23
         5  1.469670E-03  5.183942E-06 -1.737043E-03
         6  1.469630E-03  8.014039E-06  1.739989E-03
         7 -1.430266E-03  1.236669E-05 -1.738317E-03
         8 -1.430393E-03  1.455551E-06  1.741171E-03
         9  1.603599E-03  7.637780E-06 -1.921949E-03
        10  1.603611E-03  1.158934E-05  1.933270E-03
        11 -1.593591E-03  6.587401E-06 -1.922235E-03
        12 -1.593859E-03  1.117655E-05  1.933156E-03
        13  1.775563E-03  5.163750E-06 -2.157547E-03
        14  1.775554E-03  1.752616E-05  2.184135E-03
        15 -1.836428E-03  1.687288E-05 -2.157646E-03
        16 -1.836588E-03  7.228987E-06  2.184256E-03
        17  3.126898E-03 -1.398741E-05 -3.915568E-03
        18  3.125335E-03  5.246293E-05  3.932515E-03
        19 -3.170159E-03  5.552771E-05 -3.910081E-03
        20 -3.171214E-03 -7.139754E-06  3.930251E-03
        21  5.000000E-03  0.000000E+00 -6.000000E-03
        22  5.000000E-03  0.000000E+00  6.000000E-03
        23 -5.000000E-03  0.000000E+00 -6.000000E-03
        24 -5.000000E-03  2.371692E-21  6.000000E-03
        25  7.846937E-04 -2.797340E-05 -8.578675E-04
        26  6.637298E-04 -2.103047E-05  8.545321E-04
        27 -6.502706E-04 -2.105959E-05 -8.616339E-04
        28 -7.835130E-04 -2.101455E-05  8.673069E-04
        29  1.966418E-03  2.420600E-06 -2.057295E-03
        30  1.441931E-03  1.144679E-05  2.083431E-03
        31 -1.489691E-03  7.580033E-06 -2.056186E-03
        32 -2.006139E-03  5.620094E-06  2.083255E-03
        33  2.886306E-03 -3.542577E-05 -3.154967E-03
        34  2.233629E-03  1.027498E-05  2.873443E-03
        35 -2.145489E-03  1.010311E-05 -2.750036E-03
        36 -2.965028E-03 -2.317516E-05  3.060017E-03
        37  3.206523E-03 -1.711935E-05 -4.133433E-03
        38  3.298487E-03 -2.986401E-05 -4.990661E-03
        39  4.009630E-03 -8.087956E-06 -5.852190E-03
        40  2.382491E-03  2.518015E-05  4.626967E-03
        41  1.889186E-03  6.059348E-06  5.851317E-03
        42  2.783024E-03  2.197649E-05  6.611085E-03
        43 -2.574500E-03  2.423902E-05 -4.697629E-03
        44 -1.995402E-03  6.195823E-06 -5.842243E-03
        45 -2.730602E-03  2.201053E-05 -6.579039E-03
        46 -3.241992E-03 -1.471981E-05  4.262337E-03
        47 -3.320017E-03 -2.731086E-05  5.067908E-03
        48 -3.987015E-03 -8.257867E-06  5.837147E-03
        49  6.479150E-07 -5.424992E-07  2.039213E-07
        50  4.855587E-07  1.393628E-06 -4.301478E-07
        51  7.513874E-07  1.944996E-06 -5.838182E-07
        52 -2.656791E-07 -5.606986E-07  1.653764E-07
        53 -1.792729E-07 -2.013192E-07  5.607594E-08
        54 -2.509774E-07  3.571318E-07 -1.278154E-07
        55 -3.630399E-07  9.842951E-07  4.545186E-07
        56 -4.943192E-07  1.240317E-06  2.590275E-07
        57 -9.768066E-08  2.658104E-07  2.987599E-07
        58 -6.307867E-07  1.458990E-06 -5.815426E-07
        59 -8.579290E-07  2.068684E-06 -3.089819E-07
        60 -2.657211E-07  6.176879E-07 -3.178764E-07
        61  1.603735E-03  1.062356E-05  9.918460E-06
        62 -1.593684E-03  5.890702E-06  4.585196E-06
        63  2.170867E-06  8.809851E-06 -1.921824E-03
        64  6.852551E-06  1.196228E-05  1.933445E-03
        65  3.127617E-03 -5.728916E-06 -1.979298E-03
        66  3.127594E-03 -6.432806E-06 -4.574896E-06
        67  3.127606E-03  4.367749E-06  1.977454E-03
        68 -3.170384E-03  4.761272E-05 -1.952070E-03
        69 -3.170084E-03  3.754765E-05  2.107343E-05
        70 -3.170614E-03  1.997411E-05  1.989268E-03
        71  1.550344E-03 -4.636850E-05 -3.913953E-03
        72 -5.009758E-06 -5.861676E-05 -3.913854E-03
        73 -1.568585E-03 -3.062142E-05 -3.913273E-03
        74  1.538780E-03 -1.309709E-06  3.930030E-03
        75 -2.447755E-05 -1.478795E-05  3.929978E-03
        76 -1.587084E-03 -9.665319E-06  3.929817E-03
        77  4.994810E-03 -1.475228E-04 -3.007027E-03
        78  4.997065E-03  1.755403E-05 -4.566861E-05
        79  4.994134E-03  1.799551E-04  2.936974E-03
        80 -5.008977E-03  2.059335E-04 -3.101749E-03
        81 -5.004711E-03  3.441605E-05 -4.954744E-05
        82 -5.007414E-03 -1.412739E-04  3.023618E-03
        83  2.465091E-03 -2.718101E-06 -5.997546E-03
        84 -9.954792E-05  7.757415E-05 -5.997772E-03
        85 -2.618747E-03  1.300214E-04 -5.994951E-03
        86  2.417286E-03  1.291956E-04  6.002967E-03
        87 -9.102174E-05  8.192971E-05  6.000844E-03
        88 -2.558146E-03  4.748376E-06  6.000419E-03
        89  2.020957E-05  6.649806E-05 -5.033170E-04
        90  3.778644E-04  3.313390E-04 -2.210493E-03
        91  9.859680E-04  6.858646E-04 -4.311142E-03
        92  1.173655E-03  8.659412E-04 -5.301454E-03
        93  7.089148E-04  7.303949E-04 -4.696222E-03
        94 -1.992549E-04  3.540436E-04 -3.077949E-03
        95 -9.508486E-04  7.067105E-05 -1.943765E-03
        96  1.758460E-04 -8.482240E-05 -6.305577E-04
        97  7.184822E-04 -3.738097E-04 -2.495957E-03
        98  1.359270E-03 -7.250657E-04 -4.583249E-03
        99  1.623133E-03 -8.804388E-04 -5.449048E-03
       100  1.389688E-03 -7.109985E-04 -4.687150E-03
       101  9.702814E-04 -3.128556E-04 -2.976452E-03
       102  1.007580E-03 -3.820699E-05 -1.886142E-03
       103 -1.828560E-04 -7.878548E-05  5.867759E-04
       104 -8.003398E-04 -3.619593E-04  2.406697E-03
       105 -1.544035E-03 -7.210206E-04  4.533888E-03
       106 -1.873678E-03 -8.953736E-04  5.493994E-03
       107 -1.636711E-03 -7.469410E-04  4.827116E-03
       108 -1.138326E-03 -3.554342E-04  3.142391E-03
       109 -1.054321E-03 -6.157680E-05  1.963406E-03
       110  2.417288E-05  7.326769E-05  5.516005E-04
       111 -2.687329E-04  3.438132E-04  2.300071E-03
       112 -7.708334E-04  6.905834E-04  4.359307E-03
       113 -8.761326E-04  8.573672E-04  5.283316E-03
       114 -4.061643E-04  7.124956E-04  4.636889E-03
       115  4.255518E-04  3.377758E-04  3.028252E-03
       116  1.062418E-03  6.223928E-05  1.930862E-03
       117 -3.012174E-04  9.397879E-05  6.282152E-05
       118 -1.736834E-03  5.064032E-04  3.498752E-04
       119 -3.701223E-03  1.039349E-03  8.519418E-04
       120 -4.374167E-03  1.214305E-03  1.250519E-03
       121 -3.091786E-03  9.258126E-04  1.385084E-03
       122 -5.805332E-04  3.989214E-04  1.338791E-03
       123  1.138173E-03  6.386225E-05  1.434838E-03
       124 -2.614345E-04 -8.193998E-05  6.193024E-06
       125 -1.576739E-03 -4.616392E-04  2.805116E-04
       126 -3.424495E-03 -9.637476E-04  7.045771E-04
       127 -4.085865E-03 -1.136424E-03  7.357722E-04
       128 -2.903168E-03 -8.714237E-04  1.886154E-04
       129 -5.287240E-04 -3.742048E-04 -7.185474E-04
       130  1.129864E-03 -5.145519E-05 -1.390944E-03
       131  2.524301E-04 -7.883065E-05 -4.656599E-05
       132  1.593198E-03 -4.646289E-04 -2.159313E-04
       133  3.487190E-03 -9.785363E-04 -4.102624E-04
       134  4.143132E-03 -1.149136E-03 -3.464127E-04
       135  2.907510E-03 -8.712584E-04  8.474689E-05
       136  4.845979E-04 -3.631124E-04  7.655472E-04
       137 -1.144940E-03 -4.528347E-05  1.345960E-03
       138  2.659947E-04  8.323349E-05  8.904895E-06
       139  1.624776E-03  4.754116E-04 -3.617480E-04
       140  3.539783E-03  9.959006E-04 -1.105132E-03
       141  4.223005E-03  1.174367E-03 -1.616045E-03
       142  2.996502E-03  8.995820E-04 -1.643575E-03
       143  5.476332E-04  3.870104E-04 -1.370129E-03
       144 -1.120778E-03  6.215947E-05 -1.376861E-03
       145  2.723810E-04 -8.529561E-06 -1.807483E-03
       146 -2.443516E-04  2.050036E-05 -1.806512E-03
       147  2.745278E-04  1.574557E-05  1.802258E-03
       148 -2.010846E-04 -6.702937E-08  1.803615E-03
       149  1.526354E-03  2.036869E-05  2.268476E-04
       150  1.525393E-03 -2.939145E-06 -2.124312E-04
       151 -1.463228E-03  1.134616E-05  2.095616E-04
       152 -1.465437E-03  7.650444E-06 -2.247936E-04
       153  1.495022E-03  5.300842E-05 -2.549672E-03
       154  1.563233E-03  2.867867E-04 -4.061754E-03
       155  1.805859E-03  6.213298E-04 -6.049154E-03
       156  1.560112E-03  7.897115E-04 -6.979324E-03
       157  5.924714E-04  6.506825E-04 -6.358812E-03
       158 -8.593318E-04  2.871563E-04 -4.798100E-03
       159 -2.153903E-03  4.733565E-05 -3.846360E-03
       160 -1.452854E-03 -2.376376E-05 -2.516246E-03
       161 -6.913114E-04 -2.565366E-04 -4.021421E-03
       162  3.583426E-04 -6.037021E-04 -6.086468E-03
       163  1.138249E-03 -7.961120E-04 -7.145666E-03
       164  1.487004E-03 -6.866279E-04 -6.669536E-03
       165  1.648124E-03 -3.428087E-04 -5.197247E-03
       166  2.194203E-03 -7.983765E-05 -4.155273E-03
       167  1.354693E-03 -3.349362E-05  2.593709E-03
       168  5.131396E-04 -2.776147E-04  4.169932E-03
       169 -6.209063E-04 -6.305270E-04  6.261852E-03
       170 -1.449801E-03 -8.236395E-04  7.320629E-03
       171 -1.779942E-03 -7.079076E-04  6.810082E-03
       172 -1.858558E-03 -3.487150E-04  5.267482E-03
       173 -2.304369E-03 -6.909467E-05  4.148679E-03
       174 -1.500610E-03  5.430129E-05  2.577921E-03
       175 -1.422081E-03  2.863397E-04  4.081094E-03
       176 -1.471787E-03  6.159253E-04  6.043349E-03
       177 -1.081626E-03  7.828189E-04  6.968456E-03
       178 -8.930431E-05  6.511658E-04  6.385974E-03
       179  1.248071E-03  3.012115E-04  4.886987E-03
       180  2.326558E-03  6.202174E-05  3.941423E-03
       181  1.590325E-03  6.703783E-05 -1.496821E-03
       182  1.658008E-04  4.770082E-04 -6.228494E-04
       183 -2.021950E-03  1.070828E-03  4.498576E-04
       184 -2.850326E-03  1.285529E-03  1.366587E-03
       185 -1.532620E-03  9.898458E-04  1.972569E-03
       186  1.145935E-03  4.283883E-04  2.389589E-03
       187  2.919474E-03  8.325429E-05  3.020981E-03
       188  1.599761E-03 -4.145847E-05  1.510200E-03
       189  2.968807E-04 -4.174701E-04  1.106625E-03
       190 -1.703323E-03 -9.612471E-04  9.118231E-04
       191 -2.494131E-03 -1.166807E-03  3.567869E-04
       192 -1.333032E-03 -9.074013E-04 -7.483716E-04
       193  1.113547E-03 -3.954907E-04 -2.162999E-03
       194  2.817558E-03 -6.423087E-05 -3.242496E-03
       195 -1.677438E-03 -3.634749E-05 -1.543207E-03
       196 -3.834875E-04 -4.090546E-04 -1.061975E-03
       197  1.632940E-03 -9.563381E-04 -6.630337E-04
       198  2.406341E-03 -1.156723E-03 -4.930676E-05
       199  1.201478E-03 -8.864060E-04  9.007954E-04
       200 -1.269564E-03 -3.685330E-04  2.072256E-03
       201 -2.924430E-03 -4.606083E-05  3.105677E-03
       202 -1.682440E-03  5.983213E-05  1.583560E-03
       203 -3.468121E-04  4.459041E-04  6.284106E-04
       204  1.761553E-03  1.019060E-03 -6.590045E-04
       205  2.617011E-03  1.241277E-03 -1.641778E-03
       206  1.425931E-03  9.754178E-04 -2.093976E-03
       207 -1.113855E-03  4.443068E-04 -2.264888E-03
       208 -2.859343E-03  1.048372E-04 -2.849180E-03
       209  2.568755E-03  2.501683E-05 -4.250456E-03
       210  2.575335E-03  3.009639E-04 -6.027784E-03
       211  3.002008E-03  7.434548E-04 -8.640338E-03
       212  2.936740E-03  1.042209E-03 -1.025588E-02
       213  1.914791E-03  1.002006E-03 -1.010839E-02
       214 -4.843400E-05  6.416582E-04 -8.561178E-03
       215 -2.501069E-03  2.400372E-04 -6.943050E-03
       216 -2.533271E-03 -2.792642E-05 -4.543547E-03
       217 -1.698293E-03 -2.949627E-04 -6.260660E-03
       218 -7.560007E-04 -6.658351E-04 -8.460443E-03
       219 -5.344806E-05 -8.766137E-04 -9.614085E-03
       220  4.334248E-04 -7.782646E-04 -9.189193E-03
       221  1.123263E-03 -4.266220E-04 -7.680997E-03
       222  2.713554E-03 -1.149106E-04 -6.434015E-03
       223  2.322361E-03 -2.611258E-05  4.521808E-03
       224  1.315707E-03 -2.972394E-04  6.265224E-03
       225  2.387290E-04 -6.774395E-04  8.514229E-03
       226 -5.173169E-04 -8.960258E-04  9.705959E-03
       227 -9.449555E-04 -7.970723E-04  9.274785E-03
       228 -1.476025E-03 -4.336048E-04  7.712903E-03
       229 -2.865374E-03 -1.116479E-04  6.417015E-03
       230 -2.532152E-03  4.969485E-05  4.384203E-03
       231 -2.441590E-03  3.311926E-04  6.197610E-03
       232 -2.805262E-03  7.580672E-04  8.722248E-03
       233 -2.746581E-03  1.036004E-03  1.023039E-02
       234 -1.810481E-03  9.846932E-04  1.003183E-02
       235  3.964709E-05  6.288446E-04  8.505855E-03
       236  2.458103E-03  2.350646E-04  6.922355E-03
       237  2.881246E-03  6.473194E-05 -2.624252E-03
       238  1.319694E-03  5.125396E-04 -1.030307E-03
       239 -1.147691E-03  1.180471E-03  8.682561E-04
       240 -2.383514E-03  1.496186E-03  2.614309E-03
       241 -1.445309E-03  1.287155E-03  3.925254E-03
       242  1.179903E-03  7.363776E-04  4.780175E-03
       243  3.657022E-03  2.498342E-04  5.405348E-03
       244  2.738274E-03 -6.806446E-05  2.925077E-03
       245  1.025797E-03 -5.600441E-04  2.142185E-03
       246 -1.547670E-03 -1.257712E-03  1.500090E-03
       247 -2.801488E-03 -1.579326E-03  4.287860E-04
       248 -1.766399E-03 -1.349337E-03 -1.245239E-03
       249  1.047886E-03 -7.597840E-04 -3.253619E-03
       250  3.676999E-03 -2.441208E-04 -4.887254E-03
       251 -2.947299E-03 -1.686812E-05 -3.042029E-03
       252 -1.267398E-03 -4.994626E-04 -2.195216E-03
       253  1.455331E-03 -1.236584E-03 -1.280259E-03
       254  2.824887E-03 -1.586621E-03 -4.665207E-05
       255  1.791412E-03 -1.356539E-03  1.563194E-03
       256 -1.088217E-03 -7.526280E-04  3.357722E-03
       257 -3.715828E-03 -2.368466E-04  4.862400E-03
       258 -2.943541E-03  6.560350E-05  2.785617E-03
       259 -1.522088E-03  4.749507E-04  1.104297E-03
       260  7.775838E-04  1.098160E-03 -1.145964E-03
       261  1.984123E-03  1.406990E-03 -3.171071E-03
       262  1.183628E-03  1.229986E-03 -4.528423E-03
       263 -1.232259E-03  7.242304E-04 -5.209879E-03
       264 -3.596827E-03  2.597385E-04 -5.592207E-03

 forces (fx,fy,fz) for set RIGHT and time  0.1000000E+01

        21  1.072853E+03  8.548543E+02 -2.287050E+03
        22  3.757095E+02 -9.151408E+01  2.331132E+03
        23 -1.343785E+03  1.544678E+02  7.527604E+02
        24 -9.049002E+01  6.230748E+02 -8.174344E+02

 internal energy (element, energy) for set ALL and time  0.1000000E+01

         1  3.627333E-02
         2  3.592620E-02
         3  3.724866E-02
         4  3.042918E-02
         5  3.737879E-02
         6  3.817630E-02
         7  3.349802E-02
         8  3.110503E-02
         9  3.150888E-03
        10  3.960511E-03
        11  8.493796E-03
        12  6.672026E-03
        13  1.664700E-04
        14  1.364614E-04
        15  1.039884E-03
        16  6.953783E-04
        17  1.853999E-03
        18  2.260469E-03
        19  1.020663E-04
        20  1.834134E-04
        21  1.819557E-02
        22  9.552648E-03
        23  1.665501E-02
        24  1.435533E-02
        25  1.103202E-02
        26  1.642199E-02
        27  9.846426E-03
        28  1.355640E-02
        29  1.371173E-02
        30  6.343817E-03
        31  2.665109E-02
        32  2.419954E-02
        33  8.591438E-03
        34  9.887124E-03
        35  2.406110E-02
        36  2.142390E-02
        37  7.230564E-03
        38  3.634048E-03
        39  2.049449E-02
        40  2.850591E-02
        41  1.343066E-02
        42  7.735242E-03
        43  1.717293E-02
        44  2.115017E-02
        45  1.358240E-03
        46  1.046529E-04
        47  1.855044E-04
        48  2.358716E-03
        49  2.757366E-04
        50  2.151363E-05
        51  1.724369E-05
        52  2.228541E-04
        53  1.112245E-03
        54  9.083110E-05
        55  1.780974E-05
        56  2.382255E-04
        57  1.952005E-03
        58  1.631530E-04
        59  1.662895E-05
        60  1.987771E-04
        61  1.599869E-02
        62  3.476964E-03
        63  5.054638E-03
        64  2.126359E-03
        65  1.057621E-03
        66  8.991912E-04
        67  1.372803E-03
        68  1.525671E-03
        69  1.219722E-03
        70  1.150941E-03
        71  1.793888E-03
        72  1.842196E-03
        73  3.526738E-02
        74  2.428452E-02
        75  1.475626E-02
        76  1.105455E-02
        77  1.003836E-03
        78  1.959738E-04
        79  1.631927E-04
        80  1.160437E-03
        81  1.221701E-03
        82  3.257204E-04
        83  4.665917E-04
        84  1.827240E-03
        85  8.979337E-04
        86  5.411770E-04
        87  1.235664E-03
        88  2.992146E-03
        89  2.877515E-03
        90  7.976615E-04
        91  3.009537E-04
        92  1.702501E-03
        93  5.175359E-02
        94  9.834121E-03
        95  9.566404E-03
        96  6.017705E-02
        97  7.264592E-02
        98  9.593145E-03
        99  8.273340E-03
       100  4.781258E-02
       101  2.111222E-02
       102  1.212964E-02
       103  1.615548E-02
       104  4.855719E-02
       105  4.408795E-02
       106  1.456050E-02
       107  1.165852E-02
       108  1.834378E-02
       109  1.016769E-01
       110  9.266711E-02
       111  3.257063E-02
       112  9.184994E-02
       113  9.106751E-02
       114  2.804965E-02
       115  9.169004E-02
       116  4.886653E-02
       117  1.419091E-01
       118  8.865735E-02
       119  4.098681E-02
       120  1.083270E-01
       121  9.893045E-02
       122  2.708056E-02
       123  1.196581E-01
       124  4.280088E-02
       125  1.151575E-01
       126  8.504108E-02
       127  3.211001E-02
       128  9.226929E-02
       129  8.924117E-02
       130  2.489780E-02
       131  9.329677E-02
       132  5.897334E-02
       133  1.223268E-01
       134  8.887263E-02
       135  3.372134E-02
       136  9.695494E-02
       137  9.248277E-02
       138  2.497655E-02
       139  9.924687E-02
       140  5.622839E-02
       141  5.328550E-02
       142  7.782197E-02
       143  2.124642E-02
       144  7.968700E-02
       145  7.442103E-02
       146  1.746156E-02
       147  1.035668E-01
       148  5.986835E-02
       149  4.882720E-02
       150  8.229656E-02
       151  2.064049E-02
       152  8.105724E-02
       153  7.778266E-02
       154  1.969644E-02
       155  1.029868E-01
       156  6.506839E-02
       157  3.997578E-02
       158  7.623911E-02
       159  2.270165E-02
       160  7.841534E-02
       161  7.393601E-02
       162  2.034327E-02
       163  1.016454E-01
       164  4.977801E-02
       165  4.748648E-02
       166  9.085998E-02
       167  2.773065E-02
       168  9.243773E-02
       169  8.816526E-02
       170  2.557158E-02
       171  1.164834E-01
       172  5.994339E-02
       173  3.914420E-02
       174  1.668194E-02
       175  2.127613E-02
       176  1.244413E-02
       177  1.912948E-02
       178  3.600935E-02
       179  9.208147E-03
       180  1.934950E-02
       181  6.474579E-02
       182  2.501049E-02
       183  4.849451E-02
       184  2.084865E-02
       185  1.827276E-02
       186  5.036095E-02
       187  1.698783E-02
       188  3.756476E-02
       189  4.545376E-02
       190  6.466561E-02
       191  6.244390E-02
       192  6.392121E-02
       193  7.983167E-02
       194  8.415235E-02
       195  8.841677E-02
       196  1.096354E-01
       197  8.501062E-02
       198  9.617521E-02
       199  3.222973E-02
       200  8.966872E-02
       201  8.821710E-02
       202  2.775993E-02
       203  1.086088E-01
       204  5.310792E-02
       205  9.395011E-02
       206  1.123910E-01
       207  3.277939E-02
       208  9.340634E-02
       209  9.770641E-02
       210  3.064819E-02
       211  9.566606E-02
       212  3.327073E-02
       213  9.471558E-02
       214  9.636328E-02
       215  2.557290E-02
       216  8.339152E-02
       217  8.699070E-02
       218  2.530966E-02
       219  8.344817E-02
       220  5.380506E-02
       221  9.990282E-02
       222  9.628145E-02
       223  3.046733E-02
       224  8.975180E-02
       225  8.842970E-02
       226  2.473052E-02
       227  1.054192E-01
       228  5.564574E-02
       229  4.628392E-02
       230  1.063774E-01
       231  2.394282E-02
       232  9.536958E-02
       233  9.210282E-02
       234  2.243004E-02
       235  1.328120E-01
       236  7.380684E-02
       237  4.766806E-02
       238  1.012014E-01
       239  2.256990E-02
       240  8.970706E-02
       241  8.927569E-02
       242  2.337576E-02
       243  1.162190E-01
       244  7.161434E-02
       245  3.363640E-02
       246  9.262536E-02
       247  2.255184E-02
       248  8.372102E-02
       249  8.157315E-02
       250  2.217587E-02
       251  1.112924E-01
       252  5.500477E-02
       253  4.227953E-02
       254  1.178320E-01
       255  2.846625E-02
       256  1.033452E-01
       257  1.036544E-01
       258  3.116598E-02
       259  1.321345E-01
       260  6.778834E-02
       261  1.104427E-01
       262  1.543305E-01
       263  2.736826E-02
       264  9.626053E-02
       265  1.215604E-01
       266  4.857761E-02
       267  6.458321E-02
       268  4.235314E-02
       269  8.326378E-02
       270  1.032143E-01
       271  3.345095E-02
       272  9.642829E-02
       273  1.055050E-01
       274  4.188767E-02
       275  9.216633E-02
       276  4.955469E-02
       277  9.330324E-02
       278  9.809075E-02
       279  2.576765E-02
       280  8.637076E-02
       281  9.593936E-02
       282  3.688560E-02
       283  8.366970E-02
       284  6.379492E-02
       285  1.209499E-01
       286  1.438226E-01
       287  2.862883E-02
       288  9.942788E-02
       289  1.219594E-01
       290  4.703002E-02
       291  6.842347E-02
       292  4.543852E-02
       293  4.881329E-02
       294  1.177450E-01
       295  2.084787E-02
       296  8.796976E-02
       297  1.013040E-01
       298  3.569274E-02
       299  6.417547E-02
       300  6.852625E-02
       301  6.480104E-02
       302  1.364087E-01
       303  2.590714E-02
       304  1.123759E-01
       305  1.280932E-01
       306  4.541163E-02
       307  8.446676E-02
       308  9.625902E-02
       309  5.102116E-02
       310  1.505872E-01
       311  2.806802E-02
       312  1.114623E-01
       313  1.266744E-01
       314  4.454194E-02
       315  8.642507E-02
       316  8.085234E-02
       317  3.643201E-02
       318  1.211967E-01
       319  2.250922E-02
       320  8.736166E-02
       321  1.034305E-01
       322  4.086286E-02
       323  5.815554E-02
       324  5.556577E-02

 total internal energy for set ALL and time  0.1000000E+01

        1.635106E+01
