
                        S T E P       1


                                INCREMENT     1


 displacements (vx,vy,vz) for set TIP_TOP and time  0.1000000E+01

      1751  1.012425E-01 -2.025514E-03 -3.606914E+00
      1752  1.012438E-01 -1.972093E-03 -3.604332E+00
      1755  1.010843E-01 -1.860800E-03 -3.601821E+00
      1758  1.009610E-01 -1.475720E-03 -3.599497E+00
      1760  1.008949E-01 -7.022696E-04 -3.597946E+00
      1762  1.008804E-01  2.856778E-11 -3.597667E+00
      1764  1.008949E-01  7.022696E-04 -3.597946E+00
      1767  1.009610E-01  1.475720E-03 -3.599497E+00
      1770  1.010843E-01  1.860800E-03 -3.601821E+00
      1773  1.012438E-01  1.972093E-03 -3.604332E+00
      1776  1.012425E-01  2.025514E-03 -3.606914E+00

 forces (fx,fy,fz) for set CLAMP and time  0.1000000E+01

         1  5.779910E+03  5.935793E+03  2.471107E+03
         4  1.046800E+04  1.488703E-08  4.934362E+03
         5  7.680686E+03  9.176245E+03 -7.691128E+00
         8  1.354637E+04  2.685465E-08  2.723631E+00
         9  5.286972E+03  6.194761E+03 -2.103640E+02
        12  9.243152E+03  2.207842E-08 -4.034980E+02
        13  3.175420E+03  3.666302E+03 -4.075098E+02
        16  5.530310E+03  1.707801E-08 -7.957264E+02
        17  1.108985E+03  1.237107E+03 -4.770522E+02
        20  1.912908E+03  1.206442E-08 -9.396051E+02
        21 -6.622243E+02 -2.882466E+02 -1.537832E+03
        24 -6.751735E+02  5.493084E-09 -6.495397E+02
        26  5.779910E+03 -5.935793E+03  2.471107E+03
        28  7.680686E+03 -9.176245E+03 -7.691128E+00
        30  5.286972E+03 -6.194761E+03 -2.103640E+02
        32  3.175420E+03 -3.666302E+03 -4.075098E+02
        34  1.108985E+03 -1.237107E+03 -4.770522E+02
        36 -6.622243E+02  2.882466E+02 -1.537832E+03
        37 -6.317365E+02 -5.167896E+02 -1.315956E+03
        40 -3.218107E+02 -3.893801E+02 -2.125141E+03
        41 -2.870314E+03 -1.322571E+03 -8.262033E+02
        44 -4.438586E+03 -8.464064E+02 -1.634723E+03
        45 -2.555865E+03 -8.087843E+02  2.000362E+03
        48 -4.746026E+03 -4.576739E+02  3.738052E+03
        50 -1.959920E+02 -3.396544E+02 -2.024788E+03
        52 -4.391250E+03 -6.813437E+02 -1.688837E+03
        54 -4.859773E+03 -3.421838E+02  3.720149E+03
        56 -4.108301E+02 -2.501333E+02 -2.212459E+03
        58 -4.647983E+03 -4.704235E+02 -1.687791E+03
        60 -4.941476E+03 -2.227338E+02  3.853106E+03
        62 -3.059365E+03 -1.710810E+02 -9.925576E+02
        64 -3.116212E+03 -7.612648E+01  2.490412E+03
        66 -1.194389E+03  3.804598E-09 -3.683812E+02
        68 -1.196237E+03  2.537399E-09  9.710987E+02
        70 -3.059365E+03  1.710810E+02 -9.925576E+02
        72 -3.116212E+03  7.612648E+01  2.490412E+03
        74 -4.108301E+02  2.501333E+02 -2.212459E+03
        76 -4.647983E+03  4.704235E+02 -1.687791E+03
        78 -4.941476E+03  2.227338E+02  3.853106E+03
        80 -1.959920E+02  3.396544E+02 -2.024788E+03
        82 -4.391250E+03  6.813437E+02 -1.688837E+03
        84 -4.859773E+03  3.421838E+02  3.720149E+03
        86 -3.218107E+02  3.893801E+02 -2.125141E+03
        88 -4.438586E+03  8.464064E+02 -1.634723E+03
        90 -4.746026E+03  4.576739E+02  3.738052E+03
        92 -6.317365E+02  5.167896E+02 -1.315956E+03
        94 -2.870314E+03  1.322571E+03 -8.262033E+02
        96 -2.555865E+03  8.087843E+02  2.000362E+03

 internal energy (element, energy) for set EALL and time  0.1000000E+01

         1  1.020762E+02
         2  4.926998E+01
         3  2.123487E+01
         4  5.819863E+00
         5  7.687567E-01
         6  1.020762E+02
         7  4.926998E+01
         8  2.123487E+01
         9  5.819863E+00
        10  7.687567E-01
        11  4.297755E+00
        12  9.784585E+00
        13  3.448795E+00
        14  8.783766E+00
        15  3.505303E+00
        16  9.072691E+00
        17  3.962055E+00
        18  9.780770E+00
        19  1.025420E+00
        20  2.441305E+00
        21  1.025420E+00
        22  2.441305E+00
        23  3.962055E+00
        24  9.780770E+00
        25  3.505303E+00
        26  9.072691E+00
        27  3.448795E+00
        28  8.783766E+00
        29  4.297755E+00
        30  9.784585E+00
        31  1.098319E+02
        32  6.507015E+01
        33  2.901928E+01
        34  8.329039E+00
        35  1.542847E+00
        36  1.098319E+02
        37  6.507015E+01
        38  2.901928E+01
        39  8.329039E+00
        40  1.542847E+00
        41  4.294943E+00
        42  9.854315E+00
        43  4.681331E+00
        44  1.050623E+01
        45  4.809671E+00
        46  1.090902E+01
        47  5.382009E+00
        48  1.190936E+01
        49  1.382281E+00
        50  3.009589E+00
        51  1.382281E+00
        52  3.009589E+00
        53  5.382009E+00
        54  1.190936E+01
        55  4.809671E+00
        56  1.090902E+01
        57  4.681331E+00
        58  1.050623E+01
        59  4.294943E+00
        60  9.854315E+00
        61  1.195917E+02
        62  7.078982E+01
        63  3.350129E+01
        64  1.019548E+01
        65  2.302764E+00
        66  1.195917E+02
        67  7.078982E+01
        68  3.350129E+01
        69  1.019548E+01
        70  2.302764E+00
        71  5.014762E+00
        72  1.025233E+01
        73  5.717355E+00
        74  1.134138E+01
        75  6.139469E+00
        76  1.209486E+01
        77  6.502253E+00
        78  1.277032E+01
        79  1.605905E+00
        80  3.173706E+00
        81  1.605905E+00
        82  3.173706E+00
        83  6.502253E+00
        84  1.277032E+01
        85  6.139469E+00
        86  1.209486E+01
        87  5.717355E+00
        88  1.134138E+01
        89  5.014762E+00
        90  1.025233E+01
        91  1.070355E+02
        92  6.121881E+01
        93  2.856362E+01
        94  8.632715E+00
        95  1.803336E+00
        96  1.070355E+02
        97  6.121881E+01
        98  2.856362E+01
        99  8.632715E+00
       100  1.803336E+00
       101  4.560274E+00
       102  9.982891E+00
       103  5.009848E+00
       104  1.072301E+01
       105  5.355284E+00
       106  1.129220E+01
       107  5.612253E+00
       108  1.159299E+01
       109  1.398430E+00
       110  2.870398E+00
       111  1.398430E+00
       112  2.870398E+00
       113  5.612253E+00
       114  1.159299E+01
       115  5.355284E+00
       116  1.129220E+01
       117  5.009848E+00
       118  1.072301E+01
       119  4.560274E+00
       120  9.982891E+00
       121  1.024297E+02
       122  5.837184E+01
       123  2.694766E+01
       124  8.056814E+00
       125  1.717274E+00
       126  1.024297E+02
       127  5.837184E+01
       128  2.694766E+01
       129  8.056814E+00
       130  1.717274E+00
       131  4.620776E+00
       132  1.002931E+01
       133  4.871451E+00
       134  1.037965E+01
       135  5.104602E+00
       136  1.067420E+01
       137  5.304106E+00
       138  1.079102E+01
       139  1.339819E+00
       140  2.702608E+00
       141  1.339819E+00
       142  2.702608E+00
       143  5.304106E+00
       144  1.079102E+01
       145  5.104602E+00
       146  1.067420E+01
       147  4.871451E+00
       148  1.037965E+01
       149  4.620776E+00
       150  1.002931E+01
       151  9.772514E+01
       152  5.559615E+01
       153  2.557623E+01
       154  7.598215E+00
       155  1.638928E+00
       156  9.772514E+01
       157  5.559615E+01
       158  2.557623E+01
       159  7.598215E+00
       160  1.638928E+00
       161  4.624452E+00
       162  9.851663E+00
       163  4.741330E+00
       164  9.955875E+00
       165  4.879271E+00
       166  1.007696E+01
       167  5.028721E+00
       168  1.014460E+01
       169  1.287016E+00
       170  2.588386E+00
       171  1.287016E+00
       172  2.588386E+00
       173  5.028721E+00
       174  1.014460E+01
       175  4.879271E+00
       176  1.007696E+01
       177  4.741330E+00
       178  9.955875E+00
       179  4.624452E+00
       180  9.851663E+00
       181  9.293129E+01
       182  5.280556E+01
       183  2.424227E+01
       184  7.185123E+00
       185  1.587465E+00
       186  9.293129E+01
       187  5.280556E+01
       188  2.424227E+01
       189  7.185123E+00
       190  1.587465E+00
       191  4.553491E+00
       192  9.518732E+00
       193  4.600129E+00
       194  9.517139E+00
       195  4.673591E+00
       196  9.559858E+00
       197  4.787893E+00
       198  9.597168E+00
       199  1.244782E+00
       200  2.492134E+00
       201  1.244782E+00
       202  2.492134E+00
       203  4.787893E+00
       204  9.597168E+00
       205  4.673591E+00
       206  9.559858E+00
       207  4.600129E+00
       208  9.517139E+00
       209  4.553491E+00
       210  9.518732E+00
       211  8.816085E+01
       212  5.004693E+01
       213  2.294053E+01
       214  6.790809E+00
       215  1.548448E+00
       216  8.816085E+01
       217  5.004693E+01
       218  2.294053E+01
       219  6.790809E+00
       220  1.548448E+00
       221  4.432364E+00
       222  9.102551E+00
       223  4.448013E+00
       224  9.072621E+00
       225  4.485422E+00
       226  9.083635E+00
       227  4.575782E+00
       228  9.100465E+00
       229  1.208654E+00
       230  2.405095E+00
       231  1.208654E+00
       232  2.405095E+00
       233  4.575782E+00
       234  9.100465E+00
       235  4.485422E+00
       236  9.083635E+00
       237  4.448013E+00
       238  9.072621E+00
       239  4.432364E+00
       240  9.102551E+00
       241  8.344758E+01
       242  4.732006E+01
       243  2.165471E+01
       244  6.400379E+00
       245  1.512325E+00
       246  8.344758E+01
       247  4.732006E+01
       248  2.165471E+01
       249  6.400379E+00
       250  1.512325E+00
       251  4.279497E+00
       252  8.656863E+00
       253  4.284187E+00
       254  8.627463E+00
       255  4.303798E+00
       256  8.629464E+00
       257  4.379762E+00
       258  8.635696E+00
       259  1.176666E+00
       260  2.324146E+00
       261  1.176666E+00
       262  2.324146E+00
       263  4.379762E+00
       264  8.635696E+00
       265  4.303798E+00
       266  8.629464E+00
       267  4.284187E+00
       268  8.627463E+00
       269  4.279497E+00
       270  8.656863E+00
       271  7.879668E+01
       272  4.462577E+01
       273  2.038162E+01
       274  6.012068E+00
       275  1.476346E+00
       276  7.879668E+01
       277  4.462577E+01
       278  2.038162E+01
       279  6.012068E+00
       280  1.476346E+00
       281  4.109067E+00
       282  8.207232E+00
       283  4.111075E+00
       284  8.185506E+00
       285  4.122860E+00
       286  8.187832E+00
       287  4.191051E+00
       288  8.189786E+00
       289  1.146638E+00
       290  2.246315E+00
       291  1.146638E+00
       292  2.246315E+00
       293  4.191051E+00
       294  8.189786E+00
       295  4.122860E+00
       296  8.187832E+00
       297  4.111075E+00
       298  8.185506E+00
       299  4.109067E+00
       300  8.207232E+00
       301  7.420790E+01
       302  4.196685E+01
       303  1.912465E+01
       304  5.628315E+00
       305  1.439698E+00
       306  7.420790E+01
       307  4.196685E+01
       308  1.912465E+01
       309  5.628315E+00
       310  1.439698E+00
       311  3.929350E+00
       312  7.763964E+00
       313  3.931328E+00
       314  7.749383E+00
       315  3.940024E+00
       316  7.754338E+00
       317  4.004426E+00
       318  7.754873E+00
       319  1.116975E+00
       320  2.169328E+00
       321  1.116975E+00
       322  2.169328E+00
       323  4.004426E+00
       324  7.754873E+00
       325  3.940024E+00
       326  7.754338E+00
       327  3.931328E+00
       328  7.749383E+00
       329  3.929350E+00
       330  7.763964E+00
       331  6.968359E+01
       332  3.934742E+01
       333  1.788802E+01
       334  5.251881E+00
       335  1.402465E+00
       336  6.968359E+01
       337  3.934742E+01
       338  1.788802E+01
       339  5.251881E+00
       340  1.402465E+00
       341  3.744703E+00
       342  7.329380E+00
       343  3.747122E+00
       344  7.319436E+00
       345  3.754707E+00
       346  7.326550E+00
       347  3.817450E+00
       348  7.326539E+00
       349  1.086659E+00
       350  2.091675E+00
       351  1.086659E+00
       352  2.091675E+00
       353  3.817450E+00
       354  7.326539E+00
       355  3.754707E+00
       356  7.326550E+00
       357  3.747122E+00
       358  7.319436E+00
       359  3.744703E+00
       360  7.329380E+00
       361  6.522874E+01
       362  3.677199E+01
       363  1.667537E+01
       364  4.884880E+00
       365  1.364914E+00
       366  6.522874E+01
       367  3.677199E+01
       368  1.667537E+01
       369  4.884880E+00
       370  1.364914E+00
       371  3.557217E+00
       372  6.902609E+00
       373  3.559940E+00
       374  6.895020E+00
       375  3.567143E+00
       376  6.903210E+00
       377  3.629263E+00
       378  6.902745E+00
       379  1.055123E+00
       380  2.012512E+00
       381  1.055123E+00
       382  2.012512E+00
       383  3.629263E+00
       384  6.902745E+00
       385  3.567143E+00
       386  6.903210E+00
       387  3.559940E+00
       388  6.895020E+00
       389  3.557217E+00
       390  6.902609E+00
       391  6.084949E+01
       392  3.424498E+01
       393  1.548965E+01
       394  4.528768E+00
       395  1.327289E+00
       396  6.084949E+01
       397  3.424498E+01
       398  1.548965E+01
       399  4.528768E+00
       400  1.327289E+00
       401  3.367894E+00
       402  6.482053E+00
       403  3.370740E+00
       404  6.475370E+00
       405  3.377806E+00
       406  6.483802E+00
       407  3.439771E+00
       408  6.482826E+00
       409  1.022083E+00
       410  1.931418E+00
       411  1.022083E+00
       412  1.931418E+00
       413  3.439771E+00
       414  6.482826E+00
       415  3.377806E+00
       416  6.483802E+00
       417  3.370740E+00
       418  6.475370E+00
       419  3.367894E+00
       420  6.482053E+00
       421  5.655219E+01
       422  3.177058E+01
       423  1.433326E+01
       424  4.184562E+00
       425  1.289742E+00
       426  5.655219E+01
       427  3.177058E+01
       428  1.433326E+01
       429  4.184562E+00
       430  1.289742E+00
       431  3.177283E+00
       432  6.066519E+00
       433  3.180157E+00
       434  6.060050E+00
       435  3.187172E+00
       436  6.068313E+00
       437  3.249182E+00
       438  6.066839E+00
       439  9.873999E-01
       440  1.848206E+00
       441  9.873999E-01
       442  1.848206E+00
       443  3.249182E+00
       444  6.066839E+00
       445  3.187172E+00
       446  6.068313E+00
       447  3.180157E+00
       448  6.060050E+00
       449  3.177283E+00
       450  6.066519E+00
       451  5.234313E+01
       452  2.935272E+01
       453  1.320828E+01
       454  3.853018E+00
       455  1.252336E+00
       456  5.234313E+01
       457  2.935272E+01
       458  1.320828E+01
       459  3.853018E+00
       460  1.252336E+00
       461  2.985783E+00
       462  5.655516E+00
       463  2.988664E+00
       464  5.649059E+00
       465  2.995671E+00
       466  5.657065E+00
       467  3.057801E+00
       468  5.655195E+00
       469  9.509987E-01
       470  1.762799E+00
       471  9.509987E-01
       472  1.762799E+00
       473  3.057801E+00
       474  5.655195E+00
       475  2.995671E+00
       476  5.657065E+00
       477  2.988664E+00
       478  5.649059E+00
       479  2.985783E+00
       480  5.655516E+00
       481  4.822859E+01
       482  2.699521E+01
       483  1.211662E+01
       484  3.534747E+00
       485  1.215059E+00
       486  4.822859E+01
       487  2.699521E+01
       488  1.211662E+01
       489  3.534747E+00
       490  1.215059E+00
       491  2.793767E+00
       492  5.249182E+00
       493  2.796664E+00
       494  5.242773E+00
       495  2.803691E+00
       496  5.250597E+00
       497  2.865963E+00
       498  5.248471E+00
       499  9.128306E-01
       500  1.675173E+00
       501  9.128306E-01
       502  1.675173E+00
       503  2.865963E+00
       504  5.248471E+00
       505  2.803691E+00
       506  5.250597E+00
       507  2.796664E+00
       508  5.242773E+00
       509  2.793767E+00
       510  5.249182E+00
       511  4.421503E+01
       512  2.470188E+01
       513  1.106011E+01
       514  3.230273E+00
       515  1.177846E+00
       516  4.421503E+01
       517  2.470188E+01
       518  1.106011E+01
       519  3.230273E+00
       520  1.177846E+00
       521  2.601620E+00
       522  4.848083E+00
       523  2.604550E+00
       524  4.841836E+00
       525  2.611618E+00
       526  4.849601E+00
       527  2.674023E+00
       528  4.847352E+00
       529  8.728590E-01
       530  1.585334E+00
       531  8.728590E-01
       532  1.585334E+00
       533  2.674023E+00
       534  4.847352E+00
       535  2.611618E+00
       536  4.849601E+00
       537  2.604550E+00
       538  4.841836E+00
       539  2.601620E+00
       540  4.848083E+00
       541  4.030921E+01
       542  2.247667E+01
       543  1.004057E+01
       544  2.940073E+00
       545  1.140598E+00
       546  4.030921E+01
       547  2.247667E+01
       548  1.004057E+01
       549  2.940073E+00
       550  1.140598E+00
       551  2.409764E+00
       552  4.453036E+00
       553  2.412740E+00
       554  4.447066E+00
       555  2.419861E+00
       556  4.454877E+00
       557  2.482376E+00
       558  4.452608E+00
       559  8.310585E-01
       560  1.493317E+00
       561  8.310585E-01
       562  1.493317E+00
       563  2.482376E+00
       564  4.452608E+00
       565  2.419861E+00
       566  4.454877E+00
       567  2.412740E+00
       568  4.447066E+00
       569  2.409764E+00
       570  4.453036E+00
       571  3.651833E+01
       572  2.032369E+01
       573  9.059872E+00
       574  2.664589E+00
       575  1.103194E+00
       576  3.651833E+01
       577  2.032369E+01
       578  9.059872E+00
       579  2.664589E+00
       580  1.103194E+00
       581  2.218662E+00
       582  4.064998E+00
       583  2.221693E+00
       584  4.059387E+00
       585  2.228877E+00
       586  4.067315E+00
       587  2.291465E+00
       588  4.065096E+00
       589  7.874184E-01
       590  1.399188E+00
       591  7.874184E-01
       592  1.399188E+00
       593  2.291465E+00
       594  4.065096E+00
       595  2.228877E+00
       596  4.067315E+00
       597  2.221693E+00
       598  4.059387E+00
       599  2.218662E+00
       600  4.064998E+00
       601  3.285011E+01
       602  1.824729E+01
       603  8.119928E+00
       604  2.404243E+00
       605  1.065501E+00
       606  3.285011E+01
       607  1.824729E+01
       608  8.119928E+00
       609  2.404243E+00
       610  1.065501E+00
       611  2.028835E+00
       612  3.685005E+00
       613  2.031927E+00
       614  3.679808E+00
       615  2.039182E+00
       616  3.687888E+00
       617  2.101800E+00
       618  3.685760E+00
       619  7.419470E-01
       620  1.303054E+00
       621  7.419470E-01
       622  1.303054E+00
       623  2.101800E+00
       624  3.685760E+00
       625  2.039182E+00
       626  3.687888E+00
       627  2.031927E+00
       628  3.679808E+00
       629  2.028835E+00
       630  3.685005E+00
       631  2.931282E+01
       632  1.625208E+01
       633  7.222718E+00
       634  2.159437E+00
       635  1.027387E+00
       636  2.931282E+01
       637  1.625208E+01
       638  7.222718E+00
       639  2.159437E+00
       640  1.027387E+00
       641  1.840872E+00
       642  3.314164E+00
       643  1.844029E+00
       644  3.309410E+00
       645  1.851362E+00
       646  3.317652E+00
       647  1.913963E+00
       648  3.315641E+00
       649  6.946770E-01
       650  1.205067E+00
       651  6.946770E-01
       652  1.205067E+00
       653  1.913963E+00
       654  3.315641E+00
       655  1.851362E+00
       656  3.317652E+00
       657  1.844029E+00
       658  3.309410E+00
       659  1.840872E+00
       660  3.314164E+00
       661  2.591532E+01
       662  1.434293E+01
       663  6.370292E+00
       664  1.930549E+00
       665  9.887226E-01
       666  2.591532E+01
       667  1.434293E+01
       668  6.370292E+00
       669  1.930549E+00
       670  9.887226E-01
       671  1.655437E+00
       672  2.953658E+00
       673  1.658669E+00
       674  2.949363E+00
       675  1.666087E+00
       676  2.957761E+00
       677  1.728617E+00
       678  2.955884E+00
       679  6.456722E-01
       680  1.105434E+00
       681  6.456722E-01
       682  1.105434E+00
       683  1.728617E+00
       684  2.955884E+00
       685  1.666087E+00
       686  2.957761E+00
       687  1.658669E+00
       688  2.949363E+00
       689  1.655437E+00
       690  2.953658E+00
       691  2.266713E+01
       692  1.252502E+01
       693  5.564769E+00
       694  1.717935E+00
       695  9.493906E-01
       696  2.266713E+01
       697  1.252502E+01
       698  5.564769E+00
       699  1.717935E+00
       700  9.493906E-01
       701  1.473290E+00
       702  2.604764E+00
       703  1.476604E+00
       704  2.600936E+00
       705  1.484118E+00
       706  2.609475E+00
       707  1.546512E+00
       708  2.607746E+00
       709  5.950353E-01
       710  1.004429E+00
       711  5.950353E-01
       712  1.004429E+00
       713  1.546512E+00
       714  2.607746E+00
       715  1.484118E+00
       716  2.609475E+00
       717  1.476604E+00
       718  2.600936E+00
       719  1.473290E+00
       720  2.604764E+00
       721  1.957847E+01
       722  1.080382E+01
       723  4.808329E+00
       724  1.521910E+00
       725  9.092886E-01
       726  1.957847E+01
       727  1.080382E+01
       728  4.808329E+00
       729  1.521910E+00
       730  9.092886E-01
       731  1.295293E+00
       732  2.268856E+00
       733  1.298697E+00
       734  2.265507E+00
       735  1.306315E+00
       736  2.274171E+00
       737  1.368499E+00
       738  2.272608E+00
       739  5.429193E-01
       740  9.024117E-01
       741  5.429193E-01
       742  9.024117E-01
       743  1.368499E+00
       744  2.272608E+00
       745  1.306315E+00
       746  2.274171E+00
       747  1.298697E+00
       748  2.265507E+00
       749  1.295293E+00
       750  2.268856E+00
       751  1.666036E+01
       752  9.185167E+00
       753  4.103204E+00
       754  1.342738E+00
       755  8.683398E-01
       756  1.666036E+01
       757  9.185167E+00
       758  4.103204E+00
       759  1.342738E+00
       760  8.683398E-01
       761  1.122428E+00
       762  1.947398E+00
       763  1.125929E+00
       764  1.944560E+00
       765  1.133656E+00
       766  1.953357E+00
       767  1.195543E+00
       768  1.951996E+00
       769  4.895434E-01
       770  7.998470E-01
       771  4.895434E-01
       772  7.998470E-01
       773  1.195543E+00
       774  1.951996E+00
       775  1.133656E+00
       776  1.953357E+00
       777  1.125929E+00
       778  1.944560E+00
       779  1.122428E+00
       780  1.947398E+00
       781  1.392484E+01
       782  7.675286E+00
       783  3.451640E+00
       784  1.180589E+00
       785  8.265148E-01
       786  1.392484E+01
       787  7.675286E+00
       788  3.451640E+00
       789  1.180589E+00
       790  8.265148E-01
       791  9.558114E-01
       792  1.641898E+00
       793  9.594042E-01
       794  1.639670E+00
       795  9.672453E-01
       796  1.648680E+00
       797  1.028739E+00
       798  1.647604E+00
       799  4.352170E-01
       800  6.973390E-01
       801  4.352170E-01
       802  6.973390E-01
       803  1.028739E+00
       804  1.647604E+00
       805  9.672453E-01
       806  1.648680E+00
       807  9.594042E-01
       808  1.639670E+00
       809  9.558114E-01
       810  1.641898E+00
       811  1.138528E+01
       812  6.280816E+00
       813  2.855811E+00
       814  1.035507E+00
       815  7.838934E-01
       816  1.138528E+01
       817  6.280816E+00
       818  2.855811E+00
       819  1.035507E+00
       820  7.838934E-01
       821  7.966958E-01
       822  1.353868E+00
       823  8.003520E-01
       824  1.352485E+00
       825  8.083116E-01
       826  1.361938E+00
       827  8.693327E-01
       828  1.361324E+00
       829  3.803762E-01
       830  5.956699E-01
       831  3.803762E-01
       832  5.956699E-01
       833  8.693327E-01
       834  1.361324E+00
       835  8.083116E-01
       836  1.361938E+00
       837  8.003520E-01
       838  1.352485E+00
       839  7.966958E-01
       840  1.353868E+00
       841  9.056826E+00
       842  5.008805E+00
       843  2.317718E+00
       844  9.074181E-01
       845  7.408224E-01
       846  9.056826E+00
       847  5.008805E+00
       848  2.317718E+00
       849  9.074181E-01
       850  7.408224E-01
       851  6.464542E-01
       852  1.084911E+00
       853  6.500997E-01
       854  1.084793E+00
       855  6.581874E-01
       856  1.095130E+00
       857  7.187260E-01
       858  1.095261E+00
       859  3.256292E-01
       860  4.958282E-01
       861  3.256292E-01
       862  4.958282E-01
       863  7.187260E-01
       864  1.095261E+00
       865  6.581874E-01
       866  1.095130E+00
       867  6.500997E-01
       868  1.084793E+00
       869  6.464542E-01
       870  1.084911E+00
       871  6.956403E+00
       872  3.866571E+00
       873  1.839370E+00
       874  7.964366E-01
       875  6.981844E-01
       876  6.956403E+00
       877  3.866571E+00
       878  1.839370E+00
       879  7.964366E-01
       880  6.981844E-01
       881  5.065582E-01
       882  8.372959E-01
       883  5.100511E-01
       884  8.389211E-01
       885  5.182729E-01
       886  8.506115E-01
       887  5.784634E-01
       888  8.517406E-01
       889  2.717912E-01
       890  3.990259E-01
       891  2.717912E-01
       892  3.990259E-01
       893  5.784634E-01
       894  8.517406E-01
       895  5.182729E-01
       896  8.506115E-01
       897  5.100511E-01
       898  8.389211E-01
       899  5.065582E-01
       900  8.372959E-01
       901  5.100533E+00
       902  2.861658E+00
       903  1.424281E+00
       904  7.040445E-01
       905  6.574995E-01
       906  5.100533E+00
       907  2.861658E+00
       908  1.424281E+00
       909  7.040445E-01
       910  6.574995E-01
       911  3.784576E-01
       912  6.155832E-01
       913  3.816884E-01
       914  6.187586E-01
       915  3.900930E-01
       916  6.315151E-01
       917  4.502398E-01
       918  6.333252E-01
       919  2.198346E-01
       920  3.066874E-01
       921  2.198346E-01
       922  3.066874E-01
       923  4.502398E-01
       924  6.333252E-01
       925  3.900930E-01
       926  6.315151E-01
       927  3.816884E-01
       928  6.187586E-01
       929  3.784576E-01
       930  6.155832E-01
       931  3.497047E+00
       932  2.003735E+00
       933  1.081957E+00
       934  6.350183E-01
       935  6.199254E-01
       936  3.497047E+00
       937  2.003735E+00
       938  1.081957E+00
       939  6.350183E-01
       940  6.199254E-01
       941  2.637546E-01
       942  4.288382E-01
       943  2.671141E-01
       944  4.314649E-01
       945  2.760878E-01
       946  4.427840E-01
       947  3.364520E-01
       948  4.436550E-01
       949  1.705982E-01
       950  2.210755E-01
       951  1.705982E-01
       952  2.210755E-01
       953  3.364520E-01
       954  4.436550E-01
       955  2.760878E-01
       956  4.427840E-01
       957  2.671141E-01
       958  4.314649E-01
       959  2.637546E-01
       960  4.288382E-01
       961  2.134469E+00
       962  1.310349E+00
       963  8.353195E-01
       964  5.963191E-01
       965  5.832633E-01
       966  2.134469E+00
       967  1.310349E+00
       968  8.353195E-01
       969  5.963191E-01
       970  5.832633E-01
       971  1.653913E-01
       972  2.917179E-01
       973  1.707766E-01
       974  2.863698E-01
       975  1.812531E-01
       976  2.892529E-01
       977  2.413120E-01
       978  2.867729E-01
       979  1.247787E-01
       980  1.457779E-01
       981  1.247787E-01
       982  1.457779E-01
       983  2.413120E-01
       984  2.867729E-01
       985  1.812531E-01
       986  2.892529E-01
       987  1.707766E-01
       988  2.863698E-01
       989  1.653913E-01
       990  2.917179E-01
       991  1.015435E+00
       992  7.994078E-01
       993  6.998908E-01
       994  6.030572E-01
       995  5.395597E-01
       996  1.015435E+00
       997  7.994078E-01
       998  6.998908E-01
       999  6.030572E-01
      1000  5.395597E-01
      1001  1.078767E-01
      1002  2.223609E-01
      1003  1.207626E-01
      1004  2.002084E-01
      1005  1.277061E-01
      1006  1.824475E-01
      1007  1.758189E-01
      1008  1.718386E-01
      1009  8.229822E-02
      1010  8.760264E-02
      1011  8.229822E-02
      1012  8.760264E-02
      1013  1.758189E-01
      1014  1.718386E-01
      1015  1.277061E-01
      1016  1.824475E-01
      1017  1.207626E-01
      1018  2.002084E-01
      1019  1.078767E-01
      1020  2.223609E-01
      1021  2.769642E-01
      1022  4.181989E-01
      1023  5.814510E-01
      1024  6.635967E-01
      1025  6.000239E-01
      1026  2.769642E-01
      1027  4.181989E-01
      1028  5.814510E-01
      1029  6.635967E-01
      1030  6.000239E-01
      1031  1.491692E-01
      1032  2.081751E-01
      1033  1.899481E-01
      1034  1.924537E-01
      1035  1.980638E-01
      1036  1.751032E-01
      1037  2.562766E-01
      1038  1.793806E-01
      1039  5.150707E-02
      1040  1.051787E-01
      1041  5.150707E-02
      1042  1.051787E-01
      1043  2.562766E-01
      1044  1.793806E-01
      1045  1.980638E-01
      1046  1.751032E-01
      1047  1.899481E-01
      1048  1.924537E-01
      1049  1.491692E-01
      1050  2.081751E-01
      1051  1.692607E-02
      1052  7.885223E-02
      1053  2.283867E-01
      1054  5.557896E-01
      1055  1.029654E+00
      1056  1.692607E-02
      1057  7.885223E-02
      1058  2.283867E-01
      1059  5.557896E-01
      1060  1.029654E+00
      1061  1.864544E-01
      1062  2.368564E-01
      1063  2.370374E-01
      1064  2.110480E-01
      1065  3.632071E-01
      1066  3.767359E-01
      1067  1.073894E+00
      1068  7.995017E-01
      1069  1.322423E-01
      1070  7.377551E-01
      1071  1.322423E-01
      1072  7.377551E-01
      1073  1.073894E+00
      1074  7.995017E-01
      1075  3.632071E-01
      1076  3.767359E-01
      1077  2.370374E-01
      1078  2.110480E-01
      1079  1.864544E-01
      1080  2.368564E-01
