
                        S T E P       1


                                INCREMENT     1


 displacements (vx,vy,vz) for set TIP_TOP and time  0.1000000E+01

       887  9.904195E-02 -2.472658E-03 -3.387770E+00
       888  9.897358E-02 -2.394391E-03 -3.381998E+00
       891  9.884820E-02 -2.289385E-03 -3.376316E+00
       894  9.875774E-02 -1.901381E-03 -3.371049E+00
       896  9.879414E-02 -6.672438E-04 -3.367740E+00
       898  9.881097E-02  7.073275E-11 -3.367528E+00
       900  9.879414E-02  6.672439E-04 -3.367740E+00
       903  9.875774E-02  1.901381E-03 -3.371049E+00
       906  9.884820E-02  2.289385E-03 -3.376316E+00
       909  9.897358E-02  2.394391E-03 -3.381998E+00
       912  9.904195E-02  2.472658E-03 -3.387770E+00
      1378  9.904238E-02 -2.418886E-03 -3.384844E+00
      1392  9.890724E-02 -2.364741E-03 -3.379144E+00
      1406  9.879894E-02 -2.162667E-03 -3.373641E+00
      1433  9.876740E-02 -1.386197E-03 -3.368999E+00
      1453  9.880560E-02 -3.278542E-04 -3.367588E+00
      1473  9.880560E-02  3.278544E-04 -3.367588E+00
      1497  9.876740E-02  1.386197E-03 -3.368999E+00
      1511  9.879894E-02  2.162667E-03 -3.373641E+00
      1525  9.890724E-02  2.364741E-03 -3.379144E+00
      1539  9.904238E-02  2.418886E-03 -3.384844E+00

 forces (fx,fy,fz) for set CLAMP and time  0.1000000E+01

         1  1.881243E+03  3.866113E+03  1.446736E+03
         4  3.246645E+03 -2.157023E-08  2.884254E+03
         5  2.014176E+03  5.547073E+03 -2.416452E+01
         8  3.161124E+03 -3.943438E-08 -4.173183E+01
         9  1.373070E+03  3.665842E+03 -8.431153E+01
        12  2.123868E+03 -2.819005E-08 -1.409755E+02
        13  8.064644E+02  1.988968E+03 -5.001405E+01
        16  1.200817E+03 -1.766519E-08 -9.566550E+01
        17  2.833365E+02  3.721286E+02 -2.337388E+00
        20  3.572609E+02 -7.353195E-09  3.935751E+00
        21  9.085271E+02 -5.385990E+02 -4.888450E+02
        24 -3.345767E+02 -3.054430E-09  1.351461E+02
        26  1.881243E+03 -3.866113E+03  1.446736E+03
        28  2.014176E+03 -5.547073E+03 -2.416452E+01
        30  1.373070E+03 -3.665842E+03 -8.431153E+01
        32  8.064644E+02 -1.988968E+03 -5.001405E+01
        34  2.833365E+02 -3.721286E+02 -2.337388E+00
        36  9.085271E+02  5.385990E+02 -4.888450E+02
        37  3.895240E+02 -2.702960E+02 -7.308818E+02
        40  2.681513E+03 -3.032951E+02 -3.935673E+03
        41 -8.327765E+02 -7.695659E+02 -8.029991E+01
        44 -3.229476E+03 -1.624248E+03  1.362869E+03
        45 -1.345479E+03 -5.247935E+02  1.274119E+03
        48 -3.451563E+03 -8.245683E+01  2.578899E+03
        50  3.311334E+03  1.689069E+02 -3.871580E+03
        52 -2.747032E+03  9.455143E+02  1.404398E+03
        54 -3.582068E+03 -1.786067E+01  2.568388E+03
        56  1.590477E+03 -2.458619E+01 -1.090213E+03
        58 -1.032909E+03 -6.163573E+01  3.604186E+01
        60 -2.916861E+03 -1.136218E+01  2.389531E+03
        62 -4.908561E+02 -1.045058E+03 -2.797171E+03
        64 -3.353252E+03 -1.860902E+03  3.100426E+03
        66  1.099851E+02 -4.281524E-09 -3.151170E+03
        68 -3.160324E+03 -6.022452E-09  3.344479E+03
        70 -4.908561E+02  1.045058E+03 -2.797171E+03
        72 -3.353252E+03  1.860902E+03  3.100426E+03
        74  1.590477E+03  2.458619E+01 -1.090213E+03
        76 -1.032909E+03  6.163573E+01  3.604186E+01
        78 -2.916861E+03  1.136218E+01  2.389531E+03
        80  3.311334E+03 -1.689069E+02 -3.871580E+03
        82 -2.747032E+03 -9.455143E+02  1.404398E+03
        84 -3.582068E+03  1.786067E+01  2.568388E+03
        86  2.681513E+03  3.032951E+02 -3.935673E+03
        88 -3.229476E+03  1.624248E+03  1.362869E+03
        90 -3.451563E+03  8.245683E+01  2.578899E+03
        92  3.895240E+02  2.702960E+02 -7.308818E+02
        94 -8.327765E+02  7.695659E+02 -8.029991E+01
        96 -1.345479E+03  5.247935E+02  1.274119E+03
       913  2.391622E+03  6.760093E+03 -3.763595E+01
       914  3.248202E+03  1.788586E+01  2.886776E+03
       915  3.828294E+03  3.316705E+01 -7.283721E+01
       916  3.165731E+03  3.317473E+01 -4.549195E+01
       917  3.821285E+03 -4.371822E-08 -6.878419E+01
       932  1.696041E+03  4.529248E+03 -2.065395E+01
       933  2.626061E+03  3.201430E+01 -3.759920E+01
       934  2.121547E+03  2.487741E+01 -1.596995E+02
       935  2.623484E+03 -3.337744E-08 -3.424003E+01
       946  1.077672E+03  2.800405E+03 -1.832304E+01
       947  1.641973E+03  1.683665E+01 -5.516349E+01
       948  1.199252E+03  1.453684E+01 -1.167970E+02
       949  1.644538E+03 -2.291502E-08 -3.332265E+01
       960  5.421147E+02  1.172488E+03 -1.551523E+01
       961  7.747339E+02  8.090675E+00 -4.511826E+01
       962  3.471994E+02  7.755971E+00 -2.407328E+01
       963  7.827083E+02 -1.191997E-08 -2.339655E+01
       974  7.221990E+01 -4.877231E+02  5.775941E+01
       975 -7.390899E+01  2.276831E+01  8.336224E+01
       976 -3.043339E+02  3.508882E+00  1.020178E+02
       977 -9.353833E+01 -4.722416E-09  1.168804E+02
       988  3.248202E+03 -1.788586E+01  2.886776E+03
       989  3.828294E+03 -3.316705E+01 -7.283721E+01
       990  3.165731E+03 -3.317473E+01 -4.549195E+01
       991  2.391622E+03 -6.760093E+03 -3.763595E+01
      1002  2.626061E+03 -3.201430E+01 -3.759920E+01
      1003  2.121547E+03 -2.487741E+01 -1.596995E+02
      1004  1.696041E+03 -4.529248E+03 -2.065395E+01
      1012  1.641973E+03 -1.683665E+01 -5.516349E+01
      1013  1.199252E+03 -1.453684E+01 -1.167970E+02
      1014  1.077672E+03 -2.800405E+03 -1.832304E+01
      1022  7.747339E+02 -8.090675E+00 -4.511826E+01
      1023  3.471994E+02 -7.755971E+00 -2.407328E+01
      1024  5.421147E+02 -1.172488E+03 -1.551523E+01
      1032 -7.390899E+01 -2.276831E+01  8.336224E+01
      1033 -3.043339E+02 -3.508882E+00  1.020178E+02
      1034  7.221990E+01  4.877231E+02  5.775941E+01
      1042 -6.298942E+02 -6.460508E+02 -2.159551E+01
      1043  1.451854E+03  6.165904E+01 -1.284784E+03
      1044 -9.528752E+02 -3.557160E+01  1.065748E+02
      1045 -1.066147E+03 -1.235690E+02 -4.378237E+00
      1046 -2.850097E+02  7.093505E+02 -1.438058E+02
      1061 -1.030863E+03 -9.270975E+02 -2.834101E+01
      1062 -1.221999E+03 -1.744595E+02  7.901026E+01
      1063 -2.765390E+03 -1.300850E+02  2.525423E+03
      1064 -1.240147E+03 -1.611776E+02  2.899860E+02
      1075  2.441288E+03 -1.719409E+02 -1.899109E+03
      1076 -1.227094E+03 -9.163373E+01  3.862150E+02
      1077 -3.672345E+03 -3.995635E+01  2.606132E+03
      1078 -1.283864E+03 -3.350536E+01  3.087842E+02
      1089 -5.664566E+02 -7.771345E+02 -2.415042E+02
      1090  1.839083E+03 -8.219013E+01 -1.088231E+03
      1091 -8.415930E+02 -2.778090E+01  1.313442E+02
      1092 -1.042714E+03  1.058698E+01  7.476661E+01
      1093 -7.717137E+02 -4.570949E+01  8.883474E+01
      1107 -1.257901E+03  1.396553E+01  1.255408E+02
      1108 -3.163423E+03  4.760948E+01  2.437568E+03
      1109 -1.277687E+03 -4.446231E+01  9.791879E+01
      1117  1.733715E+03  3.239750E+01 -1.077853E+03
      1118 -8.186728E+02 -3.434844E+01  8.236407E+01
      1119 -1.057069E+03 -7.561412E+01 -4.572210E+01
      1120 -5.121089E+02 -3.425451E+01  1.086916E+02
      1130 -1.293595E+03 -1.206278E+02  1.416092E+02
      1131 -3.132565E+03 -1.197211E+02  2.513355E+03
      1132 -5.818946E+02  8.822912E+02 -2.091279E+02
      1140 -2.531737E+02  1.020269E+01  9.763702E+01
      1141 -1.179522E+03  6.809606E+01  1.396765E+02
      1142 -2.606470E+02 -1.778851E-09  1.001195E+02
      1150 -2.531737E+02 -1.020269E+01  9.763702E+01
      1151 -1.179522E+03 -6.809606E+01  1.396765E+02
      1152 -5.121089E+02  3.425451E+01  1.086916E+02
      1160  1.733715E+03 -3.239750E+01 -1.077853E+03
      1161 -8.186728E+02  3.434844E+01  8.236407E+01
      1162 -1.057069E+03  7.561412E+01 -4.572210E+01
      1163 -7.717137E+02  4.570949E+01  8.883474E+01
      1174 -5.818946E+02 -8.822912E+02 -2.091279E+02
      1175 -1.293595E+03  1.206278E+02  1.416092E+02
      1176 -3.132565E+03  1.197211E+02  2.513355E+03
      1177 -1.277687E+03  4.446231E+01  9.791879E+01
      1188  1.839083E+03  8.219013E+01 -1.088231E+03
      1189 -8.415930E+02  2.778090E+01  1.313442E+02
      1190 -1.042714E+03 -1.058698E+01  7.476661E+01
      1191 -5.664566E+02  7.771345E+02 -2.415042E+02
      1202 -1.257901E+03 -1.396553E+01  1.255408E+02
      1203 -3.163423E+03 -4.760948E+01  2.437568E+03
      1204 -1.283864E+03  3.350536E+01  3.087842E+02
      1212  2.441288E+03  1.719409E+02 -1.899109E+03
      1213 -1.227094E+03  9.163373E+01  3.862150E+02
      1214 -3.672345E+03  3.995635E+01  2.606132E+03
      1215 -1.240147E+03  1.611776E+02  2.899860E+02
      1226 -2.850097E+02 -7.093505E+02 -1.438058E+02
      1227  1.451854E+03 -6.165904E+01 -1.284784E+03
      1228 -9.528752E+02  3.557160E+01  1.065748E+02
      1229 -1.066147E+03  1.235690E+02 -4.378237E+00
      1230 -6.298942E+02  6.460508E+02 -2.159551E+01
      1244 -1.221999E+03  1.744595E+02  7.901026E+01
      1245 -2.765390E+03  1.300850E+02  2.525423E+03
      1246 -1.030863E+03  9.270975E+02 -2.834101E+01

 internal energy (element, energy) for set EALL and time  0.1000000E+01

         1  3.523702E+01
         2  2.464166E+01
         3  3.510429E+01
         4  2.454441E+01
         5  3.299444E+01
         6  2.658855E+01
         7  3.316489E+01
         8  2.671907E+01
         9  1.711706E+01
        10  1.157615E+01
        11  1.705655E+01
        12  1.152914E+01
        13  2.007928E+01
        14  1.421500E+01
        15  2.016953E+01
        16  1.427243E+01
        17  7.338289E+00
        18  4.284634E+00
        19  7.307726E+00
        20  4.268232E+00
        21  9.158239E+00
        22  5.204332E+00
        23  9.204672E+00
        24  5.227243E+00
        25  2.148427E+00
        26  1.001507E+00
        27  2.140793E+00
        28  1.001141E+00
        29  2.483917E+00
        30  9.682482E-01
        31  2.496529E+00
        32  9.774807E-01
        33  7.808726E-01
        34  1.679065E+00
        35  7.746014E-01
        36  1.595408E+00
        37  4.712349E-01
        38  1.166311E+00
        39  4.772703E-01
        40  1.125602E+00
        41  3.510429E+01
        42  2.454441E+01
        43  3.523702E+01
        44  2.464166E+01
        45  3.316489E+01
        46  2.671907E+01
        47  3.299444E+01
        48  2.658855E+01
        49  1.705655E+01
        50  1.152914E+01
        51  1.711706E+01
        52  1.157615E+01
        53  2.016953E+01
        54  1.427243E+01
        55  2.007928E+01
        56  1.421500E+01
        57  7.307726E+00
        58  4.268232E+00
        59  7.338289E+00
        60  4.284634E+00
        61  9.204672E+00
        62  5.227243E+00
        63  9.158239E+00
        64  5.204332E+00
        65  2.140793E+00
        66  1.001141E+00
        67  2.148427E+00
        68  1.001507E+00
        69  2.496529E+00
        70  9.774807E-01
        71  2.483917E+00
        72  9.682482E-01
        73  7.746014E-01
        74  1.595408E+00
        75  7.808726E-01
        76  1.679065E+00
        77  4.772703E-01
        78  1.125602E+00
        79  4.712349E-01
        80  1.166311E+00
        81  1.610421E+00
        82  2.309739E+00
        83  2.270856E+00
        84  2.777987E+00
        85  1.402979E+00
        86  1.976467E+00
        87  2.137935E+00
        88  2.652085E+00
        89  3.170985E+00
        90  4.193721E+00
        91  3.415836E+00
        92  4.313101E+00
        93  2.771941E+00
        94  3.754324E+00
        95  3.257148E+00
        96  4.188982E+00
        97  1.955602E+01
        98  3.724465E+00
        99  4.476315E+00
       100  3.642744E+00
       101  4.397829E+00
       102  3.502969E+00
       103  4.417418E+00
       104  3.407706E+00
       105  4.381768E+00
       106  2.167126E+00
       107  2.784693E+00
       108  1.529169E+00
       109  2.158926E+00
       110  2.144356E+00
       111  2.781064E+00
       112  1.810879E+00
       113  2.463947E+00
       114  3.446155E+00
       115  4.198265E+00
       116  3.025133E+00
       117  4.156849E+00
       118  3.466332E+00
       119  4.375063E+00
       120  3.356579E+00
       121  4.517622E+00
       122  1.556364E+00
       123  2.200545E+00
       124  2.012252E+00
       125  2.853333E+00
       126  1.899585E+00
       127  2.503002E+00
       128  2.078074E+00
       129  2.888184E+00
       130  3.072962E+00
       131  4.280457E+00
       132  3.838282E+00
       133  4.651509E+00
       134  3.374068E+00
       135  4.576449E+00
       136  3.731097E+00
       137  4.524627E+00
       138  9.226395E-01
       139  1.205213E+00
       140  9.565890E-01
       141  1.194638E+00
       142  8.141797E-01
       143  1.136523E+00
       144  8.334285E-01
       145  1.097684E+00
       146  1.251178E+01
       147  9.565890E-01
       148  1.194638E+00
       149  9.226395E-01
       150  1.205213E+00
       151  8.334285E-01
       152  1.097684E+00
       153  8.141797E-01
       154  1.136523E+00
       155  1.251178E+01
       156  2.012252E+00
       157  2.853333E+00
       158  1.556364E+00
       159  2.200545E+00
       160  2.078074E+00
       161  2.888184E+00
       162  1.899585E+00
       163  2.503002E+00
       164  3.838282E+00
       165  4.651509E+00
       166  3.072962E+00
       167  4.280457E+00
       168  3.731097E+00
       169  4.524627E+00
       170  3.374068E+00
       171  4.576449E+00
       172  1.529169E+00
       173  2.158926E+00
       174  2.167126E+00
       175  2.784693E+00
       176  1.810879E+00
       177  2.463947E+00
       178  2.144356E+00
       179  2.781064E+00
       180  3.025133E+00
       181  4.156849E+00
       182  3.446155E+00
       183  4.198265E+00
       184  3.356579E+00
       185  4.517622E+00
       186  3.466332E+00
       187  4.375063E+00
       188  1.955602E+01
       189  3.642744E+00
       190  4.397829E+00
       191  3.724465E+00
       192  4.476315E+00
       193  3.407706E+00
       194  4.381768E+00
       195  3.502969E+00
       196  4.417418E+00
       197  2.270856E+00
       198  2.777987E+00
       199  1.610421E+00
       200  2.309739E+00
       201  2.137935E+00
       202  2.652085E+00
       203  1.402979E+00
       204  1.976467E+00
       205  3.415836E+00
       206  4.313101E+00
       207  3.170985E+00
       208  4.193721E+00
       209  3.257148E+00
       210  4.188982E+00
       211  2.771941E+00
       212  3.754324E+00
       213  2.755954E+01
       214  2.196786E+01
       215  2.747456E+01
       216  2.190221E+01
       217  2.770576E+01
       218  2.094645E+01
       219  2.772897E+01
       220  2.096740E+01
       221  1.683628E+01
       222  1.234066E+01
       223  1.679766E+01
       224  1.231542E+01
       225  1.552394E+01
       226  1.160004E+01
       227  1.555366E+01
       228  1.159704E+01
       229  5.323733E+01
       230  1.897758E+01
       231  1.127611E+01
       232  2.747456E+01
       233  2.190221E+01
       234  2.755954E+01
       235  2.196786E+01
       236  2.772897E+01
       237  2.096740E+01
       238  2.770576E+01
       239  2.094645E+01
       240  1.679766E+01
       241  1.231542E+01
       242  1.683628E+01
       243  1.234066E+01
       244  1.555366E+01
       245  1.159704E+01
       246  1.552394E+01
       247  1.160004E+01
       248  5.323733E+01
       249  1.897758E+01
       250  1.127611E+01
       251  1.625643E+01
       252  2.530997E+01
       253  1.758622E+01
       254  2.734556E+01
       255  1.760100E+01
       256  2.743343E+01
       257  1.802337E+01
       258  2.785494E+01
       259  7.021374E+00
       260  1.048452E+01
       261  7.021374E+00
       262  1.048452E+01
       263  1.802337E+01
       264  2.785494E+01
       265  1.760100E+01
       266  2.743343E+01
       267  1.758622E+01
       268  2.734556E+01
       269  1.625643E+01
       270  2.530997E+01
       271  1.776280E+02
       272  1.028779E+02
       273  4.752086E+01
       274  1.593947E+01
       275  8.468287E+00
       276  1.776280E+02
       277  1.028779E+02
       278  4.752086E+01
       279  1.593947E+01
       280  8.468287E+00
       281  1.517937E+01
       282  2.411714E+01
       283  1.481456E+01
       284  2.359033E+01
       285  1.499123E+01
       286  2.375398E+01
       287  1.504231E+01
       288  2.358127E+01
       289  5.356453E+00
       290  8.340885E+00
       291  5.356453E+00
       292  8.340885E+00
       293  1.504231E+01
       294  2.358127E+01
       295  1.499123E+01
       296  2.375398E+01
       297  1.481456E+01
       298  2.359033E+01
       299  1.517937E+01
       300  2.411714E+01
       301  1.563451E+02
       302  8.717534E+01
       303  4.000662E+01
       304  1.350730E+01
       305  7.273823E+00
       306  1.563451E+02
       307  8.717534E+01
       308  4.000662E+01
       309  1.350730E+01
       310  7.273823E+00
       311  1.316263E+01
       312  2.090325E+01
       313  1.315623E+01
       314  2.084816E+01
       315  1.302548E+01
       316  2.064472E+01
       317  1.310359E+01
       318  2.061182E+01
       319  4.780053E+00
       320  7.513174E+00
       321  4.780053E+00
       322  7.513174E+00
       323  1.310359E+01
       324  2.061182E+01
       325  1.302548E+01
       326  2.064472E+01
       327  1.315623E+01
       328  2.084816E+01
       329  1.316263E+01
       330  2.090325E+01
       331  1.348753E+02
       332  7.614277E+01
       333  3.507036E+01
       334  1.185308E+01
       335  6.464557E+00
       336  1.348753E+02
       337  7.614277E+01
       338  3.507036E+01
       339  1.185308E+01
       340  6.464557E+00
       341  1.133279E+01
       342  1.799503E+01
       343  1.132515E+01
       344  1.797140E+01
       345  1.135785E+01
       346  1.800336E+01
       347  1.146003E+01
       348  1.799841E+01
       349  4.149724E+00
       350  6.497692E+00
       351  4.149724E+00
       352  6.497692E+00
       353  1.146003E+01
       354  1.799841E+01
       355  1.135785E+01
       356  1.800336E+01
       357  1.132515E+01
       358  1.797140E+01
       359  1.133279E+01
       360  1.799503E+01
       361  1.158331E+02
       362  6.527629E+01
       363  3.014798E+01
       364  1.029684E+01
       365  5.660644E+00
       366  1.158331E+02
       367  6.527629E+01
       368  3.014798E+01
       369  1.029684E+01
       370  5.660644E+00
       371  9.691439E+00
       372  1.537439E+01
       373  9.712280E+00
       374  1.538820E+01
       375  9.735018E+00
       376  1.541521E+01
       377  9.856026E+00
       378  1.544737E+01
       379  3.578081E+00
       380  5.595738E+00
       381  3.578081E+00
       382  5.595738E+00
       383  9.856026E+00
       384  1.544737E+01
       385  9.735018E+00
       386  1.541521E+01
       387  9.712280E+00
       388  1.538820E+01
       389  9.691439E+00
       390  1.537439E+01
       391  9.808143E+01
       392  5.532057E+01
       393  2.559871E+01
       394  8.818311E+00
       395  4.912415E+00
       396  9.808143E+01
       397  5.532057E+01
       398  2.559871E+01
       399  8.818311E+00
       400  4.912415E+00
       401  8.198234E+00
       402  1.299994E+01
       403  8.216536E+00
       404  1.301410E+01
       405  8.246881E+00
       406  1.305249E+01
       407  8.367120E+00
       408  1.308338E+01
       409  3.035009E+00
       410  4.731812E+00
       411  3.035009E+00
       412  4.731812E+00
       413  8.367120E+00
       414  1.308338E+01
       415  8.246881E+00
       416  1.305249E+01
       417  8.216536E+00
       418  1.301410E+01
       419  8.198234E+00
       420  1.299994E+01
       421  8.177722E+01
       422  4.616766E+01
       423  2.143452E+01
       424  7.474563E+00
       425  4.223885E+00
       426  8.177722E+01
       427  4.616766E+01
       428  2.143452E+01
       429  7.474563E+00
       430  4.223885E+00
       431  6.834576E+00
       432  1.083573E+01
       433  6.854161E+00
       434  1.085144E+01
       435  6.883421E+00
       436  1.088922E+01
       437  7.003943E+00
       438  1.092142E+01
       439  2.540313E+00
       440  3.947432E+00
       441  2.540313E+00
       442  3.947432E+00
       443  7.003943E+00
       444  1.092142E+01
       445  6.883421E+00
       446  1.088922E+01
       447  6.854161E+00
       448  1.085144E+01
       449  6.834576E+00
       450  1.083573E+01
       451  6.695183E+01
       452  3.784314E+01
       453  1.764378E+01
       454  6.249656E+00
       455  3.599013E+00
       456  6.695183E+01
       457  3.784314E+01
       458  1.764378E+01
       459  6.249656E+00
       460  3.599013E+00
       461  5.596632E+00
       462  8.872433E+00
       463  5.615676E+00
       464  8.887512E+00
       465  5.644729E+00
       466  8.924672E+00
       467  5.764780E+00
       468  8.955908E+00
       469  2.090161E+00
       470  3.232867E+00
       471  2.090161E+00
       472  3.232867E+00
       473  5.764780E+00
       474  8.955908E+00
       475  5.644729E+00
       476  8.924672E+00
       477  5.615676E+00
       478  8.887512E+00
       479  5.596632E+00
       480  8.872433E+00
       481  5.361343E+01
       482  3.035330E+01
       483  1.423257E+01
       484  5.146609E+00
       485  3.035067E+00
       486  5.361343E+01
       487  3.035330E+01
       488  1.423257E+01
       489  5.146609E+00
       490  3.035067E+00
       491  4.481360E+00
       492  7.103047E+00
       493  4.500499E+00
       494  7.118406E+00
       495  4.529508E+00
       496  7.155703E+00
       497  4.649357E+00
       498  7.186973E+00
       499  1.685047E+00
       500  2.590176E+00
       501  1.685047E+00
       502  2.590176E+00
       503  4.649357E+00
       504  7.186973E+00
       505  4.529508E+00
       506  7.155703E+00
       507  4.500499E+00
       508  7.118406E+00
       509  4.481360E+00
       510  7.103047E+00
       511  4.176696E+01
       512  2.369972E+01
       513  1.120127E+01
       514  4.165854E+00
       515  2.533604E+00
       516  4.176696E+01
       517  2.369972E+01
       518  1.120127E+01
       519  4.165854E+00
       520  2.533604E+00
       521  3.486853E+00
       522  5.523670E+00
       523  3.507185E+00
       524  5.542032E+00
       525  3.537538E+00
       526  5.582274E+00
       527  3.658168E+00
       528  5.615342E+00
       529  1.325239E+00
       530  2.019350E+00
       531  1.325239E+00
       532  2.019350E+00
       533  3.658168E+00
       534  5.615342E+00
       535  3.537538E+00
       536  5.582274E+00
       537  3.507185E+00
       538  5.542032E+00
       539  3.486853E+00
       540  5.523670E+00
       541  3.141255E+01
       542  1.788288E+01
       543  8.550134E+00
       544  3.306918E+00
       545  2.095706E+00
       546  3.141255E+01
       547  1.788288E+01
       548  8.550134E+00
       549  3.306918E+00
       550  2.095706E+00
       551  2.612777E+00
       552  4.134920E+00
       553  2.635270E+00
       554  4.159118E+00
       555  2.668445E+00
       556  4.205320E+00
       557  2.791574E+00
       558  4.242169E+00
       559  1.011041E+00
       560  1.520784E+00
       561  1.011041E+00
       562  1.520784E+00
       563  2.791574E+00
       564  4.242169E+00
       565  2.668445E+00
       566  4.205320E+00
       567  2.635270E+00
       568  4.159118E+00
       569  2.612777E+00
       570  4.134920E+00
       571  2.254695E+01
       572  1.289466E+01
       573  6.272737E+00
       574  2.574312E+00
       575  1.725683E+00
       576  2.254695E+01
       577  1.289466E+01
       578  6.272737E+00
       579  2.574312E+00
       580  1.725683E+00
       581  1.864789E+00
       582  2.947947E+00
       583  1.888438E+00
       584  2.976818E+00
       585  1.924094E+00
       586  3.028394E+00
       587  2.050709E+00
       588  3.068684E+00
       589  7.426149E-01
       590  1.094419E+00
       591  7.426149E-01
       592  1.094419E+00
       593  2.050709E+00
       594  3.068684E+00
       595  1.924094E+00
       596  3.028394E+00
       597  1.888438E+00
       598  2.976818E+00
       599  1.864789E+00
       600  2.947947E+00
       601  1.508929E+01
       602  8.705211E+00
       603  4.393924E+00
       604  1.977541E+00
       605  1.427825E+00
       606  1.508929E+01
       607  8.705211E+00
       608  4.393924E+00
       609  1.977541E+00
       610  1.427825E+00
       611  1.254090E+00
       612  1.992480E+00
       613  1.275454E+00
       614  2.016528E+00
       615  1.309487E+00
       616  2.062087E+00
       617  1.438586E+00
       618  2.097614E+00
       619  5.196947E-01
       620  7.403789E-01
       621  5.196947E-01
       622  7.403789E-01
       623  1.438586E+00
       624  2.097614E+00
       625  1.309487E+00
       626  2.062087E+00
       627  1.275454E+00
       628  2.016528E+00
       629  1.254090E+00
       630  1.992480E+00
       631  9.018001E+00
       632  5.396086E+00
       633  2.863048E+00
       634  1.508648E+00
       635  1.213590E+00
       636  9.018001E+00
       637  5.396086E+00
       638  2.863048E+00
       639  1.508648E+00
       640  1.213590E+00
       641  8.166763E-01
       642  1.307280E+00
       643  8.174273E-01
       644  1.286550E+00
       645  8.347236E-01
       646  1.296706E+00
       647  9.581959E-01
       648  1.317284E+00
       649  3.407020E-01
       650  4.549452E-01
       651  3.407020E-01
       652  4.549452E-01
       653  9.581959E-01
       654  1.317284E+00
       655  8.347236E-01
       656  1.296706E+00
       657  8.174273E-01
       658  1.286550E+00
       659  8.166763E-01
       660  1.307280E+00
       661  7.520273E-01
       662  5.341990E-01
       663  7.525017E-01
       664  5.342164E-01
       665  4.830800E-01
       666  4.246323E-01
       667  4.829995E-01
       668  4.246101E-01
       669  2.757728E+00
       670  1.760470E+00
       671  1.212738E+00
       672  1.096522E+00
       673  7.525017E-01
       674  5.342164E-01
       675  7.520273E-01
       676  5.341990E-01
       677  4.829995E-01
       678  4.246101E-01
       679  4.830800E-01
       680  4.246323E-01
       681  2.757728E+00
       682  1.760470E+00
       683  1.212738E+00
       684  1.096522E+00
       685  5.789992E-01
       686  9.419717E-01
       687  5.330596E-01
       688  8.056770E-01
       689  4.972963E-01
       690  7.176674E-01
       691  5.960771E-01
       692  7.005255E-01
       693  2.007311E-01
       694  2.289345E-01
       695  2.007311E-01
       696  2.289345E-01
       697  5.960771E-01
       698  7.005255E-01
       699  4.972963E-01
       700  7.176674E-01
       701  5.330596E-01
       702  8.056770E-01
       703  5.789992E-01
       704  9.419717E-01
       705  1.362591E+00
       706  1.088123E+00
       707  1.012483E+00
       708  9.530549E-01
       709  9.024206E-01
       710  1.362591E+00
       711  1.088123E+00
       712  1.012483E+00
       713  9.530549E-01
       714  9.024206E-01
       715  6.003933E-01
       716  6.616696E-01
       717  5.738417E-01
       718  5.155761E-01
       719  5.260418E-01
       720  4.332055E-01
       721  6.280755E-01
       722  4.224217E-01
       723  1.100994E-01
       724  1.483402E-01
       725  1.100994E-01
       726  1.483402E-01
       727  6.280755E-01
       728  4.224217E-01
       729  5.260418E-01
       730  4.332055E-01
       731  5.738417E-01
       732  5.155761E-01
       733  6.003933E-01
       734  6.616696E-01
       735  1.243439E-01
       736  2.150203E-01
       737  3.805720E-01
       738  6.077797E-01
       739  9.348162E-02
       740  1.475342E-01
       741  9.419851E-02
       742  1.101748E-01
       743  1.158577E-01
       744  3.133829E-01
       745  1.275142E-01
       746  1.508046E-01
       747  1.243439E-01
       748  2.150203E-01
       749  3.805720E-01
       750  6.077797E-01
       751  9.419851E-02
       752  1.101748E-01
       753  9.348162E-02
       754  1.475342E-01
       755  1.275142E-01
       756  1.508046E-01
       757  1.158577E-01
       758  3.133829E-01
       759  3.888505E-01
       760  7.627515E-02
       761  9.247784E-02
       762  4.813869E-02
       763  8.775416E-02
       764  1.566704E-02
       765  2.543778E-02
       766  9.699966E-03
       767  3.816859E-02
       768  4.339590E-01
       769  3.738368E-02
       770  7.601153E-02
       771  3.643773E-02
       772  7.544698E-02
       773  9.820362E-03
       774  3.498912E-02
       775  1.949306E-02
       776  4.163737E-02
       777  6.526226E-01
       778  3.033771E-02
       779  7.303714E-02
       780  4.877690E-02
       781  9.183502E-02
       782  1.491052E-02
       783  4.485572E-02
       784  7.995324E-02
       785  1.145597E-01
       786  1.645698E-01
       787  6.033740E-02
       788  3.149526E-01
       789  7.336653E-02
       790  2.784066E-01
       791  1.153851E-01
       792  6.972823E-01
       793  1.529609E-01
       794  5.595400E-02
       795  1.605120E-01
       796  7.497008E-02
       797  2.212432E-01
       798  1.292575E-01
       799  3.270852E-01
       800  2.043593E-01
       801  5.931515E-01
       802  2.867085E-02
       803  9.126945E-03
       804  2.604655E-02
       805  8.745304E-03
       806  5.932919E-02
       807  2.318642E-02
       808  4.628197E-02
       809  1.688861E-02
       810  2.429257E-02
       811  1.052546E-01
       812  2.214653E-02
       813  9.885679E-02
       814  8.087736E-02
       815  3.087601E-01
       816  8.407959E-02
       817  3.013040E-01
       818  2.604655E-02
       819  8.745304E-03
       820  2.867085E-02
       821  9.126945E-03
       822  4.628197E-02
       823  1.688861E-02
       824  5.932919E-02
       825  2.318642E-02
       826  2.214653E-02
       827  9.885679E-02
       828  2.429257E-02
       829  1.052546E-01
       830  8.407959E-02
       831  3.013040E-01
       832  8.087736E-02
       833  3.087601E-01
       834  3.149526E-01
       835  7.336653E-02
       836  1.645698E-01
       837  6.033740E-02
       838  6.972823E-01
       839  1.529609E-01
       840  2.784066E-01
       841  1.153851E-01
       842  7.497008E-02
       843  2.212432E-01
       844  5.595400E-02
       845  1.605120E-01
       846  2.043593E-01
       847  5.931515E-01
       848  1.292575E-01
       849  3.270852E-01
       850  6.526226E-01
       851  4.877690E-02
       852  9.183502E-02
       853  3.033771E-02
       854  7.303714E-02
       855  7.995324E-02
       856  1.145597E-01
       857  1.491052E-02
       858  4.485572E-02
       859  4.339590E-01
       860  3.643773E-02
       861  7.544698E-02
       862  3.738368E-02
       863  7.601153E-02
       864  1.949306E-02
       865  4.163737E-02
       866  9.820362E-03
       867  3.498912E-02
       868  3.888505E-01
       869  4.813869E-02
       870  8.775416E-02
       871  7.627515E-02
       872  9.247784E-02
       873  9.699966E-03
       874  3.816859E-02
       875  1.566704E-02
       876  2.543778E-02
