
                        S T E P       1


                                INCREMENT     1


 displacements (vx,vy,vz) for set NALL and time  0.1000000E+01

         1  0.000000E+00  0.000000E+00 -6.617445E-25
         2  0.000000E+00  6.617445E-25 -1.654361E-25
         3  0.000000E+00  0.000000E+00 -1.323489E-24
         4  0.000000E+00  0.000000E+00  4.632211E-23
         5  4.835531E-04 -7.329804E-06 -5.438641E-04
         6  4.832046E-04  5.911193E-06  4.735555E-04
         7 -3.629722E-04  1.689206E-05 -5.447393E-04
         8 -3.626472E-04 -6.549442E-06  4.750487E-04
         9  1.307258E-03  1.857785E-06 -1.609148E-03
        10  1.307783E-03  1.428202E-05  1.579602E-03
        11 -1.290559E-03 -5.800346E-07 -1.610243E-03
        12 -1.290940E-03  1.137206E-06  1.579984E-03
        13  2.289984E-03  1.782867E-07 -2.805250E-03
        14  2.289340E-03  1.226649E-05  2.901493E-03
        15 -2.464932E-03  1.669674E-05 -2.805458E-03
        16 -2.464636E-03 -5.840397E-06  2.900881E-03
        17  3.491222E-03  1.796592E-05 -4.145259E-03
        18  3.491391E-03  4.760156E-06  4.164869E-03
        19 -3.432671E-03  1.462636E-05 -4.145151E-03
        20 -3.432661E-03  3.058500E-07  4.164801E-03
        21  5.000000E-03  8.470329E-23 -6.000000E-03
        22  5.000000E-03 -4.235165E-23  6.000000E-03
        23 -5.000000E-03  0.000000E+00 -6.000000E-03
        24 -5.000000E-03  8.470329E-22  6.000000E-03
        25  2.094290E-03 -1.829509E-05 -2.253992E-03
        26  1.520578E-03 -3.375480E-06  2.316911E-03
        27 -1.676330E-03 -1.325036E-05 -2.249098E-03
        28 -2.237343E-03 -2.098639E-05  2.313385E-03
        29  2.743382E-03 -5.941314E-06 -2.976152E-03
        30  3.159680E-03 -1.012421E-05 -3.229105E-03
        31  3.435268E-03 -1.501729E-06 -3.690152E-03
        32  2.202695E-03 -3.271721E-06  3.239042E-03
        33  2.335643E-03 -1.077243E-05  3.641998E-03
        34  2.802688E-03 -7.036587E-06  3.904972E-03
        35 -2.339452E-03  3.964159E-06 -3.120531E-03
        36 -2.418808E-03 -3.574980E-06 -3.505403E-03
        37 -2.824044E-03  1.520071E-06 -3.819467E-03
        38 -2.916383E-03 -1.671164E-05  3.144255E-03
        39 -3.301928E-03 -2.160083E-05  3.446504E-03
        40 -3.478237E-03 -1.497611E-05  3.802279E-03
        41  3.879484E-03  1.071714E-06 -4.682720E-03
        42  4.071553E-03 -1.041529E-05 -5.578607E-03
        43  4.602393E-03  9.169084E-06 -6.207575E-03
        44  3.479804E-03 -4.182397E-06  4.513531E-03
        45  3.543987E-03 -1.616444E-05  5.389601E-03
        46  4.091628E-03  5.741819E-06  6.295249E-03
        47 -3.228851E-03 -2.071527E-06 -4.592690E-03
        48 -3.094695E-03 -1.373563E-05 -5.321212E-03
        49 -3.616063E-03  2.344646E-07 -6.025502E-03
        50 -3.643138E-03 -1.396533E-05  4.576877E-03
        51 -3.627173E-03 -2.333046E-05  5.203768E-03
        52 -4.149527E-03 -8.536218E-06  5.821410E-03
        53  4.212741E-07 -1.419993E-06  4.870943E-07
        54  2.517138E-07 -1.551797E-06  5.229814E-07
        55  3.042748E-07 -1.346625E-07  6.166029E-08
        56  4.106677E-07  8.408777E-07 -2.472854E-07
        57  2.786488E-07  2.519650E-07 -6.716807E-08
        58  3.923897E-07 -5.856190E-07  2.088882E-07
        59 -6.656756E-07  1.710166E-06  2.341311E-07
        60 -1.363410E-06  3.343628E-06  1.567837E-08
        61 -6.943200E-07  1.652174E-06 -1.893364E-07
        62 -4.785466E-07  1.142363E-06 -9.505987E-08
        63 -9.726481E-07  2.388377E-06  3.877461E-08
        64 -4.881412E-07  1.259690E-06  2.072815E-07
        65  1.307904E-03  8.344407E-06 -8.210593E-05
        66 -1.290327E-03  3.441364E-07  7.232261E-05
        67  6.867186E-05 -1.024263E-06 -1.608589E-03
        68 -5.810416E-05  9.000091E-06  1.580719E-03
        69  3.489635E-03 -1.376334E-05 -2.169628E-03
        70  3.490185E-03  1.176572E-05 -5.898646E-05
        71  3.489558E-03  3.793373E-05  2.085946E-03
        72 -3.433737E-03  3.299581E-05 -2.072144E-03
        73 -3.433146E-03  4.987692E-06  8.017825E-05
        74 -3.433676E-03 -2.135789E-05  2.197209E-03
        75  1.847985E-03  4.440319E-05 -4.146508E-03
        76  8.651316E-05  1.187611E-05 -4.145831E-03
        77 -1.704864E-03 -1.748219E-05 -4.146263E-03
        78  1.756918E-03 -2.360977E-05  4.164001E-03
        79 -3.357511E-05  6.179674E-07  4.164257E-03
        80 -1.792352E-03  2.751138E-05  4.163675E-03
        81  4.997010E-03 -6.064798E-05 -3.278323E-03
        82  4.998352E-03 -2.687018E-05 -9.794937E-05
        83  4.997591E-03  1.562853E-05  3.132300E-03
        84 -5.005562E-03  8.791162E-05 -2.890231E-03
        85 -5.003288E-03 -2.938822E-05  3.292928E-04
        86 -5.005712E-03 -1.337162E-04  3.383878E-03
        87  2.788367E-03 -5.349951E-05 -5.998280E-03
        88  2.450423E-04 -1.333099E-05 -5.998724E-03
        89 -2.424287E-03  3.620649E-05 -5.997312E-03
        90  2.599079E-03  1.003249E-04  6.003871E-03
        91 -1.010530E-04  6.368702E-05  6.001329E-03
        92 -2.754431E-03  9.532928E-06  6.000693E-03
        93 -3.785906E-05 -2.683557E-05 -1.697787E-04
        94 -8.386237E-05  2.591033E-05 -1.670283E-04
        95  9.240557E-05  1.999165E-05  1.432846E-04
        96  9.826129E-05 -2.666768E-05  1.434907E-04
        97  1.592427E-04  2.905332E-05  9.215719E-05
        98  1.618043E-04 -2.959678E-05 -5.351007E-05
        99 -1.063056E-04  6.202378E-06  1.947019E-05
       100 -1.145524E-04  9.607788E-06 -9.659696E-05
       101  2.909408E-04 -5.440659E-05 -1.048759E-03
       102 -1.595954E-04  4.849679E-05 -1.042881E-03
       103  2.104557E-04  1.696637E-05  9.342812E-04
       104 -4.691256E-05 -1.879608E-05  9.390255E-04
       105  8.918990E-04  4.422070E-05  1.176266E-04
       106  8.852588E-04 -3.391822E-05 -1.261444E-04
       107 -6.867545E-04  4.344684E-05  1.110809E-05
       108 -6.959659E-04 -2.031800E-05 -1.710781E-04
       109  9.370241E-04  7.030509E-05 -5.532306E-03
       110 -3.632577E-04 -6.252207E-05 -5.584379E-03
       111  7.361123E-04 -1.925830E-05  5.280576E-03
       112 -2.962557E-04  1.089237E-04  5.774952E-03
       113  4.285100E-03 -2.648678E-06  1.432256E-03
       114  4.129544E-03 -1.988617E-05 -1.432666E-03
       115 -3.656021E-03 -9.458970E-05  1.144446E-03
       116 -3.790462E-03  6.717911E-05 -9.452207E-04

 forces (fx,fy,fz) for set RIGHT and time  0.1000000E+01

        21  3.765298E+03 -2.650430E+02 -3.759434E+03
        22  4.608415E+03  1.662406E+03  5.234284E+03
        23 -3.603743E+03 -5.807130E+02 -3.651027E+03
        24 -4.391817E+03  6.017771E+02  2.068685E+03

 internal energy (element, energy) for set ALL and time  0.1000000E+01

         1  3.141090E-01
         2  4.204745E-01
         3  4.646597E-01
         4  3.426931E-01
         5  3.794243E-02
         6  6.819969E-02
         7  7.279016E-02
         8  1.608682E-02
         9  1.490110E-03
        10  2.398495E-03
        11  5.902551E-03
        12  3.405079E-03
        13  1.100096E-02
        14  1.205929E-02
        15  1.447908E-03
        16  2.686350E-03
        17  7.732427E-04
        18  8.980200E-04
        19  9.446432E-04
        20  1.879765E-03
        21  9.684757E-04
        22  6.337875E-04
        23  9.264636E-04
        24  3.810638E-03
        25  9.916945E-04
        26  8.261383E-04
        27  8.699501E-04
        28  1.536096E-03
        29  7.707648E-04
        30  8.869951E-04
        31  9.125590E-04
        32  7.457878E-04
        33  8.395475E-03
        34  6.124495E-03
        35  2.934717E-02
        36  3.755702E-02
        37  8.983083E-03
        38  1.145917E-02
        39  1.684259E-02
        40  4.932481E-02
        41  6.575673E-03
        42  5.856143E-03
        43  1.074306E-02
        44  2.083110E-02
        45  3.816582E-03
        46  2.880668E-03
        47  9.444751E-03
        48  9.875956E-03
        49  8.249725E-04
        50  6.595427E-05
        51  1.886159E-05
        52  2.426835E-04
        53  6.529161E-04
        54  5.089402E-05
        55  4.262011E-05
        56  5.504098E-04
        57  6.758122E-04
        58  7.125984E-05
        59  5.926479E-05
        60  5.314904E-04
        61  1.932618E-04
        62  2.362940E-05
        63  4.478636E-05
        64  4.468538E-04
        65  1.326266E+00
        66  7.429273E-01
        67  1.082475E+00
        68  8.640306E-01
        69  4.008072E-03
        70  1.054816E-02
        71  1.923521E-02
        72  7.592693E-03
        73  6.819033E-03
        74  1.616412E-02
        75  2.471032E-02
        76  1.129798E-02
        77  1.201109E+00
        78  1.029231E+00
        79  1.126663E+00
        80  1.062202E+00
        81  1.504742E-02
        82  3.352248E-03
        83  8.885437E-04
        84  8.691560E-03
        85  5.066847E-03
        86  5.987162E-04
        87  2.575965E-03
        88  1.045258E-02
        89  1.870963E-02
        90  3.717700E-03
        91  1.357788E-03
        92  1.206234E-02
        93  5.335370E-03
        94  8.185079E-04
        95  2.343242E-03
        96  9.678066E-03
        97  1.463601E-01
        98  2.626272E-02
        99  1.176618E-02
       100  1.082397E-01
       101  3.455644E-02
       102  3.704426E-03
       103  2.373806E-02
       104  8.588875E-02
       105  6.510150E-02
       106  2.074538E-02
       107  3.458293E-03
       108  2.506981E-02
       109  1.414655E-01
       110  1.784156E-02
       111  2.917011E-02
       112  1.536781E-01
       113  1.602178E-01
       114  9.770930E-02
       115  1.518468E-01
       116  1.586766E-01
       117  1.074112E-01
       118  1.308700E-01
       119  1.287660E-01
       120  1.003140E-01
       121  2.770346E-01
       122  1.222582E-01
       123  3.290652E-01
       124  1.632563E-01
       125  1.800563E-01
       126  2.897900E-01
       127  9.689784E-02
       128  1.777055E-01
       129  9.697872E-01
       130  4.610173E-01
       131  7.004690E-01
       132  4.040141E-01
       133  4.871937E-01
       134  9.466090E-01
       135  4.350471E-01
       136  6.864332E-01
       137  1.670248E+00
       138  6.310350E-01
       139  1.417421E+00
       140  5.130282E-01
       141  6.770850E-01
       142  1.766159E+00
       143  4.803754E-01
       144  1.196034E+00
       145  1.478110E+00
       146  1.940057E+00
       147  1.741169E+00
       148  2.129497E+00
       149  1.865637E+00
       150  2.033273E+00
       151  2.172872E+00
       152  2.306443E+00
       153  1.850315E+00
       154  2.160869E+00
       155  1.767423E+00
       156  1.880381E+00
       157  2.327082E+00
       158  2.260744E+00
       159  1.802287E+00
       160  1.912103E+00
       161  1.671790E+00
       162  1.655966E+00
       163  1.380454E+00
       164  1.279579E+00
       165  1.399500E+00
       166  1.751559E+00
       167  1.377157E+00
       168  1.377709E+00
       169  2.081565E+00
       170  1.415190E+00
       171  1.993065E+00
       172  1.395200E+00
       173  1.600101E+00
       174  1.862301E+00
       175  1.585926E+00
       176  1.923013E+00

 total internal energy for set ALL and time  0.1000000E+01

        8.506347E+01
