
                        S T E P       1


                                INCREMENT     1


 displacements (vx,vy,vz) for set TIP_TOP and time  0.1000000E+01

       887  8.792724E-02 -2.166479E-03 -2.360082E+00
       888  8.787553E-02 -2.118970E-03 -2.355070E+00
       891  8.778592E-02 -1.964360E-03 -2.350276E+00
       894  8.779793E-02 -1.516828E-03 -2.346104E+00
       896  8.788624E-02 -5.849732E-04 -2.343531E+00
       898  8.789378E-02  3.712921E-11 -2.343349E+00
       900  8.788624E-02  5.849733E-04 -2.343531E+00
       903  8.779793E-02  1.516828E-03 -2.346104E+00
       906  8.778592E-02  1.964360E-03 -2.350276E+00
       909  8.787553E-02  2.118970E-03 -2.355070E+00
       912  8.792724E-02  2.166479E-03 -2.360082E+00

 forces (fx,fy,fz) for set CLAMP and time  0.1000000E+01

         1  1.342804E+03  2.886459E+03  8.606881E+02
         4  2.265977E+03 -5.623256E-09  1.713187E+03
         5  3.770297E+03  1.076077E+04  1.416437E+03
         8  6.680742E+03 -3.576605E-08  3.094448E+03
         9  3.900270E+03  1.171687E+04 -5.135437E+02
        12  6.944172E+03 -4.537410E-08 -1.029425E+03
        13  1.991631E+03  5.891868E+03 -6.143192E+02
        16  3.535379E+03 -1.795884E-08 -1.229902E+03
        17  1.097593E+02  1.533498E+02 -6.651581E+02
        20  1.884687E+02  9.097636E-09 -1.335277E+03
        21 -1.607834E+02 -1.903942E+03 -2.614589E+03
        24 -1.517770E+03  1.797605E-08 -8.440014E+02
        26  1.342804E+03 -2.886459E+03  8.606881E+02
        28  3.770297E+03 -1.076077E+04  1.416437E+03
        30  3.900270E+03 -1.171687E+04 -5.135437E+02
        32  1.991631E+03 -5.891868E+03 -6.143192E+02
        34  1.097593E+02 -1.533498E+02 -6.651581E+02
        36 -1.607834E+02  1.903942E+03 -2.614589E+03
        37  1.012798E+02 -8.957658E+02 -2.395565E+03
        40  9.973824E+02 -8.368183E+01 -4.535071E+03
        41 -2.093624E+03 -2.079060E+03 -5.902905E+02
        44 -2.896504E+03 -2.009271E+02 -1.167891E+03
        45 -2.369631E+03 -1.184509E+03  2.925383E+03
        48 -4.248162E+03 -1.175165E+02  5.658790E+03
        50  1.220339E+03 -9.308119E+01 -4.350603E+03
        52 -2.813915E+03 -2.103874E+02 -1.176118E+03
        54 -4.399076E+03 -1.168979E+02  5.540972E+03
        56  1.310191E+03 -8.932339E+01 -4.335511E+03
        58 -2.824471E+03 -1.784570E+02 -1.178167E+03
        60 -4.508584E+03 -9.148863E+01  5.561427E+03
        62 -1.956662E+03 -8.073690E+01 -7.717822E+02
        64 -3.116231E+03 -3.764979E+01  3.839589E+03
        66 -1.050561E+03  5.858781E-09 -4.019437E+02
        68 -1.668879E+03  1.486880E-09  2.060370E+03
        70 -1.956662E+03  8.073690E+01 -7.717822E+02
        72 -3.116231E+03  3.764979E+01  3.839589E+03
        74  1.310191E+03  8.932339E+01 -4.335511E+03
        76 -2.824471E+03  1.784570E+02 -1.178167E+03
        78 -4.508584E+03  9.148863E+01  5.561427E+03
        80  1.220339E+03  9.308119E+01 -4.350603E+03
        82 -2.813915E+03  2.103874E+02 -1.176118E+03
        84 -4.399076E+03  1.168979E+02  5.540972E+03
        86  9.973824E+02  8.368183E+01 -4.535071E+03
        88 -2.896504E+03  2.009271E+02 -1.167891E+03
        90 -4.248162E+03  1.175165E+02  5.658790E+03
        92  1.012798E+02  8.957658E+02 -2.395565E+03
        94 -2.093624E+03  2.079060E+03 -5.902905E+02
        96 -2.369631E+03  1.184509E+03  2.925383E+03
      1114  1.904885E+03  5.147588E+03  2.500549E+02
      1115  2.267881E+03  1.206386E+01  1.715654E+03
      1116  3.044168E+03  2.995686E+01  5.043544E+02
      1117  8.640194E+02  3.272133E+01 -1.101310E+03
      1118  3.043495E+03 -4.094279E-09  5.094793E+02
      1133  2.267881E+03 -1.206386E+01  1.715654E+03
      1134  3.044168E+03 -2.995686E+01  5.043544E+02
      1135  8.640194E+02 -3.272133E+01 -1.101310E+03
      1136  1.904885E+03 -5.147588E+03  2.500549E+02

 internal energy (element, energy) for set EALL and time  0.1000000E+01

         1  1.490184E+01
         2  1.134815E+01
         3  1.485389E+01
         4  1.130660E+01
         5  1.431929E+01
         6  1.077491E+01
         7  1.438425E+01
         8  1.080155E+01
         9  5.328863E+01
        10  2.075640E+01
        11  4.764114E+00
        12  4.270781E+00
        13  1.485389E+01
        14  1.130660E+01
        15  1.490184E+01
        16  1.134815E+01
        17  1.438425E+01
        18  1.080155E+01
        19  1.431929E+01
        20  1.077491E+01
        21  5.328863E+01
        22  2.075640E+01
        23  4.764114E+00
        24  4.270781E+00
        25  8.514493E+00
        26  1.234986E+01
        27  8.051782E+00
        28  1.186542E+01
        29  7.961233E+00
        30  1.182026E+01
        31  8.069140E+00
        32  1.197940E+01
        33  2.957145E+00
        34  4.396636E+00
        35  2.957145E+00
        36  4.396636E+00
        37  8.069140E+00
        38  1.197940E+01
        39  7.961233E+00
        40  1.182026E+01
        41  8.051782E+00
        42  1.186542E+01
        43  8.514493E+00
        44  1.234986E+01
        45  1.428788E+01
        46  1.132434E+01
        47  1.424726E+01
        48  1.130304E+01
        49  1.476617E+01
        50  1.140550E+01
        51  1.478249E+01
        52  1.142089E+01
        53  5.892958E+01
        54  2.492489E+01
        55  6.385896E+00
        56  5.473189E+00
        57  1.424726E+01
        58  1.130304E+01
        59  1.428788E+01
        60  1.132434E+01
        61  1.478249E+01
        62  1.142089E+01
        63  1.476617E+01
        64  1.140550E+01
        65  5.892958E+01
        66  2.492489E+01
        67  6.385896E+00
        68  5.473189E+00
        69  8.678162E+00
        70  1.252319E+01
        71  9.159787E+00
        72  1.309781E+01
        73  9.340931E+00
        74  1.330252E+01
        75  9.437632E+00
        76  1.338738E+01
        77  3.439304E+00
        78  4.868694E+00
        79  3.439304E+00
        80  4.868694E+00
        81  9.437632E+00
        82  1.338738E+01
        83  9.340931E+00
        84  1.330252E+01
        85  9.159787E+00
        86  1.309781E+01
        87  8.678162E+00
        88  1.252319E+01
        89  1.024455E+02
        90  5.479287E+01
        91  2.250208E+01
        92  5.857713E+00
        93  4.653450E+00
        94  1.024455E+02
        95  5.479287E+01
        96  2.250208E+01
        97  5.857713E+00
        98  4.653450E+00
        99  8.235483E+00
       100  1.211428E+01
       101  8.264454E+00
       102  1.213642E+01
       103  8.365146E+00
       104  1.224869E+01
       105  8.435463E+00
       106  1.230915E+01
       107  3.068330E+00
       108  4.474830E+00
       109  3.068330E+00
       110  4.474830E+00
       111  8.435463E+00
       112  1.230915E+01
       113  8.365146E+00
       114  1.224869E+01
       115  8.264454E+00
       116  1.213642E+01
       117  8.235483E+00
       118  1.211428E+01
       119  9.741125E+01
       120  5.227031E+01
       121  2.185340E+01
       122  5.843286E+00
       123  4.290457E+00
       124  9.741125E+01
       125  5.227031E+01
       126  2.185340E+01
       127  5.843286E+00
       128  4.290457E+00
       129  7.922959E+00
       130  1.171725E+01
       131  7.902065E+00
       132  1.168166E+01
       133  7.894056E+00
       134  1.165882E+01
       135  7.921679E+00
       136  1.166282E+01
       137  2.878650E+00
       138  4.236741E+00
       139  2.878650E+00
       140  4.236741E+00
       141  7.921679E+00
       142  1.166282E+01
       143  7.894056E+00
       144  1.165882E+01
       145  7.902065E+00
       146  1.168166E+01
       147  7.922959E+00
       148  1.171725E+01
       149  9.174588E+01
       150  4.970257E+01
       151  2.108003E+01
       152  5.881186E+00
       153  4.013397E+00
       154  9.174588E+01
       155  4.970257E+01
       156  2.108003E+01
       157  5.881186E+00
       158  4.013397E+00
       159  7.390145E+00
       160  1.108295E+01
       161  7.402755E+00
       162  1.109500E+01
       163  7.424191E+00
       164  1.111962E+01
       165  7.464551E+00
       166  1.114805E+01
       167  2.711966E+00
       168  4.051400E+00
       169  2.711966E+00
       170  4.051400E+00
       171  7.464551E+00
       172  1.114805E+01
       173  7.424191E+00
       174  1.111962E+01
       175  7.402755E+00
       176  1.109500E+01
       177  7.390145E+00
       178  1.108295E+01
       179  8.566081E+01
       180  4.677362E+01
       181  2.018988E+01
       182  5.879094E+00
       183  3.757674E+00
       184  8.566081E+01
       185  4.677362E+01
       186  2.018988E+01
       187  5.879094E+00
       188  3.757674E+00
       189  6.895157E+00
       190  1.047298E+01
       191  6.910554E+00
       192  1.049210E+01
       193  6.937783E+00
       194  1.052631E+01
       195  6.986936E+00
       196  1.056097E+01
       197  2.538258E+00
       198  3.836998E+00
       199  2.538258E+00
       200  3.836998E+00
       201  6.986936E+00
       202  1.056097E+01
       203  6.937783E+00
       204  1.052631E+01
       205  6.910554E+00
       206  1.049210E+01
       207  6.895157E+00
       208  1.047298E+01
       209  7.899362E+01
       210  4.345685E+01
       211  1.917503E+01
       212  5.833902E+00
       213  3.505060E+00
       214  7.899362E+01
       215  4.345685E+01
       216  1.917503E+01
       217  5.833902E+00
       218  3.505060E+00
       219  6.382878E+00
       220  9.829196E+00
       221  6.397845E+00
       222  9.846369E+00
       223  6.424188E+00
       224  9.878381E+00
       225  6.475482E+00
       226  9.910231E+00
       227  2.351241E+00
       228  3.598575E+00
       229  2.351241E+00
       230  3.598575E+00
       231  6.475482E+00
       232  9.910231E+00
       233  6.424188E+00
       234  9.878381E+00
       235  6.397845E+00
       236  9.846369E+00
       237  6.382878E+00
       238  9.829196E+00
       239  7.211983E+01
       240  4.037432E+01
       241  1.801322E+01
       242  5.712161E+00
       243  3.263094E+00
       244  7.211983E+01
       245  4.037432E+01
       246  1.801322E+01
       247  5.712161E+00
       248  3.263094E+00
       249  5.851271E+00
       250  9.130257E+00
       251  5.868514E+00
       252  9.150755E+00
       253  5.899361E+00
       254  9.189267E+00
       255  5.959081E+00
       256  9.227992E+00
       257  2.162893E+00
       258  3.350124E+00
       259  2.162893E+00
       260  3.350124E+00
       261  5.959081E+00
       262  9.227992E+00
       263  5.899361E+00
       264  9.189267E+00
       265  5.868514E+00
       266  9.150755E+00
       267  5.851271E+00
       268  9.130257E+00
       269  9.447175E+00
       270  7.281822E+00
       271  9.452550E+00
       272  7.283348E+00
       273  8.557904E+00
       274  6.760149E+00
       275  8.553890E+00
       276  6.757484E+00
       277  3.613285E+01
       278  1.654131E+01
       279  5.495548E+00
       280  3.039944E+00
       281  9.452550E+00
       282  7.283348E+00
       283  9.447175E+00
       284  7.281822E+00
       285  8.553890E+00
       286  6.757484E+00
       287  8.557904E+00
       288  6.760149E+00
       289  3.613285E+01
       290  1.654131E+01
       291  5.495548E+00
       292  3.039944E+00
       293  5.297589E+00
       294  8.370173E+00
       295  5.315708E+00
       296  8.391481E+00
       297  5.349529E+00
       298  8.434302E+00
       299  5.419651E+00
       300  8.479592E+00
       301  1.966595E+00
       302  3.077277E+00
       303  1.966595E+00
       304  3.077277E+00
       305  5.419651E+00
       306  8.479592E+00
       307  5.349529E+00
       308  8.434302E+00
       309  5.315708E+00
       310  8.391481E+00
       311  5.297589E+00
       312  8.370173E+00
       313  8.286592E+00
       314  6.476127E+00
       315  8.287438E+00
       316  6.476876E+00
       317  7.522828E+00
       318  5.940273E+00
       319  7.523331E+00
       320  5.940307E+00
       321  3.207219E+01
       322  1.492162E+01
       323  5.247804E+00
       324  2.820744E+00
       325  8.287438E+00
       326  6.476876E+00
       327  8.286592E+00
       328  6.476127E+00
       329  7.523331E+00
       330  5.940307E+00
       331  7.522828E+00
       332  5.940273E+00
       333  3.207219E+01
       334  1.492162E+01
       335  5.247804E+00
       336  2.820744E+00
       337  4.725162E+00
       338  7.550493E+00
       339  4.740270E+00
       340  7.565285E+00
       341  4.768898E+00
       342  7.599384E+00
       343  4.840340E+00
       344  7.633328E+00
       345  1.754706E+00
       346  2.765062E+00
       347  1.754706E+00
       348  2.765062E+00
       349  4.840340E+00
       350  7.633328E+00
       351  4.768898E+00
       352  7.599384E+00
       353  4.740270E+00
       354  7.565285E+00
       355  4.725162E+00
       356  7.550493E+00
       357  7.174123E+00
       358  5.628360E+00
       359  7.173497E+00
       360  5.626297E+00
       361  6.186341E+00
       362  5.023161E+00
       363  6.187182E+00
       364  5.022950E+00
       365  2.806018E+01
       366  1.351698E+01
       367  4.917363E+00
       368  2.578456E+00
       369  7.173497E+00
       370  5.626297E+00
       371  7.174123E+00
       372  5.628360E+00
       373  6.187182E+00
       374  5.022950E+00
       375  6.186341E+00
       376  5.023161E+00
       377  2.806018E+01
       378  1.351698E+01
       379  4.917363E+00
       380  2.578456E+00
       381  4.133989E+00
       382  6.668725E+00
       383  4.151870E+00
       384  6.686882E+00
       385  4.184011E+00
       386  6.726162E+00
       387  4.262891E+00
       388  6.763533E+00
       389  1.543432E+00
       390  2.447285E+00
       391  1.543432E+00
       392  2.447285E+00
       393  4.262891E+00
       394  6.763533E+00
       395  4.184011E+00
       396  6.726162E+00
       397  4.151870E+00
       398  6.686882E+00
       399  4.133989E+00
       400  6.668725E+00
       401  6.129115E+00
       402  4.720239E+00
       403  6.127677E+00
       404  4.720588E+00
       405  5.102542E+00
       406  3.985064E+00
       407  5.103564E+00
       408  3.984541E+00
       409  3.515393E+00
       410  2.645235E+00
       411  3.521748E+00
       412  2.645020E+00
       413  3.025480E+00
       414  2.258313E+00
       415  3.025134E+00
       416  2.254138E+00
       417  1.123321E+01
       418  4.381229E+00
       419  2.341098E+00
       420  6.127677E+00
       421  4.720588E+00
       422  6.129115E+00
       423  4.720239E+00
       424  5.103564E+00
       425  3.984541E+00
       426  5.102542E+00
       427  3.985064E+00
       428  3.521748E+00
       429  2.645020E+00
       430  3.515393E+00
       431  2.645235E+00
       432  3.025134E+00
       433  2.254138E+00
       434  3.025480E+00
       435  2.258313E+00
       436  1.123321E+01
       437  4.381229E+00
       438  2.341098E+00
       439  3.518523E+00
       440  5.716207E+00
       441  3.545010E+00
       442  5.748292E+00
       443  3.590636E+00
       444  5.808974E+00
       445  3.691731E+00
       446  5.868248E+00
       447  1.336410E+00
       448  2.122777E+00
       449  1.336410E+00
       450  2.122777E+00
       451  3.691731E+00
       452  5.868248E+00
       453  3.590636E+00
       454  5.808974E+00
       455  3.545010E+00
       456  5.748292E+00
       457  3.518523E+00
       458  5.716207E+00
       459  4.685683E+00
       460  3.710626E+00
       461  4.683941E+00
       462  3.707998E+00
       463  3.990802E+00
       464  3.100310E+00
       465  3.991214E+00
       466  3.100647E+00
       467  2.895206E+00
       468  2.239879E+00
       469  2.898584E+00
       470  2.238531E+00
       471  2.353190E+00
       472  1.788149E+00
       473  2.355582E+00
       474  1.785789E+00
       475  9.418506E+00
       476  3.886955E+00
       477  2.128354E+00
       478  4.683941E+00
       479  3.707998E+00
       480  4.685683E+00
       481  3.710626E+00
       482  3.991214E+00
       483  3.100647E+00
       484  3.990802E+00
       485  3.100310E+00
       486  2.898584E+00
       487  2.238531E+00
       488  2.895206E+00
       489  2.239879E+00
       490  2.355582E+00
       491  1.785789E+00
       492  2.353190E+00
       493  1.788149E+00
       494  9.418506E+00
       495  3.886955E+00
       496  2.128354E+00
       497  2.878373E+00
       498  4.696120E+00
       499  2.907998E+00
       500  4.732938E+00
       501  2.957999E+00
       502  4.801122E+00
       503  3.079304E+00
       504  4.865800E+00
       505  1.115571E+00
       506  1.754786E+00
       507  1.115571E+00
       508  1.754786E+00
       509  3.079304E+00
       510  4.865800E+00
       511  2.957999E+00
       512  4.801122E+00
       513  2.907998E+00
       514  4.732938E+00
       515  2.878373E+00
       516  4.696120E+00
       517  3.507485E+00
       518  2.792645E+00
       519  3.506451E+00
       520  2.790563E+00
       521  2.837844E+00
       522  2.213772E+00
       523  2.837915E+00
       524  2.214158E+00
       525  2.201453E+00
       526  1.728761E+00
       527  2.203696E+00
       528  1.726466E+00
       529  1.689866E+00
       530  1.299703E+00
       531  1.692169E+00
       532  1.297908E+00
       533  7.229348E+00
       534  3.243919E+00
       535  1.872252E+00
       536  3.506451E+00
       537  2.790563E+00
       538  3.507485E+00
       539  2.792645E+00
       540  2.837915E+00
       541  2.214158E+00
       542  2.837844E+00
       543  2.213772E+00
       544  2.203696E+00
       545  1.726466E+00
       546  2.201453E+00
       547  1.728761E+00
       548  1.692169E+00
       549  1.297908E+00
       550  1.689866E+00
       551  1.299703E+00
       552  7.229348E+00
       553  3.243919E+00
       554  1.872252E+00
       555  2.237606E+00
       556  3.650752E+00
       557  2.262238E+00
       558  3.677924E+00
       559  2.305496E+00
       560  3.735811E+00
       561  2.438987E+00
       562  3.790219E+00
       563  8.832882E-01
       564  1.357320E+00
       565  8.832882E-01
       566  1.357320E+00
       567  2.438987E+00
       568  3.790219E+00
       569  2.305496E+00
       570  3.735811E+00
       571  2.262238E+00
       572  3.677924E+00
       573  2.237606E+00
       574  3.650752E+00
       575  2.387803E+00
       576  1.913043E+00
       577  2.386936E+00
       578  1.911306E+00
       579  1.771698E+00
       580  1.388777E+00
       581  1.771858E+00
       582  1.389362E+00
       583  1.525942E+00
       584  1.218071E+00
       585  1.527667E+00
       586  1.215897E+00
       587  1.068394E+00
       588  8.378127E-01
       589  1.070253E+00
       590  8.365842E-01
       591  5.090936E+00
       592  2.529780E+00
       593  3.661370E-01
       594  3.742863E-01
       595  3.565889E-01
       596  3.384546E-01
       597  4.206367E-02
       598  3.863061E-02
       599  4.230658E-02
       600  3.540915E-02
       601  2.386936E+00
       602  1.911306E+00
       603  2.387803E+00
       604  1.913043E+00
       605  1.771858E+00
       606  1.389362E+00
       607  1.771698E+00
       608  1.388777E+00
       609  1.527667E+00
       610  1.215897E+00
       611  1.525942E+00
       612  1.218071E+00
       613  1.070253E+00
       614  8.365842E-01
       615  1.068394E+00
       616  8.378127E-01
       617  5.090936E+00
       618  2.529780E+00
       619  3.565889E-01
       620  3.384546E-01
       621  3.661370E-01
       622  3.742863E-01
       623  4.230658E-02
       624  3.540915E-02
       625  4.206367E-02
       626  3.863061E-02
       627  1.657710E+00
       628  2.677496E+00
       629  1.655190E+00
       630  2.655413E+00
       631  1.672890E+00
       632  2.672954E+00
       633  1.811072E+00
       634  2.708498E+00
       635  6.570140E-01
       636  9.576317E-01
       637  6.570140E-01
       638  9.576317E-01
       639  1.811072E+00
       640  2.708498E+00
       641  1.672890E+00
       642  2.672954E+00
       643  1.655190E+00
       644  2.655413E+00
       645  1.657710E+00
       646  2.677496E+00
       647  1.377130E+00
       648  1.113300E+00
       649  1.376368E+00
       650  1.111902E+00
       651  8.632556E-01
       652  6.830192E-01
       653  8.635214E-01
       654  6.836908E-01
       655  9.041043E-01
       656  7.404094E-01
       657  9.051274E-01
       658  7.385450E-01
       659  5.333472E-01
       660  4.352691E-01
       661  5.345884E-01
       662  4.346699E-01
       663  3.098922E+00
       664  1.819404E+00
       665  2.916155E-01
       666  3.176130E-01
       667  2.977045E-01
       668  2.621185E-01
       669  3.814414E-02
       670  4.254779E-02
       671  3.945456E-02
       672  2.906759E-02
       673  1.376368E+00
       674  1.111902E+00
       675  1.377130E+00
       676  1.113300E+00
       677  8.635214E-01
       678  6.836908E-01
       679  8.632556E-01
       680  6.830192E-01
       681  9.051274E-01
       682  7.385450E-01
       683  9.041043E-01
       684  7.404094E-01
       685  5.345884E-01
       686  4.346699E-01
       687  5.333472E-01
       688  4.352691E-01
       689  3.098922E+00
       690  1.819405E+00
       691  2.977045E-01
       692  2.621185E-01
       693  2.916155E-01
       694  3.176130E-01
       695  3.945456E-02
       696  2.906759E-02
       697  3.814414E-02
       698  4.254779E-02
       699  1.222884E+00
       700  1.877969E+00
       701  1.154414E+00
       702  1.735643E+00
       703  1.104051E+00
       704  1.650721E+00
       705  1.221287E+00
       706  1.643013E+00
       707  4.456236E-01
       708  5.645691E-01
       709  4.456236E-01
       710  5.645691E-01
       711  1.221287E+00
       712  1.643013E+00
       713  1.104051E+00
       714  1.650721E+00
       715  1.154414E+00
       716  1.735643E+00
       717  1.222884E+00
       718  1.877969E+00
       719  5.653885E-01
       720  4.640345E-01
       721  5.648796E-01
       722  4.630811E-01
       723  2.211466E-01
       724  1.863564E-01
       725  2.212951E-01
       726  1.867168E-01
       727  3.915193E-01
       728  3.411517E-01
       729  3.918215E-01
       730  3.400319E-01
       731  1.584882E-01
       732  1.500120E-01
       733  1.589798E-01
       734  1.497289E-01
       735  1.520692E+00
       736  1.205601E+00
       737  2.118589E-01
       738  2.422669E-01
       739  2.157906E-01
       740  1.896298E-01
       741  4.931877E-02
       742  7.536695E-02
       743  5.080482E-02
       744  4.912454E-02
       745  5.648796E-01
       746  4.630811E-01
       747  5.653885E-01
       748  4.640345E-01
       749  2.212951E-01
       750  1.867168E-01
       751  2.211466E-01
       752  1.863564E-01
       753  3.918215E-01
       754  3.400319E-01
       755  3.915193E-01
       756  3.411517E-01
       757  1.589798E-01
       758  1.497289E-01
       759  1.584882E-01
       760  1.500120E-01
       761  1.520692E+00
       762  1.205601E+00
       763  2.157906E-01
       764  1.896298E-01
       765  2.118589E-01
       766  2.422669E-01
       767  5.080482E-02
       768  4.912454E-02
       769  4.931877E-02
       770  7.536695E-02
       771  8.827498E-01
       772  1.148628E+00
       773  8.144309E-01
       774  9.580996E-01
       775  7.470928E-01
       776  8.429881E-01
       777  8.818085E-01
       778  8.281110E-01
       779  2.734643E-01
       780  2.872114E-01
       781  2.734643E-01
       782  2.872114E-01
       783  8.818085E-01
       784  8.281110E-01
       785  7.470928E-01
       786  8.429881E-01
       787  8.144309E-01
       788  9.580996E-01
       789  8.827498E-01
       790  1.148628E+00
       791  8.700648E-02
       792  7.632627E-02
       793  8.679629E-02
       794  7.600794E-02
       795  8.815781E-03
       796  1.122638E-02
       797  8.796008E-03
       798  1.111858E-02
       799  7.234858E-02
       800  7.639953E-02
       801  7.205951E-02
       802  7.571095E-02
       803  1.632254E-02
       804  2.686199E-02
       805  1.617177E-02
       806  2.677352E-02
       807  4.281628E-01
       808  5.422225E-01
       809  9.446214E-02
       810  1.570020E-01
       811  9.800710E-02
       812  1.048141E-01
       813  6.197584E-02
       814  2.173503E-01
       815  6.908721E-02
       816  1.112948E-01
       817  8.679629E-02
       818  7.600794E-02
       819  8.700648E-02
       820  7.632627E-02
       821  8.796008E-03
       822  1.111858E-02
       823  8.815781E-03
       824  1.122638E-02
       825  7.205951E-02
       826  7.571095E-02
       827  7.234858E-02
       828  7.639953E-02
       829  1.617177E-02
       830  2.677352E-02
       831  1.632254E-02
       832  2.686199E-02
       833  4.281628E-01
       834  5.422225E-01
       835  9.800710E-02
       836  1.048141E-01
       837  9.446214E-02
       838  1.570020E-01
       839  6.908721E-02
       840  1.112948E-01
       841  6.197584E-02
       842  2.173503E-01
       843  4.035215E-01
       844  4.297321E-01
       845  4.345534E-01
       846  3.285259E-01
       847  5.965964E-01
       848  5.252493E-01
       849  1.435767E+00
       850  1.295484E+00
       851  2.616591E-01
       852  8.979626E-01
       853  2.616591E-01
       854  8.979626E-01
       855  1.435767E+00
       856  1.295484E+00
       857  5.965964E-01
       858  5.252493E-01
       859  4.345534E-01
       860  3.285259E-01
       861  4.035215E-01
       862  4.297321E-01
