
                        S T E P       1


                                INCREMENT     1


 displacements (vx,vy,vz) for set NALL and time  0.1000000E+01

         1  0.000000E+00 -1.033976E-26  0.000000E+00
         2  4.135903E-26 -4.135903E-26 -2.067952E-26
         3 -8.271806E-26 -8.271806E-26 -4.135903E-26
         4 -8.271806E-26  1.033976E-26 -4.135903E-26
         5  1.934038E-04 -8.609804E-06 -2.361207E-04
         6  1.935979E-04  9.663631E-06  2.390283E-04
         7 -2.266768E-04  2.453070E-06 -2.358149E-04
         8 -2.269015E-04 -1.174406E-06  2.387409E-04
         9  3.302596E-04 -1.613998E-05 -6.558431E-04
        10  3.309861E-04  1.668966E-05  6.430076E-04
        11 -4.519468E-04  1.440152E-05 -6.556612E-04
        12 -4.522651E-04 -9.482071E-06  6.434782E-04
        13  1.847786E-03 -2.440345E-05 -2.363230E-03
        14  1.847317E-03  2.508407E-05  2.368389E-03
        15 -1.909772E-03  2.871686E-05 -2.360484E-03
        16 -1.913224E-03 -1.890760E-05  2.368395E-03
        17  3.240973E-03 -1.782168E-05 -4.132803E-03
        18  3.240354E-03  3.103722E-05  4.140489E-03
        19 -3.284959E-03  4.109341E-05 -4.128892E-03
        20 -3.285576E-03 -1.537434E-05  4.139388E-03
        21  5.000000E-03  0.000000E+00 -6.000000E-03
        22  5.000000E-03 -8.470329E-23  6.000000E-03
        23 -5.000000E-03  3.642242E-21 -6.000000E-03
        24 -5.000000E-03 -1.694066E-22  6.000000E-03
        25  4.314931E-04 -2.008792E-05 -4.547141E-04
        26  3.245929E-04  7.949499E-06  4.340261E-04
        27 -3.357332E-04  2.861834E-06 -4.298515E-04
        28 -3.724039E-04 -1.220315E-05  4.018401E-04
        29  1.170901E-03 -5.417696E-05 -1.595873E-03
        30  8.752519E-04 -2.161291E-06  1.490727E-03
        31 -9.566996E-04 -5.877246E-06 -1.425213E-03
        32 -1.457218E-03 -3.434427E-05  1.547295E-03
        33  3.023677E-03 -5.431971E-05 -3.215944E-03
        34  2.238701E-03  3.314398E-06  3.111364E-03
        35 -2.284944E-03  5.668157E-06 -3.073933E-03
        36 -2.918675E-03 -3.786110E-05  3.235037E-03
        37  4.361251E-03 -3.592681E-05 -5.043750E-03
        38  2.927532E-03 -1.422238E-05  5.406720E-03
        39 -3.053480E-03 -9.288357E-06 -5.587141E-03
        40 -4.240728E-03 -3.355913E-05  5.153063E-03
        41  1.941886E-04  5.510852E-07  4.318937E-05
        42 -2.264246E-04  5.496460E-07 -3.421267E-05
        43 -5.096107E-05 -2.269137E-06 -2.357552E-04
        44  1.363435E-05  3.547024E-06  2.390133E-04
        45  3.310529E-04 -3.319743E-06 -5.415135E-04
        46  3.313021E-04  3.755155E-06 -3.877859E-04
        47  3.314078E-04  6.446909E-06 -2.069268E-04
        48  3.314259E-04  6.355511E-06 -1.225892E-05
        49  3.314602E-04  5.313196E-06  1.831011E-04
        50  3.314796E-04  5.296402E-06  3.660824E-04
        51  3.313962E-04  8.400470E-06  5.234522E-04
        52 -4.523395E-04  1.988305E-05 -5.368790E-04
        53 -4.522886E-04  1.874752E-05 -3.711729E-04
        54 -4.521633E-04  1.265858E-05 -1.747339E-04
        55 -4.521034E-04  3.658888E-06  3.467613E-05
        56 -4.522166E-04 -5.844675E-06  2.392353E-04
        57 -4.524284E-04 -1.314283E-05  4.209003E-04
        58 -4.525493E-04 -1.530246E-05  5.612487E-04
        59  2.466779E-04 -8.538228E-06 -6.560560E-04
        60  1.510441E-04 -5.010193E-06 -6.562539E-04
        61  4.717382E-05 -4.212360E-06 -6.562824E-04
        62 -6.080910E-05 -4.598764E-06 -6.563013E-04
        63 -1.688120E-04 -4.608164E-06 -6.563179E-04
        64 -2.727254E-04 -2.600406E-06 -6.562921E-04
        65 -3.683793E-04  3.184596E-06 -6.560601E-04
        66  2.408442E-04  7.322192E-06  6.425381E-04
        67  1.344756E-04  4.582070E-06  6.424461E-04
        68  1.864849E-05  6.175629E-06  6.424877E-04
        69 -9.938832E-05  9.592779E-06  6.425229E-04
        70 -2.124982E-04  1.229804E-05  6.425002E-04
        71 -3.136159E-04  1.171759E-05  6.425204E-04
        72 -3.956565E-04  5.248072E-06  6.427659E-04
        73  1.848161E-03 -2.958969E-05 -1.188680E-03
        74  1.848396E-03 -1.059337E-05  4.763129E-06
        75  1.848150E-03  1.347766E-05  1.197388E-03
        76 -1.911415E-03  5.737438E-05 -1.194380E-03
        77 -1.911247E-03  5.069644E-05  1.465913E-06
        78 -1.912030E-03  1.944818E-05  1.199238E-03
        79  8.950346E-04 -3.527916E-05 -2.362348E-03
        80 -3.750738E-05 -3.589999E-05 -2.362500E-03
        81 -9.664253E-04 -1.762030E-05 -2.362112E-03
        82  8.978364E-04  4.326911E-06  2.367258E-03
        83 -3.584181E-05 -1.427538E-06  2.367333E-03
        84 -9.679593E-04 -5.271483E-06  2.367333E-03
        85  3.242203E-03 -1.112775E-05 -1.397525E-05
        86 -3.285393E-03  2.397355E-05  4.294791E-05
        87  4.312491E-06 -5.507316E-05 -4.130470E-03
        88 -4.392341E-05 -2.172866E-05  4.138815E-03
        89  5.004240E-03  3.727190E-06  4.724256E-06
        90 -4.999227E-03  2.965797E-06 -2.416661E-05
        91 -5.663309E-05  4.495544E-05 -5.998651E-03
        92 -3.492356E-05  1.997812E-05  5.998525E-03
        93 -2.691512E-05 -1.730582E-05 -6.435737E-05
        94 -3.119712E-05  1.050856E-05 -6.190057E-05
        95  4.637572E-06  1.394906E-05  5.989525E-05
        96  3.406153E-05 -1.226774E-05  5.959421E-05
        97  5.327071E-05  1.691853E-05  4.495934E-05
        98  5.396430E-05 -1.582629E-05 -2.547542E-05
        99 -4.991033E-05 -6.051583E-06  1.874671E-05
       100 -5.248244E-05  1.016812E-05 -3.737859E-05
       101  2.906182E-05 -6.555446E-06 -4.365237E-04
       102 -3.810821E-05 -1.134611E-06 -4.543083E-04
       103 -1.469172E-05  1.342559E-05  4.018949E-04
       104 -1.254590E-05  2.127117E-06  4.334558E-04
       105  3.630154E-04 -2.019372E-05  9.284397E-05
       106  3.797718E-04  2.185542E-05 -6.937621E-05
       107 -3.428646E-04  5.197226E-06  3.142909E-05
       108 -3.508139E-04 -3.523853E-06 -6.876655E-05
       109  2.628400E-04  3.334336E-05 -1.052505E-03
       110  5.748827E-04  2.605261E-04 -2.520253E-03
       111  1.127955E-03  5.871313E-04 -4.458622E-03
       112  1.267440E-03  7.584075E-04 -5.401249E-03
       113  7.400250E-04  6.367179E-04 -4.860950E-03
       114 -2.698545E-04  2.936517E-04 -3.387984E-03
       115 -1.197908E-03  5.026815E-05 -2.418722E-03
       116 -3.917565E-04 -3.134880E-05 -1.041097E-03
       117  2.523124E-05 -2.536155E-04 -2.478015E-03
       118  7.044942E-04 -5.791815E-04 -4.415012E-03
       119  1.122421E-03 -7.555674E-04 -5.387430E-03
       120  1.134117E-03 -6.462871E-04 -4.909772E-03
       121  9.824486E-04 -3.189654E-04 -3.507812E-03
       122  1.223107E-03 -7.538611E-05 -2.543909E-03
       123  1.431427E-04 -3.762551E-05  1.070385E-03
       124 -4.249547E-04 -2.722911E-04  2.585531E-03
       125 -1.234017E-03 -6.081133E-04  4.576480E-03
       126 -1.713732E-03 -7.892624E-04  5.570594E-03
       127 -1.684701E-03 -6.748329E-04  5.064512E-03
       128 -1.395092E-03 -3.301516E-04  3.584248E-03
       129 -1.452476E-03 -6.801084E-05  2.536077E-03
       130 -4.522611E-04  4.902274E-05  1.105626E-03
       131 -7.060929E-04  2.839596E-04  2.625714E-03
       132 -1.096699E-03  6.108635E-04  4.569614E-03
       133 -1.070465E-03  7.788588E-04  5.498365E-03
       134 -4.573042E-04  6.551802E-04  4.951861E-03
       135  5.175243E-04  3.128214E-04  3.484476E-03
       136  1.299385E-03  6.265905E-05  2.491100E-03
       137  5.879100E-05  7.094874E-05 -5.449281E-04
       138 -1.484460E-03  5.147178E-04 -1.445200E-04
       139 -3.787326E-03  1.139565E-03  5.620412E-04
       140 -4.661360E-03  1.365900E-03  1.177170E-03
       141 -3.287772E-03  1.057569E-03  1.500659E-03
       142 -4.664029E-04  4.659805E-04  1.612534E-03
       143  1.480522E-03  8.653368E-05  1.876690E-03
       144  7.050769E-05 -6.754637E-05  5.495875E-04
       145 -1.419456E-03 -4.971225E-04  7.145958E-04
       146 -3.647502E-03 -1.102675E-03  1.043241E-03
       147 -4.525656E-03 -1.330812E-03  9.114078E-04
       148 -3.239448E-03 -1.043345E-03  1.150122E-04
       149 -5.164525E-04 -4.734602E-04 -1.073140E-03
       150  1.422896E-03 -9.602683E-05 -1.932829E-03
       151 -3.024887E-04 -3.694573E-05 -6.380043E-04
       152  1.139061E-03 -4.523646E-04 -7.188337E-04
       153  3.410335E-03 -1.068782E-03 -8.137166E-04
       154  4.296537E-03 -1.298246E-03 -5.957303E-04
       155  2.962910E-03 -9.991721E-04  5.879034E-05
       156  2.050632E-04 -4.212464E-04  1.001222E-03
       157 -1.641862E-03 -6.146563E-05  1.802933E-03
       158 -3.206947E-04  3.669766E-05  6.906200E-04
       159  1.054711E-03  4.344061E-04  2.574845E-04
       160  3.268071E-03  1.035939E-03 -6.840203E-04
       161  4.202618E-03  1.278196E-03 -1.416659E-03
       162  3.011039E-03  1.012505E-03 -1.638272E-03
       163  3.887658E-04  4.641390E-04 -1.535280E-03
       164 -1.477999E-03  1.008273E-04 -1.748580E-03
       165  1.567807E-03  1.407455E-05 -2.690400E-03
       166  1.631249E-03  2.386393E-04 -4.144248E-03
       167  1.876795E-03  5.681107E-04 -6.101796E-03
       168  1.634679E-03  7.374522E-04 -7.036532E-03
       169  6.622532E-04  6.060416E-04 -6.451917E-03
       170 -8.169407E-04  2.542983E-04 -4.942726E-03
       171 -2.177414E-03  2.511177E-05 -4.034418E-03
       172 -1.596689E-03 -2.903674E-05 -2.823313E-03
       173 -8.839208E-04 -2.586951E-04 -4.307118E-03
       174  1.434511E-04 -5.849965E-04 -6.248524E-03
       175  9.481006E-04 -7.564537E-04 -7.195323E-03
       176  1.367959E-03 -6.389446E-04 -6.678601E-03
       177  1.624555E-03 -3.045784E-04 -5.245843E-03
       178  2.251099E-03 -6.156690E-05 -4.284528E-03
       179  1.393176E-03 -3.167393E-05  2.812295E-03
       180  5.416040E-04 -2.705996E-04  4.354502E-03
       181 -5.777255E-04 -6.112455E-04  6.374330E-03
       182 -1.395043E-03 -7.938156E-04  7.376659E-03
       183 -1.733716E-03 -6.757909E-04  6.854159E-03
       184 -1.847562E-03 -3.249374E-04  5.347347E-03
       185 -2.351322E-03 -6.083922E-05  4.291967E-03
       186 -1.472185E-03  3.556758E-05  2.804541E-03
       187 -1.336923E-03  2.707746E-04  4.328123E-03
       188 -1.393735E-03  5.979599E-04  6.275721E-03
       189 -1.045483E-03  7.602289E-04  7.176176E-03
       190 -1.001913E-04  6.248192E-04  6.575350E-03
       191  1.219826E-03  2.738239E-04  5.071384E-03
       192  2.345976E-03  3.623447E-05  4.132192E-03
       193  1.675427E-03  3.405702E-05 -1.596840E-03
       194  1.889726E-04  4.620334E-04 -6.327408E-04
       195 -2.112931E-03  1.086685E-03  5.054415E-04
       196 -3.013047E-03  1.319619E-03  1.460000E-03
       197 -1.675451E-03  1.019661E-03  2.081671E-03
       198  1.099191E-03  4.380910E-04  2.508594E-03
       199  2.971299E-03  7.363602E-05  3.171748E-03
       200  1.632167E-03 -4.564772E-05  1.723774E-03
       201  2.379190E-04 -4.479570E-04  1.349590E-03
       202 -1.867445E-03 -1.020234E-03  1.168643E-03
       203 -2.695365E-03 -1.235444E-03  5.866956E-04
       204 -1.471252E-03 -9.618914E-04 -5.961183E-04
       205  1.104116E-03 -4.229939E-04 -2.128345E-03
       206  2.903894E-03 -7.298461E-05 -3.335953E-03
       207 -1.820953E-03 -4.935428E-06 -1.848022E-03
       208 -4.316835E-04 -4.054623E-04 -1.432011E-03
       209  1.819205E-03 -1.016219E-03 -1.037844E-03
       210  2.745120E-03 -1.255408E-03 -3.586738E-04
       211  1.503655E-03 -9.773734E-04  7.195816E-04
       212 -1.154110E-03 -4.205297E-04  2.050585E-03
       213 -2.972633E-03 -6.620323E-05  3.218852E-03
       214 -1.662198E-03  6.181536E-05  1.756999E-03
       215 -2.310625E-04  4.752347E-04  7.690811E-04
       216  1.937398E-03  1.064601E-03 -5.722321E-04
       217  2.791793E-03  1.286748E-03 -1.614000E-03
       218  1.534261E-03  1.005763E-03 -2.121418E-03
       219 -1.106927E-03  4.532638E-04 -2.346412E-03
       220 -2.930212E-03  9.854669E-05 -2.995138E-03
       221  2.647426E-03  3.045242E-05 -4.525299E-03
       222  2.510552E-03  2.875964E-04 -6.183535E-03
       223  2.672255E-03  6.761502E-04 -8.482924E-03
       224  2.335641E-03  9.101940E-04 -9.757534E-03
       225  1.139598E-03  8.218034E-04 -9.378937E-03
       226 -8.047442E-04  4.595172E-04 -7.822091E-03
       227 -2.970117E-03  1.270773E-04 -6.490649E-03
       228 -2.632518E-03 -4.138364E-05 -4.751923E-03
       229 -1.709878E-03 -2.894567E-04 -6.349112E-03
       230 -5.988181E-04 -6.273488E-04 -8.355738E-03
       231  3.020680E-04 -8.077813E-04 -9.348125E-03
       232  9.488957E-04 -6.951898E-04 -8.853361E-03
       233  1.672107E-03 -3.527083E-04 -7.383844E-03
       234  3.073241E-03 -7.161450E-05 -6.261996E-03
       235  2.441766E-03 -4.762331E-05  4.726199E-03
       236  1.375341E-03 -3.049733E-04  6.382001E-03
       237  1.643136E-04 -6.599053E-04  8.482884E-03
       238 -7.571951E-04 -8.554267E-04  9.551869E-03
       239 -1.325412E-03 -7.462122E-04  9.070111E-03
       240 -1.897409E-03 -3.894052E-04  7.536188E-03
       241 -3.145173E-03 -8.650348E-05  6.317553E-03
       242 -2.655672E-03  4.724314E-05  4.629728E-03
       243 -2.452398E-03  3.095331E-04  6.323525E-03
       244 -2.550795E-03  6.833277E-04  8.541310E-03
       245 -2.191932E-03  8.937988E-04  9.695372E-03
       246 -1.035624E-03  7.868963E-04  9.231609E-03
       247  8.349005E-04  4.226949E-04  7.668697E-03
       248  2.968312E-03  1.045594E-04  6.400521E-03
       249  3.002724E-03  5.915949E-05 -2.887770E-03
       250  1.449729E-03  5.051801E-04 -1.378342E-03
       251 -9.643355E-04  1.159294E-03  3.909916E-04
       252 -2.056316E-03  1.439569E-03  2.001578E-03
       253 -9.217911E-04  1.185791E-03  3.225382E-03
       254  1.821486E-03  6.103923E-04  4.112040E-03
       255  4.115224E-03  1.609189E-04  4.976377E-03
       256  2.916959E-03 -7.091613E-05  3.106408E-03
       257  1.339663E-03 -5.246864E-04  2.315425E-03
       258 -1.030939E-03 -1.167885E-03  1.685210E-03
       259 -2.109620E-03 -1.445624E-03  6.376363E-04
       260 -1.005391E-03 -1.199572E-03 -1.017362E-03
       261  1.718305E-03 -6.291149E-04 -3.035546E-03
       262  4.068138E-03 -1.690490E-04 -4.739420E-03
       263 -3.109666E-03 -1.742552E-05 -3.229310E-03
       264 -1.541835E-03 -4.681892E-04 -2.365114E-03
       265  1.003317E-03 -1.157655E-03 -1.448086E-03
       266  2.220457E-03 -1.469492E-03 -2.203537E-04
       267  1.132379E-03 -1.226708E-03  1.386750E-03
       268 -1.659930E-03 -6.412016E-04  3.197099E-03
       269 -4.042866E-03 -1.741564E-04  4.757122E-03
       270 -3.085777E-03  5.009209E-05  3.032915E-03
       271 -1.652111E-03  4.637484E-04  1.416777E-03
       272  6.403436E-04  1.085822E-03 -7.255650E-04
       273  1.720116E-03  1.363783E-03 -2.611137E-03
       274  6.919327E-04  1.135108E-03 -3.848448E-03
       275 -1.899949E-03  5.927695E-04 -4.520753E-03
       276 -4.097678E-03  1.622146E-04 -5.137608E-03

 forces (fx,fy,fz) for set RIGHT and time  0.1000000E+01

        21  8.533931E+02  1.056626E+03 -1.351373E+03
        22  6.330978E+02 -1.131863E+03  9.459060E+02
        23 -9.096899E+02 -4.038436E+02 -1.700983E+02
        24 -5.789514E+02  8.214266E+02  5.746578E+02

 internal energy (element, energy) for set ALL and time  0.1000000E+01

         1  6.000077E-03
         2  1.077316E-02
         3  1.054010E-02
         4  5.134810E-03
         5  2.091649E-03
         6  3.018110E-03
         7  1.051831E-03
         8  9.182212E-04
         9  2.497234E-03
        10  3.595849E-03
        11  2.065528E-03
        12  1.663466E-03
        13  2.523545E-02
        14  1.998106E-02
        15  1.121301E-02
        16  9.326584E-03
        17  7.598278E-03
        18  1.061191E-02
        19  1.347629E-02
        20  1.713136E-02
        21  1.533236E-02
        22  1.736417E-02
        23  7.709882E-03
        24  8.033299E-03
        25  7.963246E-03
        26  8.946579E-03
        27  1.438417E-02
        28  1.423006E-02
        29  2.896332E-02
        30  2.757775E-02
        31  4.822556E-02
        32  3.881715E-02
        33  3.514324E-02
        34  6.410376E-02
        35  2.508827E-02
        36  4.036818E-02
        37  1.005637E-04
        38  8.595144E-05
        39  1.835353E-04
        40  6.836629E-05
        41  9.873651E-04
        42  2.792232E-03
        43  1.861592E-03
        44  7.027921E-04
        45  1.238606E-03
        46  3.330560E-03
        47  2.206604E-03
        48  8.299413E-04
        49  4.519757E-03
        50  2.409502E-03
        51  8.739370E-04
        52  1.311552E-04
        53  1.066322E-04
        54  7.934097E-04
        55  2.252458E-03
        56  4.106116E-03
        57  6.446070E-03
        58  3.298892E-03
        59  1.000446E-03
        60  7.687104E-05
        61  4.492533E-04
        62  2.133068E-03
        63  5.283614E-03
        64  9.062220E-03
        65  1.044625E-03
        66  4.952292E-04
        67  1.712205E-04
        68  2.263029E-05
        69  2.513658E-05
        70  1.854252E-04
        71  5.280613E-04
        72  1.024754E-03
        73  1.017859E-03
        74  4.510307E-04
        75  9.294925E-05
        76  1.333966E-05
        77  1.992736E-04
        78  6.446296E-04
        79  1.367112E-03
        80  2.197630E-03
        81  1.617454E-03
        82  1.970161E-04
        83  1.227480E-04
        84  9.846094E-04
        85  1.068513E-03
        86  3.171092E-04
        87  3.601977E-04
        88  1.465917E-03
        89  1.229650E-03
        90  3.524820E-04
        91  3.650133E-04
        92  9.386280E-04
        93  1.003757E-03
        94  1.383995E-04
        95  1.105959E-04
        96  1.138489E-03
        97  3.872691E-03
        98  2.555393E-03
        99  1.964861E-03
       100  6.178138E-03
       101  3.922442E-03
       102  1.023043E-02
       103  8.544335E-03
       104  4.073415E-03
       105  3.574849E-02
       106  3.450720E-02
       107  2.818076E-02
       108  2.611901E-02
       109  8.588474E-03
       110  1.376263E-02
       111  9.176039E-03
       112  9.511655E-03
       113  4.116937E-02
       114  2.395528E-02
       115  2.350469E-02
       116  2.452572E-02
       117  2.976784E-02
       118  3.542058E-02
       119  2.500618E-02
       120  1.980066E-02
       121  5.017579E-02
       122  2.796441E-02
       123  5.156636E-02
       124  3.320914E-02
       125  3.157901E-02
       126  5.763977E-02
       127  2.936687E-02
       128  4.049915E-02
       129  5.152851E-02
       130  4.320560E-02
       131  5.931238E-02
       132  5.031704E-02
       133  5.573293E-02
       134  5.469307E-02
       135  4.813251E-02
       136  5.688982E-02
       137  6.427643E-02
       138  5.106318E-02
       139  8.813756E-02
       140  4.989242E-02
       141  5.625580E-02
       142  7.340739E-02
       143  5.684980E-02
       144  7.712983E-02
       145  7.303492E-02
       146  8.944741E-02
       147  2.895998E-02
       148  8.106177E-02
       149  8.169252E-02
       150  2.641873E-02
       151  8.962727E-02
       152  4.530275E-02
       153  7.781257E-02
       154  9.748112E-02
       155  3.050714E-02
       156  8.475689E-02
       157  8.729120E-02
       158  2.760124E-02
       159  9.028485E-02
       160  2.957990E-02
       161  8.319274E-02
       162  8.609238E-02
       163  2.382835E-02
       164  7.678111E-02
       165  7.914390E-02
       166  2.285305E-02
       167  7.928678E-02
       168  5.118741E-02
       169  9.169429E-02
       170  8.769680E-02
       171  2.836854E-02
       172  8.474808E-02
       173  8.435045E-02
       174  2.368313E-02
       175  9.103677E-02
       176  5.205273E-02
       177  5.075751E-02
       178  1.129907E-01
       179  2.676027E-02
       180  1.041220E-01
       181  1.008380E-01
       182  2.471951E-02
       183  1.351880E-01
       184  7.764932E-02
       185  5.890377E-02
       186  1.198909E-01
       187  2.779779E-02
       188  1.099466E-01
       189  1.094210E-01
       190  2.891843E-02
       191  1.370112E-01
       192  8.526547E-02
       193  4.388081E-02
       194  1.199321E-01
       195  2.863167E-02
       196  1.055696E-01
       197  1.032309E-01
       198  2.820674E-02
       199  1.395646E-01
       200  6.919312E-02
       201  4.417774E-02
       202  1.328225E-01
       203  3.182870E-02
       204  1.115743E-01
       205  1.134435E-01
       206  3.454180E-02
       207  1.325245E-01
       208  7.107502E-02
       209  8.001208E-02
       210  9.857703E-02
       211  3.080809E-02
       212  8.613037E-02
       213  8.545813E-02
       214  2.718833E-02
       215  1.055237E-01
       216  5.260693E-02
       217  7.464122E-02
       218  9.283145E-02
       219  3.126457E-02
       220  8.646946E-02
       221  8.715404E-02
       222  2.648812E-02
       223  9.367958E-02
       224  3.140956E-02
       225  8.221531E-02
       226  8.853988E-02
       227  2.484932E-02
       228  7.951518E-02
       229  8.161613E-02
       230  2.344282E-02
       231  8.338723E-02
       232  5.245874E-02
       233  9.281796E-02
       234  9.268777E-02
       235  3.071121E-02
       236  8.948155E-02
       237  8.696536E-02
       238  2.400365E-02
       239  1.062135E-01
       240  5.716818E-02
       241  5.279189E-02
       242  1.183190E-01
       243  2.528458E-02
       244  1.029464E-01
       245  1.006198E-01
       246  2.495815E-02
       247  1.394378E-01
       248  7.838319E-02
       249  5.372064E-02
       250  1.101228E-01
       251  2.501439E-02
       252  9.923599E-02
       253  9.830593E-02
       254  2.570724E-02
       255  1.274512E-01
       256  7.853747E-02
       257  4.412376E-02
       258  1.198788E-01
       259  2.615711E-02
       260  9.906691E-02
       261  9.866785E-02
       262  2.695591E-02
       263  1.271314E-01
       264  6.487628E-02
       265  4.328257E-02
       266  1.190446E-01
       267  3.068098E-02
       268  1.105166E-01
       269  1.094860E-01
       270  3.256565E-02
       271  1.386803E-01
       272  7.147696E-02
       273  9.281765E-02
       274  1.198764E-01
       275  2.849778E-02
       276  9.116022E-02
       277  1.030500E-01
       278  3.482483E-02
       279  8.076265E-02
       280  4.599313E-02
       281  7.076128E-02
       282  8.580690E-02
       283  3.152479E-02
       284  8.781208E-02
       285  9.129912E-02
       286  3.212936E-02
       287  8.711912E-02
       288  5.148831E-02
       289  8.074796E-02
       290  8.422072E-02
       291  2.438224E-02
       292  8.002883E-02
       293  8.557360E-02
       294  2.932814E-02
       295  7.677083E-02
       296  6.363497E-02
       297  1.069559E-01
       298  1.124720E-01
       299  3.110820E-02
       300  9.713731E-02
       301  1.045784E-01
       302  3.211206E-02
       303  9.446699E-02
       304  5.250515E-02
       305  5.020651E-02
       306  1.177099E-01
       307  2.273272E-02
       308  9.591139E-02
       309  1.027770E-01
       310  3.063128E-02
       311  9.122173E-02
       312  8.452862E-02
       313  5.857899E-02
       314  1.227572E-01
       315  2.484879E-02
       316  1.052080E-01
       317  1.145016E-01
       318  3.646828E-02
       319  9.517650E-02
       320  1.013686E-01
       321  4.748500E-02
       322  1.375797E-01
       323  2.694350E-02
       324  1.050811E-01
       325  1.152282E-01
       326  3.754427E-02
       327  9.472490E-02
       328  8.366148E-02
       329  4.206002E-02
       330  1.293112E-01
       331  2.690988E-02
       332  1.018521E-01
       333  1.111015E-01
       334  3.744565E-02
       335  9.373929E-02
       336  7.740492E-02

 total internal energy for set ALL and time  0.1000000E+01

        1.656393E+01
