
                        S T E P       1


                                INCREMENT     1


 displacements (vx,vy,vz) for set NALL and time  0.1000000E+01

         1  6.617445E-25  6.617445E-25  0.000000E+00
         2  0.000000E+00 -6.617445E-25  3.308722E-25
         3 -6.617445E-25  0.000000E+00  1.161362E-22
         4  0.000000E+00  0.000000E+00  2.445146E-22
         5  4.693783E-04  3.234440E-06 -5.175922E-04
         6  4.692257E-04  2.113492E-06  5.118481E-04
         7 -4.221962E-04  4.270452E-06 -5.178974E-04
         8 -4.228187E-04  2.914067E-06  5.119225E-04
         9  8.701774E-04  7.074336E-06 -9.083055E-04
        10  8.703279E-04  9.761767E-06  9.527594E-04
        11 -8.464579E-04 -6.544577E-06 -9.088216E-04
        12 -8.465872E-04  1.132805E-05  9.528499E-04
        13  1.203982E-03 -1.247428E-05 -1.462307E-03
        14  1.204523E-03  3.387806E-05  1.552012E-03
        15 -1.283767E-03  1.600574E-05 -1.463387E-03
        16 -1.285495E-03 -2.093714E-06  1.552437E-03
        17  1.329289E-03 -3.651753E-05 -2.261184E-03
        18  1.330658E-03  6.406777E-05  2.375879E-03
        19 -1.579802E-03  5.235155E-05 -2.261486E-03
        20 -1.580738E-03 -2.076460E-05  2.375859E-03
        21  5.000000E-03  3.388132E-22 -6.000000E-03
        22  5.000000E-03  0.000000E+00  6.000000E-03
        23 -5.000000E-03  7.047314E-20 -6.000000E-03
        24 -5.000000E-03 -2.337811E-20  6.000000E-03
        25  1.616095E-04 -8.380158E-06 -2.217767E-04
        26  1.724646E-04 -8.553779E-06  2.060453E-04
        27 -1.552528E-04 -3.719203E-06 -2.286317E-04
        28 -1.639610E-04 -5.364385E-06  2.122255E-04
        29  1.087394E-03 -4.625190E-06 -1.159094E-03
        30  1.314322E-03 -9.975675E-06 -1.454775E-03
        31  1.349475E-03 -9.094920E-06 -1.516468E-03
        32  9.523559E-04  1.257427E-05  9.258063E-04
        33  1.121166E-03  1.284708E-05  9.291097E-04
        34  1.169695E-03  1.905347E-05  1.274233E-03
        35 -9.298325E-04 -5.147625E-06 -8.718461E-04
        36 -1.033810E-03 -2.625676E-06 -8.548035E-04
        37 -1.107686E-03  5.668249E-06 -1.193923E-03
        38 -1.093331E-03  1.602782E-06  1.191357E-03
        39 -1.306382E-03 -3.571157E-06  1.449661E-03
        40 -1.345232E-03 -2.413080E-06  1.534039E-03
        41  1.541307E-03 -2.797392E-05 -1.758404E-03
        42  1.922332E-03 -3.660760E-05 -2.176935E-03
        43  1.790381E-03 -3.795912E-05 -2.220962E-03
        44  1.116713E-03  3.951933E-05  1.494638E-03
        45  1.164428E-03  3.833821E-05  1.538666E-03
        46  1.293385E-03  4.600600E-05  1.944519E-03
        47 -1.482933E-03  1.978957E-05 -1.355181E-03
        48 -1.718996E-03  2.274212E-05 -1.338907E-03
        49 -1.596124E-03  3.256501E-05 -1.788102E-03
        50 -1.502482E-03 -1.590818E-05  1.850238E-03
        51 -1.649421E-03 -2.439806E-05  2.214892E-03
        52 -1.648222E-03 -2.597357E-05  2.264441E-03
        53  1.197509E-03 -3.743208E-05 -2.327219E-03
        54  9.688623E-04 -3.800348E-05 -2.418614E-03
        55  8.243672E-04 -4.525879E-05 -2.793903E-03
        56  9.711606E-04 -5.026078E-05 -3.620253E-03
        57  1.511077E-03 -3.675577E-05 -4.807344E-03
        58  2.439748E-03 -4.856913E-06 -5.948551E-03
        59  3.653929E-03  1.757663E-05 -6.411469E-03
        60  1.112932E-03  5.305576E-05  2.634617E-03
        61  8.756995E-04  3.401537E-05  3.153879E-03
        62  6.694054E-04  1.384762E-05  3.971213E-03
        63  6.034476E-04  5.476891E-06  5.011735E-03
        64  8.350395E-04  1.624629E-05  6.077041E-03
        65  1.546268E-03  3.801099E-05  6.855358E-03
        66  2.977229E-03  3.910042E-05  6.888614E-03
        67 -1.599084E-03  4.355535E-05 -2.440858E-03
        68 -1.564975E-03  2.790805E-05 -2.873040E-03
        69 -1.359867E-03  7.835853E-06 -3.679877E-03
        70 -1.159288E-03 -9.595657E-07 -4.750742E-03
        71 -1.182303E-03  1.022414E-05 -5.872108E-03
        72 -1.670071E-03  3.347280E-05 -6.719932E-03
        73 -2.931926E-03  3.864142E-05 -6.843394E-03
        74 -1.581515E-03 -2.168844E-05  2.464721E-03
        75 -1.446673E-03 -2.554517E-05  2.607271E-03
        76 -1.367601E-03 -3.538779E-05  3.061991E-03
        77 -1.509146E-03 -4.121506E-05  3.903022E-03
        78 -1.960685E-03 -2.919029E-05  5.000487E-03
        79 -2.739807E-03 -1.699535E-06  5.995438E-03
        80 -3.796059E-03  1.635511E-05  6.371145E-03
        81 -1.480905E-06  3.407122E-10 -1.025151E-06
        82 -1.294985E-06  1.100454E-09 -8.961239E-07
        83 -9.028514E-08 -2.502639E-08 -9.021054E-08
        84  4.076256E-08 -2.569737E-08  5.152085E-08
        85  4.691386E-04 -1.940719E-06  6.978545E-05
        86 -4.231141E-04  2.475245E-06 -2.651792E-05
        87 -2.955249E-05  3.998930E-06 -5.170462E-04
        88  4.951437E-05  1.746153E-06  5.123763E-04
        89  8.697750E-04  1.263452E-05  1.418275E-05
        90 -8.472756E-04  3.704982E-06  6.726349E-05
        91  1.919826E-05 -2.252659E-07 -9.078815E-04
        92 -2.462504E-05  1.066019E-05  9.532462E-04
        93  1.203423E-03  1.532190E-05  7.605913E-05
        94 -1.285128E-03  1.505813E-05  7.425997E-05
        95 -6.435483E-05 -2.782067E-06 -1.462976E-03
        96 -6.117619E-05  1.367491E-05  1.552426E-03
        97  1.331631E-03  9.890901E-06 -1.196606E-03
        98  1.331957E-03  2.391034E-05  8.141563E-05
        99  1.332061E-03  3.065265E-05  1.347403E-03
       100 -1.580920E-03  4.837549E-05 -1.188019E-03
       101 -1.580141E-03  1.845490E-05  1.053162E-04
       102 -1.581083E-03 -1.362387E-05  1.375215E-03
       103  5.915350E-04 -7.423958E-06 -2.262202E-03
       104 -1.241309E-04  2.204081E-06 -2.262501E-03
       105 -8.403376E-04  1.551555E-05 -2.262022E-03
       106  6.055699E-04  2.582683E-05  2.374084E-03
       107 -1.406137E-04  1.845170E-05  2.373986E-03
       108 -8.793829E-04  1.382392E-05  2.373841E-03
       109  4.988533E-03 -2.702377E-04 -4.508061E-03
       110  4.986528E-03 -3.079806E-04 -3.040284E-03
       111  4.989611E-03 -1.840763E-04 -1.584141E-03
       112  4.991233E-03  2.163719E-05 -1.264349E-04
       113  4.989142E-03  2.279234E-04  1.346176E-03
       114  4.985618E-03  3.506885E-04  2.847810E-03
       115  4.987595E-03  3.019869E-04  4.394037E-03
       116 -5.016347E-03  3.451371E-04 -4.661419E-03
       117 -5.017566E-03  4.081097E-04 -3.212355E-03
       118 -5.013597E-03  2.848388E-04 -1.686576E-03
       119 -5.010779E-03  7.316069E-05 -1.181190E-04
       120 -5.011879E-03 -1.376332E-04  1.462030E-03
       121 -5.014342E-03 -2.669637E-04  3.025556E-03
       122 -5.012719E-03 -2.416030E-04  4.546045E-03
       123  3.732501E-03 -9.760533E-05 -5.993808E-03
       124  2.431012E-03 -9.541245E-05 -5.993301E-03
       125  1.111486E-03 -2.392343E-05 -5.994269E-03
       126 -2.062161E-04  8.079154E-05 -5.994419E-03
       127 -1.499806E-03  1.795129E-04 -5.992659E-03
       128 -2.745524E-03  2.295285E-04 -5.990606E-03
       129 -3.919232E-03  1.846099E-04 -5.991210E-03
       130  3.631439E-03  1.812851E-04  6.006475E-03
       131  2.314993E-03  2.280674E-04  6.007649E-03
       132  1.042150E-03  1.833486E-04  6.005518E-03
       133 -1.976023E-04  9.153003E-05  6.003805E-03
       134 -1.414299E-03 -7.182400E-06  6.003794E-03
       135 -2.616538E-03 -7.643497E-05  6.004762E-03
       136 -3.810609E-03 -8.313357E-05  6.003917E-03
       137 -4.901090E-05 -2.188879E-05 -2.316590E-04
       138 -4.656321E-05  1.448205E-05 -2.271166E-04
       139  1.068706E-05  1.874761E-05  2.093528E-04
       140  9.133449E-05 -1.292673E-05  2.071820E-04
       141  1.795244E-04  1.926524E-05  1.317807E-04
       142  1.636457E-04 -1.540490E-05 -1.166049E-04
       143 -1.497205E-04  5.053784E-06  1.128933E-04
       144 -1.584222E-04 -4.639328E-07 -1.329704E-04
       145  1.218375E-04 -1.687241E-05 -6.903152E-04
       146 -7.085828E-05  2.300066E-05 -6.875361E-04
       147  7.268573E-05  1.152964E-05  7.138505E-04
       148 -2.524298E-05  6.873869E-07  7.151241E-04
       149  7.094732E-04 -1.352613E-06  1.751851E-04
       150  7.096465E-04  6.951387E-06 -6.179320E-05
       151 -6.152327E-04  2.076435E-05  1.146184E-04
       152 -6.158332E-04 -1.545794E-05 -7.124245E-05
       153  9.813958E-05  9.435926E-06 -1.238025E-03
       154 -1.404852E-04 -1.382846E-05 -1.263819E-03
       155  4.576368E-05 -5.382999E-07  1.295585E-03
       156 -7.729896E-05  2.633017E-05  1.293684E-03
       157  1.070449E-03  1.692097E-05  2.907398E-04
       158  1.104656E-03  1.109539E-05 -2.507369E-04
       159 -1.091711E-03  1.821866E-05  3.171726E-04
       160 -1.048531E-03 -1.230737E-06 -1.649195E-04
       161  8.430493E-05 -2.289087E-05 -1.726270E-03
       162 -2.226047E-04  2.184849E-05 -1.769405E-03
       163  9.204679E-05  4.289638E-05  1.841624E-03
       164 -1.498385E-04 -5.213247E-06  1.833624E-03
       165  1.371762E-03  3.169089E-06  4.541240E-04
       166  1.412087E-03  2.747253E-05 -3.044993E-04
       167 -1.450580E-03  1.208368E-05  3.954883E-04
       168 -1.411182E-03  2.010397E-05 -2.132440E-04
       169  1.164092E-03  5.264143E-05 -2.991709E-03
       170  2.121542E-03  5.322723E-04 -6.072239E-03
       171  3.839446E-03  1.298562E-03 -1.059469E-02
       172  4.760756E-03  1.825813E-03 -1.344129E-02
       173  4.067364E-03  1.776919E-03 -1.328231E-02
       174  1.732328E-03  1.170180E-03 -1.067682E-02
       175 -1.545105E-03  4.589397E-04 -7.806242E-03
       176 -1.149549E-03 -1.258762E-04 -3.547203E-03
       177 -4.539040E-04 -6.752783E-04 -7.072148E-03
       178  1.510892E-04 -1.358178E-03 -1.110911E-02
       179  2.481935E-04 -1.736504E-03 -1.317359E-02
       180 -4.766328E-05 -1.561244E-03 -1.241042E-02
       181  7.499509E-05 -9.236564E-04 -9.669506E-03
       182  1.881112E-03 -3.106754E-04 -7.202061E-03
       183  8.901619E-04 -4.871127E-05  3.248483E-03
       184  8.619365E-05 -5.261938E-04  6.319089E-03
       185 -8.570780E-04 -1.229709E-03  1.047601E-02
       186 -1.222906E-03 -1.666564E-03  1.284724E-02
       187 -9.819658E-04 -1.540530E-03  1.231812E-02
       188 -8.905928E-04 -9.156742E-04  9.634591E-03
       189 -2.287669E-03 -2.988366E-04  7.145176E-03
       190 -1.430082E-03  9.399713E-05  3.262788E-03
       191 -2.210632E-03  5.809817E-04  6.394060E-03
       192 -3.761356E-03  1.307880E-03  1.068878E-02
       193 -4.626602E-03  1.789049E-03  1.329451E-02
       194 -4.024894E-03  1.721773E-03  1.304876E-02
       195 -1.841026E-03  1.134048E-03  1.052745E-02
       196  1.419660E-03  4.477131E-04  7.761172E-03
       197  3.129300E-04  2.679261E-04 -1.528848E-03
       198 -3.154410E-03  1.259168E-03 -2.202950E-05
       199 -7.612224E-03  2.465129E-03  2.117790E-03
       200 -9.544247E-03  2.959922E-03  4.087709E-03
       201 -7.470484E-03  2.494470E-03  5.368134E-03
       202 -2.397372E-03  1.428662E-03  5.887534E-03
       203  2.337152E-03  4.972958E-04  5.989516E-03
       204  7.718964E-04 -1.137341E-04  1.895314E-03
       205 -2.368459E-03 -1.016195E-03  1.755629E-03
       206 -7.262155E-03 -2.342768E-03  1.779834E-03
       207 -9.741961E-03 -2.978027E-03  9.296276E-04
       208 -7.919715E-03 -2.574164E-03 -1.068708E-03
       209 -2.689456E-03 -1.478710E-03 -3.643426E-03
       210  2.323084E-03 -4.953416E-04 -5.380672E-03
       211 -1.056556E-03 -1.102792E-04 -1.874029E-03
       212  2.014017E-03 -9.918687E-04 -1.507066E-03
       213  6.654019E-03 -2.247623E-03 -9.560966E-04
       214  8.893560E-03 -2.820412E-03  1.776716E-04
       215  7.006867E-03 -2.399186E-03  1.941502E-03
       216  1.971888E-03 -1.342722E-03  3.954700E-03
       217 -2.644666E-03 -4.357330E-04  5.347629E-03
       218 -1.302430E-03  7.272660E-05  2.011484E-03
       219  1.315327E-03  8.268827E-04  4.860164E-04
       220  5.734482E-03  2.024258E-03 -2.356661E-03
       221  8.163810E-03  2.645122E-03 -4.970616E-03
       222  6.806735E-03  2.346472E-03 -6.454665E-03
       223  2.331020E-03  1.409787E-03 -6.714508E-03
       224 -2.190326E-03  5.214176E-04 -6.366847E-03

 forces (fx,fy,fz) for set RIGHT and time  0.1000000E+01

        21  1.841817E+03  2.296662E+02 -2.950540E+03
        22  7.925512E+02 -2.320955E+02  3.109305E+03
        23 -2.725868E+03  4.153156E+02  4.126786E+02
        24  1.650833E+02  8.982685E+02 -5.605679E+02

 internal energy (element, energy) for set ALL and time  0.1000000E+01

         1  4.579322E-03
         2  9.551288E-03
         3  7.123960E-03
         4  8.868487E-03
         5  6.113235E-03
         6  9.423119E-03
         7  4.045493E-03
         8  4.408436E-03
         9  3.726722E-03
        10  2.937526E-02
        11  3.557469E-02
        12  6.978925E-03
        13  8.416972E-04
        14  2.768304E-04
        15  4.940316E-04
        16  1.454694E-03
        17  1.593674E-03
        18  6.370330E-04
        19  7.695469E-04
        20  7.710462E-03
        21  3.561863E-03
        22  1.325940E-03
        23  1.425669E-03
        24  9.724056E-03
        25  1.027261E-03
        26  3.356983E-04
        27  2.248007E-04
        28  2.140283E-04
        29  3.892728E-03
        30  1.104978E-03
        31  1.773918E-03
        32  3.088242E-03
        33  8.076507E-03
        34  1.326356E-03
        35  4.653927E-04
        36  1.011124E-03
        37  1.024130E-02
        38  2.820612E-03
        39  2.298871E-03
        40  1.350019E-02
        41  1.984621E-03
        42  1.185124E-03
        43  1.134268E-03
        44  9.030249E-03
        45  4.550079E-03
        46  9.552981E-03
        47  1.342357E-02
        48  1.606174E-02
        49  1.327740E-02
        50  1.934207E-02
        51  6.585765E-02
        52  4.910184E-02
        53  9.330089E-03
        54  1.182067E-02
        55  1.130903E-02
        56  9.904442E-03
        57  1.009309E-02
        58  1.726507E-02
        59  5.036576E-02
        60  4.220953E-02
        61  7.419361E-03
        62  1.090930E-02
        63  9.034554E-03
        64  6.769431E-03
        65  6.886407E-03
        66  1.488171E-02
        67  4.751643E-02
        68  5.677363E-02
        69  1.042005E-02
        70  7.728381E-03
        71  1.058864E-02
        72  1.084410E-02
        73  9.165551E-03
        74  1.635647E-02
        75  4.964411E-02
        76  3.517317E-02
        77  2.608807E-03
        78  2.559178E-03
        79  1.879164E-03
        80  2.076395E-03
        81  1.780498E-03
        82  1.339528E-03
        83  1.759109E-03
        84  1.505676E-03
        85  3.814736E-03
        86  1.573018E-03
        87  1.802092E-03
        88  1.014701E-03
        89  3.112132E-03
        90  2.157344E-03
        91  1.857691E-03
        92  7.550966E-04
        93  7.057889E-04
        94  1.272920E-03
        95  1.257887E-03
        96  9.496446E-04
        97  1.989047E-03
        98  2.636189E-03
        99  2.255175E-03
       100  3.836081E-03
       101  2.849424E-03
       102  8.337339E-03
       103  8.934243E-03
       104  9.965843E-03
       105  1.502494E-03
       106  4.751970E-03
       107  9.476051E-03
       108  9.527447E-03
       109  2.810824E-02
       110  3.454177E-03
       111  5.299751E-03
       112  3.294356E-02
       113  3.535762E-02
       114  3.732537E-03
       115  6.878166E-03
       116  4.215699E-02
       117  7.301798E-04
       118  1.224072E-04
       119  4.927315E-04
       120  4.657614E-03
       121  1.098383E-03
       122  1.675228E-04
       123  3.353914E-04
       124  2.883817E-03
       125  1.343769E-01
       126  7.553331E-02
       127  3.142497E-02
       128  9.649373E-03
       129  8.654482E-03
       130  3.049123E-02
       131  7.984069E-02
       132  1.518222E-01
       133  1.878551E-01
       134  9.566738E-02
       135  3.515549E-02
       136  9.315542E-03
       137  9.227320E-03
       138  2.856531E-02
       139  6.265115E-02
       140  1.063616E-01
       141  7.282693E-02
       142  4.852994E-02
       143  3.153865E-02
       144  2.325152E-02
       145  2.535895E-02
       146  4.095880E-02
       147  7.593385E-02
       148  1.263303E-01
       149  1.130092E-01
       150  6.496815E-02
       151  3.374649E-02
       152  2.036404E-02
       153  1.964720E-02
       154  2.796432E-02
       155  4.508936E-02
       156  6.335123E-02
       157  1.934877E-01
       158  1.069276E-01
       159  1.644073E-01
       160  1.693315E-01
       161  1.460884E-01
       162  1.430614E-01
       163  1.161771E-01
       164  1.513876E-01
       165  2.415610E-01
       166  1.166226E-01
       167  1.886118E-01
       168  1.256967E-01
       169  9.965434E-02
       170  1.950522E-01
       171  9.937456E-02
       172  1.834201E-01
       173  1.242804E-01
       174  8.535269E-02
       175  1.184688E-01
       176  6.883129E-02
       177  1.047765E-01
       178  1.509623E-01
       179  7.405782E-02
       180  1.073189E-01
       181  1.798250E-01
       182  1.145584E-01
       183  2.038590E-01
       184  9.038014E-02
       185  8.365397E-02
       186  1.770891E-01
       187  7.991184E-02
       188  1.809569E-01
       189  1.439928E-01
       190  1.048367E-01
       191  1.400455E-01
       192  1.107537E-01
       193  1.183535E-01
       194  1.631625E-01
       195  1.067227E-01
       196  1.411939E-01
       197  2.128710E-01
       198  1.146948E-01
       199  1.967219E-01
       200  1.097076E-01
       201  1.029583E-01
       202  1.870652E-01
       203  1.217967E-01
       204  2.323155E-01
       205  1.576105E-01
       206  1.186629E-01
       207  1.732139E-01
       208  1.543988E-01
       209  1.662123E-01
       210  1.697710E-01
       211  1.369236E-01
       212  1.581581E-01
       213  1.876861E-01
       214  1.552963E-01
       215  2.104997E-01
       216  1.332759E-01
       217  1.364012E-01
       218  1.845123E-01
       219  1.792931E-01
       220  2.347720E-01
       221  2.857641E-01
       222  4.409583E-01
       223  7.630591E-02
       224  2.737040E-01
       225  3.552417E-01
       226  1.495918E-01
       227  1.730574E-01
       228  1.220068E-01
       229  4.389394E-01
       230  2.769342E-01
       231  1.012824E-01
       232  2.998405E-01
       233  3.231753E-01
       234  1.341510E-01
       235  2.516619E-01
       236  1.372176E-01
       237  3.251261E-01
       238  3.505870E-01
       239  7.425342E-02
       240  2.663886E-01
       241  3.177080E-01
       242  1.357348E-01
       243  2.303484E-01
       244  1.786004E-01
       245  3.372996E-01
       246  3.880415E-01
       247  7.797274E-02
       248  2.740533E-01
       249  3.435671E-01
       250  1.424082E-01
       251  1.754685E-01
       252  1.229190E-01
       253  2.889690E-01
       254  3.034423E-01
       255  8.072238E-02
       256  3.065729E-01
       257  3.246734E-01
       258  1.078294E-01
       259  2.137988E-01
       260  2.188998E-01
       261  2.403246E-01
       262  5.168876E-01
       263  9.026778E-02
       264  3.920846E-01
       265  4.607266E-01
       266  1.741772E-01
       267  2.895964E-01
       268  3.252814E-01
       269  1.906514E-01
       270  4.139317E-01
       271  8.975511E-02
       272  3.358615E-01
       273  3.744648E-01
       274  1.368359E-01
       275  2.585260E-01
       276  2.263029E-01
       277  1.323219E-01
       278  4.686484E-01
       279  8.252081E-02
       280  3.075575E-01
       281  3.748927E-01
       282  1.558145E-01
       283  1.952826E-01
       284  1.931059E-01

 total internal energy for set ALL and time  0.1000000E+01

        2.824768E+01
